0.165405 -0.156525 
0.115753 -0.062469 
0.068878 0.027832 
0.033997 0.103973 
0.014313 0.154999 
0.006989 0.179779 
0.002441 0.181366 
-0.016602 0.173218 
-0.057800 0.161926 
-0.112885 0.145020 
-0.174530 0.129211 
-0.231232 0.128632 
-0.264679 0.147339 
-0.259399 0.177185 
-0.217255 0.202545 
-0.149658 0.211395 
-0.069611 0.198822 
0.011169 0.161285 
0.083466 0.115662 
0.140137 0.072601 
0.177307 0.042023 
0.197998 0.025024 
0.207855 0.017517 
0.205322 0.011810 
0.183441 -0.009186 
0.148560 -0.055725 
0.108612 -0.117065 
0.063446 -0.179565 
0.010284 -0.231049 
-0.046173 -0.261047 
-0.104248 -0.257629 
-0.168396 -0.221527 
-0.239502 -0.156128 
-0.308319 -0.074310 
-0.359344 0.005463 
-0.384644 0.068909 
-0.377991 0.125458 
-0.329742 0.169495 
-0.249756 0.198364 
-0.156525 0.210022 
-0.062469 0.204224 
0.027832 0.181641 
0.103973 0.148224 
0.154999 0.111328 
0.179779 0.071259 
0.181366 0.024597 
0.173218 -0.028473 
0.161926 -0.084656 
0.145020 -0.151825 
0.129211 -0.226624 
0.128632 -0.299133 
0.147339 -0.353668 
0.177185 -0.379944 
0.202545 -0.375671 
0.211395 -0.332733 
0.198822 -0.257904 
0.161285 -0.168091 
0.115662 -0.073303 
0.072601 0.020813 
0.042023 0.098907 
0.025024 0.150909 
0.017517 0.177277 
0.011810 0.182831 
-0.009186 0.173767 
-0.055725 0.157867 
-0.117065 0.140320 
-0.179565 0.127289 
-0.231049 0.130676 
-0.261047 0.151520 
-0.257629 0.181152 
-0.221527 0.205353 
-0.156128 0.214783 
-0.074310 0.201599 
0.005463 0.165527 
0.068909 0.118744 
0.125458 0.077393 
0.169495 0.047791 
0.198364 0.032288 
0.210022 0.026276 
0.204224 0.023010 
0.181641 0.000916 
0.148224 -0.048523 
0.111328 -0.114258 
0.071259 -0.176788 
0.024597 -0.228210 
-0.028473 -0.260773 
-0.084656 -0.259552 
-0.151825 -0.220276 
-0.226624 -0.151978 
-0.299133 -0.076721 
-0.353668 -0.007996 
-0.379944 0.052795 
-0.375671 0.114838 
-0.332733 0.166412 
-0.257904 0.197906 
-0.168091 0.209625 
-0.073303 0.205902 
0.020813 0.187561 
0.098907 0.156677 
0.150909 0.123322 
0.177277 0.086121 
0.182831 0.042328 
0.173767 -0.009705 
0.157867 -0.069489 
0.140320 -0.141968 
0.127289 -0.221497 
0.130676 -0.297333 
0.151520 -0.350006 
0.181152 -0.375000 
0.205353 -0.373901 
0.214783 -0.340088 
0.201599 -0.272675 
0.165527 -0.182922 
0.118744 -0.088013 
0.077393 0.002289 
0.047791 0.075439 
0.032288 0.127197 
0.026276 0.158997 
0.023010 0.170258 
0.000916 0.162354 
-0.048523 0.148743 
-0.114258 0.133453 
-0.176788 0.123657 
-0.228210 0.129639 
-0.260773 0.153412 
-0.259552 0.183960 
-0.220276 0.205994 
-0.151978 0.212769 
-0.076721 0.199829 
-0.007996 0.165497 
0.052795 0.120300 
0.114838 0.079926 
0.166412 0.051697 
0.197906 0.040161 
0.209625 0.038910 
0.205902 0.034302 
0.187561 0.011108 
0.156677 -0.040039 
0.123322 -0.104736 
0.086121 -0.167694 
0.042328 -0.222595 
-0.009705 -0.260071 
-0.069489 -0.260437 
-0.141968 -0.223877 
-0.221497 -0.163940 
-0.297333 -0.096283 
-0.350006 -0.028290 
-0.375000 0.036987 
-0.373901 0.103882 
-0.340088 0.161499 
-0.272675 0.197021 
-0.182922 0.210876 
-0.088013 0.207306 
0.002289 0.187653 
0.075439 0.157257 
0.127197 0.124695 
0.158997 0.092712 
0.170258 0.054626 
0.162354 0.004211 
0.148743 -0.057526 
0.133453 -0.132782 
0.123657 -0.212341 
0.129639 -0.285522 
0.153412 -0.337952 
0.183960 -0.363495 
0.205994 -0.369049 
0.212769 -0.343262 
0.199829 -0.280090 
0.165497 -0.193146 
0.120300 -0.103271 
0.079926 -0.019012 
0.051697 0.053772 
0.040161 0.112457 
0.038910 0.151672 
0.034302 0.166534 
0.011108 0.159515 
-0.040039 0.145844 
-0.104736 0.134247 
-0.167694 0.128265 
-0.222595 0.134949 
-0.260071 0.156769 
-0.260437 0.182739 
-0.223877 0.200500 
-0.163940 0.205536 
-0.096283 0.194061 
-0.028290 0.163025 
0.036987 0.119476 
0.103882 0.082184 
0.161499 0.063171 
0.197021 0.058014 
0.210876 0.055023 
0.207306 0.044281 
0.187653 0.021179 
0.157257 -0.028656 
0.124695 -0.098877 
0.092712 -0.171265 
0.054626 -0.229126 
0.004211 -0.261414 
-0.057526 -0.259796 
-0.132782 -0.224731 
-0.212341 -0.169403 
-0.285522 -0.105896 
-0.337952 -0.038422 
-0.363495 0.028992 
-0.369049 0.096527 
-0.343262 0.155182 
-0.280090 0.192444 
-0.193146 0.207001 
-0.103271 0.201477 
-0.019012 0.182526 
0.053772 0.155701 
0.112457 0.128021 
0.151672 0.102722 
0.166534 0.072876 
0.159515 0.026642 
0.145844 -0.037201 
0.134247 -0.113037 
0.128265 -0.192383 
0.134949 -0.265564 
0.156769 -0.324249 
0.182739 -0.358398 
0.200500 -0.369263 
0.205536 -0.348389 
0.194061 -0.289795 
0.163025 -0.206879 
0.119476 -0.118652 
0.082184 -0.034302 
0.063171 0.042664 
0.058014 0.106232 
0.055023 0.148132 
0.044281 0.164429 
0.021179 0.156128 
-0.028656 0.139221 
-0.098877 0.127228 
-0.171265 0.124512 
-0.229126 0.133209 
-0.261414 0.152863 
-0.259796 0.177948 
-0.224731 0.196503 
-0.169403 0.203461 
-0.105896 0.193268 
-0.038422 0.162048 
0.028992 0.120911 
0.096527 0.089722 
0.155182 0.072998 
0.192444 0.065948 
0.207001 0.062225 
0.201477 0.053558 
0.182526 0.031677 
0.155701 -0.020172 
0.128021 -0.096893 
0.102722 -0.171021 
0.072876 -0.223206 
0.026642 -0.250549 
-0.037201 -0.250427 
-0.113037 -0.221069 
-0.192383 -0.172607 
-0.265564 -0.111908 
-0.324249 -0.046112 
-0.358398 0.017975 
-0.369263 0.083862 
-0.348389 0.144165 
-0.289795 0.184937 
-0.206879 0.201202 
-0.118652 0.196899 
-0.034302 0.180084 
0.042664 0.155853 
0.106232 0.135223 
0.148132 0.116943 
0.164429 0.089844 
0.156128 0.037903 
0.139221 -0.030151 
0.127228 -0.106445 
0.124512 -0.185272 
0.133209 -0.260559 
0.152863 -0.323425 
0.177948 -0.359589 
0.196503 -0.368347 
0.203461 -0.347687 
0.193268 -0.294647 
0.162048 -0.217346 
0.120911 -0.134125 
0.089722 -0.050751 
0.072998 0.027588 
0.065948 0.093842 
0.062225 0.137115 
0.053558 0.153503 
0.031677 0.144012 
-0.020172 0.129822 
-0.096893 0.124878 
-0.171021 0.126404 
-0.223206 0.134796 
-0.250549 0.153839 
-0.250427 0.180908 
-0.221069 0.201080 
-0.172607 0.204163 
-0.111908 0.188416 
-0.046112 0.158905 
0.017975 0.123383 
0.083862 0.095764 
0.144165 0.078583 
0.184937 0.072418 
0.201202 0.070892 
0.196899 0.063385 
0.180084 0.039062 
0.155853 -0.015869 
0.135223 -0.093079 
0.116943 -0.166901 
0.089844 -0.218384 
0.037903 -0.246643 
-0.030151 -0.249207 
-0.106445 -0.224182 
-0.185272 -0.181091 
-0.260559 -0.126099 
-0.323425 -0.062164 
-0.359589 0.005157 
-0.368347 0.072235 
-0.347687 0.134277 
-0.294647 0.179047 
-0.217346 0.196564 
-0.134125 0.191376 
-0.050751 0.174438 
0.027588 0.156067 
0.093842 0.141113 
0.137115 0.126343 
0.153503 0.098846 
0.144012 0.050293 
0.129822 -0.014465 
0.124878 -0.089264 
0.126404 -0.170380 
0.134796 -0.248505 
0.153839 -0.312378 
0.180908 -0.348694 
0.201080 -0.357544 
0.204163 -0.343231 
0.188416 -0.298431 
0.158905 -0.228943 
0.123383 -0.146362 
0.095764 -0.061981 
0.078583 0.019135 
0.072418 0.087311 
0.070892 0.128296 
0.063385 0.143005 
0.039062 0.137177 
-0.015869 0.127167 
-0.093079 0.122375 
-0.166901 0.123871 
-0.218384 0.133270 
-0.246643 0.155884 
-0.249207 0.182312 
-0.224182 0.198364 
-0.181091 0.197235 
-0.126099 0.183472 
-0.062164 0.158630 
0.005157 0.127716 
0.072235 0.099030 
0.134277 0.083466 
0.179047 0.082336 
0.196564 0.085205 
0.191376 0.076752 
0.174438 0.046021 
0.156067 -0.010590 
0.141113 -0.088959 
0.126343 -0.162292 
0.098846 -0.213013 
0.050293 -0.238953 
-0.014465 -0.243378 
-0.089264 -0.225952 
-0.170380 -0.186768 
-0.248505 -0.132782 
-0.312378 -0.069427 
-0.348694 -0.002655 
-0.357544 0.064484 
-0.343231 0.130646 
-0.298431 0.174225 
-0.228943 0.188019 
-0.146362 0.181763 
-0.061981 0.169861 
0.019135 0.159882 
0.087311 0.149323 
0.128296 0.134216 
0.143005 0.108337 
0.137177 0.063110 
0.127167 -0.000885 
0.122375 -0.076019 
0.123871 -0.159149 
0.133270 -0.237335 
0.155884 -0.303314 
0.182312 -0.343262 
0.198364 -0.354462 
0.197235 -0.344543 
0.183472 -0.307892 
0.158630 -0.243866 
0.127716 -0.161407 
0.099030 -0.074127 
0.083466 0.008362 
0.082336 0.072906 
0.085205 0.113586 
0.076752 0.130249 
0.046021 0.127319 
-0.010590 0.116241 
-0.088959 0.110962 
-0.162292 0.116180 
-0.213013 0.132172 
-0.238953 0.157135 
-0.243378 0.180634 
-0.225952 0.194550 
-0.186768 0.194214 
-0.132782 0.182281 
-0.069427 0.159454 
-0.002655 0.127563 
0.064484 0.099670 
0.130646 0.090576 
0.174225 0.093903 
0.188019 0.097321 
0.181763 0.085358 
0.169861 0.052063 
0.159882 -0.005615 
0.149323 -0.081146 
0.134216 -0.152405 
0.108337 -0.203857 
0.063110 -0.232941 
-0.000885 -0.241608 
-0.076019 -0.227356 
-0.159149 -0.191406 
-0.237335 -0.141876 
-0.303314 -0.080841 
-0.343262 -0.013519 
-0.354462 0.057343 
-0.344543 0.121643 
-0.307892 0.164032 
-0.243866 0.176697 
-0.161407 0.174408 
-0.074127 0.169159 
0.008362 0.162506 
0.072906 0.152863 
0.113586 0.139923 
0.130249 0.116516 
0.127319 0.074463 
0.116241 0.010742 
0.110962 -0.065247 
0.116180 -0.148651 
0.132172 -0.228088 
0.157135 -0.294373 
0.180634 -0.334564 
0.194550 -0.347290 
0.194214 -0.343719 
0.182281 -0.314758 
0.159454 -0.253784 
0.127563 -0.170868 
0.099670 -0.083984 
0.090576 -0.004608 
0.093903 0.059906 
0.097321 0.104279 
0.085358 0.124146 
0.052063 0.121887 
-0.005615 0.108215 
-0.081146 0.105988 
-0.152405 0.118591 
-0.203857 0.137634 
-0.232941 0.159424 
-0.241608 0.179535 
-0.227356 0.194214 
-0.191406 0.195435 
-0.141876 0.181793 
-0.080841 0.156494 
-0.013519 0.128601 
0.057343 0.105072 
0.121643 0.100555 
0.164032 0.107147 
0.176697 0.109985 
0.174408 0.095032 
0.169159 0.057007 
0.162506 0.000061 
0.152863 -0.073151 
0.139923 -0.146301 
0.116516 -0.199493 
0.074463 -0.229614 
0.010742 -0.240112 
-0.065247 -0.230011 
-0.148651 -0.201416 
-0.228088 -0.155792 
-0.294373 -0.092712 
-0.334564 -0.017548 
-0.347290 0.052216 
-0.343719 0.112030 
-0.314758 0.151642 
-0.253784 0.167816 
-0.170868 0.169952 
-0.083984 0.167236 
-0.004608 0.162781 
0.059906 0.155090 
0.104279 0.146271 
0.124146 0.126770 
0.121887 0.089600 
0.108215 0.027344 
0.105988 -0.050232 
0.118591 -0.134155 
0.137634 -0.212738 
0.159424 -0.275940 
0.179535 -0.318909 
0.194214 -0.338745 
0.195435 -0.343170 
0.181793 -0.319489 
0.156494 -0.259796 
0.128601 -0.178680 
0.105072 -0.096008 
0.100555 -0.018127 
0.107147 0.049744 
0.109985 0.096771 
0.095032 0.115753 
0.057007 0.112030 
0.000061 0.101379 
-0.073151 0.104462 
-0.146301 0.118744 
-0.199493 0.135803 
-0.229614 0.154144 
-0.240112 0.174286 
-0.230011 0.189331 
-0.201416 0.189758 
-0.155792 0.174133 
-0.092712 0.149841 
-0.017548 0.125183 
0.052216 0.108704 
0.112030 0.108765 
0.151642 0.118073 
0.167816 0.118378 
0.169952 0.100372 
0.167236 0.061584 
0.162781 0.005249 
0.155090 -0.066467 
0.146271 -0.140564 
0.126770 -0.195862 
0.089600 -0.224731 
0.027344 -0.237457 
-0.050232 -0.234558 
-0.134155 -0.210754 
-0.212738 -0.162354 
-0.275940 -0.096130 
-0.318909 -0.021301 
-0.338745 0.045715 
-0.343170 0.101440 
-0.319489 0.142120 
-0.259796 0.160675 
-0.178680 0.163849 
-0.096008 0.163849 
-0.018127 0.162964 
0.049744 0.159668 
0.096771 0.153534 
0.115753 0.137695 
0.112030 0.102142 
0.101379 0.037415 
0.104462 -0.042206 
0.118744 -0.124908 
0.135803 -0.200073 
0.154144 -0.263519 
0.174286 -0.312836 
0.189331 -0.339905 
0.189758 -0.346405 
0.174133 -0.323761 
0.149841 -0.268799 
0.125183 -0.192474 
0.108704 -0.110809 
0.108765 -0.029480 
0.118073 0.039490 
0.118378 0.082489 
0.100372 0.100006 
0.061584 0.099762 
0.005249 0.094940 
-0.066467 0.097076 
-0.140564 0.113525 
-0.195862 0.133362 
-0.224731 0.155243 
-0.237457 0.178223 
-0.234558 0.192657 
-0.210754 0.189789 
-0.162354 0.170776 
-0.096130 0.146912 
-0.021301 0.126648 
0.045715 0.116486 
0.101440 0.118378 
0.142120 0.125275 
0.160675 0.123169 
0.163849 0.104614 
0.163849 0.067230 
0.162964 0.011047 
0.159668 -0.058655 
0.153534 -0.129761 
0.137695 -0.183014 
0.102142 -0.216278 
0.037415 -0.237732 
-0.042206 -0.242126 
-0.124908 -0.218811 
-0.200073 -0.170166 
-0.263519 -0.102295 
-0.312836 -0.028870 
-0.339905 0.036255 
-0.346405 0.088654 
-0.323761 0.130341 
-0.268799 0.153442 
-0.192474 0.161407 
-0.110809 0.162720 
-0.029480 0.161591 
0.039490 0.161774 
0.082489 0.158936 
0.100006 0.146790 
0.099762 0.110107 
0.094940 0.045288 
0.097076 -0.032257 
0.113525 -0.111115 
0.133362 -0.184113 
0.155243 -0.249420 
0.178223 -0.301208 
0.192657 -0.330109 
0.189789 -0.336792 
0.170776 -0.321808 
0.146912 -0.277252 
0.126648 -0.202728 
0.116486 -0.115875 
0.118378 -0.034729 
0.125275 0.030426 
0.123169 0.071564 
0.104614 0.090515 
0.067230 0.093506 
0.011047 0.091431 
-0.058655 0.094604 
-0.129761 0.111328 
-0.183014 0.135071 
-0.216278 0.158203 
-0.237732 0.180359 
-0.242126 0.190063 
-0.218811 0.182098 
-0.170166 0.161041 
-0.102295 0.140594 
-0.028870 0.128784 
0.036255 0.122772 
0.088654 0.124573 
0.130341 0.132446 
0.153442 0.133026 
0.161407 0.115082 
0.162720 0.072968 
0.161591 0.017151 
0.161774 -0.048096 
0.158936 -0.116577 
0.146790 -0.173584 
0.110107 -0.212402 
0.045288 -0.237610 
-0.032257 -0.244598 
-0.111115 -0.221558 
-0.184113 -0.171570 
-0.249420 -0.103760 
-0.301208 -0.033020 
-0.330109 0.028717 
-0.336792 0.081665 
-0.321808 0.123596 
-0.277252 0.149200 
-0.202728 0.157501 
-0.115875 0.158600 
-0.034729 0.162079 
0.030426 0.168732 
0.071564 0.168854 
0.090515 0.154663 
0.093506 0.115143 
0.091431 0.053558 
0.094604 -0.018158 
0.111328 -0.093719 
0.135071 -0.169403 
0.158203 -0.237518 
0.180359 -0.291321 
0.190063 -0.324402 
0.182098 -0.337097 
0.161041 -0.328766 
0.140594 -0.285583 
0.128784 -0.211395 
0.122772 -0.125336 
0.124573 -0.048706 
0.132446 0.012726 
0.133026 0.053070 
0.115082 0.074524 
0.072968 0.081696 
0.017151 0.081696 
-0.048096 0.084473 
-0.116577 0.103333 
-0.173584 0.130371 
-0.212402 0.156158 
-0.237610 0.176849 
-0.244598 0.182220 
-0.221558 0.171631 
-0.171570 0.152008 
-0.103760 0.135956 
-0.033020 0.127991 
0.028717 0.122925 
0.081665 0.129059 
0.123596 0.139160 
0.149200 0.138367 
0.157501 0.115692 
0.158600 0.072388 
0.162079 0.019073 
0.168732 -0.039856 
0.168854 -0.106842 
0.154663 -0.167938 
0.115143 -0.212646 
0.053558 -0.241608 
-0.018158 -0.248932 
-0.093719 -0.224304 
-0.169403 -0.174286 
-0.237518 -0.108582 
-0.291321 -0.042725 
-0.324402 0.017456 
-0.337097 0.068207 
-0.328766 0.111267 
-0.285583 0.137451 
-0.211395 0.147034 
-0.125336 0.152100 
-0.048706 0.165039 
0.012726 0.175842 
0.053070 0.174225 
0.074524 0.155792 
0.081696 0.120148 
0.081696 0.064575 
0.084473 -0.006531 
0.103333 -0.082428 
0.130371 -0.157257 
0.156158 -0.224060 
0.176849 -0.280060 
0.182220 -0.319702 
0.171631 -0.335419 
0.152008 -0.329620 
0.135956 -0.289337 
0.127991 -0.218140 
0.122925 -0.135223 
0.129059 -0.061157 
0.139160 0.000214 
0.138367 0.042175 
0.115692 0.065948 
0.072388 0.074615 
0.019073 0.076019 
-0.039856 0.080017 
-0.106842 0.101013 
-0.167938 0.133820 
-0.212646 0.163452 
-0.241608 0.179321 
-0.248932 0.181366 
-0.224304 0.171021 
-0.174286 0.153687 
-0.108582 0.138733 
-0.042725 0.131104 
0.017456 0.133240 
0.068207 0.141357 
0.111267 0.149933 
0.137451 0.145386 
0.147034 0.120544 
0.152100 0.080780 
0.165039 0.032806 
0.175842 -0.022400 
0.174225 -0.088776 
0.155792 -0.154816 
0.120148 -0.205109 
0.064575 -0.237000 
-0.006531 -0.243134 
-0.082428 -0.221619 
-0.157257 -0.173920 
-0.224060 -0.113892 
-0.280060 -0.049103 
-0.319702 0.013336 
-0.335419 0.064850 
-0.329620 0.102386 
-0.289337 0.127808 
-0.218140 0.143127 
-0.135223 0.156708 
-0.061157 0.171783 
0.000214 0.182037 
0.042175 0.177307 
0.065948 0.162598 
0.074615 0.130768 
0.076019 0.077301 
0.080017 0.005920 
0.101013 -0.067871 
0.133820 -0.137848 
0.163452 -0.205414 
0.179321 -0.266418 
0.181366 -0.311890 
0.171021 -0.332092 
0.153687 -0.326996 
0.138733 -0.289764 
0.131104 -0.223114 
0.133240 -0.142975 
0.141357 -0.071045 
0.149933 -0.012390 
0.145386 0.031494 
0.120544 0.055542 
0.080780 0.062012 
0.032806 0.062073 
-0.022400 0.070801 
-0.088776 0.097137 
-0.154816 0.131744 
-0.205109 0.156830 
-0.237000 0.170593 
-0.243134 0.171356 
-0.221619 0.161041 
-0.173920 0.142334 
-0.113892 0.127594 
-0.049103 0.125946 
0.013336 0.134247 
0.064850 0.144012 
0.102386 0.150909 
0.127808 0.143616 
0.143127 0.120514 
0.156708 0.083832 
0.171783 0.039276 
0.182037 -0.012848 
0.177307 -0.080109 
0.162598 -0.151123 
0.130768 -0.206238 
0.077301 -0.236908 
0.005920 -0.242828 
-0.067871 -0.224182 
-0.137848 -0.181061 
-0.205414 -0.122681 
-0.266418 -0.054749 
-0.311890 0.006927 
-0.332092 0.051941 
-0.326996 0.086121 
-0.289764 0.114655 
-0.223114 0.137421 
-0.142975 0.155426 
-0.071045 0.170471 
-0.012390 0.180389 
0.031494 0.179291 
0.055542 0.165192 
0.062012 0.135040 
0.062073 0.083252 
0.070801 0.016815 
0.097137 -0.053986 
0.131744 -0.123291 
0.156830 -0.194794 
0.170593 -0.260864 
0.171356 -0.309692 
0.161041 -0.331818 
0.142334 -0.326660 
0.127594 -0.292755 
0.125946 -0.230621 
0.134247 -0.155975 
0.144012 -0.083771 
0.150909 -0.022034 
0.143616 0.021637 
0.120514 0.042511 
0.083832 0.048889 
0.039276 0.055542 
-0.012848 0.069275 
-0.080109 0.097076 
-0.151123 0.132294 
-0.206238 0.159698 
-0.236908 0.173004 
-0.242828 0.170929 
-0.224182 0.157074 
-0.181061 0.139801 
-0.122681 0.128632 
-0.054749 0.131866 
0.006927 0.142914 
0.051941 0.151825 
0.086121 0.155609 
0.114655 0.146484 
0.137421 0.126038 
0.155426 0.095215 
0.170471 0.053131 
0.180389 0.001251 
0.179291 -0.068085 
0.165192 -0.144196 
0.135040 -0.200439 
0.083252 -0.231323 
0.016815 -0.241974 
-0.053986 -0.228699 
-0.123291 -0.187347 
-0.194794 -0.126740 
-0.260864 -0.061615 
-0.309692 -0.006042 
-0.331818 0.034821 
-0.326660 0.070526 
-0.292755 0.105042 
-0.230621 0.132507 
-0.155975 0.150787 
-0.083771 0.169495 
-0.022034 0.182587 
0.021637 0.182800 
0.042511 0.168304 
0.048889 0.137146 
0.055542 0.091644 
0.069275 0.030579 
0.097076 -0.036713 
0.132294 -0.106323 
0.159698 -0.178894 
0.173004 -0.248322 
0.170929 -0.299744 
0.157074 -0.322266 
0.139801 -0.318481 
0.128632 -0.293060 
0.131866 -0.238739 
0.142914 -0.164825 
0.151825 -0.091522 
0.155609 -0.032898 
0.146484 0.007019 
0.126038 0.026825 
0.095215 0.037476 
0.053131 0.049774 
0.001251 0.065979 
-0.068085 0.095032 
-0.144196 0.131500 
-0.200439 0.160156 
-0.231323 0.171448 
-0.241974 0.165833 
-0.228699 0.150116 
-0.187347 0.133423 
-0.126740 0.126007 
-0.061615 0.134125 
-0.006042 0.147736 
0.034821 0.155914 
0.070526 0.155914 
0.105042 0.147125 
0.132507 0.132782 
0.150787 0.106079 
0.169495 0.064697 
0.182587 0.008881 
0.182800 -0.061066 
0.168304 -0.133148 
0.137146 -0.192200 
0.091644 -0.228485 
0.030579 -0.243073 
-0.036713 -0.230377 
-0.106323 -0.187225 
-0.178894 -0.126892 
-0.248322 -0.066406 
-0.299744 -0.015625 
-0.322266 0.023682 
-0.318481 0.059540 
-0.293060 0.095734 
-0.238739 0.125763 
-0.164825 0.149994 
-0.091522 0.171326 
-0.032898 0.184052 
0.007019 0.182983 
0.026825 0.167480 
0.037476 0.140289 
0.049774 0.100433 
0.065979 0.045105 
0.095032 -0.019684 
0.131500 -0.091522 
0.160156 -0.168243 
0.171448 -0.239532 
0.165833 -0.292877 
0.150116 -0.316498 
0.133423 -0.317902 
0.126007 -0.297089 
0.134125 -0.245300 
0.147736 -0.172333 
0.155914 -0.100464 
0.155914 -0.045258 
0.147125 -0.007111 
0.132782 0.013153 
0.106079 0.027313 
0.064697 0.040497 
0.008881 0.059998 
-0.061066 0.090118 
-0.133148 0.127502 
-0.192200 0.157654 
-0.228485 0.165649 
-0.243073 0.156372 
-0.230377 0.139404 
-0.187225 0.125458 
-0.126892 0.122253 
-0.066406 0.133850 
-0.015625 0.148132 
0.023682 0.153931 
0.059540 0.153564 
0.095734 0.151581 
0.125763 0.140930 
0.149994 0.114807 
0.171326 0.071106 
0.184052 0.016174 
0.182983 -0.050415 
0.167480 -0.123810 
0.140289 -0.188538 
0.100433 -0.230743 
0.045105 -0.244141 
-0.019684 -0.228638 
-0.091522 -0.187347 
-0.168243 -0.131744 
-0.239532 -0.074493 
-0.292877 -0.024078 
-0.316498 0.016937 
-0.317902 0.050964 
-0.297089 0.086700 
-0.245300 0.121338 
-0.172333 0.149994 
-0.100464 0.172943 
-0.045258 0.185608 
-0.007111 0.184967 
0.013153 0.168549 
0.027313 0.144989 
0.040497 0.111053 
0.059998 0.062103 
0.090118 -0.004272 
0.127502 -0.080170 
0.157654 -0.156616 
0.165649 -0.225769 
0.156372 -0.279266 
0.139404 -0.310577 
0.125458 -0.314056 
0.122253 -0.294769 
0.133850 -0.246063 
0.148132 -0.176270 
0.153931 -0.108215 
0.153564 -0.056335 
0.151581 -0.020172 
0.140930 0.001984 
0.114807 0.016388 
0.071106 0.032562 
0.016174 0.057434 
-0.050415 0.089417 
-0.123810 0.129211 
-0.188538 0.159393 
-0.230743 0.165710 
-0.244141 0.153259 
-0.228638 0.136658 
-0.187347 0.128021 
-0.131744 0.128143 
-0.074493 0.136993 
-0.024078 0.146820 
0.016937 0.153778 
0.050964 0.158417 
0.086700 0.159698 
0.121338 0.149780 
0.149994 0.122833 
0.172943 0.080444 
0.185608 0.027710 
0.184967 -0.037048 
0.168549 -0.115692 
0.144989 -0.187286 
0.111053 -0.229523 
0.062103 -0.240753 
-0.004272 -0.226501 
-0.080170 -0.189178 
-0.156616 -0.137238 
-0.225769 -0.082581 
-0.279266 -0.035461 
-0.310577 0.003296 
-0.314056 0.037048 
-0.294769 0.074371 
-0.246063 0.113098 
-0.176270 0.146851 
-0.108215 0.170074 
-0.056335 0.182251 
-0.020172 0.180481 
0.001984 0.167908 
0.016388 0.151306 
0.032562 0.122223 
0.057434 0.073120 
0.089417 0.005310 
0.129211 -0.068878 
0.159393 -0.143799 
0.165710 -0.213379 
0.153259 -0.271454 
0.136658 -0.307922 
0.128021 -0.312683 
0.128143 -0.294281 
0.136993 -0.248993 
0.146820 -0.185333 
0.153778 -0.118469 
0.158417 -0.067902 
0.159698 -0.033752 
0.149780 -0.011871 
0.122833 0.004852 
0.080444 0.024384 
0.027710 0.051514 
-0.037048 0.086945 
-0.115692 0.126404 
-0.187286 0.153046 
-0.229523 0.155304 
-0.240753 0.142273 
-0.226501 0.129517 
-0.189178 0.125397 
-0.137238 0.125000 
-0.082581 0.130096 
-0.035461 0.140533 
0.003296 0.151245 
0.037048 0.159821 
0.074371 0.161285 
0.113098 0.150513 
0.146851 0.127960 
0.170074 0.090454 
0.182251 0.037323 
0.180481 -0.028931 
0.167908 -0.108307 
0.151306 -0.180847 
0.122223 -0.224609 
0.073120 -0.237823 
0.005310 -0.225861 
-0.068878 -0.190765 
-0.143799 -0.141113 
-0.213379 -0.089233 
-0.271454 -0.043549 
-0.307922 -0.005005 
-0.312683 0.027435 
-0.294281 0.066315 
-0.248993 0.111633 
-0.185333 0.149170 
-0.118469 0.170258 
-0.067902 0.178680 
-0.033752 0.178772 
-0.011871 0.172760 
0.004852 0.158295 
0.024384 0.130005 
0.051514 0.083313 
0.086945 0.018951 
0.126404 -0.051727 
0.153046 -0.127197 
0.155304 -0.200104 
0.142273 -0.262360 
0.129517 -0.302246 
0.125397 -0.308044 
0.125000 -0.289246 
0.130096 -0.248688 
0.140533 -0.189758 
0.151245 -0.125641 
0.159821 -0.077423 
0.161285 -0.044250 
0.150513 -0.022552 
0.127960 -0.004669 
0.090454 0.018036 
0.037323 0.052246 
-0.028931 0.090759 
-0.108307 0.127655 
-0.180847 0.149414 
-0.224609 0.151184 
-0.237823 0.141815 
-0.225861 0.134125 
-0.190765 0.128479 
-0.141113 0.124969 
-0.089233 0.129181 
-0.043549 0.141174 
-0.005005 0.155579 
0.027435 0.162720 
0.066315 0.163666 
0.111633 0.158325 
0.149170 0.141144 
0.170258 0.104034 
0.178680 0.049042 
0.178772 -0.019775 
0.172760 -0.097626 
0.158295 -0.171509 
0.130005 -0.218567 
0.083313 -0.232178 
0.018951 -0.220947 
-0.051727 -0.189209 
-0.127197 -0.142914 
-0.200104 -0.093994 
-0.262360 -0.052521 
-0.302246 -0.018219 
-0.308044 0.016754 
-0.289246 0.059967 
-0.248688 0.107361 
-0.189758 0.144653 
-0.125641 0.164490 
-0.077423 0.173706 
-0.044250 0.177948 
-0.022552 0.174103 
-0.004669 0.159882 
0.018036 0.132385 
0.052246 0.090332 
0.090759 0.031982 
0.127655 -0.038391 
0.149414 -0.115875 
0.151184 -0.190918 
0.141815 -0.254547 
0.134125 -0.295441 
0.128479 -0.302917 
0.124969 -0.286621 
0.129181 -0.250854 
0.141174 -0.196320 
0.155579 -0.136902 
0.162720 -0.088776 
0.163666 -0.059662 
0.158325 -0.039886 
0.141144 -0.019287 
0.104034 0.011475 
0.049042 0.050476 
-0.019775 0.089203 
-0.097626 0.120117 
-0.171509 0.138824 
-0.218567 0.143860 
-0.232178 0.138916 
-0.220947 0.129974 
-0.189209 0.120361 
-0.142914 0.116699 
-0.093994 0.123718 
-0.052521 0.137970 
-0.018219 0.152710 
0.016754 0.159546 
0.059967 0.163818 
0.107361 0.162048 
0.144653 0.147064 
0.164490 0.110718 
0.173706 0.054626 
0.177948 -0.015228 
0.174103 -0.092255 
0.159882 -0.168427 
0.132385 -0.216797 
0.090332 -0.231842 
0.031982 -0.219940 
-0.038391 -0.188263 
-0.115875 -0.144745 
-0.190918 -0.101898 
-0.254547 -0.065887 
-0.295441 -0.031311 
-0.302917 0.008820 
-0.286621 0.053680 
-0.250854 0.099762 
-0.196320 0.133942 
-0.136902 0.156067 
-0.088776 0.169647 
-0.059662 0.175903 
-0.039886 0.172607 
-0.019287 0.159332 
0.011475 0.137604 
0.050476 0.101013 
0.089203 0.045410 
0.120117 -0.024597 
0.138824 -0.101868 
0.143860 -0.180756 
0.138916 -0.244965 
0.129974 -0.286957 
0.120361 -0.297028 
0.116699 -0.280792 
0.123718 -0.248535 
0.137970 -0.198669 
0.152710 -0.140594 
0.159546 -0.096649 
0.163818 -0.073730 
0.162048 -0.054077 
0.147064 -0.026398 
0.110718 0.011414 
0.054626 0.052368 
-0.015228 0.085938 
-0.092255 0.112000 
-0.168427 0.134338 
-0.216797 0.143463 
-0.231842 0.137634 
-0.219940 0.125244 
-0.188263 0.118896 
-0.144745 0.117676 
-0.101898 0.124054 
-0.065887 0.137390 
-0.031311 0.151764 
0.008820 0.163239 
0.053680 0.171814 
0.099762 0.173065 
0.133942 0.159302 
0.156067 0.124664 
0.169647 0.067505 
0.175903 -0.003387 
0.172607 -0.081573 
0.159332 -0.156860 
0.137604 -0.209076 
0.101013 -0.225250 
0.045410 -0.211029 
-0.024597 -0.181488 
-0.101868 -0.145355 
-0.180756 -0.110046 
-0.244965 -0.074646 
-0.286957 -0.035675 
-0.297028 0.006622 
-0.280792 0.049164 
-0.248535 0.093842 
-0.198669 0.130646 
-0.140594 0.153778 
-0.096649 0.168121 
-0.073730 0.175110 
-0.054077 0.173370 
-0.026398 0.161591 
0.011414 0.142914 
0.052368 0.112457 
0.085938 0.059967 
0.112000 -0.009857 
0.134338 -0.090332 
0.143463 -0.168701 
0.137634 -0.234314 
0.125244 -0.277344 
0.118896 -0.290771 
0.117676 -0.277344 
0.124054 -0.245667 
0.137390 -0.197388 
0.151764 -0.146118 
0.163239 -0.110809 
0.171814 -0.088989 
0.173065 -0.063934 
0.159302 -0.029480 
0.124664 0.009369 
0.067505 0.047180 
-0.003387 0.080170 
-0.081573 0.106445 
-0.156860 0.129272 
-0.209076 0.137451 
-0.225250 0.132690 
-0.211029 0.121918 
-0.181488 0.116302 
-0.145355 0.116455 
-0.110046 0.120972 
-0.074646 0.132477 
-0.035675 0.148346 
0.006622 0.162109 
0.049164 0.172302 
0.093842 0.175720 
0.130646 0.164734 
0.153778 0.129791 
0.168121 0.074982 
0.175110 0.002716 
0.173370 -0.076599 
0.161591 -0.154175 
0.142914 -0.207367 
0.112457 -0.220581 
0.059967 -0.206451 
-0.009857 -0.183319 
-0.090332 -0.156067 
-0.168701 -0.122498 
-0.234314 -0.085419 
-0.277344 -0.044922 
-0.290771 -0.003082 
-0.277344 0.038025 
-0.245667 0.082794 
-0.197388 0.122864 
-0.146118 0.149384 
-0.110809 0.164429 
-0.088989 0.172119 
-0.063934 0.171509 
-0.029480 0.163361 
0.009369 0.148407 
0.047180 0.121307 
0.080170 0.070862 
0.106445 0.000671 
0.129272 -0.078674 
0.137451 -0.156647 
0.132690 -0.224091 
0.121918 -0.271790 
0.116302 -0.287842 
0.116455 -0.272369 
0.120972 -0.238434 
0.132477 -0.197296 
0.148346 -0.158386 
0.162109 -0.127441 
0.172302 -0.102661 
0.175720 -0.072479 
0.164734 -0.036011 
0.129791 0.001678 
0.074982 0.040039 
0.002716 0.075165 
-0.076599 0.101715 
-0.154175 0.121429 
-0.207367 0.131836 
-0.220581 0.128662 
-0.206451 0.119049 
-0.183319 0.113922 
-0.156067 0.113159 
-0.122498 0.115356 
-0.085419 0.125549 
-0.044922 0.143677 
-0.003082 0.162720 
0.038025 0.174896 
0.082794 0.179535 
0.122864 0.168976 
0.149384 0.138611 
0.164429 0.083557 
0.172119 0.007629 
0.171509 -0.073853 
0.163361 -0.149078 
0.148407 -0.198059 
0.121307 -0.211700 
0.070862 -0.202362 
0.000671 -0.183990 
-0.078674 -0.159668 
-0.156647 -0.127472 
-0.224091 -0.089874 
-0.271790 -0.049774 
-0.287842 -0.008636 
-0.272369 0.031311 
-0.238434 0.076721 
-0.197296 0.117554 
-0.158386 0.145325 
-0.127441 0.159973 
-0.102661 0.167389 
-0.072479 0.170197 
-0.036011 0.166229 
0.001678 0.154327 
0.040039 0.129333 
0.075165 0.080109 
0.101715 0.011658 
0.121429 -0.065643 
0.131836 -0.144958 
0.128662 -0.217346 
0.119049 -0.266998 
0.113922 -0.280304 
0.113159 -0.260803 
0.115356 -0.232788 
0.125549 -0.202423 
0.143677 -0.170410 
0.162720 -0.138977 
0.174896 -0.110260 
0.179535 -0.078827 
0.168976 -0.043213 
0.138611 -0.003784 
0.083557 0.035950 
0.007629 0.069519 
-0.073853 0.095734 
-0.149078 0.114807 
-0.198059 0.125641 
-0.211700 0.124695 
-0.202362 0.117004 
-0.183990 0.112091 
-0.159668 0.110016 
-0.127472 0.111481 
-0.089874 0.123383 
-0.049774 0.144318 
-0.008636 0.164856 
0.031311 0.178833 
0.076721 0.186707 
0.117554 0.180481 
0.145325 0.149231 
0.159973 0.089722 
0.167389 0.011108 
0.170197 -0.067535 
0.166229 -0.137268 
0.154327 -0.184601 
0.129333 -0.201965 
0.080109 -0.196625 
0.011658 -0.183563 
-0.065643 -0.163208 
-0.144958 -0.132141 
-0.217346 -0.095734 
-0.266998 -0.057587 
-0.280304 -0.017944 
-0.260803 0.023560 
-0.232788 0.068909 
-0.202423 0.112366 
-0.170410 0.141083 
-0.138977 0.155945 
-0.110260 0.165527 
-0.078827 0.172485 
-0.043213 0.172577 
-0.003784 0.162415 
0.035950 0.136444 
0.069519 0.091187 
0.095734 0.025452 
0.114807 -0.053070 
0.125641 -0.137634 
0.124695 -0.211792 
0.117004 -0.256592 
0.112091 -0.267548 
0.110016 -0.251190 
0.111481 -0.229126 
0.123383 -0.205658 
0.144318 -0.178375 
0.164856 -0.147644 
0.178833 -0.119415 
0.186707 -0.088135 
0.180481 -0.050690 
0.149231 -0.008789 
0.089722 0.030701 
0.011108 0.064819 
-0.067535 0.089081 
-0.137268 0.107178 
-0.184601 0.120087 
-0.201965 0.123718 
-0.196625 0.117523 
-0.183563 0.110077 
-0.163208 0.104492 
-0.132141 0.107758 
-0.095734 0.119720 
-0.057587 0.140106 
-0.017944 0.161621 
0.023560 0.178833 
0.068909 0.192169 
0.112366 0.188782 
0.141083 0.155701 
0.155945 0.093567 
0.165527 0.015411 
0.172485 -0.060455 
0.172577 -0.125732 
0.162415 -0.174011 
0.136444 -0.194885 
0.091187 -0.195251 
0.025452 -0.184601 
-0.053070 -0.165619 
-0.137634 -0.137939 
-0.211792 -0.104004 
-0.256592 -0.067047 
-0.267548 -0.026367 
-0.251190 0.016479 
-0.229126 0.062378 
-0.205658 0.103302 
-0.178375 0.131226 
-0.147644 0.148773 
-0.119415 0.162140 
-0.088135 0.172333 
-0.050690 0.172333 
-0.008789 0.162323 
0.030701 0.142883 
0.064819 0.105194 
0.089081 0.040710 
0.107178 -0.043823 
0.120087 -0.130402 
0.123718 -0.199493 
0.117523 -0.240540 
0.110077 -0.253235 
0.104492 -0.243988 
0.107758 -0.226959 
0.119720 -0.210846 
0.140106 -0.187347 
0.161621 -0.159210 
0.178833 -0.129303 
0.192169 -0.098267 
0.188782 -0.059448 
0.155701 -0.017120 
0.093567 0.024261 
0.015411 0.057068 
-0.060455 0.079712 
-0.125732 0.097046 
-0.174011 0.114777 
-0.194885 0.120270 
-0.195251 0.112030 
-0.184601 0.103241 
-0.165619 0.099609 
-0.137939 0.103088 
-0.104004 0.112457 
-0.067047 0.132233 
-0.026367 0.159576 
0.016479 0.185394 
0.062378 0.201874 
0.103302 0.196503 
0.131226 0.161346 
0.148773 0.098114 
0.162140 0.019806 
0.172333 -0.051270 
0.172333 -0.113678 
0.162323 -0.162689 
0.142883 -0.189606 
0.105194 -0.193542 
0.040710 -0.184631 
-0.043823 -0.168060 
-0.130402 -0.142853 
-0.199493 -0.111084 
-0.240540 -0.074463 
-0.253235 -0.030701 
-0.243988 0.013336 
-0.226959 0.054962 
-0.210846 0.094269 
-0.187347 0.123962 
-0.159210 0.144775 
-0.129303 0.160095 
-0.098267 0.169403 
-0.059448 0.170105 
-0.017120 0.166382 
0.024261 0.153351 
0.057068 0.116455 
0.079712 0.049011 
0.097046 -0.039185 
0.114777 -0.123138 
0.120270 -0.188416 
0.112030 -0.228668 
0.103241 -0.243561 
0.099609 -0.238495 
0.103088 -0.225189 
0.112457 -0.212769 
0.132233 -0.194122 
0.159576 -0.167725 
0.185394 -0.137848 
0.201874 -0.104492 
0.196503 -0.064423 
0.161346 -0.021881 
0.098114 0.017700 
0.019806 0.049866 
-0.051270 0.075165 
-0.113678 0.095490 
-0.162689 0.112030 
-0.189606 0.116608 
-0.193542 0.111176 
-0.184631 0.103424 
-0.168060 0.098785 
-0.142853 0.098663 
-0.111084 0.106537 
-0.074463 0.129395 
-0.030701 0.161011 
0.013336 0.192200 
0.054962 0.210327 
0.094269 0.202911 
0.123962 0.165070 
0.144775 0.102112 
0.160095 0.027802 
0.169403 -0.041443 
0.170105 -0.100952 
0.166382 -0.152161 
0.153351 -0.183105 
0.116455 -0.189789 
0.049011 -0.182526 
-0.039185 -0.171021 
-0.123138 -0.149933 
-0.188416 -0.119293 
-0.228668 -0.079529 
-0.243561 -0.034851 
-0.238495 0.007965 
-0.225189 0.044830 
-0.212769 0.084167 
-0.194122 0.120422 
-0.167725 0.143066 
-0.137848 0.154327 
-0.104492 0.163574 
-0.064423 0.172302 
-0.021881 0.173981 
0.017700 0.163116 
0.049866 0.123810 
0.075165 0.056824 
0.095490 -0.029114 
0.112030 -0.109802 
0.116608 -0.171173 
0.111176 -0.212463 
0.103424 -0.230408 
0.098785 -0.228516 
0.098663 -0.218414 
0.106537 -0.210297 
0.129395 -0.198761 
0.161011 -0.174988 
0.192200 -0.143890 
0.210327 -0.108765 
0.202911 -0.068665 
0.165070 -0.028320 
0.102112 0.010529 
0.027802 0.044556 
-0.041443 0.071533 
-0.100952 0.092041 
-0.152161 0.107300 
-0.183105 0.114929 
-0.189789 0.111816 
-0.182526 0.103821 
-0.171021 0.095245 
-0.149933 0.091003 
-0.119293 0.097443 
-0.079529 0.122192 
-0.034851 0.162079 
0.007965 0.197601 
0.044830 0.214874 
0.084167 0.204498 
0.120422 0.165802 
0.143066 0.106628 
0.154327 0.036133 
0.163574 -0.032562 
0.172302 -0.092651 
0.173981 -0.145081 
0.163116 -0.177551 
0.123810 -0.186035 
0.056824 -0.182190 
-0.029114 -0.174042 
-0.109802 -0.155334 
-0.171173 -0.123199 
-0.212463 -0.082672 
-0.230408 -0.041229 
-0.228516 -0.001465 
-0.218414 0.036377 
-0.210297 0.078949 
-0.198761 0.113678 
-0.174988 0.134735 
-0.143890 0.147034 
-0.108765 0.160828 
-0.068665 0.174622 
-0.028320 0.179077 
0.010529 0.165955 
0.044556 0.128174 
0.071533 0.061218 
0.092041 -0.021820 
0.107300 -0.098785 
0.114929 -0.158997 
0.111816 -0.200378 
0.103821 -0.221710 
0.095245 -0.224426 
0.091003 -0.217896 
0.097443 -0.214996 
0.122192 -0.207825 
0.162079 -0.185883 
0.197601 -0.151794 
0.214874 -0.115936 
0.204498 -0.078278 
0.165802 -0.037842 
0.106628 0.001526 
0.036133 0.037048 
-0.032562 0.063782 
-0.092651 0.082794 
-0.145081 0.098999 
-0.177551 0.109863 
-0.186035 0.109833 
-0.182190 0.099731 
-0.174042 0.087219 
-0.155334 0.081116 
-0.123199 0.089691 
-0.082672 0.119354 
-0.041229 0.163177 
-0.001465 0.200317 
0.036377 0.215485 
0.078949 0.204437 
0.113678 0.167755 
0.134735 0.111694 
0.147034 0.043732 
0.160828 -0.025482 
0.174622 -0.084991 
0.179077 -0.133850 
0.165955 -0.167450 
0.128174 -0.182007 
0.061218 -0.184204 
-0.021820 -0.176239 
-0.098785 -0.156494 
-0.158997 -0.125092 
-0.200378 -0.089844 
-0.221710 -0.051422 
-0.224426 -0.010742 
-0.217896 0.030609 
-0.214996 0.070831 
-0.207825 0.105194 
-0.185883 0.126068 
-0.151794 0.141754 
-0.115936 0.161346 
-0.078278 0.180756 
-0.037842 0.187042 
0.001526 0.172211 
0.037048 0.132965 
0.063782 0.069275 
0.082794 -0.009674 
0.098999 -0.085754 
0.109863 -0.146118 
0.109833 -0.186920 
0.099731 -0.207397 
0.087219 -0.214478 
0.081116 -0.213867 
0.089691 -0.213226 
0.119354 -0.208649 
0.163177 -0.187714 
0.200317 -0.155090 
0.215485 -0.121552 
0.204437 -0.085144 
0.167755 -0.042847 
0.111694 -0.001953 
0.043732 0.033569 
-0.025482 0.059570 
-0.084991 0.079041 
-0.133850 0.097229 
-0.167450 0.112671 
-0.182007 0.114410 
-0.184204 0.099518 
-0.176239 0.081146 
-0.156494 0.075348 
-0.125092 0.087036 
-0.089844 0.119934 
-0.051422 0.166046 
-0.010742 0.202515 
0.030609 0.216248 
0.070831 0.205658 
0.105194 0.172791 
0.126068 0.117584 
0.141754 0.049408 
0.161346 -0.018372 
0.180756 -0.072662 
0.187042 -0.119843 
0.172211 -0.159363 
0.132965 -0.181427 
0.069275 -0.184601 
-0.009674 -0.175812 
-0.085754 -0.157196 
-0.146118 -0.130859 
-0.186920 -0.095947 
-0.207397 -0.056152 
-0.214478 -0.011963 
-0.213867 0.028412 
-0.213226 0.064972 
-0.208649 0.095093 
-0.187714 0.118195 
-0.155090 0.139343 
-0.121552 0.164337 
-0.085144 0.184479 
-0.042847 0.189728 
-0.001953 0.173615 
0.033569 0.136230 
0.059570 0.076569 
0.079041 -0.000854 
0.097229 -0.074341 
0.112671 -0.132904 
0.114410 -0.171509 
0.099518 -0.194519 
0.081146 -0.208435 
0.075348 -0.212280 
0.087036 -0.213593 
0.119934 -0.209229 
0.166046 -0.192322 
0.202515 -0.162842 
0.216248 -0.130615 
0.205658 -0.093506 
0.172791 -0.051727 
0.117584 -0.010773 
0.049408 0.022583 
-0.018372 0.050018 
-0.072662 0.071777 
-0.119843 0.093781 
-0.159363 0.112305 
-0.181427 0.111542 
-0.184601 0.093201 
-0.175812 0.071625 
-0.157196 0.066254 
-0.130859 0.082886 
-0.095947 0.118805 
-0.056152 0.163666 
-0.011963 0.200470 
0.028412 0.216858 
0.064972 0.209259 
0.095093 0.176331 
0.118195 0.121155 
0.139343 0.055450 
0.164337 -0.008209 
0.184479 -0.059753 
0.189728 -0.109161 
0.173615 -0.152802 
0.136230 -0.178284 
0.076569 -0.180878 
-0.000854 -0.173126 
-0.074341 -0.161224 
-0.132904 -0.138275 
-0.171509 -0.104431 
-0.194519 -0.062012 
-0.208435 -0.017426 
-0.212280 0.019623 
-0.213593 0.050476 
-0.209229 0.081696 
-0.192322 0.109131 
-0.162842 0.136810 
-0.130615 0.162781 
-0.093506 0.182953 
-0.051727 0.188477 
-0.010773 0.173370 
0.022583 0.137268 
0.050018 0.078857 
0.071777 0.005829 
0.093781 -0.064331 
0.112305 -0.118835 
0.111542 -0.158813 
0.093201 -0.186005 
0.071625 -0.203888 
0.066254 -0.211395 
0.082886 -0.213226 
0.118805 -0.211761 
0.163666 -0.198730 
0.200470 -0.171570 
0.216858 -0.135925 
0.209259 -0.098877 
0.176331 -0.057098 
0.121155 -0.019989 
0.055450 0.013245 
-0.008209 0.041992 
-0.059753 0.069611 
-0.109161 0.093781 
-0.152802 0.110535 
-0.178284 0.106201 
-0.180878 0.084412 
-0.173126 0.064087 
-0.161224 0.062744 
-0.138275 0.082520 
-0.104431 0.116791 
-0.062012 0.161499 
-0.017426 0.202576 
0.019623 0.220245 
0.050476 0.211273 
0.081696 0.175964 
0.109131 0.124573 
0.136810 0.064819 
0.162781 0.004883 
0.182953 -0.049896 
0.188477 -0.101105 
0.173370 -0.145325 
0.137268 -0.171051 
0.078857 -0.177673 
0.005829 -0.174530 
-0.064331 -0.165436 
-0.118835 -0.143616 
-0.158813 -0.107269 
-0.186005 -0.064026 
-0.203888 -0.021912 
-0.211395 0.012024 
-0.213226 0.039612 
-0.211761 0.070770 
-0.198730 0.103607 
-0.171570 0.134094 
-0.135925 0.161407 
-0.098877 0.183289 
-0.057098 0.191193 
-0.019989 0.176147 
0.013245 0.139771 
0.041992 0.084534 
0.069611 0.016815 
0.093781 -0.048920 
0.110535 -0.102509 
0.106201 -0.144165 
0.084412 -0.174347 
0.064087 -0.195343 
0.062744 -0.205139 
0.082520 -0.206604 
0.116791 -0.208771 
0.161499 -0.201813 
0.202576 -0.175232 
0.220245 -0.139709 
0.211273 -0.101440 
0.175964 -0.062286 
0.124573 -0.027100 
0.064819 0.005890 
0.004883 0.038879 
-0.049896 0.071869 
-0.101105 0.096161 
-0.145325 0.108826 
-0.171051 0.101044 
-0.177673 0.079834 
-0.174530 0.062347 
-0.165436 0.061584 
-0.143616 0.079681 
-0.107269 0.114929 
-0.064026 0.161926 
-0.021912 0.204376 
0.012024 0.222321 
0.039612 0.209961 
0.070770 0.177765 
0.103607 0.131409 
0.134094 0.075653 
0.161407 0.015411 
0.183289 -0.040771 
0.191193 -0.090363 
0.176147 -0.132904 
0.139771 -0.163330 
0.084534 -0.175262 
0.016815 -0.175293 
-0.048920 -0.168945 
-0.102509 -0.146454 
-0.144165 -0.107483 
-0.174347 -0.063843 
-0.195343 -0.025604 
-0.205139 0.004395 
-0.206604 0.030487 
-0.208771 0.062012 
-0.201813 0.097778 
-0.175232 0.131256 
-0.139709 0.162048 
-0.101440 0.186096 
-0.062286 0.192596 
-0.027100 0.175507 
0.005890 0.138794 
0.038879 0.087799 
0.071869 0.027100 
0.096161 -0.035583 
0.108826 -0.089661 
0.101044 -0.133301 
0.079834 -0.166168 
0.062347 -0.188080 
0.061584 -0.200745 
0.079681 -0.206787 
0.114929 -0.212402 
0.161926 -0.206635 
0.204376 -0.182404 
0.222321 -0.144440 
0.209961 -0.107697 
0.177765 -0.075745 
0.131409 -0.042725 
0.075653 -0.005310 
0.015411 0.035034 
-0.040771 0.069244 
-0.090363 0.091064 
-0.132904 0.097900 
-0.163330 0.091919 
-0.175262 0.073364 
-0.175293 0.055817 
-0.168945 0.052917 
-0.146454 0.072174 
-0.107483 0.110046 
-0.063843 0.160675 
-0.025604 0.201355 
0.004395 0.217285 
0.030487 0.207367 
0.062012 0.179626 
0.097778 0.136871 
0.131256 0.081696 
0.162048 0.021301 
0.186096 -0.034607 
0.192596 -0.081879 
0.175507 -0.124786 
0.138794 -0.157196 
0.087799 -0.175385 
0.027100 -0.179657 
-0.035583 -0.171265 
-0.089661 -0.147827 
-0.133301 -0.110657 
-0.166168 -0.071014 
-0.188080 -0.034698 
-0.200745 -0.005219 
-0.206787 0.020050 
-0.212402 0.051331 
-0.206635 0.089783 
-0.182404 0.126953 
-0.144440 0.160522 
-0.107697 0.185486 
-0.075745 0.191010 
-0.042725 0.173920 
-0.005310 0.139526 
0.035034 0.093109 
0.069244 0.038086 
0.091064 -0.023376 
0.097900 -0.077881 
0.091919 -0.121460 
0.073364 -0.154236 
0.055817 -0.178680 
0.052917 -0.195892 
0.072174 -0.206024 
0.110046 -0.213470 
0.160675 -0.206940 
0.201355 -0.181458 
0.217285 -0.144257 
0.207367 -0.114044 
0.179626 -0.084808 
0.136871 -0.049652 
0.081696 -0.007507 
0.021301 0.036377 
-0.034607 0.071167 
-0.081879 0.089905 
-0.124786 0.096802 
-0.157196 0.091003 
-0.175385 0.070435 
-0.179657 0.051697 
-0.171265 0.050690 
-0.147827 0.073334 
-0.110657 0.113617 
-0.071014 0.159729 
-0.034698 0.198181 
-0.005219 0.216766 
0.020050 0.209747 
0.051331 0.184845 
0.089783 0.144440 
0.126953 0.089874 
0.160522 0.030212 
0.185486 -0.022736 
0.191010 -0.066986 
0.173920 -0.110474 
0.139526 -0.151001 
0.093109 -0.175934 
0.038086 -0.180267 
-0.023376 -0.170685 
-0.077881 -0.147736 
-0.121460 -0.113281 
-0.154236 -0.075073 
-0.178680 -0.039856 
-0.195892 -0.012482 
-0.206024 0.011414 
-0.213470 0.041901 
-0.206940 0.083008 
-0.181458 0.126526 
-0.144257 0.161438 
-0.114044 0.184326 
-0.084808 0.188416 
-0.049652 0.171661 
-0.007507 0.140564 
0.036377 0.099609 
0.071167 0.048035 
0.089905 -0.011566 
0.096802 -0.065704 
0.091003 -0.109131 
0.070435 -0.141235 
0.051697 -0.169342 
0.050690 -0.193176 
0.073334 -0.206787 
0.113617 -0.211304 
0.159729 -0.204987 
0.198181 -0.181183 
0.216766 -0.151642 
0.209747 -0.124603 
0.184845 -0.095825 
0.144440 -0.056244 
0.089874 -0.011353 
0.030212 0.031677 
-0.022736 0.066376 
-0.066986 0.086884 
-0.110474 0.093536 
-0.151001 0.083801 
-0.175934 0.061737 
-0.180267 0.043793 
-0.170685 0.044983 
-0.147736 0.070526 
-0.113281 0.109589 
-0.075073 0.153503 
-0.039856 0.191406 
-0.012482 0.212311 
0.011414 0.210968 
0.041901 0.187531 
0.083008 0.146484 
0.126526 0.094177 
0.161438 0.038757 
0.184326 -0.011902 
0.188416 -0.056732 
0.171661 -0.101440 
0.140564 -0.145599 
0.099609 -0.173950 
0.048035 -0.180084 
-0.011566 -0.171143 
-0.065704 -0.149658 
-0.109131 -0.116211 
-0.141235 -0.078888 
-0.169342 -0.047363 
-0.193176 -0.023621 
-0.206787 -0.000641 
-0.211304 0.031433 
-0.204987 0.078094 
-0.181183 0.124390 
-0.151642 0.159546 
-0.124603 0.179596 
-0.095825 0.182922 
-0.056244 0.170746 
-0.011353 0.141846 
0.031677 0.104095 
0.066376 0.054108 
0.086884 -0.002930 
0.093536 -0.053070 
0.083801 -0.093353 
0.061737 -0.127777 
0.043793 -0.161804 
0.044983 -0.191711 
0.070526 -0.205963 
0.109589 -0.206604 
0.153503 -0.199677 
0.191406 -0.182251 
0.212311 -0.159760 
0.210968 -0.133484 
0.187531 -0.103058 
0.146484 -0.062622 
0.094177 -0.018158 
0.038757 0.028442 
-0.011902 0.066040 
-0.056732 0.086090 
-0.101440 0.086273 
-0.145599 0.074768 
-0.173950 0.055176 
-0.180084 0.040802 
-0.171143 0.044861 
-0.149658 0.069183 
-0.116211 0.107422 
-0.078888 0.148407 
-0.047363 0.187653 
-0.023621 0.213593 
-0.000641 0.214447 
0.031433 0.189941 
0.078094 0.149445 
0.124390 0.100281 
0.159546 0.049652 
0.179596 0.002167 
0.182922 -0.045929 
0.170746 -0.093323 
0.141846 -0.139709 
0.104095 -0.171112 
0.054108 -0.179321 
-0.002930 -0.170715 
-0.053070 -0.150238 
-0.093353 -0.116669 
-0.127777 -0.083038 
-0.161804 -0.054352 
-0.191711 -0.032867 
-0.205963 -0.009766 
-0.206604 0.024902 
-0.199677 0.072845 
-0.182251 0.121643 
-0.159760 0.155304 
-0.133484 0.174255 
-0.103058 0.179840 
-0.062622 0.169556 
-0.018158 0.143005 
0.028442 0.105957 
0.066040 0.058502 
0.086090 0.008484 
0.086273 -0.037567 
0.074768 -0.077667 
0.055176 -0.118622 
0.040802 -0.158386 
0.044861 -0.187927 
0.069183 -0.199341 
0.107422 -0.198669 
0.148407 -0.196381 
0.187653 -0.186157 
0.213593 -0.166534 
0.214447 -0.140076 
0.189941 -0.109833 
0.149445 -0.070740 
0.100281 -0.022675 
0.049652 0.026855 
0.002167 0.065704 
-0.045929 0.083771 
-0.093323 0.080475 
-0.139709 0.066803 
-0.171112 0.050354 
-0.179321 0.039734 
-0.170715 0.044220 
-0.150238 0.066162 
-0.116669 0.102997 
-0.083038 0.144836 
-0.054352 0.186340 
-0.032867 0.213135 
-0.009766 0.212036 
0.024902 0.187714 
0.072845 0.151123 
0.121643 0.108307 
0.155304 0.062042 
0.174255 0.013397 
0.179840 -0.036224 
0.169556 -0.084686 
0.143005 -0.133209 
0.105957 -0.167999 
0.058502 -0.178802 
0.008484 -0.168823 
-0.037567 -0.146118 
-0.077667 -0.115906 
-0.118622 -0.086731 
-0.158386 -0.062744 
-0.187927 -0.041870 
-0.199341 -0.016571 
-0.198669 0.020172 
-0.196381 0.070465 
-0.186157 0.118073 
-0.166534 0.151031 
-0.140076 0.170685 
-0.109833 0.179138 
-0.070740 0.169830 
-0.022675 0.143219 
0.026855 0.105530 
0.065704 0.063934 
0.083771 0.022369 
0.080475 -0.022125 
0.066803 -0.066833 
0.050354 -0.113586 
0.039734 -0.154633 
0.044220 -0.181763 
0.066162 -0.193726 
0.102997 -0.195068 
0.144836 -0.195648 
0.186340 -0.189575 
0.213135 -0.172729 
0.212036 -0.148926 
0.187714 -0.118866 
0.151123 -0.079193 
0.108307 -0.027618 
0.062042 0.024567 
0.013397 0.063385 
-0.036224 0.078827 
-0.084686 0.072144 
-0.133209 0.059204 
-0.167999 0.046844 
-0.178802 0.037811 
-0.168823 0.040192 
-0.146118 0.061279 
-0.115906 0.098297 
-0.086731 0.141724 
-0.062744 0.184143 
-0.041870 0.209747 
-0.016571 0.210693 
0.020172 0.188538 
0.070465 0.156494 
0.118073 0.117523 
0.151031 0.072571 
0.170685 0.023682 
0.179138 -0.027618 
0.169830 -0.077393 
0.143219 -0.128418 
0.105530 -0.166565 
0.063934 -0.177673 
0.022369 -0.165680 
-0.022125 -0.142639 
-0.066833 -0.116608 
-0.113586 -0.092255 
-0.154633 -0.072052 
-0.181763 -0.050354 
-0.193726 -0.021729 
-0.195068 0.017456 
-0.195648 0.064453 
-0.189575 0.111877 
-0.172729 0.147552 
-0.148926 0.169830 
-0.118866 0.177917 
-0.079193 0.167206 
-0.027618 0.139862 
0.024567 0.106781 
0.063385 0.075104 
0.078827 0.037872 
0.072144 -0.008484 
0.059204 -0.058411 
0.046844 -0.104980 
0.037811 -0.144043 
0.040192 -0.171478 
0.061279 -0.185760 
0.098297 -0.188446 
0.141724 -0.190613 
0.184143 -0.188782 
0.209747 -0.178497 
0.210693 -0.157745 
0.188538 -0.128082 
0.156494 -0.084412 
0.117523 -0.028503 
0.072571 0.024414 
0.023682 0.060364 
-0.027618 0.073242 
-0.077393 0.066315 
-0.128418 0.055298 
-0.166565 0.043915 
-0.177673 0.035126 
-0.165680 0.036560 
-0.142639 0.057892 
-0.116608 0.096741 
-0.092255 0.139923 
-0.072052 0.179352 
-0.050354 0.204193 
-0.021729 0.207550 
0.017456 0.190704 
0.064453 0.160919 
0.111877 0.124207 
0.147552 0.081177 
0.169830 0.032104 
0.177917 -0.020081 
0.167206 -0.071747 
0.139862 -0.124390 
0.106781 -0.164246 
0.075104 -0.174805 
0.037872 -0.161469 
-0.008484 -0.141113 
-0.058411 -0.121002 
-0.104980 -0.100861 
-0.144043 -0.080261 
-0.171478 -0.056885 
-0.185760 -0.025909 
-0.188446 0.010437 
-0.190613 0.055359 
-0.188782 0.102417 
-0.178497 0.143555 
-0.157745 0.167358 
-0.128082 0.172394 
-0.084412 0.159210 
-0.028503 0.135193 
0.024414 0.110260 
0.060364 0.083344 
0.073242 0.047852 
0.066315 0.000275 
0.055298 -0.051727 
0.043915 -0.098999 
0.035126 -0.136902 
0.036560 -0.165131 
0.057892 -0.180817 
0.096741 -0.184448 
0.139923 -0.188049 
0.179352 -0.192902 
0.204193 -0.188477 
0.207550 -0.169952 
0.190704 -0.136902 
0.160919 -0.089417 
0.124207 -0.032776 
0.081177 0.018005 
0.032104 0.051880 
-0.020081 0.063416 
-0.071747 0.059113 
-0.124390 0.048401 
-0.164246 0.037903 
-0.174805 0.029785 
-0.161469 0.032776 
-0.141113 0.054382 
-0.121002 0.092468 
-0.100861 0.134369 
-0.080261 0.171143 
-0.056885 0.196930 
-0.025909 0.202972 
0.010437 0.188812 
0.055359 0.163086 
0.102417 0.130615 
0.143555 0.090118 
0.167358 0.042511 
0.172394 -0.010468 
0.159210 -0.065491 
0.135193 -0.119080 
0.110260 -0.156982 
0.083344 -0.167511 
0.047852 -0.155640 
0.000275 -0.138733 
-0.051727 -0.124390 
-0.098999 -0.106628 
-0.136902 -0.086121 
-0.165131 -0.060608 
-0.180817 -0.030853 
-0.184448 0.002991 
-0.188049 0.048218 
-0.192902 0.100922 
-0.188477 0.143707 
-0.169952 0.164948 
-0.136902 0.167145 
-0.089417 0.157288 
-0.032776 0.140472 
0.018005 0.119202 
0.051880 0.093536 
0.063416 0.057373 
0.059113 0.010193 
0.048401 -0.040253 
0.037903 -0.087616 
0.029785 -0.127838 
0.032776 -0.156647 
0.054382 -0.171021 
0.092468 -0.176819 
0.134369 -0.183563 
0.171143 -0.193909 
0.196930 -0.194946 
0.202972 -0.176483 
0.188812 -0.140381 
0.163086 -0.090454 
0.130615 -0.034271 
0.090118 0.015320 
0.042511 0.049347 
-0.010468 0.063293 
-0.065491 0.059265 
-0.119080 0.044739 
-0.156982 0.033264 
-0.167511 0.026672 
-0.155640 0.031647 
-0.138733 0.053131 
-0.124390 0.089478 
-0.106628 0.130066 
-0.086121 0.167053 
-0.060608 0.193939 
-0.030853 0.204407 
0.002991 0.192932 
0.048218 0.169708 
0.100922 0.140625 
0.143707 0.102692 
0.164948 0.052277 
0.167145 -0.005127 
0.157288 -0.062103 
0.140472 -0.112122 
0.119202 -0.147125 
0.093536 -0.157990 
0.057373 -0.150482 
0.010193 -0.140198 
-0.040253 -0.128601 
-0.087616 -0.111206 
-0.127838 -0.090393 
-0.156647 -0.067780 
-0.171021 -0.041229 
-0.176819 -0.005096 
-0.183563 0.042664 
-0.193909 0.097717 
-0.194946 0.138824 
-0.176483 0.156647 
-0.140381 0.159302 
-0.090454 0.152374 
-0.034271 0.139526 
0.015320 0.119904 
0.049347 0.096558 
0.063293 0.062378 
0.059265 0.017426 
0.044739 -0.033539 
0.033264 -0.082703 
0.026672 -0.122223 
0.031647 -0.148010 
0.053131 -0.163483 
0.089478 -0.170288 
0.130066 -0.180908 
0.167053 -0.197632 
0.193939 -0.201599 
0.204407 -0.181610 
0.192932 -0.143524 
0.169708 -0.094177 
0.140625 -0.041412 
0.102692 0.007355 
0.052277 0.042389 
-0.005127 0.056244 
-0.062103 0.050598 
-0.112122 0.035004 
-0.147125 0.022919 
-0.157990 0.018646 
-0.150482 0.026703 
-0.140198 0.050079 
-0.128601 0.087128 
-0.111206 0.127625 
-0.090393 0.163208 
-0.067780 0.187347 
-0.041229 0.195618 
-0.005096 0.187836 
0.042664 0.169769 
0.097717 0.144745 
0.138824 0.108521 
0.156647 0.059296 
0.159302 -0.001526 
0.152374 -0.059753 
0.139526 -0.104370 
0.119904 -0.138184 
0.096558 -0.152527 
0.062378 -0.151886 
0.017426 -0.141479 
-0.033539 -0.128113 
-0.082703 -0.111786 
-0.122223 -0.095184 
-0.148010 -0.076416 
-0.163483 -0.050262 
-0.170288 -0.009521 
-0.180908 0.039764 
-0.197632 0.093903 
-0.201599 0.132935 
-0.181610 0.150818 
-0.143524 0.154114 
-0.094177 0.149719 
-0.041412 0.139496 
0.007355 0.123627 
0.042389 0.103027 
0.056244 0.072784 
0.050598 0.028595 
0.035004 -0.023956 
0.022919 -0.072510 
0.018646 -0.109711 
0.026703 -0.134705 
0.050079 -0.150116 
0.087128 -0.164520 
0.127625 -0.181122 
0.163208 -0.200470 
0.187347 -0.205139 
0.195618 -0.186859 
0.187836 -0.149231 
0.169769 -0.101593 
0.144745 -0.047333 
0.108521 0.005157 
0.059296 0.041992 
-0.001526 0.056091 
-0.059753 0.050110 
-0.104370 0.033752 
-0.138184 0.021271 
-0.152527 0.019257 
-0.151886 0.028076 
-0.141479 0.050446 
-0.128113 0.084808 
-0.111786 0.123688 
-0.095184 0.155884 
-0.076416 0.180481 
-0.050262 0.191925 
-0.009521 0.190552 
0.039764 0.178131 
0.093903 0.156281 
0.132935 0.120056 
0.150818 0.067505 
0.154114 0.006042 
0.149719 -0.049286 
0.139496 -0.092163 
0.123627 -0.127716 
0.103027 -0.148682 
0.072784 -0.150116 
0.028595 -0.138916 
-0.023956 -0.126099 
-0.072510 -0.113953 
-0.109711 -0.101440 
-0.134705 -0.083221 
-0.150116 -0.052307 
-0.164520 -0.010376 
-0.181122 0.035919 
-0.200470 0.085205 
-0.205139 0.124847 
-0.186859 0.144836 
-0.149231 0.150513 
-0.101593 0.147858 
-0.047333 0.140259 
0.005157 0.126892 
0.041992 0.107788 
0.056091 0.078888 
0.050110 0.034729 
0.033752 -0.018555 
0.021271 -0.065277 
0.019257 -0.099152 
0.028076 -0.121399 
0.050446 -0.140991 
0.084808 -0.161499 
0.123688 -0.180847 
0.155884 -0.201721 
0.180481 -0.208679 
0.191925 -0.191040 
0.190552 -0.152374 
0.178131 -0.103790 
0.156281 -0.049683 
0.120056 0.000061 
0.067505 0.033325 
0.006042 0.046448 
-0.049286 0.041534 
-0.092163 0.027496 
-0.127716 0.015961 
-0.148682 0.017303 
-0.150116 0.026947 
-0.138916 0.047821 
-0.126099 0.081482 
-0.113953 0.118225 
-0.101440 0.147430 
-0.083221 0.169556 
-0.052307 0.186432 
-0.010376 0.193787 
0.035919 0.188141 
0.085205 0.164612 
0.124847 0.125031 
0.144836 0.069244 
0.150513 0.010742 
0.147858 -0.040710 
0.140259 -0.081116 
0.126892 -0.119659 
0.107788 -0.144073 
0.078888 -0.147278 
0.034729 -0.136139 
-0.018555 -0.128204 
-0.065277 -0.121979 
-0.099152 -0.111633 
-0.121399 -0.090363 
-0.140991 -0.057861 
-0.161499 -0.013031 
-0.180847 0.033234 
-0.201721 0.080627 
-0.208679 0.117249 
-0.191040 0.137939 
-0.152374 0.144073 
-0.103790 0.144012 
-0.049683 0.139008 
0.000061 0.130188 
0.033325 0.111084 
0.046448 0.080566 
0.041534 0.035217 
0.027496 -0.014893 
0.015961 -0.058014 
0.017303 -0.087372 
0.026947 -0.109009 
0.047821 -0.129974 
0.081482 -0.153107 
0.118225 -0.175842 
0.147430 -0.199219 
0.169556 -0.210815 
0.186432 -0.197906 
0.193787 -0.159607 
0.188141 -0.107300 
0.164612 -0.052734 
0.125031 -0.001648 
0.069244 0.032074 
0.010742 0.044800 
-0.040710 0.037262 
-0.081116 0.018829 
-0.119659 0.007599 
-0.144073 0.009888 
-0.147278 0.022797 
-0.136139 0.048157 
-0.128204 0.080811 
-0.121979 0.112915 
-0.111633 0.139648 
-0.090363 0.162354 
-0.057861 0.183228 
-0.013031 0.196960 
0.033234 0.191467 
0.080627 0.166016 
0.117249 0.125885 
0.137939 0.076019 
0.144073 0.020477 
0.144012 -0.033417 
0.139008 -0.078674 
0.130188 -0.116669 
0.111084 -0.138092 
0.080566 -0.141449 
0.035217 -0.133331 
-0.014893 -0.128632 
-0.058014 -0.125519 
-0.087372 -0.113983 
-0.109009 -0.090057 
-0.129974 -0.056183 
-0.153107 -0.014801 
-0.175842 0.027924 
-0.199219 0.071655 
-0.210815 0.110107 
-0.197906 0.132477 
-0.159607 0.139465 
-0.107300 0.141449 
-0.052734 0.141052 
-0.001648 0.134216 
0.032074 0.115356 
0.044800 0.084412 
0.037262 0.043060 
0.018829 -0.003265 
0.007599 -0.042603 
0.009888 -0.072479 
0.022797 -0.098999 
0.048157 -0.125824 
0.080811 -0.155090 
0.112915 -0.179321 
0.139648 -0.200714 
0.162354 -0.210022 
0.183228 -0.196686 
0.196960 -0.158142 
0.191467 -0.107056 
0.166016 -0.056274 
0.125885 -0.011414 
0.076019 0.018860 
0.020477 0.031250 
-0.033417 0.027435 
-0.078674 0.015228 
-0.116669 0.007660 
-0.138092 0.013214 
-0.141449 0.027985 
-0.133331 0.048828 
-0.128632 0.072021 
-0.125519 0.098114 
-0.113983 0.126465 
-0.090057 0.156616 
-0.056183 0.187866 
-0.014801 0.203857 
0.027924 0.196167 
0.071655 0.170044 
0.110107 0.130493 
0.132477 0.082153 
0.139465 0.027069 
0.141449 -0.029419 
0.141052 -0.073792 
0.134216 -0.104828 
0.115356 -0.125610 
0.084412 -0.136017 
0.043060 -0.135620 
-0.003265 -0.136780 
-0.042603 -0.135315 
-0.072479 -0.119659 
-0.098999 -0.092438 
-0.125824 -0.057922 
-0.155090 -0.016998 
-0.179321 0.023529 
-0.200714 0.062988 
-0.210022 0.097076 
-0.196686 0.119232 
-0.158142 0.130676 
-0.107056 0.139984 
-0.056274 0.147064 
-0.011414 0.143097 
0.018860 0.121857 
0.031250 0.085602 
0.027435 0.043701 
0.015228 0.000458 
0.007660 -0.034668 
0.013214 -0.061554 
0.027985 -0.086121 
0.048828 -0.114777 
0.072021 -0.146545 
0.098114 -0.175415 
0.126465 -0.199249 
0.156616 -0.213898 
0.187866 -0.203308 
0.203857 -0.165802 
0.196167 -0.113495 
0.170044 -0.058197 
0.130493 -0.008911 
0.082153 0.022491 
0.027069 0.030518 
-0.029419 0.020874 
-0.073792 0.005463 
-0.104828 -0.002594 
-0.125610 0.008942 
-0.136017 0.031128 
-0.135620 0.050873 
-0.136780 0.066803 
-0.135315 0.088196 
-0.119659 0.117462 
-0.092438 0.152283 
-0.057922 0.184021 
-0.016998 0.200073 
0.023529 0.196533 
0.062988 0.174835 
0.097076 0.136658 
0.119232 0.087341 
0.130676 0.029755 
0.139984 -0.025452 
0.147064 -0.064178 
0.143097 -0.090302 
0.121857 -0.109924 
0.085602 -0.124512 
0.043701 -0.132263 
0.000458 -0.136871 
-0.034668 -0.139404 
-0.061554 -0.128937 
-0.086121 -0.105499 
-0.114777 -0.067047 
-0.146545 -0.021240 
-0.175415 0.024353 
-0.199249 0.061737 
-0.213898 0.090149 
-0.203308 0.110413 
-0.165802 0.124359 
-0.113495 0.138428 
-0.058197 0.149567 
-0.008911 0.148956 
0.022491 0.125732 
0.030518 0.089508 
0.020874 0.048096 
0.005463 0.009247 
-0.002594 -0.025726 
0.008942 -0.053375 
0.031128 -0.079376 
0.050873 -0.106934 
0.066803 -0.142029 
0.088196 -0.173126 
0.117462 -0.196625 
0.152283 -0.212067 
0.184021 -0.204956 
0.200073 -0.169769 
0.196533 -0.116211 
0.174835 -0.061279 
0.136658 -0.011627 
0.087341 0.019073 
0.029755 0.028564 
-0.025452 0.016327 
-0.064178 -0.000488 
-0.090302 -0.008636 
-0.109924 0.003326 
-0.124512 0.023163 
-0.132263 0.038849 
-0.136871 0.057526 
-0.139404 0.084595 
-0.128937 0.117645 
-0.105499 0.151917 
-0.067047 0.181152 
-0.021240 0.197998 
0.024353 0.196686 
0.061737 0.177368 
0.090149 0.140961 
0.110413 0.091125 
0.124359 0.034515 
0.138428 -0.017181 
0.149567 -0.054932 
0.148956 -0.083435 
0.125732 -0.108276 
0.089508 -0.126556 
0.048096 -0.134613 
0.009247 -0.137268 
-0.025726 -0.135925 
-0.053375 -0.123444 
-0.079376 -0.100952 
-0.106934 -0.067963 
-0.142029 -0.027740 
-0.173126 0.009674 
-0.196625 0.043121 
-0.212067 0.075592 
-0.204956 0.105896 
-0.169769 0.127991 
-0.116211 0.142303 
-0.061279 0.149200 
-0.011627 0.141205 
0.019073 0.118805 
0.028564 0.088898 
0.016327 0.056427 
-0.000488 0.024841 
-0.008636 -0.006378 
0.003326 -0.037018 
0.023163 -0.069702 
0.038849 -0.106079 
0.057526 -0.145691 
0.084595 -0.177399 
0.117645 -0.197296 
0.151917 -0.208191 
0.181152 -0.202789 
0.197998 -0.173492 
0.196686 -0.123749 
0.177368 -0.066254 
0.140961 -0.016296 
0.091125 0.016266 
0.034515 0.021484 
-0.017181 0.010956 
-0.054932 -0.002075 
-0.083435 -0.005981 
-0.108276 0.005341 
-0.126556 0.017914 
-0.134613 0.030823 
-0.137268 0.049042 
-0.135925 0.080139 
-0.123444 0.118744 
-0.100952 0.153412 
-0.067963 0.180237 
-0.027740 0.195679 
0.009674 0.193390 
0.043121 0.175140 
0.075592 0.145660 
0.105896 0.102417 
0.127991 0.049225 
0.142303 -0.004181 
0.149200 -0.048187 
0.141205 -0.076050 
0.118805 -0.103333 
0.088898 -0.127838 
0.056427 -0.139465 
0.024841 -0.142731 
-0.006378 -0.137573 
-0.037018 -0.122650 
-0.069702 -0.093109 
-0.106079 -0.059326 
-0.145691 -0.026276 
-0.177399 0.004547 
