1
1 36 38 1
1 41 42 1
1 17 29 1
1 25 23 1
1 10 26 1
1 14 31 1
1 20 7 1
1 11 30 1
1 9 31 1
1 11 28 1
1 24 2 1
1 0 27 1
1 11 23 1
1 1 28 1
1 3 29 1
1 36 4 1
1 4 37 1
1 1 35 1
1 9 42 1
1 32 6 1
1 33 6 1
1 41 3 1
1 32 12 1
1 8 38 1
1 21 39 1
1 20 39 1
1 42 31 1
1 41 17 1
1 17 42 1
1 35 28 1
1 25 10 1
1 16 13 1
1 35 15 1
1 40 6 1
1 16 2 1
1 8 29 1
1 18 12 1
1 33 15 1
1 18 7 1
1 13 37 1
1 33 11 1
1 34 14 1
1 9 27 1
1 21 38 1
1 0 19 1
1 34 26 1
1 11 35 1
2 32 33 6 1
2 25 5 23 1
2 33 35 15 1
2 41 42 17 1
2 1 35 28 1
1 32 33 2
1 19 22 2
1 6 15 2
1 24 40 2
1 5 22 2
2 8 17 29 2
2 9 42 31 2
2 36 21 38 2
1 36 21 3
1 5 30 3
2 17 42 31 3
2 33 6 15 3
2 35 11 28 3
2 41 3 29 3
2 11 30 23 3
2 8 21 38 3
1 24 12 4
2 16 2 18 4
2 35 11 33 4
2 41 3 29 4
2 41 3 17 4
2 41 29 17 4
2 3 29 17 4
1 25 5 5
2 17 3 29 5
2 1 35 15 5
2 24 2 12 5
2 4 36 21 5
2 40 32 6 5
1 5 23 6
1 30 23 6
2 32 40 12 6
2 36 4 39 6
2 10 19 26 6
2 4 36 21 6
2 4 36 39 6
2 4 21 39 6
2 36 21 39 6
1 32 40 7
1 10 22 7
2 17 29 41 7
2 33 11 23 7
2 36 21 39 7
1 0 34 8
2 27 14 31 8
2 9 14 31 8
2 25 10 22 8
2 9 27 31 8
2 11 28 30 8
2 0 26 19 8
2 17 42 9 8
2 17 42 31 8
2 17 9 31 8
2 42 9 31 8
1 25 22 9
2 10 19 22 9
2 41 3 17 9
2 16 18 7 9
1 2 18 10
2 24 40 12 10
2 25 5 22 10
2 0 34 14 10
2 4 20 39 10
2 0 34 26 10
2 32 40 12 10
2 32 40 24 10
2 32 12 24 10
2 40 12 24 10
2 9 27 14 10
2 9 27 31 10
2 9 14 31 10
2 27 14 31 10
1 4 39 11
1 20 37 11
1 27 14 11
2 20 37 7 11
2 5 30 23 11
2 17 42 9 11
2 40 24 32 11
2 11 33 35 11
2 11 33 15 11
2 11 35 15 11
2 33 35 15 11
2 32 33 6 11
2 32 33 40 11
2 32 6 40 11
2 33 6 40 11
2 4 20 37 11
2 4 20 39 11
2 4 37 39 11
2 20 37 39 11
2 35 11 28 11
2 35 11 33 11
2 35 28 33 11
2 11 28 33 11
2 33 11 30 11
2 33 11 23 11
2 33 30 23 11
2 11 30 23 11
1 16 18 12
2 0 34 27 12
2 4 37 39 12
2 20 37 39 12
2 4 21 39 12
2 16 13 7 12
2 24 18 12 12
2 20 13 7 12
2 24 2 18 12
2 35 11 28 12
2 35 11 30 12
2 35 28 30 12
2 11 28 30 12
2 8 36 21 12
2 8 36 38 12
2 8 21 38 12
2 36 21 38 12
2 13 20 37 12
2 13 20 7 12
2 13 37 7 12
2 20 37 7 12
2 24 2 12 12
2 24 2 18 12
2 24 12 18 12
2 2 12 18 12
2 1 35 28 12
2 1 35 15 12
2 1 28 15 12
2 35 28 15 12
2 32 24 12 13
2 18 12 2 13
2 8 29 38 13
2 0 27 14 13
2 36 4 37 13
2 36 4 39 13
2 36 37 39 13
2 4 37 39 13
2 25 5 30 13
2 25 5 23 13
2 25 30 23 13
2 5 30 23 13
2 4 36 21 13
2 4 36 38 13
2 4 36 39 13
2 4 21 38 13
2 4 21 39 13
2 4 38 39 13
2 36 21 38 13
2 36 21 39 13
2 36 38 39 13
2 21 38 39 13
2 11 33 35 13
2 11 33 28 13
2 11 33 15 13
2 11 35 28 13
2 11 35 15 13
2 11 28 15 13
2 33 35 28 13
2 33 35 15 13
2 33 28 15 13
2 35 28 15 13
2 34 27 14 14
2 20 4 37 14
2 17 42 29 14
2 17 42 41 14
2 17 29 41 14
2 42 29 41 14
2 0 34 27 14
2 0 34 14 14
2 0 27 14 14
2 34 27 14 14
2 4 36 21 14
2 4 36 38 14
2 4 21 38 14
2 36 21 38 14
2 8 17 29 14
2 8 17 41 14
2 8 29 41 14
2 17 29 41 14
2 20 4 21 14
2 20 4 39 14
2 20 21 39 14
2 4 21 39 14
2 40 32 6 14
2 40 32 24 14
2 40 6 24 14
2 32 6 24 14
2 8 17 29 14
2 8 17 31 14
2 8 29 31 14
2 17 29 31 14
2 17 42 9 14
2 17 42 41 14
2 17 42 31 14
2 17 9 41 14
2 17 9 31 14
2 17 41 31 14
2 42 9 41 14
2 42 9 31 14
2 42 41 31 14
2 9 41 31 14
2 20 21 39 15
2 11 35 15 15
2 33 35 6 15
2 33 35 15 15
2 33 6 15 15
2 35 6 15 15
2 41 42 3 15
2 41 42 17 15
2 41 3 17 15
2 42 3 17 15
2 17 42 9 15
2 17 42 41 15
2 17 9 41 15
2 42 9 41 15
2 32 40 12 15
2 32 40 6 15
2 32 12 6 15
2 40 12 6 15
2 11 5 30 15
2 11 5 23 15
2 11 30 23 15
2 5 30 23 15
2 36 21 38 15
2 36 21 39 15
2 36 38 39 15
2 21 38 39 15
2 24 40 2 15
2 24 40 12 15
2 24 2 12 15
2 40 2 12 15
2 8 17 42 15
2 8 17 29 15
2 8 17 31 15
2 8 42 29 15
2 8 42 31 15
2 8 29 31 15
2 17 42 29 15
2 17 42 31 15
2 17 29 31 15
2 42 29 31 15
2 24 40 2 15
2 24 40 12 15
2 24 40 18 15
2 24 2 12 15
2 24 2 18 15
2 24 12 18 15
2 40 2 12 15
2 40 2 18 15
2 40 12 18 15
2 2 12 18 15
2 20 36 4 15
2 20 36 21 15
2 20 36 39 15
2 20 4 21 15
2 20 4 39 15
2 20 21 39 15
2 36 4 21 15
2 36 4 39 15
2 36 21 39 15
2 4 21 39 15
2 32 40 12 15
2 32 40 6 15
2 32 40 24 15
2 32 12 6 15
2 32 12 24 15
2 32 6 24 15
2 40 12 6 15
2 40 12 24 15
2 40 6 24 15
2 12 6 24 15
2 32 33 11 15
2 32 33 30 15
2 32 33 23 15
2 32 11 30 15
2 32 11 23 15
2 32 30 23 15
2 33 11 30 15
2 33 11 23 15
2 33 30 23 15
2 11 30 23 15
2 36 4 37 16
2 17 42 29 16
2 9 27 14 16
2 32 12 23 16
2 9 42 27 16
2 9 42 31 16
2 9 27 31 16
2 42 27 31 16
2 32 33 6 16
2 32 33 15 16
2 32 6 15 16
2 33 6 15 16
2 0 26 19 16
2 0 26 34 16
2 0 19 34 16
2 26 19 34 16
2 32 33 6 16
2 32 33 23 16
2 32 6 23 16
2 33 6 23 16
2 33 35 1 16
2 33 35 15 16
2 33 1 15 16
2 35 1 15 16
2 0 34 26 16
2 0 34 14 16
2 0 26 14 16
2 34 26 14 16
2 33 11 35 16
2 33 11 23 16
2 33 35 23 16
2 11 35 23 16
2 8 17 42 16
2 8 17 29 16
2 8 42 29 16
2 17 42 29 16
2 9 42 14 16
2 9 42 31 16
2 9 14 31 16
2 42 14 31 16
2 9 42 27 16
2 9 42 14 16
2 9 42 31 16
2 9 27 14 16
2 9 27 31 16
2 9 14 31 16
2 42 27 14 16
2 42 27 31 16
2 42 14 31 16
2 27 14 31 16
2 36 21 4 16
2 36 21 37 16
2 36 21 39 16
2 36 4 37 16
2 36 4 39 16
2 36 37 39 16
2 21 4 37 16
2 21 4 39 16
2 21 37 39 16
2 4 37 39 16
2 17 42 3 16
2 17 42 29 16
2 17 42 41 16
2 17 3 29 16
2 17 3 41 16
2 17 29 41 16
2 42 3 29 16
2 42 3 41 16
2 42 29 41 16
2 3 29 41 16
2 8 17 3 16
2 8 17 29 16
2 8 17 41 16
2 8 3 29 16
2 8 3 41 16
2 8 29 41 16
2 17 3 29 16
2 17 3 41 16
2 17 29 41 16
2 3 29 41 16
2 8 17 42 16
2 8 17 29 16
2 8 17 41 16
2 8 42 29 16
2 8 42 41 16
2 8 29 41 16
2 17 42 29 16
2 17 42 41 16
2 17 29 41 16
2 42 29 41 16
1 16 7 17
2 16 13 37 17
2 4 37 13 17
2 20 37 13 17
2 21 38 39 17
2 11 28 30 17
2 11 28 23 17
2 11 30 23 17
2 28 30 23 17
2 25 10 5 17
2 25 10 22 17
2 25 5 22 17
2 10 5 22 17
2 16 37 13 17
2 16 37 7 17
2 16 13 7 17
2 37 13 7 17
2 32 40 12 17
2 32 40 23 17
2 32 12 23 17
2 40 12 23 17
2 8 17 29 17
2 8 17 38 17
2 8 29 38 17
2 17 29 38 17
2 34 27 14 17
2 34 27 31 17
2 34 14 31 17
2 27 14 31 17
2 11 1 35 17
2 11 1 28 17
2 11 35 28 17
2 1 35 28 17
2 17 42 31 17
2 17 42 41 17
2 17 31 41 17
2 42 31 41 17
2 8 36 21 17
2 8 36 38 17
2 8 36 39 17
2 8 21 38 17
2 8 21 39 17
2 8 38 39 17
2 36 21 38 17
2 36 21 39 17
2 36 38 39 17
2 21 38 39 17
2 8 17 41 17
2 8 17 29 17
2 8 17 31 17
2 8 41 29 17
2 8 41 31 17
2 8 29 31 17
2 17 41 29 17
2 17 41 31 17
2 17 29 31 17
2 41 29 31 17
2 4 21 20 17
2 4 21 37 17
2 4 21 39 17
2 4 20 37 17
2 4 20 39 17
2 4 37 39 17
2 21 20 37 17
2 21 20 39 17
2 21 37 39 17
2 20 37 39 17
2 36 4 37 17
2 36 4 20 17
2 36 4 39 17
2 36 37 20 17
2 36 37 39 17
2 36 20 39 17
2 4 37 20 17
2 4 37 39 17
2 4 20 39 17
2 37 20 39 17
2 3 8 41 17
2 3 8 42 17
2 3 8 17 17
2 3 8 29 17
2 3 41 42 17
2 3 41 17 17
2 3 41 29 17
2 3 42 17 17
2 3 42 29 17
2 3 17 29 17
2 8 41 42 17
2 8 41 17 17
2 8 41 29 17
2 8 42 17 17
2 8 42 29 17
2 8 17 29 17
2 41 42 17 17
2 41 42 29 17
2 41 17 29 17
2 42 17 29 17
2 8 41 42 17
2 8 41 17 17
2 8 41 29 17
2 8 41 31 17
2 8 42 17 17
2 8 42 29 17
2 8 42 31 17
2 8 17 29 17
2 8 17 31 17
2 8 29 31 17
2 41 42 17 17
2 41 42 29 17
2 41 42 31 17
2 41 17 29 17
2 41 17 31 17
2 41 29 31 17
2 42 17 29 17
2 42 17 31 17
2 42 29 31 17
2 17 29 31 17
2 32 33 35 17
2 32 33 11 17
2 32 33 23 17
2 32 33 30 17
2 32 35 11 17
2 32 35 23 17
2 32 35 30 17
2 32 11 23 17
2 32 11 30 17
2 32 23 30 17
2 33 35 11 17
2 33 35 23 17
2 33 35 30 17
2 33 11 23 17
2 33 11 30 17
2 33 23 30 17
2 35 11 23 17
2 35 11 30 17
2 35 23 30 17
2 11 23 30 17
2 36 37 38 17
2 36 37 39 17
2 36 37 21 17
2 36 37 4 17
2 36 38 39 17
2 36 38 21 17
2 36 38 4 17
2 36 39 21 17
2 36 39 4 17
2 36 21 4 17
2 37 38 39 17
2 37 38 21 17
2 37 38 4 17
2 37 39 21 17
2 37 39 4 17
2 37 21 4 17
2 38 39 21 17
2 38 39 4 17
2 38 21 4 17
2 39 21 4 17
2 36 37 39 17
2 36 37 20 17
2 36 37 21 17
2 36 37 4 17
2 36 39 20 17
2 36 39 21 17
2 36 39 4 17
2 36 20 21 17
2 36 20 4 17
2 36 21 4 17
2 37 39 20 17
2 37 39 21 17
2 37 39 4 17
2 37 20 21 17
2 37 20 4 17
2 37 21 4 17
2 39 20 21 17
2 39 20 4 17
2 39 21 4 17
2 20 21 4 17
2 40 33 6 18
2 9 42 27 18
2 35 28 15 18
2 24 40 2 18
2 40 24 6 18
2 20 36 21 18
2 20 36 39 18
2 20 21 39 18
2 36 21 39 18
2 39 20 37 18
2 39 20 7 18
2 39 37 7 18
2 20 37 7 18
2 4 20 13 18
2 4 20 37 18
2 4 13 37 18
2 20 13 37 18
2 11 35 28 18
2 11 35 15 18
2 11 28 15 18
2 35 28 15 18
2 11 1 35 18
2 11 1 28 18
2 11 1 15 18
2 11 35 28 18
2 11 35 15 18
2 11 28 15 18
2 1 35 28 18
2 1 35 15 18
2 1 28 15 18
2 35 28 15 18
2 0 34 27 18
2 0 34 26 18
2 0 34 14 18
2 0 27 26 18
2 0 27 14 18
2 0 26 14 18
2 34 27 26 18
2 34 27 14 18
2 34 26 14 18
2 27 26 14 18
2 40 32 24 18
2 40 32 6 18
2 40 32 33 18
2 40 24 6 18
2 40 24 33 18
2 40 6 33 18
2 32 24 6 18
2 32 24 33 18
2 32 6 33 18
2 24 6 33 18
2 32 33 35 18
2 32 33 6 18
2 32 33 15 18
2 32 35 6 18
2 32 35 15 18
2 32 6 15 18
2 33 35 6 18
2 33 35 15 18
2 33 6 15 18
2 35 6 15 18
2 33 11 30 18
2 33 11 35 18
2 33 11 23 18
2 33 30 35 18
2 33 30 23 18
2 33 35 23 18
2 11 30 35 18
2 11 30 23 18
2 11 35 23 18
2 30 35 23 18
2 13 39 20 18
2 13 39 37 18
2 13 39 7 18
2 13 20 37 18
2 13 20 7 18
2 13 37 7 18
2 39 20 37 18
2 39 20 7 18
2 39 37 7 18
2 20 37 7 18
2 11 33 35 18
2 11 33 6 18
2 11 33 15 18
2 11 35 6 18
2 11 35 15 18
2 11 6 15 18
2 33 35 6 18
2 33 35 15 18
2 33 6 15 18
2 35 6 15 18
2 8 17 29 18
2 8 17 38 18
2 8 17 31 18
2 8 29 38 18
2 8 29 31 18
2 8 38 31 18
2 17 29 38 18
2 17 29 31 18
2 17 38 31 18
2 29 38 31 18
2 32 33 11 18
2 32 33 6 18
2 32 33 23 18
2 32 11 6 18
2 32 11 23 18
2 32 6 23 18
2 33 11 6 18
2 33 11 23 18
2 33 6 23 18
2 11 6 23 18
2 1 35 28 18
2 1 35 33 18
2 1 35 15 18
2 1 28 33 18
2 1 28 15 18
2 1 33 15 18
2 35 28 33 18
2 35 28 15 18
2 35 33 15 18
2 28 33 15 18
2 32 33 23 18
2 32 33 6 18
2 32 33 40 18
2 32 23 6 18
2 32 23 40 18
2 32 6 40 18
2 33 23 6 18
2 33 23 40 18
2 33 6 40 18
2 23 6 40 18
2 4 38 39 18
2 4 38 20 18
2 4 38 21 18
2 4 38 36 18
2 4 39 20 18
2 4 39 21 18
2 4 39 36 18
2 4 20 21 18
2 4 20 36 18
2 4 21 36 18
2 38 39 20 18
2 38 39 21 18
2 38 39 36 18
2 38 20 21 18
2 38 20 36 18
2 38 21 36 18
2 39 20 21 18
2 39 20 36 18
2 39 21 36 18
2 20 21 36 18
2 4 38 39 18
2 4 38 8 18
2 4 38 21 18
2 4 38 36 18
2 4 39 8 18
2 4 39 21 18
2 4 39 36 18
2 4 8 21 18
2 4 8 36 18
2 4 21 36 18
2 38 39 8 18
2 38 39 21 18
2 38 39 36 18
2 38 8 21 18
2 38 8 36 18
2 38 21 36 18
2 39 8 21 18
2 39 8 36 18
2 39 21 36 18
2 8 21 36 18
2 36 37 38 18
2 36 37 39 18
2 36 37 20 18
2 36 37 21 18
2 36 37 4 18
2 36 38 39 18
2 36 38 20 18
2 36 38 21 18
2 36 38 4 18
2 36 39 20 18
2 36 39 21 18
2 36 39 4 18
2 36 20 21 18
2 36 20 4 18
2 36 21 4 18
2 37 38 39 18
2 37 38 20 18
2 37 38 21 18
2 37 38 4 18
2 37 39 20 18
2 37 39 21 18
2 37 39 4 18
2 37 20 21 18
2 37 20 4 18
2 37 21 4 18
2 38 39 20 18
2 38 39 21 18
2 38 39 4 18
2 38 20 21 18
2 38 20 4 18
2 38 21 4 18
2 39 20 21 18
2 39 20 4 18
2 39 21 4 18
2 20 21 4 18
2 7 20 39 19
2 10 19 26 19
2 10 19 22 19
2 10 26 22 19
2 19 26 22 19
2 25 10 19 19
2 25 10 22 19
2 25 19 22 19
2 10 19 22 19
2 25 12 5 19
2 25 12 23 19
2 25 5 23 19
2 12 5 23 19
2 20 13 4 19
2 20 13 37 19
2 20 13 39 19
2 20 4 37 19
2 20 4 39 19
2 20 37 39 19
2 13 4 37 19
2 13 4 39 19
2 13 37 39 19
2 4 37 39 19
2 41 42 3 19
2 41 42 9 19
2 41 42 17 19
2 41 3 9 19
2 41 3 17 19
2 41 9 17 19
2 42 3 9 19
2 42 3 17 19
2 42 9 17 19
2 3 9 17 19
2 25 12 5 19
2 25 12 30 19
2 25 12 23 19
2 25 5 30 19
2 25 5 23 19
2 25 30 23 19
2 12 5 30 19
2 12 5 23 19
2 12 30 23 19
2 5 30 23 19
2 24 40 2 19
2 24 40 12 19
2 24 40 32 19
2 24 2 12 19
2 24 2 32 19
2 24 12 32 19
2 40 2 12 19
2 40 2 32 19
2 40 12 32 19
2 2 12 32 19
2 40 33 32 19
2 40 33 6 19
2 40 33 15 19
2 40 32 6 19
2 40 32 15 19
2 40 6 15 19
2 33 32 6 19
2 33 32 15 19
2 33 6 15 19
2 32 6 15 19
2 9 42 17 19
2 9 42 14 19
2 9 42 31 19
2 9 17 14 19
2 9 17 31 19
2 9 14 31 19
2 42 17 14 19
2 42 17 31 19
2 42 14 31 19
2 17 14 31 19
2 33 11 5 19
2 33 11 30 19
2 33 11 23 19
2 33 5 30 19
2 33 5 23 19
2 33 30 23 19
2 11 5 30 19
2 11 5 23 19
2 11 30 23 19
2 5 30 23 19
2 9 34 27 19
2 9 34 14 19
2 9 34 31 19
2 9 27 14 19
2 9 27 31 19
2 9 14 31 19
2 34 27 14 19
2 34 27 31 19
2 34 14 31 19
2 27 14 31 19
2 35 11 28 19
2 35 11 30 19
2 35 11 23 19
2 35 28 30 19
2 35 28 23 19
2 35 30 23 19
2 11 28 30 19
2 11 28 23 19
2 11 30 23 19
2 28 30 23 19
2 33 35 6 19
2 33 35 11 19
2 33 35 15 19
2 33 35 28 19
2 33 6 11 19
2 33 6 15 19
2 33 6 28 19
2 33 11 15 19
2 33 11 28 19
2 33 15 28 19
2 35 6 11 19
2 35 6 15 19
2 35 6 28 19
2 35 11 15 19
2 35 11 28 19
2 35 15 28 19
2 6 11 15 19
2 6 11 28 19
2 6 15 28 19
2 11 15 28 19
2 32 33 35 19
2 32 33 6 19
2 32 33 40 19
2 32 33 15 19
2 32 35 6 19
2 32 35 40 19
2 32 35 15 19
2 32 6 40 19
2 32 6 15 19
2 32 40 15 19
2 33 35 6 19
2 33 35 40 19
2 33 35 15 19
2 33 6 40 19
2 33 6 15 19
2 33 40 15 19
2 35 6 40 19
2 35 6 15 19
2 35 40 15 19
2 6 40 15 19
2 38 8 41 19
2 38 8 42 19
2 38 8 17 19
2 38 8 29 19
2 38 8 31 19
2 38 41 42 19
2 38 41 17 19
2 38 41 29 19
2 38 41 31 19
2 38 42 17 19
2 38 42 29 19
2 38 42 31 19
2 38 17 29 19
2 38 17 31 19
2 38 29 31 19
2 8 41 42 19
2 8 41 17 19
2 8 41 29 19
2 8 41 31 19
2 8 42 17 19
2 8 42 29 19
2 8 42 31 19
2 8 17 29 19
2 8 17 31 19
2 8 29 31 19
2 41 42 17 19
2 41 42 29 19
2 41 42 31 19
2 41 17 29 19
2 41 17 31 19
2 41 29 31 19
2 42 17 29 19
2 42 17 31 19
2 42 29 31 19
2 17 29 31 19
2 25 5 22 20
2 25 5 23 20
2 25 22 23 20
2 5 22 23 20
2 33 35 28 20
2 33 35 15 20
2 33 28 15 20
2 35 28 15 20
2 40 33 6 20
2 40 33 15 20
2 40 6 15 20
2 33 6 15 20
2 24 32 18 20
2 24 32 12 20
2 24 18 12 20
2 32 18 12 20
2 35 11 28 20
2 35 11 30 20
2 35 11 33 20
2 35 28 30 20
2 35 28 33 20
2 35 30 33 20
2 11 28 30 20
2 11 28 33 20
2 11 30 33 20
2 28 30 33 20
2 25 22 5 20
2 25 22 30 20
2 25 22 23 20
2 25 5 30 20
2 25 5 23 20
2 25 30 23 20
2 22 5 30 20
2 22 5 23 20
2 22 30 23 20
2 5 30 23 20
2 32 40 12 20
2 32 40 6 20
2 32 40 33 20
2 32 12 6 20
2 32 12 33 20
2 32 6 33 20
2 40 12 6 20
2 40 12 33 20
2 40 6 33 20
2 12 6 33 20
2 33 35 1 20
2 33 35 11 20
2 33 35 15 20
2 33 35 28 20
2 33 1 11 20
2 33 1 15 20
2 33 1 28 20
2 33 11 15 20
2 33 11 28 20
2 33 15 28 20
2 35 1 11 20
2 35 1 15 20
2 35 1 28 20
2 35 11 15 20
2 35 11 28 20
2 35 15 28 20
2 1 11 15 20
2 1 11 28 20
2 1 15 28 20
2 11 15 28 20
2 32 33 6 20
2 32 33 40 20
2 32 33 11 20
2 32 33 23 20
2 32 6 40 20
2 32 6 11 20
2 32 6 23 20
2 32 40 11 20
2 32 40 23 20
2 32 11 23 20
2 33 6 40 20
2 33 6 11 20
2 33 6 23 20
2 33 40 11 20
2 33 40 23 20
2 33 11 23 20
2 6 40 11 20
2 6 40 23 20
2 6 11 23 20
2 40 11 23 20
2 36 37 39 20
2 36 37 13 20
2 36 37 20 20
2 36 37 4 20
2 36 39 13 20
2 36 39 20 20
2 36 39 4 20
2 36 13 20 20
2 36 13 4 20
2 36 20 4 20
2 37 39 13 20
2 37 39 20 20
2 37 39 4 20
2 37 13 20 20
2 37 13 4 20
2 37 20 4 20
2 39 13 20 20
2 39 13 4 20
2 39 20 4 20
2 13 20 4 20
2 9 42 14 20
2 9 42 17 20
2 9 42 27 20
2 9 42 31 20
2 9 14 17 20
2 9 14 27 20
2 9 14 31 20
2 9 17 27 20
2 9 17 31 20
2 9 27 31 20
2 42 14 17 20
2 42 14 27 20
2 42 14 31 20
2 42 17 27 20
2 42 17 31 20
2 42 27 31 20
2 14 17 27 20
2 14 17 31 20
2 14 27 31 20
2 17 27 31 20
2 38 8 42 20
2 38 8 17 20
2 38 8 29 20
2 38 8 31 20
2 38 42 17 20
2 38 42 29 20
2 38 42 31 20
2 38 17 29 20
2 38 17 31 20
2 38 29 31 20
2 8 42 17 20
2 8 42 29 20
2 8 42 31 20
2 8 17 29 20
2 8 17 31 20
2 8 29 31 20
2 42 17 29 20
2 42 17 31 20
2 42 29 31 20
2 17 29 31 20
2 33 35 11 20
2 33 35 15 20
2 33 35 23 20
2 33 35 28 20
2 33 11 15 20
2 33 11 23 20
2 33 11 28 20
2 33 15 23 20
2 33 15 28 20
2 33 23 28 20
2 35 11 15 20
2 35 11 23 20
2 35 11 28 20
2 35 15 23 20
2 35 15 28 20
2 35 23 28 20
2 11 15 23 20
2 11 15 28 20
2 11 23 28 20
2 15 23 28 20
2 32 2 40 20
2 32 2 12 20
2 32 2 18 20
2 32 2 24 20
2 32 40 12 20
2 32 40 18 20
2 32 40 24 20
2 32 12 18 20
2 32 12 24 20
2 32 18 24 20
2 2 40 12 20
2 2 40 18 20
2 2 40 24 20
2 2 12 18 20
2 2 12 24 20
2 2 18 24 20
2 40 12 18 20
2 40 12 24 20
2 40 18 24 20
2 12 18 24 20
1 26 19 21
2 34 26 14 21
2 33 11 30 21
2 34 14 31 21
2 26 19 34 21
2 34 26 19 21
2 34 26 10 21
2 34 19 10 21
2 26 19 10 21
2 24 32 18 21
2 24 32 12 21
2 24 32 40 21
2 24 18 12 21
2 24 18 40 21
2 24 12 40 21
2 32 18 12 21
2 32 18 40 21
2 32 12 40 21
2 18 12 40 21
2 24 32 18 21
2 24 32 12 21
2 24 32 2 21
2 24 18 12 21
2 24 18 2 21
2 24 12 2 21
2 32 18 12 21
2 32 18 2 21
2 32 12 2 21
2 18 12 2 21
2 0 34 27 21
2 0 34 14 21
2 0 34 31 21
2 0 27 14 21
2 0 27 31 21
2 0 14 31 21
2 34 27 14 21
2 34 27 31 21
2 34 14 31 21
2 27 14 31 21
2 32 40 12 21
2 32 40 6 21
2 32 40 23 21
2 32 12 6 21
2 32 12 23 21
2 32 6 23 21
2 40 12 6 21
2 40 12 23 21
2 40 6 23 21
2 12 6 23 21
2 11 33 35 21
2 11 33 1 21
2 11 33 15 21
2 11 35 1 21
2 11 35 15 21
2 11 1 15 21
2 33 35 1 21
2 33 35 15 21
2 33 1 15 21
2 35 1 15 21
2 34 10 19 21
2 34 10 26 21
2 34 10 22 21
2 34 19 26 21
2 34 19 22 21
2 34 26 22 21
2 10 19 26 21
2 10 19 22 21
2 10 26 22 21
2 19 26 22 21
2 34 9 42 21
2 34 9 14 21
2 34 9 27 21
2 34 9 31 21
2 34 42 14 21
2 34 42 27 21
2 34 42 31 21
2 34 14 27 21
2 34 14 31 21
2 34 27 31 21
2 9 42 14 21
2 9 42 27 21
2 9 42 31 21
2 9 14 27 21
2 9 14 31 21
2 9 27 31 21
2 42 14 27 21
2 42 14 31 21
2 42 27 31 21
2 14 27 31 21
2 32 5 12 21
2 32 5 23 21
2 32 5 25 21
2 32 5 30 21
2 32 12 23 21
2 32 12 25 21
2 32 12 30 21
2 32 23 25 21
2 32 23 30 21
2 32 25 30 21
2 5 12 23 21
2 5 12 25 21
2 5 12 30 21
2 5 23 25 21
2 5 23 30 21
2 5 25 30 21
2 12 23 25 21
2 12 23 30 21
2 12 25 30 21
2 23 25 30 21
2 32 33 6 21
2 32 33 40 21
2 32 33 12 21
2 32 33 24 21
2 32 6 40 21
2 32 6 12 21
2 32 6 24 21
2 32 40 12 21
2 32 40 24 21
2 32 12 24 21
2 33 6 40 21
2 33 6 12 21
2 33 6 24 21
2 33 40 12 21
2 33 40 24 21
2 33 12 24 21
2 6 40 12 21
2 6 40 24 21
2 6 12 24 21
2 40 12 24 21
2 3 9 42 21
2 3 9 17 21
2 3 9 41 21
2 3 9 31 21
2 3 42 17 21
2 3 42 41 21
2 3 42 31 21
2 3 17 41 21
2 3 17 31 21
2 3 41 31 21
2 9 42 17 21
2 9 42 41 21
2 9 42 31 21
2 9 17 41 21
2 9 17 31 21
2 9 41 31 21
2 42 17 41 21
2 42 17 31 21
2 42 41 31 21
2 17 41 31 21
2 9 42 14 21
2 9 42 17 21
2 9 42 41 21
2 9 42 31 21
2 9 14 17 21
2 9 14 41 21
2 9 14 31 21
2 9 17 41 21
2 9 17 31 21
2 9 41 31 21
2 42 14 17 21
2 42 14 41 21
2 42 14 31 21
2 42 17 41 21
2 42 17 31 21
2 42 41 31 21
2 14 17 41 21
2 14 17 31 21
2 14 41 31 21
2 17 41 31 21
2 32 33 6 21
2 32 33 40 21
2 32 33 15 21
2 32 33 23 21
2 32 6 40 21
2 32 6 15 21
2 32 6 23 21
2 32 40 15 21
2 32 40 23 21
2 32 15 23 21
2 33 6 40 21
2 33 6 15 21
2 33 6 23 21
2 33 40 15 21
2 33 40 23 21
2 33 15 23 21
2 6 40 15 21
2 6 40 23 21
2 6 15 23 21
2 40 15 23 21
2 33 35 1 21
2 33 35 11 21
2 33 35 15 21
2 33 35 28 21
2 33 35 30 21
2 33 1 11 21
2 33 1 15 21
2 33 1 28 21
2 33 1 30 21
2 33 11 15 21
2 33 11 28 21
2 33 11 30 21
2 33 15 28 21
2 33 15 30 21
2 33 28 30 21
2 35 1 11 21
2 35 1 15 21
2 35 1 28 21
2 35 1 30 21
2 35 11 15 21
2 35 11 28 21
2 35 11 30 21
2 35 15 28 21
2 35 15 30 21
2 35 28 30 21
2 1 11 15 21
2 1 11 28 21
2 1 11 30 21
2 1 15 28 21
2 1 15 30 21
2 1 28 30 21
2 11 15 28 21
2 11 15 30 21
2 11 28 30 21
2 15 28 30 21
2 33 35 6 21
2 33 35 11 21
2 33 35 15 21
2 33 35 23 21
2 33 35 28 21
2 33 6 11 21
2 33 6 15 21
2 33 6 23 21
2 33 6 28 21
2 33 11 15 21
2 33 11 23 21
2 33 11 28 21
2 33 15 23 21
2 33 15 28 21
2 33 23 28 21
2 35 6 11 21
2 35 6 15 21
2 35 6 23 21
2 35 6 28 21
2 35 11 15 21
2 35 11 23 21
2 35 11 28 21
2 35 15 23 21
2 35 15 28 21
2 35 23 28 21
2 6 11 15 21
2 6 11 23 21
2 6 11 28 21
2 6 15 23 21
2 6 15 28 21
2 6 23 28 21
2 11 15 23 21
2 11 15 28 21
2 11 23 28 21
2 15 23 28 21
2 25 5 30 22
2 32 18 12 22
2 26 10 34 22
2 16 18 2 22
2 16 18 7 22
2 16 2 7 22
2 18 2 7 22
2 8 21 38 22
2 8 21 29 22
2 8 38 29 22
2 21 38 29 22
2 32 11 30 22
2 32 11 23 22
2 32 30 23 22
2 11 30 23 22
2 16 24 2 22
2 16 24 18 22
2 16 2 18 22
2 24 2 18 22
2 33 11 28 22
2 33 11 35 22
2 33 11 23 22
2 33 28 35 22
2 33 28 23 22
2 33 35 23 22
2 11 28 35 22
2 11 28 23 22
2 11 35 23 22
2 28 35 23 22
2 24 25 18 22
2 24 25 12 22
2 24 25 2 22
2 24 18 12 22
2 24 18 2 22
2 24 12 2 22
2 25 18 12 22
2 25 18 2 22
2 25 12 2 22
2 18 12 2 22
2 34 0 26 22
2 34 0 19 22
2 34 0 10 22
2 34 26 19 22
2 34 26 10 22
2 34 19 10 22
2 0 26 19 22
2 0 26 10 22
2 0 19 10 22
2 26 19 10 22
2 0 34 19 22
2 0 34 26 22
2 0 34 14 22
2 0 19 26 22
2 0 19 14 22
2 0 26 14 22
2 34 19 26 22
2 34 19 14 22
2 34 26 14 22
2 19 26 14 22
2 0 34 10 22
2 0 34 19 22
2 0 34 22 22
2 0 34 26 22
2 0 10 19 22
2 0 10 22 22
2 0 10 26 22
2 0 19 22 22
2 0 19 26 22
2 0 22 26 22
2 34 10 19 22
2 34 10 22 22
2 34 10 26 22
2 34 19 22 22
2 34 19 26 22
2 34 22 26 22
2 10 19 22 22
2 10 19 26 22
2 10 22 26 22
2 19 22 26 22
2 9 42 17 22
2 9 42 41 22
2 9 42 29 22
2 9 42 31 22
2 9 17 41 22
2 9 17 29 22
2 9 17 31 22
2 9 41 29 22
2 9 41 31 22
2 9 29 31 22
2 42 17 41 22
2 42 17 29 22
2 42 17 31 22
2 42 41 29 22
2 42 41 31 22
2 42 29 31 22
2 17 41 29 22
2 17 41 31 22
2 17 29 31 22
2 41 29 31 22
2 8 9 42 22
2 8 9 17 22
2 8 9 41 22
2 8 9 31 22
2 8 42 17 22
2 8 42 41 22
2 8 42 31 22
2 8 17 41 22
2 8 17 31 22
2 8 41 31 22
2 9 42 17 22
2 9 42 41 22
2 9 42 31 22
2 9 17 41 22
2 9 17 31 22
2 9 41 31 22
2 42 17 41 22
2 42 17 31 22
2 42 41 31 22
2 17 41 31 22
2 32 6 40 22
2 32 6 12 22
2 32 6 23 22
2 32 6 24 22
2 32 40 12 22
2 32 40 23 22
2 32 40 24 22
2 32 12 23 22
2 32 12 24 22
2 32 23 24 22
2 6 40 12 22
2 6 40 23 22
2 6 40 24 22
2 6 12 23 22
2 6 12 24 22
2 6 23 24 22
2 40 12 23 22
2 40 12 24 22
2 40 23 24 22
2 12 23 24 22
2 0 34 14 22
2 0 34 26 22
2 0 34 27 22
2 0 34 31 22
2 0 14 26 22
2 0 14 27 22
2 0 14 31 22
2 0 26 27 22
2 0 26 31 22
2 0 27 31 22
2 34 14 26 22
2 34 14 27 22
2 34 14 31 22
2 34 26 27 22
2 34 26 31 22
2 34 27 31 22
2 14 26 27 22
2 14 26 31 22
2 14 27 31 22
2 26 27 31 22
2 3 41 42 22
2 3 41 17 22
2 3 41 9 22
2 3 41 29 22
2 3 42 17 22
2 3 42 9 22
2 3 42 29 22
2 3 17 9 22
2 3 17 29 22
2 3 9 29 22
2 41 42 17 22
2 41 42 9 22
2 41 42 29 22
2 41 17 9 22
2 41 17 29 22
2 41 9 29 22
2 42 17 9 22
2 42 17 29 22
2 42 9 29 22
2 17 9 29 22
2 33 35 11 22
2 33 35 15 22
2 33 35 23 22
2 33 35 30 22
2 33 11 15 22
2 33 11 23 22
2 33 11 30 22
2 33 15 23 22
2 33 15 30 22
2 33 23 30 22
2 35 11 15 22
2 35 11 23 22
2 35 11 30 22
2 35 15 23 22
2 35 15 30 22
2 35 23 30 22
2 11 15 23 22
2 11 15 30 22
2 11 23 30 22
2 15 23 30 22
2 1 35 33 22
2 1 35 11 22
2 1 35 28 22
2 1 35 30 22
2 1 33 11 22
2 1 33 28 22
2 1 33 30 22
2 1 11 28 22
2 1 11 30 22
2 1 28 30 22
2 35 33 11 22
2 35 33 28 22
2 35 33 30 22
2 35 11 28 22
2 35 11 30 22
2 35 28 30 22
2 33 11 28 22
2 33 11 30 22
2 33 28 30 22
2 11 28 30 22
2 32 33 6 22
2 32 33 40 22
2 32 33 12 22
2 32 33 23 22
2 32 6 40 22
2 32 6 12 22
2 32 6 23 22
2 32 40 12 22
2 32 40 23 22
2 32 12 23 22
2 33 6 40 22
2 33 6 12 22
2 33 6 23 22
2 33 40 12 22
2 33 40 23 22
2 33 12 23 22
2 6 40 12 22
2 6 40 23 22
2 6 12 23 22
2 40 12 23 22
2 3 41 42 22
2 3 41 17 22
2 3 41 9 22
2 3 41 29 22
2 3 41 31 22
2 3 42 17 22
2 3 42 9 22
2 3 42 29 22
2 3 42 31 22
2 3 17 9 22
2 3 17 29 22
2 3 17 31 22
2 3 9 29 22
2 3 9 31 22
2 3 29 31 22
2 41 42 17 22
2 41 42 9 22
2 41 42 29 22
2 41 42 31 22
2 41 17 9 22
2 41 17 29 22
2 41 17 31 22
2 41 9 29 22
2 41 9 31 22
2 41 29 31 22
2 42 17 9 22
2 42 17 29 22
2 42 17 31 22
2 42 9 29 22
2 42 9 31 22
2 42 29 31 22
2 17 9 29 22
2 17 9 31 22
2 17 29 31 22
2 9 29 31 22
2 32 33 35 22
2 32 33 6 22
2 32 33 11 22
2 32 33 23 22
2 32 33 30 22
2 32 35 6 22
2 32 35 11 22
2 32 35 23 22
2 32 35 30 22
2 32 6 11 22
2 32 6 23 22
2 32 6 30 22
2 32 11 23 22
2 32 11 30 22
2 32 23 30 22
2 33 35 6 22
2 33 35 11 22
2 33 35 23 22
2 33 35 30 22
2 33 6 11 22
2 33 6 23 22
2 33 6 30 22
2 33 11 23 22
2 33 11 30 22
2 33 23 30 22
2 35 6 11 22
2 35 6 23 22
2 35 6 30 22
2 35 11 23 22
2 35 11 30 22
2 35 23 30 22
2 6 11 23 22
2 6 11 30 22
2 6 23 30 22
2 11 23 30 22
2 32 33 6 22
2 32 33 40 22
2 32 33 11 22
2 32 33 15 22
2 32 33 23 22
2 32 6 40 22
2 32 6 11 22
2 32 6 15 22
2 32 6 23 22
2 32 40 11 22
2 32 40 15 22
2 32 40 23 22
2 32 11 15 22
2 32 11 23 22
2 32 15 23 22
2 33 6 40 22
2 33 6 11 22
2 33 6 15 22
2 33 6 23 22
2 33 40 11 22
2 33 40 15 22
2 33 40 23 22
2 33 11 15 22
2 33 11 23 22
2 33 15 23 22
2 6 40 11 22
2 6 40 15 22
2 6 40 23 22
2 6 11 15 22
2 6 11 23 22
2 6 15 23 22
2 40 11 15 22
2 40 11 23 22
2 40 15 23 22
2 11 15 23 22
2 9 42 14 22
2 9 42 17 22
2 9 42 41 22
2 9 42 27 22
2 9 42 31 22
2 9 14 17 22
2 9 14 41 22
2 9 14 27 22
2 9 14 31 22
2 9 17 41 22
2 9 17 27 22
2 9 17 31 22
2 9 41 27 22
2 9 41 31 22
2 9 27 31 22
2 42 14 17 22
2 42 14 41 22
2 42 14 27 22
2 42 14 31 22
2 42 17 41 22
2 42 17 27 22
2 42 17 31 22
2 42 41 27 22
2 42 41 31 22
2 42 27 31 22
2 14 17 41 22
2 14 17 27 22
2 14 17 31 22
2 14 41 27 22
2 14 41 31 22
2 14 27 31 22
2 17 41 27 22
2 17 41 31 22
2 17 27 31 22
2 41 27 31 22
2 33 35 6 22
2 33 35 1 22
2 33 35 11 22
2 33 35 15 22
2 33 35 28 22
2 33 6 1 22
2 33 6 11 22
2 33 6 15 22
2 33 6 28 22
2 33 1 11 22
2 33 1 15 22
2 33 1 28 22
2 33 11 15 22
2 33 11 28 22
2 33 15 28 22
2 35 6 1 22
2 35 6 11 22
2 35 6 15 22
2 35 6 28 22
2 35 1 11 22
2 35 1 15 22
2 35 1 28 22
2 35 11 15 22
2 35 11 28 22
2 35 15 28 22
2 6 1 11 22
2 6 1 15 22
2 6 1 28 22
2 6 11 15 22
2 6 11 28 22
2 6 15 28 22
2 1 11 15 22
2 1 11 28 22
2 1 15 28 22
2 11 15 28 22
2 3 8 41 22
2 3 8 42 22
2 3 8 17 22
2 3 8 29 22
2 3 8 31 22
2 3 41 42 22
2 3 41 17 22
2 3 41 29 22
2 3 41 31 22
2 3 42 17 22
2 3 42 29 22
2 3 42 31 22
2 3 17 29 22
2 3 17 31 22
2 3 29 31 22
2 8 41 42 22
2 8 41 17 22
2 8 41 29 22
2 8 41 31 22
2 8 42 17 22
2 8 42 29 22
2 8 42 31 22
2 8 17 29 22
2 8 17 31 22
2 8 29 31 22
2 41 42 17 22
2 41 42 29 22
2 41 42 31 22
2 41 17 29 22
2 41 17 31 22
2 41 29 31 22
2 42 17 29 22
2 42 17 31 22
2 42 29 31 22
2 17 29 31 22
2 16 20 7 23
2 16 20 13 23
2 16 20 7 23
2 16 13 7 23
2 20 13 7 23
2 24 16 2 23
2 24 16 12 23
2 24 16 18 23
2 24 2 12 23
2 24 2 18 23
2 24 12 18 23
2 16 2 12 23
2 16 2 18 23
2 16 12 18 23
2 2 12 18 23
2 17 42 31 23
2 17 42 29 23
2 17 42 41 23
2 17 31 29 23
2 17 31 41 23
2 17 29 41 23
2 42 31 29 23
2 42 31 41 23
2 42 29 41 23
2 31 29 41 23
2 25 11 5 23
2 25 11 30 23
2 25 11 23 23
2 25 5 30 23
2 25 5 23 23
2 25 30 23 23
2 11 5 30 23
2 11 5 23 23
2 11 30 23 23
2 5 30 23 23
2 8 36 21 23
2 8 36 38 23
2 8 36 29 23
2 8 21 38 23
2 8 21 29 23
2 8 38 29 23
2 36 21 38 23
2 36 21 29 23
2 36 38 29 23
2 21 38 29 23
2 0 9 27 23
2 0 9 14 23
2 0 9 31 23
2 0 27 14 23
2 0 27 31 23
2 0 14 31 23
2 9 27 14 23
2 9 27 31 23
2 9 14 31 23
2 27 14 31 23
2 32 33 11 23
2 32 33 6 23
2 32 33 15 23
2 32 11 6 23
2 32 11 15 23
2 32 6 15 23
2 33 11 6 23
2 33 11 15 23
2 33 6 15 23
2 11 6 15 23
2 25 10 19 23
2 25 10 5 23
2 25 10 22 23
2 25 19 5 23
2 25 19 22 23
2 25 5 22 23
2 10 19 5 23
2 10 19 22 23
2 10 5 22 23
2 19 5 22 23
2 16 37 20 23
2 16 37 13 23
2 16 37 7 23
2 16 20 13 23
2 16 20 7 23
2 16 13 7 23
2 37 20 13 23
2 37 20 7 23
2 37 13 7 23
2 20 13 7 23
2 0 34 9 23
2 0 34 14 23
2 0 34 27 23
2 0 34 31 23
2 0 9 14 23
2 0 9 27 23
2 0 9 31 23
2 0 14 27 23
2 0 14 31 23
2 0 27 31 23
2 34 9 14 23
2 34 9 27 23
2 34 9 31 23
2 34 14 27 23
2 34 14 31 23
2 34 27 31 23
2 9 14 27 23
2 9 14 31 23
2 9 27 31 23
2 14 27 31 23
2 32 2 12 23
2 32 2 18 23
2 32 2 24 23
2 32 2 25 23
2 32 12 18 23
2 32 12 24 23
2 32 12 25 23
2 32 18 24 23
2 32 18 25 23
2 32 24 25 23
2 2 12 18 23
2 2 12 24 23
2 2 12 25 23
2 2 18 24 23
2 2 18 25 23
2 2 24 25 23
2 12 18 24 23
2 12 18 25 23
2 12 24 25 23
2 18 24 25 23
2 32 33 5 23
2 32 33 11 23
2 32 33 23 23
2 32 33 30 23
2 32 5 11 23
2 32 5 23 23
2 32 5 30 23
2 32 11 23 23
2 32 11 30 23
2 32 23 30 23
2 33 5 11 23
2 33 5 23 23
2 33 5 30 23
2 33 11 23 23
2 33 11 30 23
2 33 23 30 23
2 5 11 23 23
2 5 11 30 23
2 5 23 30 23
2 11 23 30 23
2 38 8 41 23
2 38 8 17 23
2 38 8 29 23
2 38 8 31 23
2 38 41 17 23
2 38 41 29 23
2 38 41 31 23
2 38 17 29 23
2 38 17 31 23
2 38 29 31 23
2 8 41 17 23
2 8 41 29 23
2 8 41 31 23
2 8 17 29 23
2 8 17 31 23
2 8 29 31 23
2 41 17 29 23
2 41 17 31 23
2 41 29 31 23
2 17 29 31 23
2 37 39 7 23
2 37 39 13 23
2 37 39 16 23
2 37 39 20 23
2 37 7 13 23
2 37 7 16 23
2 37 7 20 23
2 37 13 16 23
2 37 13 20 23
2 37 16 20 23
2 39 7 13 23
2 39 7 16 23
2 39 7 20 23
2 39 13 16 23
2 39 13 20 23
2 39 16 20 23
2 7 13 16 23
2 7 13 20 23
2 7 16 20 23
2 13 16 20 23
2 32 33 35 23
2 32 33 6 23
2 32 33 11 23
2 32 33 15 23
2 32 35 6 23
2 32 35 11 23
2 32 35 15 23
2 32 6 11 23
2 32 6 15 23
2 32 11 15 23
2 33 35 6 23
2 33 35 11 23
2 33 35 15 23
2 33 6 11 23
2 33 6 15 23
2 33 11 15 23
2 35 6 11 23
2 35 6 15 23
2 35 11 15 23
2 6 11 15 23
2 35 5 11 23
2 35 5 23 23
2 35 5 28 23
2 35 5 30 23
2 35 11 23 23
2 35 11 28 23
2 35 11 30 23
2 35 23 28 23
2 35 23 30 23
2 35 28 30 23
2 5 11 23 23
2 5 11 28 23
2 5 11 30 23
2 5 23 28 23
2 5 23 30 23
2 5 28 30 23
2 11 23 28 23
2 11 23 30 23
2 11 28 30 23
2 23 28 30 23
2 33 35 11 23
2 33 35 15 23
2 33 35 28 23
2 33 35 30 23
2 33 11 15 23
2 33 11 28 23
2 33 11 30 23
2 33 15 28 23
2 33 15 30 23
2 33 28 30 23
2 35 11 15 23
2 35 11 28 23
2 35 11 30 23
2 35 15 28 23
2 35 15 30 23
2 35 28 30 23
2 11 15 28 23
2 11 15 30 23
2 11 28 30 23
2 15 28 30 23
2 32 33 35 23
2 32 33 5 23
2 32 33 11 23
2 32 33 23 23
2 32 33 30 23
2 32 35 5 23
2 32 35 11 23
2 32 35 23 23
2 32 35 30 23
2 32 5 11 23
2 32 5 23 23
2 32 5 30 23
2 32 11 23 23
2 32 11 30 23
2 32 23 30 23
2 33 35 5 23
2 33 35 11 23
2 33 35 23 23
2 33 35 30 23
2 33 5 11 23
2 33 5 23 23
2 33 5 30 23
2 33 11 23 23
2 33 11 30 23
2 33 23 30 23
2 35 5 11 23
2 35 5 23 23
2 35 5 30 23
2 35 11 23 23
2 35 11 30 23
2 35 23 30 23
2 5 11 23 23
2 5 11 30 23
2 5 23 30 23
2 11 23 30 23
2 33 35 11 23
2 33 35 15 23
2 33 35 23 23
2 33 35 28 23
2 33 35 30 23
2 33 11 15 23
2 33 11 23 23
2 33 11 28 23
2 33 11 30 23
2 33 15 23 23
2 33 15 28 23
2 33 15 30 23
2 33 23 28 23
2 33 23 30 23
2 33 28 30 23
2 35 11 15 23
2 35 11 23 23
2 35 11 28 23
2 35 11 30 23
2 35 15 23 23
2 35 15 28 23
2 35 15 30 23
2 35 23 28 23
2 35 23 30 23
2 35 28 30 23
2 11 15 23 23
2 11 15 28 23
2 11 15 30 23
2 11 23 28 23
2 11 23 30 23
2 11 28 30 23
2 15 23 28 23
2 15 23 30 23
2 15 28 30 23
2 23 28 30 23
2 8 9 42 23
2 8 9 14 23
2 8 9 17 23
2 8 9 41 23
2 8 9 31 23
2 8 42 14 23
2 8 42 17 23
2 8 42 41 23
2 8 42 31 23
2 8 14 17 23
2 8 14 41 23
2 8 14 31 23
2 8 17 41 23
2 8 17 31 23
2 8 41 31 23
2 9 42 14 23
2 9 42 17 23
2 9 42 41 23
2 9 42 31 23
2 9 14 17 23
2 9 14 41 23
2 9 14 31 23
2 9 17 41 23
2 9 17 31 23
2 9 41 31 23
2 42 14 17 23
2 42 14 41 23
2 42 14 31 23
2 42 17 41 23
2 42 17 31 23
2 42 41 31 23
2 14 17 41 23
2 14 17 31 23
2 14 41 31 23
2 17 41 31 23
2 8 9 42 23
2 8 9 17 23
2 8 9 41 23
2 8 9 29 23
2 8 9 31 23
2 8 42 17 23
2 8 42 41 23
2 8 42 29 23
2 8 42 31 23
2 8 17 41 23
2 8 17 29 23
2 8 17 31 23
2 8 41 29 23
2 8 41 31 23
2 8 29 31 23
2 9 42 17 23
2 9 42 41 23
2 9 42 29 23
2 9 42 31 23
2 9 17 41 23
2 9 17 29 23
2 9 17 31 23
2 9 41 29 23
2 9 41 31 23
2 9 29 31 23
2 42 17 41 23
2 42 17 29 23
2 42 17 31 23
2 42 41 29 23
2 42 41 31 23
2 42 29 31 23
2 17 41 29 23
2 17 41 31 23
2 17 29 31 23
2 41 29 31 23
2 32 33 35 23
2 32 33 6 23
2 32 33 11 23
2 32 33 15 23
2 32 33 23 23
2 32 33 30 23
2 32 35 6 23
2 32 35 11 23
2 32 35 15 23
2 32 35 23 23
2 32 35 30 23
2 32 6 11 23
2 32 6 15 23
2 32 6 23 23
2 32 6 30 23
2 32 11 15 23
2 32 11 23 23
2 32 11 30 23
2 32 15 23 23
2 32 15 30 23
2 32 23 30 23
2 33 35 6 23
2 33 35 11 23
2 33 35 15 23
2 33 35 23 23
2 33 35 30 23
2 33 6 11 23
2 33 6 15 23
2 33 6 23 23
2 33 6 30 23
2 33 11 15 23
2 33 11 23 23
2 33 11 30 23
2 33 15 23 23
2 33 15 30 23
2 33 23 30 23
2 35 6 11 23
2 35 6 15 23
2 35 6 23 23
2 35 6 30 23
2 35 11 15 23
2 35 11 23 23
2 35 11 30 23
2 35 15 23 23
2 35 15 30 23
2 35 23 30 23
2 6 11 15 23
2 6 11 23 23
2 6 11 30 23
2 6 15 23 23
2 6 15 30 23
2 6 23 30 23
2 11 15 23 23
2 11 15 30 23
2 11 23 30 23
2 15 23 30 23
2 32 33 35 23
2 32 33 6 23
2 32 33 11 23
2 32 33 15 23
2 32 33 23 23
2 32 33 28 23
2 32 35 6 23
2 32 35 11 23
2 32 35 15 23
2 32 35 23 23
2 32 35 28 23
2 32 6 11 23
2 32 6 15 23
2 32 6 23 23
2 32 6 28 23
2 32 11 15 23
2 32 11 23 23
2 32 11 28 23
2 32 15 23 23
2 32 15 28 23
2 32 23 28 23
2 33 35 6 23
2 33 35 11 23
2 33 35 15 23
2 33 35 23 23
2 33 35 28 23
2 33 6 11 23
2 33 6 15 23
2 33 6 23 23
2 33 6 28 23
2 33 11 15 23
2 33 11 23 23
2 33 11 28 23
2 33 15 23 23
2 33 15 28 23
2 33 23 28 23
2 35 6 11 23
2 35 6 15 23
2 35 6 23 23
2 35 6 28 23
2 35 11 15 23
2 35 11 23 23
2 35 11 28 23
2 35 15 23 23
2 35 15 28 23
2 35 23 28 23
2 6 11 15 23
2 6 11 23 23
2 6 11 28 23
2 6 15 23 23
2 6 15 28 23
2 6 23 28 23
2 11 15 23 23
2 11 15 28 23
2 11 23 28 23
2 15 23 28 23
2 32 33 6 23
2 32 33 40 23
2 32 33 11 23
2 32 33 12 23
2 32 33 15 23
2 32 33 23 23
2 32 6 40 23
2 32 6 11 23
2 32 6 12 23
2 32 6 15 23
2 32 6 23 23
2 32 40 11 23
2 32 40 12 23
2 32 40 15 23
2 32 40 23 23
2 32 11 12 23
2 32 11 15 23
2 32 11 23 23
2 32 12 15 23
2 32 12 23 23
2 32 15 23 23
2 33 6 40 23
2 33 6 11 23
2 33 6 12 23
2 33 6 15 23
2 33 6 23 23
2 33 40 11 23
2 33 40 12 23
2 33 40 15 23
2 33 40 23 23
2 33 11 12 23
2 33 11 15 23
2 33 11 23 23
2 33 12 15 23
2 33 12 23 23
2 33 15 23 23
2 6 40 11 23
2 6 40 12 23
2 6 40 15 23
2 6 40 23 23
2 6 11 12 23
2 6 11 15 23
2 6 11 23 23
2 6 12 15 23
2 6 12 23 23
2 6 15 23 23
2 40 11 12 23
2 40 11 15 23
2 40 11 23 23
2 40 12 15 23
2 40 12 23 23
2 40 15 23 23
2 11 12 15 23
2 11 12 23 23
2 11 15 23 23
2 12 15 23 23
2 32 33 35 23
2 32 33 11 23
2 32 33 15 23
2 32 33 23 23
2 32 33 28 23
2 32 33 30 23
2 32 35 11 23
2 32 35 15 23
2 32 35 23 23
2 32 35 28 23
2 32 35 30 23
2 32 11 15 23
2 32 11 23 23
2 32 11 28 23
2 32 11 30 23
2 32 15 23 23
2 32 15 28 23
2 32 15 30 23
2 32 23 28 23
2 32 23 30 23
2 32 28 30 23
2 33 35 11 23
2 33 35 15 23
2 33 35 23 23
2 33 35 28 23
2 33 35 30 23
2 33 11 15 23
2 33 11 23 23
2 33 11 28 23
2 33 11 30 23
2 33 15 23 23
2 33 15 28 23
2 33 15 30 23
2 33 23 28 23
2 33 23 30 23
2 33 28 30 23
2 35 11 15 23
2 35 11 23 23
2 35 11 28 23
2 35 11 30 23
2 35 15 23 23
2 35 15 28 23
2 35 15 30 23
2 35 23 28 23
2 35 23 30 23
2 35 28 30 23
2 11 15 23 23
2 11 15 28 23
2 11 15 30 23
2 11 23 28 23
2 11 23 30 23
2 11 28 30 23
2 15 23 28 23
2 15 23 30 23
2 15 28 30 23
2 23 28 30 23
1 32 23 24
2 11 5 30 24
2 35 11 30 24
2 0 34 19 24
2 0 9 27 24
2 0 9 14 24
2 0 27 14 24
2 9 27 14 24
2 25 30 5 24
2 25 30 22 24
2 25 5 22 24
2 30 5 22 24
2 25 10 30 24
2 25 10 5 24
2 25 10 22 24
2 25 30 5 24
2 25 30 22 24
2 25 5 22 24
2 10 30 5 24
2 10 30 22 24
2 10 5 22 24
2 30 5 22 24
2 11 1 35 24
2 11 1 28 24
2 11 1 33 24
2 11 35 28 24
2 11 35 33 24
2 11 28 33 24
2 1 35 28 24
2 1 35 33 24
2 1 28 33 24
2 35 28 33 24
2 32 25 5 24
2 32 25 30 24
2 32 25 23 24
2 32 5 30 24
2 32 5 23 24
2 32 30 23 24
2 25 5 30 24
2 25 5 23 24
2 25 30 23 24
2 5 30 23 24
2 11 28 5 24
2 11 28 30 24
2 11 28 23 24
2 11 5 30 24
2 11 5 23 24
2 11 30 23 24
2 28 5 30 24
2 28 5 23 24
2 28 30 23 24
2 5 30 23 24
2 32 40 12 24
2 32 40 24 24
2 32 40 23 24
2 32 12 24 24
2 32 12 23 24
2 32 24 23 24
2 40 12 24 24
2 40 12 23 24
2 40 24 23 24
2 12 24 23 24
2 25 10 19 24
2 25 10 26 24
2 25 10 22 24
2 25 19 26 24
2 25 19 22 24
2 25 26 22 24
2 10 19 26 24
2 10 19 22 24
2 10 26 22 24
2 19 26 22 24
2 16 18 20 24
2 16 18 13 24
2 16 18 7 24
2 16 20 13 24
2 16 20 7 24
2 16 13 7 24
2 18 20 13 24
2 18 20 7 24
2 18 13 7 24
2 20 13 7 24
2 9 42 27 24
2 9 42 17 24
2 9 42 31 24
2 9 27 17 24
2 9 27 31 24
2 9 17 31 24
2 42 27 17 24
2 42 27 31 24
2 42 17 31 24
2 27 17 31 24
2 4 37 39 24
2 4 37 7 24
2 4 37 13 24
2 4 37 20 24
2 4 39 7 24
2 4 39 13 24
2 4 39 20 24
2 4 7 13 24
2 4 7 20 24
2 4 13 20 24
2 37 39 7 24
2 37 39 13 24
2 37 39 20 24
2 37 7 13 24
2 37 7 20 24
2 37 13 20 24
2 39 7 13 24
2 39 7 20 24
2 39 13 20 24
2 7 13 20 24
2 33 35 5 24
2 33 35 11 24
2 33 35 23 24
2 33 35 30 24
2 33 5 11 24
2 33 5 23 24
2 33 5 30 24
2 33 11 23 24
2 33 11 30 24
2 33 23 30 24
2 35 5 11 24
2 35 5 23 24
2 35 5 30 24
2 35 11 23 24
2 35 11 30 24
2 35 23 30 24
2 5 11 23 24
2 5 11 30 24
2 5 23 30 24
2 11 23 30 24
2 32 2 6 24
2 32 2 40 24
2 32 2 12 24
2 32 2 24 24
2 32 6 40 24
2 32 6 12 24
2 32 6 24 24
2 32 40 12 24
2 32 40 24 24
2 32 12 24 24
2 2 6 40 24
2 2 6 12 24
2 2 6 24 24
2 2 40 12 24
2 2 40 24 24
2 2 12 24 24
2 6 40 12 24
2 6 40 24 24
2 6 12 24 24
2 40 12 24 24
2 36 38 39 24
2 36 38 8 24
2 36 38 21 24
2 36 38 31 24
2 36 39 8 24
2 36 39 21 24
2 36 39 31 24
2 36 8 21 24
2 36 8 31 24
2 36 21 31 24
2 38 39 8 24
2 38 39 21 24
2 38 39 31 24
2 38 8 21 24
2 38 8 31 24
2 38 21 31 24
2 39 8 21 24
2 39 8 31 24
2 39 21 31 24
2 8 21 31 24
2 32 33 6 24
2 32 33 40 24
2 32 33 11 24
2 32 33 15 24
2 32 6 40 24
2 32 6 11 24
2 32 6 15 24
2 32 40 11 24
2 32 40 15 24
2 32 11 15 24
2 33 6 40 24
2 33 6 11 24
2 33 6 15 24
2 33 40 11 24
2 33 40 15 24
2 33 11 15 24
2 6 40 11 24
2 6 40 15 24
2 6 11 15 24
2 40 11 15 24
2 5 12 22 24
2 5 12 23 24
2 5 12 25 24
2 5 12 30 24
2 5 22 23 24
2 5 22 25 24
2 5 22 30 24
2 5 23 25 24
2 5 23 30 24
2 5 25 30 24
2 12 22 23 24
2 12 22 25 24
2 12 22 30 24
2 12 23 25 24
2 12 23 30 24
2 12 25 30 24
2 22 23 25 24
2 22 23 30 24
2 22 25 30 24
2 23 25 30 24
2 32 33 6 24
2 32 33 40 24
2 32 33 12 24
2 32 33 15 24
2 32 33 23 24
2 32 6 40 24
2 32 6 12 24
2 32 6 15 24
2 32 6 23 24
2 32 40 12 24
2 32 40 15 24
2 32 40 23 24
2 32 12 15 24
2 32 12 23 24
2 32 15 23 24
2 33 6 40 24
2 33 6 12 24
2 33 6 15 24
2 33 6 23 24
2 33 40 12 24
2 33 40 15 24
2 33 40 23 24
2 33 12 15 24
2 33 12 23 24
2 33 15 23 24
2 6 40 12 24
2 6 40 15 24
2 6 40 23 24
2 6 12 15 24
2 6 12 23 24
2 6 15 23 24
2 40 12 15 24
2 40 12 23 24
2 40 15 23 24
2 12 15 23 24
2 32 33 35 24
2 32 33 6 24
2 32 33 40 24
2 32 33 11 24
2 32 33 15 24
2 32 35 6 24
2 32 35 40 24
2 32 35 11 24
2 32 35 15 24
2 32 6 40 24
2 32 6 11 24
2 32 6 15 24
2 32 40 11 24
2 32 40 15 24
2 32 11 15 24
2 33 35 6 24
2 33 35 40 24
2 33 35 11 24
2 33 35 15 24
2 33 6 40 24
2 33 6 11 24
2 33 6 15 24
2 33 40 11 24
2 33 40 15 24
2 33 11 15 24
2 35 6 40 24
2 35 6 11 24
2 35 6 15 24
2 35 40 11 24
2 35 40 15 24
2 35 11 15 24
2 6 40 11 24
2 6 40 15 24
2 6 11 15 24
2 40 11 15 24
2 8 9 42 24
2 8 9 14 24
2 8 9 17 24
2 8 9 41 24
2 8 9 29 24
2 8 9 31 24
2 8 42 14 24
2 8 42 17 24
2 8 42 41 24
2 8 42 29 24
2 8 42 31 24
2 8 14 17 24
2 8 14 41 24
2 8 14 29 24
2 8 14 31 24
2 8 17 41 24
2 8 17 29 24
2 8 17 31 24
2 8 41 29 24
2 8 41 31 24
2 8 29 31 24
2 9 42 14 24
2 9 42 17 24
2 9 42 41 24
2 9 42 29 24
2 9 42 31 24
2 9 14 17 24
2 9 14 41 24
2 9 14 29 24
2 9 14 31 24
2 9 17 41 24
2 9 17 29 24
2 9 17 31 24
2 9 41 29 24
2 9 41 31 24
2 9 29 31 24
2 42 14 17 24
2 42 14 41 24
2 42 14 29 24
2 42 14 31 24
2 42 17 41 24
2 42 17 29 24
2 42 17 31 24
2 42 41 29 24
2 42 41 31 24
2 42 29 31 24
2 14 17 41 24
2 14 17 29 24
2 14 17 31 24
2 14 41 29 24
2 14 41 31 24
2 14 29 31 24
2 17 41 29 24
2 17 41 31 24
2 17 29 31 24
2 41 29 31 24
2 3 38 8 24
2 3 38 41 24
2 3 38 42 24
2 3 38 17 24
2 3 38 29 24
2 3 38 31 24
2 3 8 41 24
2 3 8 42 24
2 3 8 17 24
2 3 8 29 24
2 3 8 31 24
2 3 41 42 24
2 3 41 17 24
2 3 41 29 24
2 3 41 31 24
2 3 42 17 24
2 3 42 29 24
2 3 42 31 24
2 3 17 29 24
2 3 17 31 24
2 3 29 31 24
2 38 8 41 24
2 38 8 42 24
2 38 8 17 24
2 38 8 29 24
2 38 8 31 24
2 38 41 42 24
2 38 41 17 24
2 38 41 29 24
2 38 41 31 24
2 38 42 17 24
2 38 42 29 24
2 38 42 31 24
2 38 17 29 24
2 38 17 31 24
2 38 29 31 24
2 8 41 42 24
2 8 41 17 24
2 8 41 29 24
2 8 41 31 24
2 8 42 17 24
2 8 42 29 24
2 8 42 31 24
2 8 17 29 24
2 8 17 31 24
2 8 29 31 24
2 41 42 17 24
2 41 42 29 24
2 41 42 31 24
2 41 17 29 24
2 41 17 31 24
2 41 29 31 24
2 42 17 29 24
2 42 17 31 24
2 42 29 31 24
2 17 29 31 24
2 32 33 35 24
2 32 33 6 24
2 32 33 11 24
2 32 33 15 24
2 32 33 23 24
2 32 33 28 24
2 32 33 30 24
2 32 35 6 24
2 32 35 11 24
2 32 35 15 24
2 32 35 23 24
2 32 35 28 24
2 32 35 30 24
2 32 6 11 24
2 32 6 15 24
2 32 6 23 24
2 32 6 28 24
2 32 6 30 24
2 32 11 15 24
2 32 11 23 24
2 32 11 28 24
2 32 11 30 24
2 32 15 23 24
2 32 15 28 24
2 32 15 30 24
2 32 23 28 24
2 32 23 30 24
2 32 28 30 24
2 33 35 6 24
2 33 35 11 24
2 33 35 15 24
2 33 35 23 24
2 33 35 28 24
2 33 35 30 24
2 33 6 11 24
2 33 6 15 24
2 33 6 23 24
2 33 6 28 24
2 33 6 30 24
2 33 11 15 24
2 33 11 23 24
2 33 11 28 24
2 33 11 30 24
2 33 15 23 24
2 33 15 28 24
2 33 15 30 24
2 33 23 28 24
2 33 23 30 24
2 33 28 30 24
2 35 6 11 24
2 35 6 15 24
2 35 6 23 24
2 35 6 28 24
2 35 6 30 24
2 35 11 15 24
2 35 11 23 24
2 35 11 28 24
2 35 11 30 24
2 35 15 23 24
2 35 15 28 24
2 35 15 30 24
2 35 23 28 24
2 35 23 30 24
2 35 28 30 24
2 6 11 15 24
2 6 11 23 24
2 6 11 28 24
2 6 11 30 24
2 6 15 23 24
2 6 15 28 24
2 6 15 30 24
2 6 23 28 24
2 6 23 30 24
2 6 28 30 24
2 11 15 23 24
2 11 15 28 24
2 11 15 30 24
2 11 23 28 24
2 11 23 30 24
2 11 28 30 24
2 15 23 28 24
2 15 23 30 24
2 15 28 30 24
2 23 28 30 24
2 35 11 28 25
2 35 11 30 25
2 35 11 1 25
2 35 28 30 25
2 35 28 1 25
2 35 30 1 25
2 11 28 30 25
2 11 28 1 25
2 11 30 1 25
2 28 30 1 25
2 0 9 34 25
2 0 9 27 25
2 0 9 14 25
2 0 34 27 25
2 0 34 14 25
2 0 27 14 25
2 9 34 27 25
2 9 34 14 25
2 9 27 14 25
2 34 27 14 25
2 2 7 12 25
2 2 7 16 25
2 2 7 18 25
2 2 7 24 25
2 2 12 16 25
2 2 12 18 25
2 2 12 24 25
2 2 16 18 25
2 2 16 24 25
2 2 18 24 25
2 7 12 16 25
2 7 12 18 25
2 7 12 24 25
2 7 16 18 25
2 7 16 24 25
2 7 18 24 25
2 12 16 18 25
2 12 16 24 25
2 12 18 24 25
2 16 18 24 25
2 33 35 11 25
2 33 35 23 25
2 33 35 28 25
2 33 35 30 25
2 33 11 23 25
2 33 11 28 25
2 33 11 30 25
2 33 23 28 25
2 33 23 30 25
2 33 28 30 25
2 35 11 23 25
2 35 11 28 25
2 35 11 30 25
2 35 23 28 25
2 35 23 30 25
2 35 28 30 25
2 11 23 28 25
2 11 23 30 25
2 11 28 30 25
2 23 28 30 25
2 9 42 17 25
2 9 42 41 25
2 9 42 27 25
2 9 42 31 25
2 9 17 41 25
2 9 17 27 25
2 9 17 31 25
2 9 41 27 25
2 9 41 31 25
2 9 27 31 25
2 42 17 41 25
2 42 17 27 25
2 42 17 31 25
2 42 41 27 25
2 42 41 31 25
2 42 27 31 25
2 17 41 27 25
2 17 41 31 25
2 17 27 31 25
2 41 27 31 25
2 3 41 42 25
2 3 41 17 25
2 3 41 29 25
2 3 41 31 25
2 3 42 17 25
2 3 42 29 25
2 3 42 31 25
2 3 17 29 25
2 3 17 31 25
2 3 29 31 25
2 41 42 17 25
2 41 42 29 25
2 41 42 31 25
2 41 17 29 25
2 41 17 31 25
2 41 29 31 25
2 42 17 29 25
2 42 17 31 25
2 42 29 31 25
2 17 29 31 25
2 5 10 22 25
2 5 10 23 25
2 5 10 25 25
2 5 10 30 25
2 5 22 23 25
2 5 22 25 25
2 5 22 30 25
2 5 23 25 25
2 5 23 30 25
2 5 25 30 25
2 10 22 23 25
2 10 22 25 25
2 10 22 30 25
2 10 23 25 25
2 10 23 30 25
2 10 25 30 25
2 22 23 25 25
2 22 23 30 25
2 22 25 30 25
2 23 25 30 25
2 32 5 12 25
2 32 5 22 25
2 32 5 23 25
2 32 5 25 25
2 32 5 30 25
2 32 12 22 25
2 32 12 23 25
2 32 12 25 25
2 32 12 30 25
2 32 22 23 25
2 32 22 25 25
2 32 22 30 25
2 32 23 25 25
2 32 23 30 25
2 32 25 30 25
2 5 12 22 25
2 5 12 23 25
2 5 12 25 25
2 5 12 30 25
2 5 22 23 25
2 5 22 25 25
2 5 22 30 25
2 5 23 25 25
2 5 23 30 25
2 5 25 30 25
2 12 22 23 25
2 12 22 25 25
2 12 22 30 25
2 12 23 25 25
2 12 23 30 25
2 12 25 30 25
2 22 23 25 25
2 22 23 30 25
2 22 25 30 25
2 23 25 30 25
2 4 37 39 25
2 4 37 7 25
2 4 37 13 25
2 4 37 16 25
2 4 37 20 25
2 4 39 7 25
2 4 39 13 25
2 4 39 16 25
2 4 39 20 25
2 4 7 13 25
2 4 7 16 25
2 4 7 20 25
2 4 13 16 25
2 4 13 20 25
2 4 16 20 25
2 37 39 7 25
2 37 39 13 25
2 37 39 16 25
2 37 39 20 25
2 37 7 13 25
2 37 7 16 25
2 37 7 20 25
2 37 13 16 25
2 37 13 20 25
2 37 16 20 25
2 39 7 13 25
2 39 7 16 25
2 39 7 20 25
2 39 13 16 25
2 39 13 20 25
2 39 16 20 25
2 7 13 16 25
2 7 13 20 25
2 7 16 20 25
2 13 16 20 25
2 36 37 39 25
2 36 37 13 25
2 36 37 20 25
2 36 37 21 25
2 36 37 4 25
2 36 39 13 25
2 36 39 20 25
2 36 39 21 25
2 36 39 4 25
2 36 13 20 25
2 36 13 21 25
2 36 13 4 25
2 36 20 21 25
2 36 20 4 25
2 36 21 4 25
2 37 39 13 25
2 37 39 20 25
2 37 39 21 25
2 37 39 4 25
2 37 13 20 25
2 37 13 21 25
2 37 13 4 25
2 37 20 21 25
2 37 20 4 25
2 37 21 4 25
2 39 13 20 25
2 39 13 21 25
2 39 13 4 25
2 39 20 21 25
2 39 20 4 25
2 39 21 4 25
2 13 20 21 25
2 13 20 4 25
2 13 21 4 25
2 20 21 4 25
2 33 35 5 25
2 33 35 11 25
2 33 35 23 25
2 33 35 28 25
2 33 35 30 25
2 33 5 11 25
2 33 5 23 25
2 33 5 28 25
2 33 5 30 25
2 33 11 23 25
2 33 11 28 25
2 33 11 30 25
2 33 23 28 25
2 33 23 30 25
2 33 28 30 25
2 35 5 11 25
2 35 5 23 25
2 35 5 28 25
2 35 5 30 25
2 35 11 23 25
2 35 11 28 25
2 35 11 30 25
2 35 23 28 25
2 35 23 30 25
2 35 28 30 25
2 5 11 23 25
2 5 11 28 25
2 5 11 30 25
2 5 23 28 25
2 5 23 30 25
2 5 28 30 25
2 11 23 28 25
2 11 23 30 25
2 11 28 30 25
2 23 28 30 25
2 32 33 6 25
2 32 33 40 25
2 32 33 11 25
2 32 33 12 25
2 32 33 23 25
2 32 6 40 25
2 32 6 11 25
2 32 6 12 25
2 32 6 23 25
2 32 40 11 25
2 32 40 12 25
2 32 40 23 25
2 32 11 12 25
2 32 11 23 25
2 32 12 23 25
2 33 6 40 25
2 33 6 11 25
2 33 6 12 25
2 33 6 23 25
2 33 40 11 25
2 33 40 12 25
2 33 40 23 25
2 33 11 12 25
2 33 11 23 25
2 33 12 23 25
2 6 40 11 25
2 6 40 12 25
2 6 40 23 25
2 6 11 12 25
2 6 11 23 25
2 6 12 23 25
2 40 11 12 25
2 40 11 23 25
2 40 12 23 25
2 11 12 23 25
2 33 35 6 25
2 33 35 11 25
2 33 35 15 25
2 33 35 23 25
2 33 35 28 25
2 33 35 30 25
2 33 6 11 25
2 33 6 15 25
2 33 6 23 25
2 33 6 28 25
2 33 6 30 25
2 33 11 15 25
2 33 11 23 25
2 33 11 28 25
2 33 11 30 25
2 33 15 23 25
2 33 15 28 25
2 33 15 30 25
2 33 23 28 25
2 33 23 30 25
2 33 28 30 25
2 35 6 11 25
2 35 6 15 25
2 35 6 23 25
2 35 6 28 25
2 35 6 30 25
2 35 11 15 25
2 35 11 23 25
2 35 11 28 25
2 35 11 30 25
2 35 15 23 25
2 35 15 28 25
2 35 15 30 25
2 35 23 28 25
2 35 23 30 25
2 35 28 30 25
2 6 11 15 25
2 6 11 23 25
2 6 11 28 25
2 6 11 30 25
2 6 15 23 25
2 6 15 28 25
2 6 15 30 25
2 6 23 28 25
2 6 23 30 25
2 6 28 30 25
2 11 15 23 25
2 11 15 28 25
2 11 15 30 25
2 11 23 28 25
2 11 23 30 25
2 11 28 30 25
2 15 23 28 25
2 15 23 30 25
2 15 28 30 25
2 23 28 30 25
2 32 33 35 25
2 32 33 6 25
2 32 33 11 25
2 32 33 23 25
2 32 33 28 25
2 32 33 30 25
2 32 35 6 25
2 32 35 11 25
2 32 35 23 25
2 32 35 28 25
2 32 35 30 25
2 32 6 11 25
2 32 6 23 25
2 32 6 28 25
2 32 6 30 25
2 32 11 23 25
2 32 11 28 25
2 32 11 30 25
2 32 23 28 25
2 32 23 30 25
2 32 28 30 25
2 33 35 6 25
2 33 35 11 25
2 33 35 23 25
2 33 35 28 25
2 33 35 30 25
2 33 6 11 25
2 33 6 23 25
2 33 6 28 25
2 33 6 30 25
2 33 11 23 25
2 33 11 28 25
2 33 11 30 25
2 33 23 28 25
2 33 23 30 25
2 33 28 30 25
2 35 6 11 25
2 35 6 23 25
2 35 6 28 25
2 35 6 30 25
2 35 11 23 25
2 35 11 28 25
2 35 11 30 25
2 35 23 28 25
2 35 23 30 25
2 35 28 30 25
2 6 11 23 25
2 6 11 28 25
2 6 11 30 25
2 6 23 28 25
2 6 23 30 25
2 6 28 30 25
2 11 23 28 25
2 11 23 30 25
2 11 28 30 25
2 23 28 30 25
2 32 33 35 25
2 32 33 5 25
2 32 33 6 25
2 32 33 11 25
2 32 33 23 25
2 32 33 30 25
2 32 35 5 25
2 32 35 6 25
2 32 35 11 25
2 32 35 23 25
2 32 35 30 25
2 32 5 6 25
2 32 5 11 25
2 32 5 23 25
2 32 5 30 25
2 32 6 11 25
2 32 6 23 25
2 32 6 30 25
2 32 11 23 25
2 32 11 30 25
2 32 23 30 25
2 33 35 5 25
2 33 35 6 25
2 33 35 11 25
2 33 35 23 25
2 33 35 30 25
2 33 5 6 25
2 33 5 11 25
2 33 5 23 25
2 33 5 30 25
2 33 6 11 25
2 33 6 23 25
2 33 6 30 25
2 33 11 23 25
2 33 11 30 25
2 33 23 30 25
2 35 5 6 25
2 35 5 11 25
2 35 5 23 25
2 35 5 30 25
2 35 6 11 25
2 35 6 23 25
2 35 6 30 25
2 35 11 23 25
2 35 11 30 25
2 35 23 30 25
2 5 6 11 25
2 5 6 23 25
2 5 6 30 25
2 5 11 23 25
2 5 11 30 25
2 5 23 30 25
2 6 11 23 25
2 6 11 30 25
2 6 23 30 25
2 11 23 30 25
2 1 35 33 25
2 1 35 11 25
2 1 35 15 25
2 1 35 23 25
2 1 35 28 25
2 1 35 30 25
2 1 33 11 25
2 1 33 15 25
2 1 33 23 25
2 1 33 28 25
2 1 33 30 25
2 1 11 15 25
2 1 11 23 25
2 1 11 28 25
2 1 11 30 25
2 1 15 23 25
2 1 15 28 25
2 1 15 30 25
2 1 23 28 25
2 1 23 30 25
2 1 28 30 25
2 35 33 11 25
2 35 33 15 25
2 35 33 23 25
2 35 33 28 25
2 35 33 30 25
2 35 11 15 25
2 35 11 23 25
2 35 11 28 25
2 35 11 30 25
2 35 15 23 25
2 35 15 28 25
2 35 15 30 25
2 35 23 28 25
2 35 23 30 25
2 35 28 30 25
2 33 11 15 25
2 33 11 23 25
2 33 11 28 25
2 33 11 30 25
2 33 15 23 25
2 33 15 28 25
2 33 15 30 25
2 33 23 28 25
2 33 23 30 25
2 33 28 30 25
2 11 15 23 25
2 11 15 28 25
2 11 15 30 25
2 11 23 28 25
2 11 23 30 25
2 11 28 30 25
2 15 23 28 25
2 15 23 30 25
2 15 28 30 25
2 23 28 30 25
2 32 33 35 25
2 32 33 5 25
2 32 33 11 25
2 32 33 23 25
2 32 33 28 25
2 32 33 30 25
2 32 35 5 25
2 32 35 11 25
2 32 35 23 25
2 32 35 28 25
2 32 35 30 25
2 32 5 11 25
2 32 5 23 25
2 32 5 28 25
2 32 5 30 25
2 32 11 23 25
2 32 11 28 25
2 32 11 30 25
2 32 23 28 25
2 32 23 30 25
2 32 28 30 25
2 33 35 5 25
2 33 35 11 25
2 33 35 23 25
2 33 35 28 25
2 33 35 30 25
2 33 5 11 25
2 33 5 23 25
2 33 5 28 25
2 33 5 30 25
2 33 11 23 25
2 33 11 28 25
2 33 11 30 25
2 33 23 28 25
2 33 23 30 25
2 33 28 30 25
2 35 5 11 25
2 35 5 23 25
2 35 5 28 25
2 35 5 30 25
2 35 11 23 25
2 35 11 28 25
2 35 11 30 25
2 35 23 28 25
2 35 23 30 25
2 35 28 30 25
2 5 11 23 25
2 5 11 28 25
2 5 11 30 25
2 5 23 28 25
2 5 23 30 25
2 5 28 30 25
2 11 23 28 25
2 11 23 30 25
2 11 28 30 25
2 23 28 30 25
2 0 26 19 26
2 0 26 10 26
2 0 19 10 26
2 26 19 10 26
2 32 11 5 26
2 32 11 30 26
2 32 11 23 26
2 32 5 30 26
2 32 5 23 26
2 32 30 23 26
2 11 5 30 26
2 11 5 23 26
2 11 30 23 26
2 5 30 23 26
2 0 27 34 26
2 0 27 19 26
2 0 27 26 26
2 0 34 19 26
2 0 34 26 26
2 0 19 26 26
2 27 34 19 26
2 27 34 26 26
2 27 19 26 26
2 34 19 26 26
2 8 17 29 26
2 8 17 38 26
2 8 17 41 26
2 8 29 38 26
2 8 29 41 26
2 8 38 41 26
2 17 29 38 26
2 17 29 41 26
2 17 38 41 26
2 29 38 41 26
2 0 34 9 26
2 0 34 14 26
2 0 34 26 26
2 0 34 27 26
2 0 9 14 26
2 0 9 26 26
2 0 9 27 26
2 0 14 26 26
2 0 14 27 26
2 0 26 27 26
2 34 9 14 26
2 34 9 26 26
2 34 9 27 26
2 34 14 26 26
2 34 14 27 26
2 34 26 27 26
2 9 14 26 26
2 9 14 27 26
2 9 26 27 26
2 14 26 27 26
2 36 38 39 26
2 36 38 8 26
2 36 38 21 26
2 36 38 29 26
2 36 38 31 26
2 36 39 8 26
2 36 39 21 26
2 36 39 29 26
2 36 39 31 26
2 36 8 21 26
2 36 8 29 26
2 36 8 31 26
2 36 21 29 26
2 36 21 31 26
2 36 29 31 26
2 38 39 8 26
2 38 39 21 26
2 38 39 29 26
2 38 39 31 26
2 38 8 21 26
2 38 8 29 26
2 38 8 31 26
2 38 21 29 26
2 38 21 31 26
2 38 29 31 26
2 39 8 21 26
2 39 8 29 26
2 39 8 31 26
2 39 21 29 26
2 39 21 31 26
2 39 29 31 26
2 8 21 29 26
2 8 21 31 26
2 8 29 31 26
2 21 29 31 26
2 32 33 35 26
2 32 33 11 26
2 32 33 23 26
2 32 33 28 26
2 32 33 30 26
2 32 35 11 26
2 32 35 23 26
2 32 35 28 26
2 32 35 30 26
2 32 11 23 26
2 32 11 28 26
2 32 11 30 26
2 32 23 28 26
2 32 23 30 26
2 32 28 30 26
2 33 35 11 26
2 33 35 23 26
2 33 35 28 26
2 33 35 30 26
2 33 11 23 26
2 33 11 28 26
2 33 11 30 26
2 33 23 28 26
2 33 23 30 26
2 33 28 30 26
2 35 11 23 26
2 35 11 28 26
2 35 11 30 26
2 35 23 28 26
2 35 23 30 26
2 35 28 30 26
2 11 23 28 26
2 11 23 30 26
2 11 28 30 26
2 23 28 30 26
2 32 33 6 26
2 32 33 40 26
2 32 33 12 26
2 32 33 23 26
2 32 33 24 26
2 32 6 40 26
2 32 6 12 26
2 32 6 23 26
2 32 6 24 26
2 32 40 12 26
2 32 40 23 26
2 32 40 24 26
2 32 12 23 26
2 32 12 24 26
2 32 23 24 26
2 33 6 40 26
2 33 6 12 26
2 33 6 23 26
2 33 6 24 26
2 33 40 12 26
2 33 40 23 26
2 33 40 24 26
2 33 12 23 26
2 33 12 24 26
2 33 23 24 26
2 6 40 12 26
2 6 40 23 26
2 6 40 24 26
2 6 12 23 26
2 6 12 24 26
2 6 23 24 26
2 40 12 23 26
2 40 12 24 26
2 40 23 24 26
2 12 23 24 26
2 32 5 11 26
2 32 5 22 26
2 32 5 23 26
2 32 5 25 26
2 32 5 30 26
2 32 11 22 26
2 32 11 23 26
2 32 11 25 26
2 32 11 30 26
2 32 22 23 26
2 32 22 25 26
2 32 22 30 26
2 32 23 25 26
2 32 23 30 26
2 32 25 30 26
2 5 11 22 26
2 5 11 23 26
2 5 11 25 26
2 5 11 30 26
2 5 22 23 26
2 5 22 25 26
2 5 22 30 26
2 5 23 25 26
2 5 23 30 26
2 5 25 30 26
2 11 22 23 26
2 11 22 25 26
2 11 22 30 26
2 11 23 25 26
2 11 23 30 26
2 11 25 30 26
2 22 23 25 26
2 22 23 30 26
2 22 25 30 26
2 23 25 30 26
2 0 34 9 26
2 0 34 42 26
2 0 34 14 26
2 0 34 27 26
2 0 34 31 26
2 0 9 42 26
2 0 9 14 26
2 0 9 27 26
2 0 9 31 26
2 0 42 14 26
2 0 42 27 26
2 0 42 31 26
2 0 14 27 26
2 0 14 31 26
2 0 27 31 26
2 34 9 42 26
2 34 9 14 26
2 34 9 27 26
2 34 9 31 26
2 34 42 14 26
2 34 42 27 26
2 34 42 31 26
2 34 14 27 26
2 34 14 31 26
2 34 27 31 26
2 9 42 14 26
2 9 42 27 26
2 9 42 31 26
2 9 14 27 26
2 9 14 31 26
2 9 27 31 26
2 42 14 27 26
2 42 14 31 26
2 42 27 31 26
2 14 27 31 26
2 34 9 42 26
2 34 9 14 26
2 34 9 17 26
2 34 9 27 26
2 34 9 31 26
2 34 42 14 26
2 34 42 17 26
2 34 42 27 26
2 34 42 31 26
2 34 14 17 26
2 34 14 27 26
2 34 14 31 26
2 34 17 27 26
2 34 17 31 26
2 34 27 31 26
2 9 42 14 26
2 9 42 17 26
2 9 42 27 26
2 9 42 31 26
2 9 14 17 26
2 9 14 27 26
2 9 14 31 26
2 9 17 27 26
2 9 17 31 26
2 9 27 31 26
2 42 14 17 26
2 42 14 27 26
2 42 14 31 26
2 42 17 27 26
2 42 17 31 26
2 42 27 31 26
2 14 17 27 26
2 14 17 31 26
2 14 27 31 26
2 17 27 31 26
2 32 33 35 26
2 32 33 6 26
2 32 33 1 26
2 32 33 11 26
2 32 33 15 26
2 32 33 28 26
2 32 35 6 26
2 32 35 1 26
2 32 35 11 26
2 32 35 15 26
2 32 35 28 26
2 32 6 1 26
2 32 6 11 26
2 32 6 15 26
2 32 6 28 26
2 32 1 11 26
2 32 1 15 26
2 32 1 28 26
2 32 11 15 26
2 32 11 28 26
2 32 15 28 26
2 33 35 6 26
2 33 35 1 26
2 33 35 11 26
2 33 35 15 26
2 33 35 28 26
2 33 6 1 26
2 33 6 11 26
2 33 6 15 26
2 33 6 28 26
2 33 1 11 26
2 33 1 15 26
2 33 1 28 26
2 33 11 15 26
2 33 11 28 26
2 33 15 28 26
2 35 6 1 26
2 35 6 11 26
2 35 6 15 26
2 35 6 28 26
2 35 1 11 26
2 35 1 15 26
2 35 1 28 26
2 35 11 15 26
2 35 11 28 26
2 35 15 28 26
2 6 1 11 26
2 6 1 15 26
2 6 1 28 26
2 6 11 15 26
2 6 11 28 26
2 6 15 28 26
2 1 11 15 26
2 1 11 28 26
2 1 15 28 26
2 11 15 28 26
2 32 33 6 26
2 32 33 40 26
2 32 33 12 26
2 32 33 15 26
2 32 33 23 26
2 32 33 24 26
2 32 6 40 26
2 32 6 12 26
2 32 6 15 26
2 32 6 23 26
2 32 6 24 26
2 32 40 12 26
2 32 40 15 26
2 32 40 23 26
2 32 40 24 26
2 32 12 15 26
2 32 12 23 26
2 32 12 24 26
2 32 15 23 26
2 32 15 24 26
2 32 23 24 26
2 33 6 40 26
2 33 6 12 26
2 33 6 15 26
2 33 6 23 26
2 33 6 24 26
2 33 40 12 26
2 33 40 15 26
2 33 40 23 26
2 33 40 24 26
2 33 12 15 26
2 33 12 23 26
2 33 12 24 26
2 33 15 23 26
2 33 15 24 26
2 33 23 24 26
2 6 40 12 26
2 6 40 15 26
2 6 40 23 26
2 6 40 24 26
2 6 12 15 26
2 6 12 23 26
2 6 12 24 26
2 6 15 23 26
2 6 15 24 26
2 6 23 24 26
2 40 12 15 26
2 40 12 23 26
2 40 12 24 26
2 40 15 23 26
2 40 15 24 26
2 40 23 24 26
2 12 15 23 26
2 12 15 24 26
2 12 23 24 26
2 15 23 24 26
2 32 33 6 26
2 32 33 40 26
2 32 33 12 26
2 32 33 23 26
2 32 33 24 26
2 32 33 25 26
2 32 6 40 26
2 32 6 12 26
2 32 6 23 26
2 32 6 24 26
2 32 6 25 26
2 32 40 12 26
2 32 40 23 26
2 32 40 24 26
2 32 40 25 26
2 32 12 23 26
2 32 12 24 26
2 32 12 25 26
2 32 23 24 26
2 32 23 25 26
2 32 24 25 26
2 33 6 40 26
2 33 6 12 26
2 33 6 23 26
2 33 6 24 26
2 33 6 25 26
2 33 40 12 26
2 33 40 23 26
2 33 40 24 26
2 33 40 25 26
2 33 12 23 26
2 33 12 24 26
2 33 12 25 26
2 33 23 24 26
2 33 23 25 26
2 33 24 25 26
2 6 40 12 26
2 6 40 23 26
2 6 40 24 26
2 6 40 25 26
2 6 12 23 26
2 6 12 24 26
2 6 12 25 26
2 6 23 24 26
2 6 23 25 26
2 6 24 25 26
2 40 12 23 26
2 40 12 24 26
2 40 12 25 26
2 40 23 24 26
2 40 23 25 26
2 40 24 25 26
2 12 23 24 26
2 12 23 25 26
2 12 24 25 26
2 23 24 25 26
2 32 5 11 26
2 32 5 12 26
2 32 5 22 26
2 32 5 23 26
2 32 5 25 26
2 32 5 30 26
2 32 11 12 26
2 32 11 22 26
2 32 11 23 26
2 32 11 25 26
2 32 11 30 26
2 32 12 22 26
2 32 12 23 26
2 32 12 25 26
2 32 12 30 26
2 32 22 23 26
2 32 22 25 26
2 32 22 30 26
2 32 23 25 26
2 32 23 30 26
2 32 25 30 26
2 5 11 12 26
2 5 11 22 26
2 5 11 23 26
2 5 11 25 26
2 5 11 30 26
2 5 12 22 26
2 5 12 23 26
2 5 12 25 26
2 5 12 30 26
2 5 22 23 26
2 5 22 25 26
2 5 22 30 26
2 5 23 25 26
2 5 23 30 26
2 5 25 30 26
2 11 12 22 26
2 11 12 23 26
2 11 12 25 26
2 11 12 30 26
2 11 22 23 26
2 11 22 25 26
2 11 22 30 26
2 11 23 25 26
2 11 23 30 26
2 11 25 30 26
2 12 22 23 26
2 12 22 25 26
2 12 22 30 26
2 12 23 25 26
2 12 23 30 26
2 12 25 30 26
2 22 23 25 26
2 22 23 30 26
2 22 25 30 26
2 23 25 30 26
2 32 33 35 26
2 32 33 6 26
2 32 33 40 26
2 32 33 11 26
2 32 33 15 26
2 32 33 23 26
2 32 35 6 26
2 32 35 40 26
2 32 35 11 26
2 32 35 15 26
2 32 35 23 26
2 32 6 40 26
2 32 6 11 26
2 32 6 15 26
2 32 6 23 26
2 32 40 11 26
2 32 40 15 26
2 32 40 23 26
2 32 11 15 26
2 32 11 23 26
2 32 15 23 26
2 33 35 6 26
2 33 35 40 26
2 33 35 11 26
2 33 35 15 26
2 33 35 23 26
2 33 6 40 26
2 33 6 11 26
2 33 6 15 26
2 33 6 23 26
2 33 40 11 26
2 33 40 15 26
2 33 40 23 26
2 33 11 15 26
2 33 11 23 26
2 33 15 23 26
2 35 6 40 26
2 35 6 11 26
2 35 6 15 26
2 35 6 23 26
2 35 40 11 26
2 35 40 15 26
2 35 40 23 26
2 35 11 15 26
2 35 11 23 26
2 35 15 23 26
2 6 40 11 26
2 6 40 15 26
2 6 40 23 26
2 6 11 15 26
2 6 11 23 26
2 6 15 23 26
2 40 11 15 26
2 40 11 23 26
2 40 15 23 26
2 11 15 23 26
2 33 35 6 26
2 33 35 1 26
2 33 35 11 26
2 33 35 15 26
2 33 35 23 26
2 33 35 28 26
2 33 35 30 26
2 33 6 1 26
2 33 6 11 26
2 33 6 15 26
2 33 6 23 26
2 33 6 28 26
2 33 6 30 26
2 33 1 11 26
2 33 1 15 26
2 33 1 23 26
2 33 1 28 26
2 33 1 30 26
2 33 11 15 26
2 33 11 23 26
2 33 11 28 26
2 33 11 30 26
2 33 15 23 26
2 33 15 28 26
2 33 15 30 26
2 33 23 28 26
2 33 23 30 26
2 33 28 30 26
2 35 6 1 26
2 35 6 11 26
2 35 6 15 26
2 35 6 23 26
2 35 6 28 26
2 35 6 30 26
2 35 1 11 26
2 35 1 15 26
2 35 1 23 26
2 35 1 28 26
2 35 1 30 26
2 35 11 15 26
2 35 11 23 26
2 35 11 28 26
2 35 11 30 26
2 35 15 23 26
2 35 15 28 26
2 35 15 30 26
2 35 23 28 26
2 35 23 30 26
2 35 28 30 26
2 6 1 11 26
2 6 1 15 26
2 6 1 23 26
2 6 1 28 26
2 6 1 30 26
2 6 11 15 26
2 6 11 23 26
2 6 11 28 26
2 6 11 30 26
2 6 15 23 26
2 6 15 28 26
2 6 15 30 26
2 6 23 28 26
2 6 23 30 26
2 6 28 30 26
2 1 11 15 26
2 1 11 23 26
2 1 11 28 26
2 1 11 30 26
2 1 15 23 26
2 1 15 28 26
2 1 15 30 26
2 1 23 28 26
2 1 23 30 26
2 1 28 30 26
2 11 15 23 26
2 11 15 28 26
2 11 15 30 26
2 11 23 28 26
2 11 23 30 26
2 11 28 30 26
2 15 23 28 26
2 15 23 30 26
2 15 28 30 26
2 23 28 30 26
2 0 19 34 27
2 0 19 27 27
2 0 34 27 27
2 19 34 27 27
2 0 34 27 27
2 0 34 26 27
2 0 27 26 27
2 34 27 26 27
2 16 18 13 27
2 16 18 7 27
2 16 13 7 27
2 18 13 7 27
2 16 18 20 27
2 16 18 7 27
2 16 20 7 27
2 18 20 7 27
2 16 20 13 27
2 16 20 37 27
2 16 13 37 27
2 20 13 37 27
2 0 10 19 27
2 0 10 26 27
2 0 10 22 27
2 0 19 26 27
2 0 19 22 27
2 0 26 22 27
2 10 19 26 27
2 10 19 22 27
2 10 26 22 27
2 19 26 22 27
2 16 18 13 27
2 16 18 2 27
2 16 18 7 27
2 16 13 2 27
2 16 13 7 27
2 16 2 7 27
2 18 13 2 27
2 18 13 7 27
2 18 2 7 27
2 13 2 7 27
2 16 24 2 27
2 16 24 18 27
2 16 24 7 27
2 16 2 18 27
2 16 2 7 27
2 16 18 7 27
2 24 2 18 27
2 24 2 7 27
2 24 18 7 27
2 2 18 7 27
2 37 7 13 27
2 37 7 16 27
2 37 7 18 27
2 37 7 20 27
2 37 13 16 27
2 37 13 18 27
2 37 13 20 27
2 37 16 18 27
2 37 16 20 27
2 37 18 20 27
2 7 13 16 27
2 7 13 18 27
2 7 13 20 27
2 7 16 18 27
2 7 16 20 27
2 7 18 20 27
2 13 16 18 27
2 13 16 20 27
2 13 18 20 27
2 16 18 20 27
2 36 38 8 27
2 36 38 21 27
2 36 38 29 27
2 36 38 31 27
2 36 8 21 27
2 36 8 29 27
2 36 8 31 27
2 36 21 29 27
2 36 21 31 27
2 36 29 31 27
2 38 8 21 27
2 38 8 29 27
2 38 8 31 27
2 38 21 29 27
2 38 21 31 27
2 38 29 31 27
2 8 21 29 27
2 8 21 31 27
2 8 29 31 27
2 21 29 31 27
2 4 37 39 27
2 4 37 13 27
2 4 37 20 27
2 4 37 21 27
2 4 39 13 27
2 4 39 20 27
2 4 39 21 27
2 4 13 20 27
2 4 13 21 27
2 4 20 21 27
2 37 39 13 27
2 37 39 20 27
2 37 39 21 27
2 37 13 20 27
2 37 13 21 27
2 37 20 21 27
2 39 13 20 27
2 39 13 21 27
2 39 20 21 27
2 13 20 21 27
2 0 9 42 27
2 0 9 14 27
2 0 9 27 27
2 0 9 31 27
2 0 42 14 27
2 0 42 27 27
2 0 42 31 27
2 0 14 27 27
2 0 14 31 27
2 0 27 31 27
2 9 42 14 27
2 9 42 27 27
2 9 42 31 27
2 9 14 27 27
2 9 14 31 27
2 9 27 31 27
2 42 14 27 27
2 42 14 31 27
2 42 27 31 27
2 14 27 31 27
2 5 10 19 27
2 5 10 22 27
2 5 10 25 27
2 5 10 26 27
2 5 19 22 27
2 5 19 25 27
2 5 19 26 27
2 5 22 25 27
2 5 22 26 27
2 5 25 26 27
2 10 19 22 27
2 10 19 25 27
2 10 19 26 27
2 10 22 25 27
2 10 22 26 27
2 10 25 26 27
2 19 22 25 27
2 19 22 26 27
2 19 25 26 27
2 22 25 26 27
2 2 40 12 27
2 2 40 16 27
2 2 40 18 27
2 2 40 24 27
2 2 12 16 27
2 2 12 18 27
2 2 12 24 27
2 2 16 18 27
2 2 16 24 27
2 2 18 24 27
2 40 12 16 27
2 40 12 18 27
2 40 12 24 27
2 40 16 18 27
2 40 16 24 27
2 40 18 24 27
2 12 16 18 27
2 12 16 24 27
2 12 18 24 27
2 16 18 24 27
2 36 38 39 27
2 36 38 8 27
2 36 38 21 27
2 36 38 29 27
2 36 39 8 27
2 36 39 21 27
2 36 39 29 27
2 36 8 21 27
2 36 8 29 27
2 36 21 29 27
2 38 39 8 27
2 38 39 21 27
2 38 39 29 27
2 38 8 21 27
2 38 8 29 27
2 38 21 29 27
2 39 8 21 27
2 39 8 29 27
2 39 21 29 27
2 8 21 29 27
2 32 5 11 27
2 32 5 23 27
2 32 5 25 27
2 32 5 30 27
2 32 11 23 27
2 32 11 25 27
2 32 11 30 27
2 32 23 25 27
2 32 23 30 27
2 32 25 30 27
2 5 11 23 27
2 5 11 25 27
2 5 11 30 27
2 5 23 25 27
2 5 23 30 27
2 5 25 30 27
2 11 23 25 27
2 11 23 30 27
2 11 25 30 27
2 23 25 30 27
2 33 35 1 27
2 33 35 11 27
2 33 35 23 27
2 33 35 28 27
2 33 35 30 27
2 33 1 11 27
2 33 1 23 27
2 33 1 28 27
2 33 1 30 27
2 33 11 23 27
2 33 11 28 27
2 33 11 30 27
2 33 23 28 27
2 33 23 30 27
2 33 28 30 27
2 35 1 11 27
2 35 1 23 27
2 35 1 28 27
2 35 1 30 27
2 35 11 23 27
2 35 11 28 27
2 35 11 30 27
2 35 23 28 27
2 35 23 30 27
2 35 28 30 27
2 1 11 23 27
2 1 11 28 27
2 1 11 30 27
2 1 23 28 27
2 1 23 30 27
2 1 28 30 27
2 11 23 28 27
2 11 23 30 27
2 11 28 30 27
2 23 28 30 27
2 32 2 40 27
2 32 2 12 27
2 32 2 18 27
2 32 2 24 27
2 32 2 25 27
2 32 40 12 27
2 32 40 18 27
2 32 40 24 27
2 32 40 25 27
2 32 12 18 27
2 32 12 24 27
2 32 12 25 27
2 32 18 24 27
2 32 18 25 27
2 32 24 25 27
2 2 40 12 27
2 2 40 18 27
2 2 40 24 27
2 2 40 25 27
2 2 12 18 27
2 2 12 24 27
2 2 12 25 27
2 2 18 24 27
2 2 18 25 27
2 2 24 25 27
2 40 12 18 27
2 40 12 24 27
2 40 12 25 27
2 40 18 24 27
2 40 18 25 27
2 40 24 25 27
2 12 18 24 27
2 12 18 25 27
2 12 24 25 27
2 18 24 25 27
2 32 33 35 27
2 32 33 6 27
2 32 33 11 27
2 32 33 15 27
2 32 33 28 27
2 32 35 6 27
2 32 35 11 27
2 32 35 15 27
2 32 35 28 27
2 32 6 11 27
2 32 6 15 27
2 32 6 28 27
2 32 11 15 27
2 32 11 28 27
2 32 15 28 27
2 33 35 6 27
2 33 35 11 27
2 33 35 15 27
2 33 35 28 27
2 33 6 11 27
2 33 6 15 27
2 33 6 28 27
2 33 11 15 27
2 33 11 28 27
2 33 15 28 27
2 35 6 11 27
2 35 6 15 27
2 35 6 28 27
2 35 11 15 27
2 35 11 28 27
2 35 15 28 27
2 6 11 15 27
2 6 11 28 27
2 6 15 28 27
2 11 15 28 27
2 0 34 9 27
2 0 34 14 27
2 0 34 26 27
2 0 34 27 27
2 0 34 31 27
2 0 9 14 27
2 0 9 26 27
2 0 9 27 27
2 0 9 31 27
2 0 14 26 27
2 0 14 27 27
2 0 14 31 27
2 0 26 27 27
2 0 26 31 27
2 0 27 31 27
2 34 9 14 27
2 34 9 26 27
2 34 9 27 27
2 34 9 31 27
2 34 14 26 27
2 34 14 27 27
2 34 14 31 27
2 34 26 27 27
2 34 26 31 27
2 34 27 31 27
2 9 14 26 27
2 9 14 27 27
2 9 14 31 27
2 9 26 27 27
2 9 26 31 27
2 9 27 31 27
2 14 26 27 27
2 14 26 31 27
2 14 27 31 27
2 26 27 31 27
2 0 34 9 27
2 0 34 42 27
2 0 34 14 27
2 0 34 17 27
2 0 34 27 27
2 0 34 31 27
2 0 9 42 27
2 0 9 14 27
2 0 9 17 27
2 0 9 27 27
2 0 9 31 27
2 0 42 14 27
2 0 42 17 27
2 0 42 27 27
2 0 42 31 27
2 0 14 17 27
2 0 14 27 27
2 0 14 31 27
2 0 17 27 27
2 0 17 31 27
2 0 27 31 27
2 34 9 42 27
2 34 9 14 27
2 34 9 17 27
2 34 9 27 27
2 34 9 31 27
2 34 42 14 27
2 34 42 17 27
2 34 42 27 27
2 34 42 31 27
2 34 14 17 27
2 34 14 27 27
2 34 14 31 27
2 34 17 27 27
2 34 17 31 27
2 34 27 31 27
2 9 42 14 27
2 9 42 17 27
2 9 42 27 27
2 9 42 31 27
2 9 14 17 27
2 9 14 27 27
2 9 14 31 27
2 9 17 27 27
2 9 17 31 27
2 9 27 31 27
2 42 14 17 27
2 42 14 27 27
2 42 14 31 27
2 42 17 27 27
2 42 17 31 27
2 42 27 31 27
2 14 17 27 27
2 14 17 31 27
2 14 27 31 27
2 17 27 31 27
2 3 38 8 27
2 3 38 41 27
2 3 38 42 27
2 3 38 17 27
2 3 38 21 27
2 3 38 29 27
2 3 38 31 27
2 3 8 41 27
2 3 8 42 27
2 3 8 17 27
2 3 8 21 27
2 3 8 29 27
2 3 8 31 27
2 3 41 42 27
2 3 41 17 27
2 3 41 21 27
2 3 41 29 27
2 3 41 31 27
2 3 42 17 27
2 3 42 21 27
2 3 42 29 27
2 3 42 31 27
2 3 17 21 27
2 3 17 29 27
2 3 17 31 27
2 3 21 29 27
2 3 21 31 27
2 3 29 31 27
2 38 8 41 27
2 38 8 42 27
2 38 8 17 27
2 38 8 21 27
2 38 8 29 27
2 38 8 31 27
2 38 41 42 27
2 38 41 17 27
2 38 41 21 27
2 38 41 29 27
2 38 41 31 27
2 38 42 17 27
2 38 42 21 27
2 38 42 29 27
2 38 42 31 27
2 38 17 21 27
2 38 17 29 27
2 38 17 31 27
2 38 21 29 27
2 38 21 31 27
2 38 29 31 27
2 8 41 42 27
2 8 41 17 27
2 8 41 21 27
2 8 41 29 27
2 8 41 31 27
2 8 42 17 27
2 8 42 21 27
2 8 42 29 27
2 8 42 31 27
2 8 17 21 27
2 8 17 29 27
2 8 17 31 27
2 8 21 29 27
2 8 21 31 27
2 8 29 31 27
2 41 42 17 27
2 41 42 21 27
2 41 42 29 27
2 41 42 31 27
2 41 17 21 27
2 41 17 29 27
2 41 17 31 27
2 41 21 29 27
2 41 21 31 27
2 41 29 31 27
2 42 17 21 27
2 42 17 29 27
2 42 17 31 27
2 42 21 29 27
2 42 21 31 27
2 42 29 31 27
2 17 21 29 27
2 17 21 31 27
2 17 29 31 27
2 21 29 31 27
2 3 38 8 27
2 3 38 41 27
2 3 38 42 27
2 3 38 17 27
2 3 38 9 27
2 3 38 29 27
2 3 38 31 27
2 3 8 41 27
2 3 8 42 27
2 3 8 17 27
2 3 8 9 27
2 3 8 29 27
2 3 8 31 27
2 3 41 42 27
2 3 41 17 27
2 3 41 9 27
2 3 41 29 27
2 3 41 31 27
2 3 42 17 27
2 3 42 9 27
2 3 42 29 27
2 3 42 31 27
2 3 17 9 27
2 3 17 29 27
2 3 17 31 27
2 3 9 29 27
2 3 9 31 27
2 3 29 31 27
2 38 8 41 27
2 38 8 42 27
2 38 8 17 27
2 38 8 9 27
2 38 8 29 27
2 38 8 31 27
2 38 41 42 27
2 38 41 17 27
2 38 41 9 27
2 38 41 29 27
2 38 41 31 27
2 38 42 17 27
2 38 42 9 27
2 38 42 29 27
2 38 42 31 27
2 38 17 9 27
2 38 17 29 27
2 38 17 31 27
2 38 9 29 27
2 38 9 31 27
2 38 29 31 27
2 8 41 42 27
2 8 41 17 27
2 8 41 9 27
2 8 41 29 27
2 8 41 31 27
2 8 42 17 27
2 8 42 9 27
2 8 42 29 27
2 8 42 31 27
2 8 17 9 27
2 8 17 29 27
2 8 17 31 27
2 8 9 29 27
2 8 9 31 27
2 8 29 31 27
2 41 42 17 27
2 41 42 9 27
2 41 42 29 27
2 41 42 31 27
2 41 17 9 27
2 41 17 29 27
2 41 17 31 27
2 41 9 29 27
2 41 9 31 27
2 41 29 31 27
2 42 17 9 27
2 42 17 29 27
2 42 17 31 27
2 42 9 29 27
2 42 9 31 27
2 42 29 31 27
2 17 9 29 27
2 17 9 31 27
2 17 29 31 27
2 9 29 31 27
2 32 33 6 27
2 32 33 40 27
2 32 33 11 27
2 32 33 12 27
2 32 33 15 27
2 32 33 23 27
2 32 33 24 27
2 32 6 40 27
2 32 6 11 27
2 32 6 12 27
2 32 6 15 27
2 32 6 23 27
2 32 6 24 27
2 32 40 11 27
2 32 40 12 27
2 32 40 15 27
2 32 40 23 27
2 32 40 24 27
2 32 11 12 27
2 32 11 15 27
2 32 11 23 27
2 32 11 24 27
2 32 12 15 27
2 32 12 23 27
2 32 12 24 27
2 32 15 23 27
2 32 15 24 27
2 32 23 24 27
2 33 6 40 27
2 33 6 11 27
2 33 6 12 27
2 33 6 15 27
2 33 6 23 27
2 33 6 24 27
2 33 40 11 27
2 33 40 12 27
2 33 40 15 27
2 33 40 23 27
2 33 40 24 27
2 33 11 12 27
2 33 11 15 27
2 33 11 23 27
2 33 11 24 27
2 33 12 15 27
2 33 12 23 27
2 33 12 24 27
2 33 15 23 27
2 33 15 24 27
2 33 23 24 27
2 6 40 11 27
2 6 40 12 27
2 6 40 15 27
2 6 40 23 27
2 6 40 24 27
2 6 11 12 27
2 6 11 15 27
2 6 11 23 27
2 6 11 24 27
2 6 12 15 27
2 6 12 23 27
2 6 12 24 27
2 6 15 23 27
2 6 15 24 27
2 6 23 24 27
2 40 11 12 27
2 40 11 15 27
2 40 11 23 27
2 40 11 24 27
2 40 12 15 27
2 40 12 23 27
2 40 12 24 27
2 40 15 23 27
2 40 15 24 27
2 40 23 24 27
2 11 12 15 27
2 11 12 23 27
2 11 12 24 27
2 11 15 23 27
2 11 15 24 27
2 11 23 24 27
2 12 15 23 27
2 12 15 24 27
2 12 23 24 27
2 15 23 24 27
2 32 33 35 27
2 32 33 6 27
2 32 33 40 27
2 32 33 11 27
2 32 33 12 27
2 32 33 15 27
2 32 33 23 27
2 32 35 6 27
2 32 35 40 27
2 32 35 11 27
2 32 35 12 27
2 32 35 15 27
2 32 35 23 27
2 32 6 40 27
2 32 6 11 27
2 32 6 12 27
2 32 6 15 27
2 32 6 23 27
2 32 40 11 27
2 32 40 12 27
2 32 40 15 27
2 32 40 23 27
2 32 11 12 27
2 32 11 15 27
2 32 11 23 27
2 32 12 15 27
2 32 12 23 27
2 32 15 23 27
2 33 35 6 27
2 33 35 40 27
2 33 35 11 27
2 33 35 12 27
2 33 35 15 27
2 33 35 23 27
2 33 6 40 27
2 33 6 11 27
2 33 6 12 27
2 33 6 15 27
2 33 6 23 27
2 33 40 11 27
2 33 40 12 27
2 33 40 15 27
2 33 40 23 27
2 33 11 12 27
2 33 11 15 27
2 33 11 23 27
2 33 12 15 27
2 33 12 23 27
2 33 15 23 27
2 35 6 40 27
2 35 6 11 27
2 35 6 12 27
2 35 6 15 27
2 35 6 23 27
2 35 40 11 27
2 35 40 12 27
2 35 40 15 27
2 35 40 23 27
2 35 11 12 27
2 35 11 15 27
2 35 11 23 27
2 35 12 15 27
2 35 12 23 27
2 35 15 23 27
2 6 40 11 27
2 6 40 12 27
2 6 40 15 27
2 6 40 23 27
2 6 11 12 27
2 6 11 15 27
2 6 11 23 27
2 6 12 15 27
2 6 12 23 27
2 6 15 23 27
2 40 11 12 27
2 40 11 15 27
2 40 11 23 27
2 40 12 15 27
2 40 12 23 27
2 40 15 23 27
2 11 12 15 27
2 11 12 23 27
2 11 15 23 27
2 12 15 23 27
2 32 33 35 27
2 32 33 6 27
2 32 33 1 27
2 32 33 11 27
2 32 33 15 27
2 32 33 23 27
2 32 33 28 27
2 32 33 30 27
2 32 35 6 27
2 32 35 1 27
2 32 35 11 27
2 32 35 15 27
2 32 35 23 27
2 32 35 28 27
2 32 35 30 27
2 32 6 1 27
2 32 6 11 27
2 32 6 15 27
2 32 6 23 27
2 32 6 28 27
2 32 6 30 27
2 32 1 11 27
2 32 1 15 27
2 32 1 23 27
2 32 1 28 27
2 32 1 30 27
2 32 11 15 27
2 32 11 23 27
2 32 11 28 27
2 32 11 30 27
2 32 15 23 27
2 32 15 28 27
2 32 15 30 27
2 32 23 28 27
2 32 23 30 27
2 32 28 30 27
2 33 35 6 27
2 33 35 1 27
2 33 35 11 27
2 33 35 15 27
2 33 35 23 27
2 33 35 28 27
2 33 35 30 27
2 33 6 1 27
2 33 6 11 27
2 33 6 15 27
2 33 6 23 27
2 33 6 28 27
2 33 6 30 27
2 33 1 11 27
2 33 1 15 27
2 33 1 23 27
2 33 1 28 27
2 33 1 30 27
2 33 11 15 27
2 33 11 23 27
2 33 11 28 27
2 33 11 30 27
2 33 15 23 27
2 33 15 28 27
2 33 15 30 27
2 33 23 28 27
2 33 23 30 27
2 33 28 30 27
2 35 6 1 27
2 35 6 11 27
2 35 6 15 27
2 35 6 23 27
2 35 6 28 27
2 35 6 30 27
2 35 1 11 27
2 35 1 15 27
2 35 1 23 27
2 35 1 28 27
2 35 1 30 27
2 35 11 15 27
2 35 11 23 27
2 35 11 28 27
2 35 11 30 27
2 35 15 23 27
2 35 15 28 27
2 35 15 30 27
2 35 23 28 27
2 35 23 30 27
2 35 28 30 27
2 6 1 11 27
2 6 1 15 27
2 6 1 23 27
2 6 1 28 27
2 6 1 30 27
2 6 11 15 27
2 6 11 23 27
2 6 11 28 27
2 6 11 30 27
2 6 15 23 27
2 6 15 28 27
2 6 15 30 27
2 6 23 28 27
2 6 23 30 27
2 6 28 30 27
2 1 11 15 27
2 1 11 23 27
2 1 11 28 27
2 1 11 30 27
2 1 15 23 27
2 1 15 28 27
2 1 15 30 27
2 1 23 28 27
2 1 23 30 27
2 1 28 30 27
2 11 15 23 27
2 11 15 28 27
2 11 15 30 27
2 11 23 28 27
2 11 23 30 27
2 11 28 30 27
2 15 23 28 27
2 15 23 30 27
2 15 28 30 27
2 23 28 30 27
2 0 26 19 28
2 0 26 22 28
2 0 19 22 28
2 26 19 22 28
2 25 10 5 28
2 25 10 22 28
2 25 10 23 28
2 25 5 22 28
2 25 5 23 28
2 25 22 23 28
2 10 5 22 28
2 10 5 23 28
2 10 22 23 28
2 5 22 23 28
2 16 37 18 28
2 16 37 13 28
2 16 37 7 28
2 16 18 13 28
2 16 18 7 28
2 16 13 7 28
2 37 18 13 28
2 37 18 7 28
2 37 13 7 28
2 18 13 7 28
2 4 7 20 28
2 4 7 13 28
2 4 7 37 28
2 4 20 13 28
2 4 20 37 28
2 4 13 37 28
2 7 20 13 28
2 7 20 37 28
2 7 13 37 28
2 20 13 37 28
2 8 17 29 28
2 8 17 38 28
2 8 17 21 28
2 8 29 38 28
2 8 29 21 28
2 8 38 21 28
2 17 29 38 28
2 17 29 21 28
2 17 38 21 28
2 29 38 21 28
2 32 2 12 28
2 32 2 16 28
2 32 2 18 28
2 32 2 24 28
2 32 12 16 28
2 32 12 18 28
2 32 12 24 28
2 32 16 18 28
2 32 16 24 28
2 32 18 24 28
2 2 12 16 28
2 2 12 18 28
2 2 12 24 28
2 2 16 18 28
2 2 16 24 28
2 2 18 24 28
2 12 16 18 28
2 12 16 24 28
2 12 18 24 28
2 16 18 24 28
2 32 6 40 28
2 32 6 12 28
2 32 6 18 28
2 32 6 24 28
2 32 40 12 28
2 32 40 18 28
2 32 40 24 28
2 32 12 18 28
2 32 12 24 28
2 32 18 24 28
2 6 40 12 28
2 6 40 18 28
2 6 40 24 28
2 6 12 18 28
2 6 12 24 28
2 6 18 24 28
2 40 12 18 28
2 40 12 24 28
2 40 18 24 28
2 12 18 24 28
2 38 8 17 28
2 38 8 21 28
2 38 8 29 28
2 38 8 31 28
2 38 17 21 28
2 38 17 29 28
2 38 17 31 28
2 38 21 29 28
2 38 21 31 28
2 38 29 31 28
2 8 17 21 28
2 8 17 29 28
2 8 17 31 28
2 8 21 29 28
2 8 21 31 28
2 8 29 31 28
2 17 21 29 28
2 17 21 31 28
2 17 29 31 28
2 21 29 31 28
2 0 34 10 28
2 0 34 14 28
2 0 34 19 28
2 0 34 26 28
2 0 10 14 28
2 0 10 19 28
2 0 10 26 28
2 0 14 19 28
2 0 14 26 28
2 0 19 26 28
2 34 10 14 28
2 34 10 19 28
2 34 10 26 28
2 34 14 19 28
2 34 14 26 28
2 34 19 26 28
2 10 14 19 28
2 10 14 26 28
2 10 19 26 28
2 14 19 26 28
2 0 34 14 28
2 0 34 19 28
2 0 34 26 28
2 0 34 27 28
2 0 14 19 28
2 0 14 26 28
2 0 14 27 28
2 0 19 26 28
2 0 19 27 28
2 0 26 27 28
2 34 14 19 28
2 34 14 26 28
2 34 14 27 28
2 34 19 26 28
2 34 19 27 28
2 34 26 27 28
2 14 19 26 28
2 14 19 27 28
2 14 26 27 28
2 19 26 27 28
2 38 8 42 28
2 38 8 17 28
2 38 8 21 28
2 38 8 29 28
2 38 8 31 28
2 38 42 17 28
2 38 42 21 28
2 38 42 29 28
2 38 42 31 28
2 38 17 21 28
2 38 17 29 28
2 38 17 31 28
2 38 21 29 28
2 38 21 31 28
2 38 29 31 28
2 8 42 17 28
2 8 42 21 28
2 8 42 29 28
2 8 42 31 28
2 8 17 21 28
2 8 17 29 28
2 8 17 31 28
2 8 21 29 28
2 8 21 31 28
2 8 29 31 28
2 42 17 21 28
2 42 17 29 28
2 42 17 31 28
2 42 21 29 28
2 42 21 31 28
2 42 29 31 28
2 17 21 29 28
2 17 21 31 28
2 17 29 31 28
2 21 29 31 28
2 32 2 6 28
2 32 2 40 28
2 32 2 12 28
2 32 2 18 28
2 32 2 24 28
2 32 6 40 28
2 32 6 12 28
2 32 6 18 28
2 32 6 24 28
2 32 40 12 28
2 32 40 18 28
2 32 40 24 28
2 32 12 18 28
2 32 12 24 28
2 32 18 24 28
2 2 6 40 28
2 2 6 12 28
2 2 6 18 28
2 2 6 24 28
2 2 40 12 28
2 2 40 18 28
2 2 40 24 28
2 2 12 18 28
2 2 12 24 28
2 2 18 24 28
2 6 40 12 28
2 6 40 18 28
2 6 40 24 28
2 6 12 18 28
2 6 12 24 28
2 6 18 24 28
2 40 12 18 28
2 40 12 24 28
2 40 18 24 28
2 12 18 24 28
2 32 33 35 28
2 32 33 6 28
2 32 33 11 28
2 32 33 15 28
2 32 33 23 28
2 32 35 6 28
2 32 35 11 28
2 32 35 15 28
2 32 35 23 28
2 32 6 11 28
2 32 6 15 28
2 32 6 23 28
2 32 11 15 28
2 32 11 23 28
2 32 15 23 28
2 33 35 6 28
2 33 35 11 28
2 33 35 15 28
2 33 35 23 28
2 33 6 11 28
2 33 6 15 28
2 33 6 23 28
2 33 11 15 28
2 33 11 23 28
2 33 15 23 28
2 35 6 11 28
2 35 6 15 28
2 35 6 23 28
2 35 11 15 28
2 35 11 23 28
2 35 15 23 28
2 6 11 15 28
2 6 11 23 28
2 6 15 23 28
2 11 15 23 28
2 32 5 11 28
2 32 5 12 28
2 32 5 23 28
2 32 5 25 28
2 32 5 30 28
2 32 11 12 28
2 32 11 23 28
2 32 11 25 28
2 32 11 30 28
2 32 12 23 28
2 32 12 25 28
2 32 12 30 28
2 32 23 25 28
2 32 23 30 28
2 32 25 30 28
2 5 11 12 28
2 5 11 23 28
2 5 11 25 28
2 5 11 30 28
2 5 12 23 28
2 5 12 25 28
2 5 12 30 28
2 5 23 25 28
2 5 23 30 28
2 5 25 30 28
2 11 12 23 28
2 11 12 25 28
2 11 12 30 28
2 11 23 25 28
2 11 23 30 28
2 11 25 30 28
2 12 23 25 28
2 12 23 30 28
2 12 25 30 28
2 23 25 30 28
2 32 2 40 28
2 32 2 12 28
2 32 2 16 28
2 32 2 18 28
2 32 2 24 28
2 32 40 12 28
2 32 40 16 28
2 32 40 18 28
2 32 40 24 28
2 32 12 16 28
2 32 12 18 28
2 32 12 24 28
2 32 16 18 28
2 32 16 24 28
2 32 18 24 28
2 2 40 12 28
2 2 40 16 28
2 2 40 18 28
2 2 40 24 28
2 2 12 16 28
2 2 12 18 28
2 2 12 24 28
2 2 16 18 28
2 2 16 24 28
2 2 18 24 28
2 40 12 16 28
2 40 12 18 28
2 40 12 24 28
2 40 16 18 28
2 40 16 24 28
2 40 18 24 28
2 12 16 18 28
2 12 16 24 28
2 12 18 24 28
2 16 18 24 28
2 38 8 41 28
2 38 8 42 28
2 38 8 17 28
2 38 8 21 28
2 38 8 29 28
2 38 8 31 28
2 38 41 42 28
2 38 41 17 28
2 38 41 21 28
2 38 41 29 28
2 38 41 31 28
2 38 42 17 28
2 38 42 21 28
2 38 42 29 28
2 38 42 31 28
2 38 17 21 28
2 38 17 29 28
2 38 17 31 28
2 38 21 29 28
2 38 21 31 28
2 38 29 31 28
2 8 41 42 28
2 8 41 17 28
2 8 41 21 28
2 8 41 29 28
2 8 41 31 28
2 8 42 17 28
2 8 42 21 28
2 8 42 29 28
2 8 42 31 28
2 8 17 21 28
2 8 17 29 28
2 8 17 31 28
2 8 21 29 28
2 8 21 31 28
2 8 29 31 28
2 41 42 17 28
2 41 42 21 28
2 41 42 29 28
2 41 42 31 28
2 41 17 21 28
2 41 17 29 28
2 41 17 31 28
2 41 21 29 28
2 41 21 31 28
2 41 29 31 28
2 42 17 21 28
2 42 17 29 28
2 42 17 31 28
2 42 21 29 28
2 42 21 31 28
2 42 29 31 28
2 17 21 29 28
2 17 21 31 28
2 17 29 31 28
2 21 29 31 28
2 4 37 38 28
2 4 37 39 28
2 4 37 8 28
2 4 37 20 28
2 4 37 21 28
2 4 37 36 28
2 4 38 39 28
2 4 38 8 28
2 4 38 20 28
2 4 38 21 28
2 4 38 36 28
2 4 39 8 28
2 4 39 20 28
2 4 39 21 28
2 4 39 36 28
2 4 8 20 28
2 4 8 21 28
2 4 8 36 28
2 4 20 21 28
2 4 20 36 28
2 4 21 36 28
2 37 38 39 28
2 37 38 8 28
2 37 38 20 28
2 37 38 21 28
2 37 38 36 28
2 37 39 8 28
2 37 39 20 28
2 37 39 21 28
2 37 39 36 28
2 37 8 20 28
2 37 8 21 28
2 37 8 36 28
2 37 20 21 28
2 37 20 36 28
2 37 21 36 28
2 38 39 8 28
2 38 39 20 28
2 38 39 21 28
2 38 39 36 28
2 38 8 20 28
2 38 8 21 28
2 38 8 36 28
2 38 20 21 28
2 38 20 36 28
2 38 21 36 28
2 39 8 20 28
2 39 8 21 28
2 39 8 36 28
2 39 20 21 28
2 39 20 36 28
2 39 21 36 28
2 8 20 21 28
2 8 20 36 28
2 8 21 36 28
2 20 21 36 28
2 32 33 35 28
2 32 33 5 28
2 32 33 6 28
2 32 33 11 28
2 32 33 23 28
2 32 33 28 28
2 32 33 30 28
2 32 35 5 28
2 32 35 6 28
2 32 35 11 28
2 32 35 23 28
2 32 35 28 28
2 32 35 30 28
2 32 5 6 28
2 32 5 11 28
2 32 5 23 28
2 32 5 28 28
2 32 5 30 28
2 32 6 11 28
2 32 6 23 28
2 32 6 28 28
2 32 6 30 28
2 32 11 23 28
2 32 11 28 28
2 32 11 30 28
2 32 23 28 28
2 32 23 30 28
2 32 28 30 28
2 33 35 5 28
2 33 35 6 28
2 33 35 11 28
2 33 35 23 28
2 33 35 28 28
2 33 35 30 28
2 33 5 6 28
2 33 5 11 28
2 33 5 23 28
2 33 5 28 28
2 33 5 30 28
2 33 6 11 28
2 33 6 23 28
2 33 6 28 28
2 33 6 30 28
2 33 11 23 28
2 33 11 28 28
2 33 11 30 28
2 33 23 28 28
2 33 23 30 28
2 33 28 30 28
2 35 5 6 28
2 35 5 11 28
2 35 5 23 28
2 35 5 28 28
2 35 5 30 28
2 35 6 11 28
2 35 6 23 28
2 35 6 28 28
2 35 6 30 28
2 35 11 23 28
2 35 11 28 28
2 35 11 30 28
2 35 23 28 28
2 35 23 30 28
2 35 28 30 28
2 5 6 11 28
2 5 6 23 28
2 5 6 28 28
2 5 6 30 28
2 5 11 23 28
2 5 11 28 28
2 5 11 30 28
2 5 23 28 28
2 5 23 30 28
2 5 28 30 28
2 6 11 23 28
2 6 11 28 28
2 6 11 30 28
2 6 23 28 28
2 6 23 30 28
2 6 28 30 28
2 11 23 28 28
2 11 23 30 28
2 11 28 30 28
2 23 28 30 28
2 8 9 42 28
2 8 9 14 28
2 8 9 17 28
2 8 9 41 28
2 8 9 27 28
2 8 9 29 28
2 8 9 31 28
2 8 42 14 28
2 8 42 17 28
2 8 42 41 28
2 8 42 27 28
2 8 42 29 28
2 8 42 31 28
2 8 14 17 28
2 8 14 41 28
2 8 14 27 28
2 8 14 29 28
2 8 14 31 28
2 8 17 41 28
2 8 17 27 28
2 8 17 29 28
2 8 17 31 28
2 8 41 27 28
2 8 41 29 28
2 8 41 31 28
2 8 27 29 28
2 8 27 31 28
2 8 29 31 28
2 9 42 14 28
2 9 42 17 28
2 9 42 41 28
2 9 42 27 28
2 9 42 29 28
2 9 42 31 28
2 9 14 17 28
2 9 14 41 28
2 9 14 27 28
2 9 14 29 28
2 9 14 31 28
2 9 17 41 28
2 9 17 27 28
2 9 17 29 28
2 9 17 31 28
2 9 41 27 28
2 9 41 29 28
2 9 41 31 28
2 9 27 29 28
2 9 27 31 28
2 9 29 31 28
2 42 14 17 28
2 42 14 41 28
2 42 14 27 28
2 42 14 29 28
2 42 14 31 28
2 42 17 41 28
2 42 17 27 28
2 42 17 29 28
2 42 17 31 28
2 42 41 27 28
2 42 41 29 28
2 42 41 31 28
2 42 27 29 28
2 42 27 31 28
2 42 29 31 28
2 14 17 41 28
2 14 17 27 28
2 14 17 29 28
2 14 17 31 28
2 14 41 27 28
2 14 41 29 28
2 14 41 31 28
2 14 27 29 28
2 14 27 31 28
2 14 29 31 28
2 17 41 27 28
2 17 41 29 28
2 17 41 31 28
2 17 27 29 28
2 17 27 31 28
2 17 29 31 28
2 41 27 29 28
2 41 27 31 28
2 41 29 31 28
2 27 29 31 28
2 32 33 35 28
2 32 33 6 28
2 32 33 40 28
2 32 33 11 28
2 32 33 12 28
2 32 33 15 28
2 32 33 23 28
2 32 33 24 28
2 32 35 6 28
2 32 35 40 28
2 32 35 11 28
2 32 35 12 28
2 32 35 15 28
2 32 35 23 28
2 32 35 24 28
2 32 6 40 28
2 32 6 11 28
2 32 6 12 28
2 32 6 15 28
2 32 6 23 28
2 32 6 24 28
2 32 40 11 28
2 32 40 12 28
2 32 40 15 28
2 32 40 23 28
2 32 40 24 28
2 32 11 12 28
2 32 11 15 28
2 32 11 23 28
2 32 11 24 28
2 32 12 15 28
2 32 12 23 28
2 32 12 24 28
2 32 15 23 28
2 32 15 24 28
2 32 23 24 28
2 33 35 6 28
2 33 35 40 28
2 33 35 11 28
2 33 35 12 28
2 33 35 15 28
2 33 35 23 28
2 33 35 24 28
2 33 6 40 28
2 33 6 11 28
2 33 6 12 28
2 33 6 15 28
2 33 6 23 28
2 33 6 24 28
2 33 40 11 28
2 33 40 12 28
2 33 40 15 28
2 33 40 23 28
2 33 40 24 28
2 33 11 12 28
2 33 11 15 28
2 33 11 23 28
2 33 11 24 28
2 33 12 15 28
2 33 12 23 28
2 33 12 24 28
2 33 15 23 28
2 33 15 24 28
2 33 23 24 28
2 35 6 40 28
2 35 6 11 28
2 35 6 12 28
2 35 6 15 28
2 35 6 23 28
2 35 6 24 28
2 35 40 11 28
2 35 40 12 28
2 35 40 15 28
2 35 40 23 28
2 35 40 24 28
2 35 11 12 28
2 35 11 15 28
2 35 11 23 28
2 35 11 24 28
2 35 12 15 28
2 35 12 23 28
2 35 12 24 28
2 35 15 23 28
2 35 15 24 28
2 35 23 24 28
2 6 40 11 28
2 6 40 12 28
2 6 40 15 28
2 6 40 23 28
2 6 40 24 28
2 6 11 12 28
2 6 11 15 28
2 6 11 23 28
2 6 11 24 28
2 6 12 15 28
2 6 12 23 28
2 6 12 24 28
2 6 15 23 28
2 6 15 24 28
2 6 23 24 28
2 40 11 12 28
2 40 11 15 28
2 40 11 23 28
2 40 11 24 28
2 40 12 15 28
2 40 12 23 28
2 40 12 24 28
2 40 15 23 28
2 40 15 24 28
2 40 23 24 28
2 11 12 15 28
2 11 12 23 28
2 11 12 24 28
2 11 15 23 28
2 11 15 24 28
2 11 23 24 28
2 12 15 23 28
2 12 15 24 28
2 12 23 24 28
2 15 23 24 28
2 32 33 35 28
2 32 33 5 28
2 32 33 6 28
2 32 33 11 28
2 32 33 15 28
2 32 33 23 28
2 32 33 28 28
2 32 33 30 28
2 32 35 5 28
2 32 35 6 28
2 32 35 11 28
2 32 35 15 28
2 32 35 23 28
2 32 35 28 28
2 32 35 30 28
2 32 5 6 28
2 32 5 11 28
2 32 5 15 28
2 32 5 23 28
2 32 5 28 28
2 32 5 30 28
2 32 6 11 28
2 32 6 15 28
2 32 6 23 28
2 32 6 28 28
2 32 6 30 28
2 32 11 15 28
2 32 11 23 28
2 32 11 28 28
2 32 11 30 28
2 32 15 23 28
2 32 15 28 28
2 32 15 30 28
2 32 23 28 28
2 32 23 30 28
2 32 28 30 28
2 33 35 5 28
2 33 35 6 28
2 33 35 11 28
2 33 35 15 28
2 33 35 23 28
2 33 35 28 28
2 33 35 30 28
2 33 5 6 28
2 33 5 11 28
2 33 5 15 28
2 33 5 23 28
2 33 5 28 28
2 33 5 30 28
2 33 6 11 28
2 33 6 15 28
2 33 6 23 28
2 33 6 28 28
2 33 6 30 28
2 33 11 15 28
2 33 11 23 28
2 33 11 28 28
2 33 11 30 28
2 33 15 23 28
2 33 15 28 28
2 33 15 30 28
2 33 23 28 28
2 33 23 30 28
2 33 28 30 28
2 35 5 6 28
2 35 5 11 28
2 35 5 15 28
2 35 5 23 28
2 35 5 28 28
2 35 5 30 28
2 35 6 11 28
2 35 6 15 28
2 35 6 23 28
2 35 6 28 28
2 35 6 30 28
2 35 11 15 28
2 35 11 23 28
2 35 11 28 28
2 35 11 30 28
2 35 15 23 28
2 35 15 28 28
2 35 15 30 28
2 35 23 28 28
2 35 23 30 28
2 35 28 30 28
2 5 6 11 28
2 5 6 15 28
2 5 6 23 28
2 5 6 28 28
2 5 6 30 28
2 5 11 15 28
2 5 11 23 28
2 5 11 28 28
2 5 11 30 28
2 5 15 23 28
2 5 15 28 28
2 5 15 30 28
2 5 23 28 28
2 5 23 30 28
2 5 28 30 28
2 6 11 15 28
2 6 11 23 28
2 6 11 28 28
2 6 11 30 28
2 6 15 23 28
2 6 15 28 28
2 6 15 30 28
2 6 23 28 28
2 6 23 30 28
2 6 28 30 28
2 11 15 23 28
2 11 15 28 28
2 11 15 30 28
2 11 23 28 28
2 11 23 30 28
2 11 28 30 28
2 15 23 28 28
2 15 23 30 28
2 15 28 30 28
2 23 28 30 28
2 3 38 8 28
2 3 38 41 28
2 3 38 42 28
2 3 38 17 28
2 3 38 21 28
2 3 38 9 28
2 3 38 29 28
2 3 38 31 28
2 3 8 41 28
2 3 8 42 28
2 3 8 17 28
2 3 8 21 28
2 3 8 9 28
2 3 8 29 28
2 3 8 31 28
2 3 41 42 28
2 3 41 17 28
2 3 41 21 28
2 3 41 9 28
2 3 41 29 28
2 3 41 31 28
2 3 42 17 28
2 3 42 21 28
2 3 42 9 28
2 3 42 29 28
2 3 42 31 28
2 3 17 21 28
2 3 17 9 28
2 3 17 29 28
2 3 17 31 28
2 3 21 9 28
2 3 21 29 28
2 3 21 31 28
2 3 9 29 28
2 3 9 31 28
2 3 29 31 28
2 38 8 41 28
2 38 8 42 28
2 38 8 17 28
2 38 8 21 28
2 38 8 9 28
2 38 8 29 28
2 38 8 31 28
2 38 41 42 28
2 38 41 17 28
2 38 41 21 28
2 38 41 9 28
2 38 41 29 28
2 38 41 31 28
2 38 42 17 28
2 38 42 21 28
2 38 42 9 28
2 38 42 29 28
2 38 42 31 28
2 38 17 21 28
2 38 17 9 28
2 38 17 29 28
2 38 17 31 28
2 38 21 9 28
2 38 21 29 28
2 38 21 31 28
2 38 9 29 28
2 38 9 31 28
2 38 29 31 28
2 8 41 42 28
2 8 41 17 28
2 8 41 21 28
2 8 41 9 28
2 8 41 29 28
2 8 41 31 28
2 8 42 17 28
2 8 42 21 28
2 8 42 9 28
2 8 42 29 28
2 8 42 31 28
2 8 17 21 28
2 8 17 9 28
2 8 17 29 28
2 8 17 31 28
2 8 21 9 28
2 8 21 29 28
2 8 21 31 28
2 8 9 29 28
2 8 9 31 28
2 8 29 31 28
2 41 42 17 28
2 41 42 21 28
2 41 42 9 28
2 41 42 29 28
2 41 42 31 28
2 41 17 21 28
2 41 17 9 28
2 41 17 29 28
2 41 17 31 28
2 41 21 9 28
2 41 21 29 28
2 41 21 31 28
2 41 9 29 28
2 41 9 31 28
2 41 29 31 28
2 42 17 21 28
2 42 17 9 28
2 42 17 29 28
2 42 17 31 28
2 42 21 9 28
2 42 21 29 28
2 42 21 31 28
2 42 9 29 28
2 42 9 31 28
2 42 29 31 28
2 17 21 9 28
2 17 21 29 28
2 17 21 31 28
2 17 9 29 28
2 17 9 31 28
2 17 29 31 28
2 21 9 29 28
2 21 9 31 28
2 21 29 31 28
2 9 29 31 28
2 16 2 13 29
2 26 19 22 29
2 10 26 22 29
2 16 18 12 29
2 16 18 7 29
2 16 12 7 29
2 18 12 7 29
2 4 7 20 29
2 4 7 37 29
2 4 7 39 29
2 4 20 37 29
2 4 20 39 29
2 4 37 39 29
2 7 20 37 29
2 7 20 39 29
2 7 37 39 29
2 20 37 39 29
2 32 24 18 29
2 32 24 12 29
2 32 24 25 29
2 32 18 12 29
2 32 18 25 29
2 32 12 25 29
2 24 18 12 29
2 24 18 25 29
2 24 12 25 29
2 18 12 25 29
2 4 37 7 29
2 4 37 39 29
2 4 37 20 29
2 4 37 21 29
2 4 7 39 29
2 4 7 20 29
2 4 7 21 29
2 4 39 20 29
2 4 39 21 29
2 4 20 21 29
2 37 7 39 29
2 37 7 20 29
2 37 7 21 29
2 37 39 20 29
2 37 39 21 29
2 37 20 21 29
2 7 39 20 29
2 7 39 21 29
2 7 20 21 29
2 39 20 21 29
2 2 7 13 29
2 2 7 16 29
2 2 7 18 29
2 2 7 20 29
2 2 13 16 29
2 2 13 18 29
2 2 13 20 29
2 2 16 18 29
2 2 16 20 29
2 2 18 20 29
2 7 13 16 29
2 7 13 18 29
2 7 13 20 29
2 7 16 18 29
2 7 16 20 29
2 7 18 20 29
2 13 16 18 29
2 13 16 20 29
2 13 18 20 29
2 16 18 20 29
2 0 34 10 29
2 0 34 19 29
2 0 34 26 29
2 0 34 27 29
2 0 10 19 29
2 0 10 26 29
2 0 10 27 29
2 0 19 26 29
2 0 19 27 29
2 0 26 27 29
2 34 10 19 29
2 34 10 26 29
2 34 10 27 29
2 34 19 26 29
2 34 19 27 29
2 34 26 27 29
2 10 19 26 29
2 10 19 27 29
2 10 26 27 29
2 19 26 27 29
2 33 35 6 29
2 33 35 1 29
2 33 35 11 29
2 33 35 15 29
2 33 6 1 29
2 33 6 11 29
2 33 6 15 29
2 33 1 11 29
2 33 1 15 29
2 33 11 15 29
2 35 6 1 29
2 35 6 11 29
2 35 6 15 29
2 35 1 11 29
2 35 1 15 29
2 35 11 15 29
2 6 1 11 29
2 6 1 15 29
2 6 11 15 29
2 1 11 15 29
2 0 34 9 29
2 0 34 14 29
2 0 34 19 29
2 0 34 26 29
2 0 34 27 29
2 0 9 14 29
2 0 9 19 29
2 0 9 26 29
2 0 9 27 29
2 0 14 19 29
2 0 14 26 29
2 0 14 27 29
2 0 19 26 29
2 0 19 27 29
2 0 26 27 29
2 34 9 14 29
2 34 9 19 29
2 34 9 26 29
2 34 9 27 29
2 34 14 19 29
2 34 14 26 29
2 34 14 27 29
2 34 19 26 29
2 34 19 27 29
2 34 26 27 29
2 9 14 19 29
2 9 14 26 29
2 9 14 27 29
2 9 19 26 29
2 9 19 27 29
2 9 26 27 29
2 14 19 26 29
2 14 19 27 29
2 14 26 27 29
2 19 26 27 29
2 4 37 39 29
2 4 37 7 29
2 4 37 20 29
2 4 37 21 29
2 4 37 36 29
2 4 39 7 29
2 4 39 20 29
2 4 39 21 29
2 4 39 36 29
2 4 7 20 29
2 4 7 21 29
2 4 7 36 29
2 4 20 21 29
2 4 20 36 29
2 4 21 36 29
2 37 39 7 29
2 37 39 20 29
2 37 39 21 29
2 37 39 36 29
2 37 7 20 29
2 37 7 21 29
2 37 7 36 29
2 37 20 21 29
2 37 20 36 29
2 37 21 36 29
2 39 7 20 29
2 39 7 21 29
2 39 7 36 29
2 39 20 21 29
2 39 20 36 29
2 39 21 36 29
2 7 20 21 29
2 7 20 36 29
2 7 21 36 29
2 20 21 36 29
2 5 10 19 29
2 5 10 22 29
2 5 10 23 29
2 5 10 25 29
2 5 10 30 29
2 5 19 22 29
2 5 19 23 29
2 5 19 25 29
2 5 19 30 29
2 5 22 23 29
2 5 22 25 29
2 5 22 30 29
2 5 23 25 29
2 5 23 30 29
2 5 25 30 29
2 10 19 22 29
2 10 19 23 29
2 10 19 25 29
2 10 19 30 29
2 10 22 23 29
2 10 22 25 29
2 10 22 30 29
2 10 23 25 29
2 10 23 30 29
2 10 25 30 29
2 19 22 23 29
2 19 22 25 29
2 19 22 30 29
2 19 23 25 29
2 19 23 30 29
2 19 25 30 29
2 22 23 25 29
2 22 23 30 29
2 22 25 30 29
2 23 25 30 29
2 0 34 10 29
2 0 34 19 29
2 0 34 22 29
2 0 34 25 29
2 0 34 26 29
2 0 10 19 29
2 0 10 22 29
2 0 10 25 29
2 0 10 26 29
2 0 19 22 29
2 0 19 25 29
2 0 19 26 29
2 0 22 25 29
2 0 22 26 29
2 0 25 26 29
2 34 10 19 29
2 34 10 22 29
2 34 10 25 29
2 34 10 26 29
2 34 19 22 29
2 34 19 25 29
2 34 19 26 29
2 34 22 25 29
2 34 22 26 29
2 34 25 26 29
2 10 19 22 29
2 10 19 25 29
2 10 19 26 29
2 10 22 25 29
2 10 22 26 29
2 10 25 26 29
2 19 22 25 29
2 19 22 26 29
2 19 25 26 29
2 22 25 26 29
2 32 6 40 29
2 32 6 12 29
2 32 6 18 29
2 32 6 23 29
2 32 6 24 29
2 32 40 12 29
2 32 40 18 29
2 32 40 23 29
2 32 40 24 29
2 32 12 18 29
2 32 12 23 29
2 32 12 24 29
2 32 18 23 29
2 32 18 24 29
2 32 23 24 29
2 6 40 12 29
2 6 40 18 29
2 6 40 23 29
2 6 40 24 29
2 6 12 18 29
2 6 12 23 29
2 6 12 24 29
2 6 18 23 29
2 6 18 24 29
2 6 23 24 29
2 40 12 18 29
2 40 12 23 29
2 40 12 24 29
2 40 18 23 29
2 40 18 24 29
2 40 23 24 29
2 12 18 23 29
2 12 18 24 29
2 12 23 24 29
2 18 23 24 29
2 3 38 8 29
2 3 38 41 29
2 3 38 42 29
2 3 38 17 29
2 3 38 29 29
2 3 8 41 29
2 3 8 42 29
2 3 8 17 29
2 3 8 29 29
2 3 41 42 29
2 3 41 17 29
2 3 41 29 29
2 3 42 17 29
2 3 42 29 29
2 3 17 29 29
2 38 8 41 29
2 38 8 42 29
2 38 8 17 29
2 38 8 29 29
2 38 41 42 29
2 38 41 17 29
2 38 41 29 29
2 38 42 17 29
2 38 42 29 29
2 38 17 29 29
2 8 41 42 29
2 8 41 17 29
2 8 41 29 29
2 8 42 17 29
2 8 42 29 29
2 8 17 29 29
2 41 42 17 29
2 41 42 29 29
2 41 17 29 29
2 42 17 29 29
2 32 33 5 29
2 32 33 11 29
2 32 33 23 29
2 32 33 25 29
2 32 33 30 29
2 32 5 11 29
2 32 5 23 29
2 32 5 25 29
2 32 5 30 29
2 32 11 23 29
2 32 11 25 29
2 32 11 30 29
2 32 23 25 29
2 32 23 30 29
2 32 25 30 29
2 33 5 11 29
2 33 5 23 29
2 33 5 25 29
2 33 5 30 29
2 33 11 23 29
2 33 11 25 29
2 33 11 30 29
2 33 23 25 29
2 33 23 30 29
2 33 25 30 29
2 5 11 23 29
2 5 11 25 29
2 5 11 30 29
2 5 23 25 29
2 5 23 30 29
2 5 25 30 29
2 11 23 25 29
2 11 23 30 29
2 11 25 30 29
2 23 25 30 29
2 0 34 10 29
2 0 34 19 29
2 0 34 22 29
2 0 34 26 29
2 0 34 27 29
2 0 10 19 29
2 0 10 22 29
2 0 10 26 29
2 0 10 27 29
2 0 19 22 29
2 0 19 26 29
2 0 19 27 29
2 0 22 26 29
2 0 22 27 29
2 0 26 27 29
2 34 10 19 29
2 34 10 22 29
2 34 10 26 29
2 34 10 27 29
2 34 19 22 29
2 34 19 26 29
2 34 19 27 29
2 34 22 26 29
2 34 22 27 29
2 34 26 27 29
2 10 19 22 29
2 10 19 26 29
2 10 19 27 29
2 10 22 26 29
2 10 22 27 29
2 10 26 27 29
2 19 22 26 29
2 19 22 27 29
2 19 26 27 29
2 22 26 27 29
2 4 38 39 29
2 4 38 8 29
2 4 38 20 29
2 4 38 21 29
2 4 38 36 29
2 4 39 8 29
2 4 39 20 29
2 4 39 21 29
2 4 39 36 29
2 4 8 20 29
2 4 8 21 29
2 4 8 36 29
2 4 20 21 29
2 4 20 36 29
2 4 21 36 29
2 38 39 8 29
2 38 39 20 29
2 38 39 21 29
2 38 39 36 29
2 38 8 20 29
2 38 8 21 29
2 38 8 36 29
2 38 20 21 29
2 38 20 36 29
2 38 21 36 29
2 39 8 20 29
2 39 8 21 29
2 39 8 36 29
2 39 20 21 29
2 39 20 36 29
2 39 21 36 29
2 8 20 21 29
2 8 20 36 29
2 8 21 36 29
2 20 21 36 29
2 8 9 42 29
2 8 9 14 29
2 8 9 17 29
2 8 9 41 29
2 8 9 27 29
2 8 9 31 29
2 8 42 14 29
2 8 42 17 29
2 8 42 41 29
2 8 42 27 29
2 8 42 31 29
2 8 14 17 29
2 8 14 41 29
2 8 14 27 29
2 8 14 31 29
2 8 17 41 29
2 8 17 27 29
2 8 17 31 29
2 8 41 27 29
2 8 41 31 29
2 8 27 31 29
2 9 42 14 29
2 9 42 17 29
2 9 42 41 29
2 9 42 27 29
2 9 42 31 29
2 9 14 17 29
2 9 14 41 29
2 9 14 27 29
2 9 14 31 29
2 9 17 41 29
2 9 17 27 29
2 9 17 31 29
2 9 41 27 29
2 9 41 31 29
2 9 27 31 29
2 42 14 17 29
2 42 14 41 29
2 42 14 27 29
2 42 14 31 29
2 42 17 41 29
2 42 17 27 29
2 42 17 31 29
2 42 41 27 29
2 42 41 31 29
2 42 27 31 29
2 14 17 41 29
2 14 17 27 29
2 14 17 31 29
2 14 41 27 29
2 14 41 31 29
2 14 27 31 29
2 17 41 27 29
2 17 41 31 29
2 17 27 31 29
2 41 27 31 29
2 32 2 40 29
2 32 2 12 29
2 32 2 16 29
2 32 2 18 29
2 32 2 24 29
2 32 2 25 29
2 32 40 12 29
2 32 40 16 29
2 32 40 18 29
2 32 40 24 29
2 32 40 25 29
2 32 12 16 29
2 32 12 18 29
2 32 12 24 29
2 32 12 25 29
2 32 16 18 29
2 32 16 24 29
2 32 16 25 29
2 32 18 24 29
2 32 18 25 29
2 32 24 25 29
2 2 40 12 29
2 2 40 16 29
2 2 40 18 29
2 2 40 24 29
2 2 40 25 29
2 2 12 16 29
2 2 12 18 29
2 2 12 24 29
2 2 12 25 29
2 2 16 18 29
2 2 16 24 29
2 2 16 25 29
2 2 18 24 29
2 2 18 25 29
2 2 24 25 29
2 40 12 16 29
2 40 12 18 29
2 40 12 24 29
2 40 12 25 29
2 40 16 18 29
2 40 16 24 29
2 40 16 25 29
2 40 18 24 29
2 40 18 25 29
2 40 24 25 29
2 12 16 18 29
2 12 16 24 29
2 12 16 25 29
2 12 18 24 29
2 12 18 25 29
2 12 24 25 29
2 16 18 24 29
2 16 18 25 29
2 16 24 25 29
2 18 24 25 29
2 3 8 41 29
2 3 8 42 29
2 3 8 17 29
2 3 8 9 29
2 3 8 29 29
2 3 8 31 29
2 3 41 42 29
2 3 41 17 29
2 3 41 9 29
2 3 41 29 29
2 3 41 31 29
2 3 42 17 29
2 3 42 9 29
2 3 42 29 29
2 3 42 31 29
2 3 17 9 29
2 3 17 29 29
2 3 17 31 29
2 3 9 29 29
2 3 9 31 29
2 3 29 31 29
2 8 41 42 29
2 8 41 17 29
2 8 41 9 29
2 8 41 29 29
2 8 41 31 29
2 8 42 17 29
2 8 42 9 29
2 8 42 29 29
2 8 42 31 29
2 8 17 9 29
2 8 17 29 29
2 8 17 31 29
2 8 9 29 29
2 8 9 31 29
2 8 29 31 29
2 41 42 17 29
2 41 42 9 29
2 41 42 29 29
2 41 42 31 29
2 41 17 9 29
2 41 17 29 29
2 41 17 31 29
2 41 9 29 29
2 41 9 31 29
2 41 29 31 29
2 42 17 9 29
2 42 17 29 29
2 42 17 31 29
2 42 9 29 29
2 42 9 31 29
2 42 29 31 29
2 17 9 29 29
2 17 9 31 29
2 17 29 31 29
2 9 29 31 29
2 4 37 39 29
2 4 37 7 29
2 4 37 13 29
2 4 37 20 29
2 4 37 21 29
2 4 37 36 29
2 4 39 7 29
2 4 39 13 29
2 4 39 20 29
2 4 39 21 29
2 4 39 36 29
2 4 7 13 29
2 4 7 20 29
2 4 7 21 29
2 4 7 36 29
2 4 13 20 29
2 4 13 21 29
2 4 13 36 29
2 4 20 21 29
2 4 20 36 29
2 4 21 36 29
2 37 39 7 29
2 37 39 13 29
2 37 39 20 29
2 37 39 21 29
2 37 39 36 29
2 37 7 13 29
2 37 7 20 29
2 37 7 21 29
2 37 7 36 29
2 37 13 20 29
2 37 13 21 29
2 37 13 36 29
2 37 20 21 29
2 37 20 36 29
2 37 21 36 29
2 39 7 13 29
2 39 7 20 29
2 39 7 21 29
2 39 7 36 29
2 39 13 20 29
2 39 13 21 29
2 39 13 36 29
2 39 20 21 29
2 39 20 36 29
2 39 21 36 29
2 7 13 20 29
2 7 13 21 29
2 7 13 36 29
2 7 20 21 29
2 7 20 36 29
2 7 21 36 29
2 13 20 21 29
2 13 20 36 29
2 13 21 36 29
2 20 21 36 29
2 32 33 35 29
2 32 33 5 29
2 32 33 11 29
2 32 33 23 29
2 32 33 25 29
2 32 33 28 29
2 32 33 30 29
2 32 35 5 29
2 32 35 11 29
2 32 35 23 29
2 32 35 25 29
2 32 35 28 29
2 32 35 30 29
2 32 5 11 29
2 32 5 23 29
2 32 5 25 29
2 32 5 28 29
2 32 5 30 29
2 32 11 23 29
2 32 11 25 29
2 32 11 28 29
2 32 11 30 29
2 32 23 25 29
2 32 23 28 29
2 32 23 30 29
2 32 25 28 29
2 32 25 30 29
2 32 28 30 29
2 33 35 5 29
2 33 35 11 29
2 33 35 23 29
2 33 35 25 29
2 33 35 28 29
2 33 35 30 29
2 33 5 11 29
2 33 5 23 29
2 33 5 25 29
2 33 5 28 29
2 33 5 30 29
2 33 11 23 29
2 33 11 25 29
2 33 11 28 29
2 33 11 30 29
2 33 23 25 29
2 33 23 28 29
2 33 23 30 29
2 33 25 28 29
2 33 25 30 29
2 33 28 30 29
2 35 5 11 29
2 35 5 23 29
2 35 5 25 29
2 35 5 28 29
2 35 5 30 29
2 35 11 23 29
2 35 11 25 29
2 35 11 28 29
2 35 11 30 29
2 35 23 25 29
2 35 23 28 29
2 35 23 30 29
2 35 25 28 29
2 35 25 30 29
2 35 28 30 29
2 5 11 23 29
2 5 11 25 29
2 5 11 28 29
2 5 11 30 29
2 5 23 25 29
2 5 23 28 29
2 5 23 30 29
2 5 25 28 29
2 5 25 30 29
2 5 28 30 29
2 11 23 25 29
2 11 23 28 29
2 11 23 30 29
2 11 25 28 29
2 11 25 30 29
2 11 28 30 29
2 23 25 28 29
2 23 25 30 29
2 23 28 30 29
2 25 28 30 29
