
 1 9 14 0 
 2 4 26 0 
 3 4 34 0 
 4 3 34 1 
 5 3 37 1 
 6 2 30 2 
 7 2 26 3 
 8 1 25 8 
 9 1 22 9 
 10 1 17 13 
 11 1 18 19 
 12 1 15 20 
 13 1 14 26 
 14 1 14 33 
 15 1 13 38 
 16 1 12 40 
 17 1 10 48 
 18 1 8 54 
 19 1 7 67 
 20 1 7 71 
 21 1 6 78 
 22 1 6 91 
 23 1 7 97 
 24 1 7 109 
 25 1 6 126 
 26 1 6 150 
 27 1 5 167 
 28 1 6 182 
 29 1 5 204 
 30 1 5 221 
 31 1 5 243 
 32 1 5 283 
 33 1 4 327 
 34 1 3 364 
 35 1 2 417 
 36 1 2 467 
 37 1 1 502 
 38 1 1 605 
 39 1 0 679 
 40 1 0 754 
 41 1 0 850 
 42 1 0 930 
 43 1 0 1054 
 44 1 0 1187 
 45 1 0 1280 
 46 1 0 1425 
 47 1 0 1517 
 48 1 0 1675 
 49 1 0 1832 