2.734684999999999894e-02 3.998880999999999963e-02 -4.699946199999999741e-01
4.682126400000000133e-01 1.993665900000000102e-01 4.767599599999999826e-01
-4.075934099999999893e-01 -2.200423699999999871e-01 3.471087999999999951e-01
3.798593800000000242e-01 4.791179300000000252e-01 -7.979026999999999648e-02
9.142453999999999859e-02 -4.069496999999999698e-02 1.051953500000000069e-01
-2.592794700000000119e-01 -3.259723199999999821e-01 -1.789602499999999874e-01
1.712119699999999911e-01 2.038286099999999934e-01 -1.832832899999999876e-01
-2.077643999999999880e-01 3.598922999999999706e-02 2.503550800000000076e-01
4.742249399999999837e-01 4.593037300000000211e-01 2.269328399999999968e-01
2.694995399999999819e-01 -8.561275999999999609e-02 3.669310199999999966e-01
-7.160304000000000668e-02 -7.197829999999999506e-02 -1.681158899999999901e-01
-3.857611899999999761e-01 -3.847143299999999932e-01 1.040137700000000054e-01
3.277231400000000239e-01 1.410644400000000132e-01 2.770168700000000261e-01
-2.643819600000000269e-01 -1.722995700000000130e-01 1.266377499999999934e-01
1.626098800000000122e-01 2.431445899999999938e-01 -4.226313199999999770e-01
3.404875700000000172e-01 3.232123599999999763e-01 8.220007999999999482e-02
-1.177371400000000040e-01 -3.252553999999999862e-02 4.509161999999999892e-02
2.697229500000000169e-01 3.820981500000000253e-01 -2.961547600000000169e-01
5.005199999999999927e-02 6.400965000000000127e-02 -2.635222500000000134e-01
3.464719000000000132e-02 6.192841000000000318e-02 -6.491507000000000527e-02
-1.950652499999999956e-01 -1.852659600000000073e-01 -5.542274999999999979e-02
-1.471940499999999930e-01 -1.953282600000000035e-01 -2.940220700000000242e-01
3.834424100000000113e-01 2.472405000000000089e-02 4.587795800000000201e-01
4.167809399999999886e-01 3.009372300000000000e-01 2.829207200000000144e-01
2.150768000000000124e-01 1.164561000000000068e-02 2.189525900000000025e-01
2.759983400000000087e-01 3.299010800000000132e-01 -1.223541400000000001e-01
1.247693400000000064e-01 -1.403336900000000109e-01 2.365550899999999956e-01
-3.217724900000000221e-01 -7.733320000000000471e-02 3.241861200000000220e-01
4.329700699999999847e-01 4.910860499999999962e-01 6.902340999999999338e-02
-3.198448700000000033e-01 -3.583656399999999853e-01 -3.781140999999999669e-02
-2.248779999999999876e-02 -1.422774099999999931e-01 1.076465800000000056e-01
-4.158384900000000051e-01 -3.323498999999999759e-01 2.460440899999999931e-01
4.924779499999999977e-01 3.250173599999999774e-01 4.165582199999999791e-01
-1.024542499999999967e-01 6.284934000000000354e-02 1.416820500000000038e-01
-3.457561900000000188e-01 -2.201657900000000001e-01 2.283173000000000008e-01
7.114810000000000058e-03 -5.021529000000000270e-02 8.162399999999999777e-04
-6.909160000000000301e-02 -8.940860000000000474e-02 -2.996830699999999958e-01
-2.040436800000000050e-01 -6.160561999999999983e-02 1.509966899999999890e-01
-2.779630100000000104e-01 -2.582348800000000000e-01 2.833727999999999941e-02
9.534030000000000282e-02 1.447783400000000054e-01 -4.647906099999999929e-01
-2.419993999999999965e-02 6.342240000000000377e-02 4.493006000000000083e-02
1.271681100000000009e-01 1.683820299999999881e-01 -2.939273000000000025e-01
2.935298700000000260e-01 3.115228000000000094e-02 3.173294600000000076e-01
3.234495199999999904e-01 4.378367499999999968e-01 -2.031678500000000109e-01
-1.493259899999999918e-01 -1.673325900000000033e-01 -1.659698699999999916e-01
4.634629999999999826e-03 6.824290000000000217e-03 -3.592296700000000009e-01
3.360991500000000132e-01 3.815611500000000156e-01 -3.184512999999999927e-02
-1.224990499999999982e-01 -9.339250999999999803e-02 -5.435140000000000110e-02
3.952953000000000161e-01 3.470679400000000192e-01 1.805846000000000118e-01
-2.805548900000000012e-01 -1.124457100000000043e-01 2.240522199999999964e-01
