0.001901 0.004702 
0.002305 0.007641 
0.003559 0.009542 
0.004197 0.010885 
0.004702 0.014860 
0.007641 0.017410 
0.009542 0.019040 
0.010885 0.022574 
0.014860 0.025154 
0.017410 0.027596 
0.019040 0.030394 
0.022574 0.033623 
0.025154 0.036867 
0.027596 0.040109 
0.030394 0.042053 
0.033623 0.043609 
0.036867 0.046602 
0.040109 0.048466 
0.042053 0.048992 
0.043609 0.048186 
0.046602 0.047527 
0.048466 0.046608 
0.048992 0.044631 
0.048186 0.042547 
0.047527 0.038570 
0.046608 0.033939 
0.044631 0.029473 
0.042547 0.024261 
0.038570 0.019198 
0.033939 0.014088 
0.029473 0.008304 
0.024261 0.003116 
0.019198 -0.001116 
0.014088 -0.005913 
0.008304 -0.009717 
0.003116 -0.012829 
-0.001116 -0.016780 
-0.005913 -0.019378 
-0.009717 -0.020922 
-0.012829 -0.023360 
-0.016780 -0.025792 
-0.019378 -0.026840 
-0.020922 -0.028511 
-0.023360 -0.029566 
-0.025792 -0.029459 
-0.026840 -0.031016 
-0.028511 -0.032574 
-0.029566 -0.032996 
-0.029459 -0.033170 
-0.031016 -0.033924 
-0.032574 -0.034102 
-0.032996 -0.033823 
-0.033170 -0.032994 
-0.033924 -0.031527 
-0.034102 -0.031360 
-0.033823 -0.031541 
-0.032994 -0.030527 
-0.031527 -0.029198 
-0.031360 -0.028369 
-0.031541 -0.026942 
-0.030527 -0.026553 
-0.029198 -0.025619 
-0.028369 -0.023831 
-0.026942 -0.022918 
-0.026553 -0.021440 
-0.025619 -0.020822 
-0.023831 -0.020423 
-0.022918 -0.019572 
-0.021440 -0.018414 
-0.020822 -0.018100 
-0.020423 -0.018481 
-0.019572 -0.017140 
-0.018414 -0.015544 
-0.018100 -0.014769 
-0.018481 -0.012656 
-0.017140 -0.011147 
-0.015544 -0.010703 
-0.014769 -0.009242 
-0.012656 -0.007993 
-0.011147 -0.005437 
-0.010703 -0.004543 
-0.009242 -0.004027 
-0.007993 -0.001631 
-0.005437 -0.001342 
-0.004543 -0.000959 
-0.004027 0.000602 
-0.001631 0.000630 
-0.001342 -0.000244 
-0.000959 0.000174 
0.000602 -0.000557 
0.000630 -0.001047 
-0.000244 -0.001450 
0.000174 -0.001677 
-0.000557 -0.000442 
-0.001047 -0.001379 
-0.001450 -0.001643 
-0.001677 -0.000217 
-0.000442 0.001369 
-0.001379 0.001927 
-0.001643 0.003168 
-0.000217 0.005967 
0.001369 0.006645 
0.001927 0.008187 
0.003168 0.010910 
0.005967 0.011873 
0.006645 0.014361 
0.008187 0.017233 
0.010910 0.019834 
0.011873 0.023741 
0.014361 0.026416 
0.017233 0.029222 
0.019834 0.032062 
0.023741 0.035749 
0.026416 0.038643 
0.029222 0.041533 
0.032062 0.044484 
0.035749 0.044870 
0.038643 0.047083 
0.041533 0.048356 
0.044484 0.049663 
0.044870 0.049308 
0.047083 0.047832 
0.048356 0.046851 
0.049663 0.043144 
0.049308 0.040482 
0.047832 0.035620 
0.046851 0.031303 
0.043144 0.027388 
0.040482 0.020378 
0.035620 0.015085 
0.031303 0.010417 
0.027388 0.004896 
0.020378 0.000380 
0.015085 -0.003213 
0.010417 -0.007247 
0.004896 -0.011173 
0.000380 -0.014160 
-0.003213 -0.017388 
-0.007247 -0.020518 
-0.011173 -0.021568 
-0.014160 -0.023293 
-0.017388 -0.025809 
-0.020518 -0.027540 
-0.021568 -0.029243 
-0.023293 -0.031080 
-0.025809 -0.031551 
-0.027540 -0.031423 
-0.029243 -0.032441 
-0.031080 -0.032367 
-0.031551 -0.033427 
-0.031423 -0.033899 
-0.032441 -0.032812 
-0.032367 -0.033138 
-0.033427 -0.032910 
-0.033899 -0.030925 
-0.032812 -0.030896 
-0.033138 -0.030409 
-0.032910 -0.027496 
-0.030925 -0.027431 
-0.030896 -0.026607 
-0.030409 -0.025785 
-0.027496 -0.025131 
-0.027431 -0.023781 
-0.026607 -0.022129 
-0.025785 -0.020884 
-0.025131 -0.021256 
-0.023781 -0.020063 
-0.022129 -0.018811 
-0.020884 -0.017672 
-0.021256 -0.018629 
-0.020063 -0.016841 
-0.018811 -0.014998 
-0.017672 -0.015266 
-0.018629 -0.012983 
-0.016841 -0.012502 
-0.014998 -0.011066 
-0.015266 -0.008901 
-0.012983 -0.007522 
-0.012502 -0.007311 
-0.011066 -0.005799 
-0.008901 -0.003473 
-0.007522 -0.001737 
-0.007311 -0.000605 
-0.005799 -0.000169 
-0.003473 0.001393 
-0.001737 0.001103 
-0.000605 0.001601 
-0.000169 0.002115 
0.001393 0.002830 
0.001103 0.002144 
0.001601 0.000865 
0.002115 0.002180 
0.002830 0.001126 
0.002144 -0.000101 
0.000865 0.000416 
0.002180 -0.000009 
0.001126 0.000395 
-0.000101 0.002621 
0.000416 0.002748 
-0.000009 0.003229 
0.000395 0.004705 
0.002621 0.007076 
0.002748 0.008014 
0.003229 0.009656 
0.004705 0.012981 
0.007076 0.013387 
0.008014 0.016517 
0.009656 0.018800 
0.012981 0.022611 
0.013387 0.026840 
0.016517 0.029425 
0.018800 0.032530 
0.022611 0.035423 
0.026840 0.039969 
0.029425 0.041405 
0.032530 0.043343 
0.035423 0.045454 
0.039969 0.048561 
0.041405 0.050112 
0.043343 0.050168 
0.045454 0.050020 
0.048561 0.048157 
0.050112 0.047541 
0.050168 0.043343 
0.050020 0.040691 
0.048157 0.037516 
0.047541 0.033008 
0.043343 0.028633 
0.040691 0.023604 
0.037516 0.018429 
0.033008 0.012585 
0.028633 0.008861 
0.023604 0.002609 
0.018429 -0.001555 
0.012585 -0.005033 
0.008861 -0.009108 
0.002609 -0.011196 
-0.001555 -0.014356 
-0.005033 -0.016991 
-0.009108 -0.019000 
-0.011196 -0.021136 
-0.014356 -0.023266 
-0.016991 -0.024434 
-0.019000 -0.026456 
-0.021136 -0.027182 
-0.023266 -0.028569 
-0.024434 -0.030068 
-0.026456 -0.029468 
-0.027182 -0.030810 
-0.028569 -0.031613 
-0.030068 -0.031430 
-0.029468 -0.031288 
-0.030810 -0.031184 
-0.031613 -0.030991 
-0.031430 -0.030114 
-0.031288 -0.028090 
-0.031184 -0.026711 
-0.030991 -0.027159 
-0.030114 -0.026590 
-0.028090 -0.024954 
-0.026711 -0.024374 
-0.027159 -0.023842 
-0.026590 -0.022504 
-0.024954 -0.021106 
-0.024374 -0.021360 
-0.023842 -0.021583 
-0.022504 -0.019842 
-0.021106 -0.020034 
-0.021360 -0.018554 
-0.021583 -0.017106 
-0.019842 -0.016530 
-0.020034 -0.015144 
-0.018554 -0.015294 
-0.017106 -0.012767 
-0.016530 -0.011462 
-0.015144 -0.010505 
-0.015294 -0.008769 
-0.012767 -0.007817 
-0.011462 -0.006429 
-0.010505 -0.004855 
-0.008769 -0.002486 
-0.007817 -0.001064 
-0.006429 -0.000014 
-0.004855 0.000161 
-0.002486 0.001041 
-0.001064 0.001472 
-0.000014 0.001272 
0.000161 0.001616 
0.001041 0.001388 
0.001472 0.000724 
0.001272 0.000372 
0.001616 0.000686 
0.001388 -0.000641 
0.000724 -0.000839 
0.000372 -0.000620 
0.000686 -0.000938 
-0.000641 -0.000384 
-0.000839 0.000945 
-0.000620 0.001907 
-0.000938 0.002466 
-0.000384 0.004408 
0.000945 0.005404 
0.001907 0.006943 
0.002466 0.009108 
0.004408 0.011066 
0.005404 0.013242 
0.006943 0.015656 
0.009108 0.018618 
0.011066 0.021179 
0.013242 0.024327 
0.015656 0.028163 
0.018618 0.031422 
0.021179 0.034943 
0.024327 0.038794 
0.028163 0.040978 
0.031422 0.043556 
0.034943 0.046903 
0.038794 0.050097 
0.040978 0.050364 
0.043556 0.049270 
0.046903 0.050057 
0.050097 0.048417 
0.050364 0.046270 
0.049270 0.044435 
0.050057 0.041710 
0.048417 0.037792 
0.046270 0.033167 
0.044435 0.028778 
0.041710 0.023536 
0.037792 0.017940 
0.033167 0.012881 
0.028778 0.008722 
0.023536 0.004289 
0.017940 0.000559 
0.012881 -0.003541 
0.008722 -0.007185 
0.004289 -0.010204 
0.000559 -0.013519 
-0.003541 -0.016604 
-0.007185 -0.019859 
-0.010204 -0.021844 
-0.013519 -0.024687 
-0.016604 -0.026107 
-0.019859 -0.027253 
-0.021844 -0.029013 
-0.024687 -0.030081 
-0.026107 -0.032771 
-0.027253 -0.032768 
-0.029013 -0.032163 
-0.030081 -0.033221 
-0.032771 -0.033749 
-0.032768 -0.033881 
-0.032163 -0.033730 
-0.033221 -0.033671 
-0.033749 -0.032669 
-0.033881 -0.031857 
-0.033730 -0.031281 
-0.033671 -0.030282 
-0.032669 -0.029190 
-0.031857 -0.027686 
-0.031281 -0.027436 
-0.030282 -0.026979 
-0.029190 -0.025798 
-0.027686 -0.025680 
-0.027436 -0.024570 
-0.026979 -0.023620 
-0.025798 -0.022419 
-0.025680 -0.021127 
-0.024570 -0.020591 
-0.023620 -0.019424 
-0.022419 -0.019522 
-0.021127 -0.017934 
-0.020591 -0.016311 
-0.019424 -0.015748 
-0.019522 -0.014265 
-0.017934 -0.012977 
-0.016311 -0.010448 
-0.015748 -0.009766 
-0.014265 -0.008831 
-0.012977 -0.006806 
-0.010448 -0.005393 
-0.009766 -0.003355 
-0.008831 -0.002751 
-0.006806 -0.001912 
-0.005393 -0.000918 
-0.003355 -0.000591 
-0.002751 0.000017 
-0.001912 0.000268 
-0.000918 -0.000748 
-0.000591 -0.000977 
0.000017 -0.000828 
0.000268 -0.001717 
-0.000748 -0.002285 
-0.000977 -0.002852 
-0.000828 -0.002163 
-0.001717 -0.002335 
-0.002285 -0.001636 
-0.002852 -0.000171 
-0.002163 0.000642 
-0.002335 0.001501 
-0.001636 0.000977 
-0.000171 0.003547 
0.000642 0.005223 
0.001501 0.006883 
0.000977 0.009746 
0.003547 0.011687 
0.005223 0.015307 
0.006883 0.017303 
0.009746 0.021247 
0.011687 0.024108 
0.015307 0.025560 
0.017303 0.030563 
0.021247 0.034472 
0.024108 0.037272 
0.025560 0.041026 
0.030563 0.045342 
0.034472 0.047574 
0.037272 0.049291 
0.041026 0.050900 
0.045342 0.051725 
0.047574 0.052073 
0.049291 0.050438 
0.050900 0.049413 
0.051725 0.047103 
0.052073 0.043336 
0.050438 0.039887 
0.049413 0.035705 
0.047103 0.031516 
0.043336 0.026273 
0.039887 0.021239 
0.035705 0.016921 
0.031516 0.012670 
0.026273 0.007855 
0.021239 0.002417 
0.016921 -0.000497 
0.012670 -0.003251 
0.007855 -0.007201 
0.002417 -0.009775 
-0.000497 -0.012246 
-0.003251 -0.015945 
-0.007201 -0.019097 
-0.009775 -0.020982 
-0.012246 -0.022920 
-0.015945 -0.023612 
-0.019097 -0.025137 
-0.020982 -0.027392 
-0.022920 -0.028325 
-0.023612 -0.029930 
-0.025137 -0.030299 
-0.027392 -0.030731 
-0.028325 -0.031953 
-0.029930 -0.032355 
-0.030299 -0.032269 
-0.030731 -0.031800 
-0.031953 -0.031867 
-0.032355 -0.030481 
-0.032269 -0.028550 
-0.031800 -0.028324 
-0.031867 -0.027901 
-0.030481 -0.026368 
-0.028550 -0.025617 
-0.028324 -0.025644 
-0.027901 -0.024301 
-0.026368 -0.023164 
-0.025617 -0.023175 
-0.025644 -0.022289 
-0.024301 -0.020765 
-0.023164 -0.019527 
-0.023175 -0.019279 
-0.022289 -0.019040 
-0.020765 -0.017476 
-0.019527 -0.016833 
-0.019279 -0.016121 
-0.019040 -0.014536 
-0.017476 -0.013519 
-0.016833 -0.011934 
-0.016121 -0.009991 
-0.014536 -0.008549 
-0.013519 -0.006885 
-0.011934 -0.005534 
-0.009991 -0.004380 
-0.008549 -0.001792 
-0.006885 -0.000869 
-0.005534 -0.000206 
-0.004380 0.001241 
-0.001792 0.000699 
-0.000869 0.001041 
-0.000206 0.001622 
0.001241 0.001525 
0.000699 0.000408 
0.001041 -0.000793 
0.001622 0.000301 
0.001525 0.000435 
0.000408 -0.001141 
-0.000793 -0.000919 
0.000301 0.000110 
0.000435 0.000741 
-0.001141 0.000957 
-0.000919 0.001246 
0.000110 0.003378 
0.000741 0.003780 
0.000957 0.004763 
0.001246 0.007083 
0.003378 0.008242 
0.003780 0.010765 
0.004763 0.012803 
0.007083 0.015028 
0.008242 0.018064 
0.010765 0.021783 
0.012803 0.024541 
0.015028 0.026645 
0.018064 0.030524 
0.021783 0.034242 
0.024541 0.038087 
0.026645 0.041444 
0.030524 0.045285 
0.034242 0.048677 
0.038087 0.049748 
0.041444 0.051392 
0.045285 0.052799 
0.048677 0.052780 
0.049748 0.052887 
0.051392 0.052399 
0.052799 0.049513 
0.052780 0.045311 
0.052887 0.042335 
0.052399 0.039460 
0.049513 0.034975 
0.045311 0.030386 
0.042335 0.025989 
0.039460 0.021009 
0.034975 0.016332 
0.030386 0.012713 
0.025989 0.007946 
0.021009 0.003530 
0.016332 0.000244 
0.012713 -0.003888 
0.007946 -0.006781 
0.003530 -0.009609 
0.000244 -0.012241 
-0.003888 -0.015582 
-0.006781 -0.018615 
-0.009609 -0.019817 
-0.012241 -0.022243 
-0.015582 -0.023997 
-0.018615 -0.026235 
-0.019817 -0.028032 
-0.022243 -0.028943 
-0.023997 -0.029957 
-0.026235 -0.030259 
-0.028032 -0.031234 
-0.028943 -0.031182 
-0.029957 -0.030772 
-0.030259 -0.029920 
-0.031234 -0.029671 
-0.031182 -0.029040 
-0.030772 -0.027692 
-0.029920 -0.027570 
-0.029671 -0.026296 
-0.029040 -0.025908 
-0.027692 -0.025489 
-0.027570 -0.024444 
-0.026296 -0.023637 
-0.025908 -0.022895 
-0.025489 -0.022893 
-0.024444 -0.022032 
-0.023637 -0.020823 
-0.022895 -0.020021 
-0.022893 -0.020136 
-0.022032 -0.019053 
-0.020823 -0.017371 
-0.020021 -0.017516 
-0.020136 -0.016836 
-0.019053 -0.015399 
-0.017371 -0.014583 
-0.017516 -0.012749 
-0.016836 -0.011435 
-0.015399 -0.009954 
-0.014583 -0.007604 
-0.012749 -0.007288 
-0.011435 -0.005460 
-0.009954 -0.003852 
-0.007604 -0.002641 
-0.007288 -0.000754 
-0.005460 -0.001015 
-0.003852 -0.000018 
-0.002641 0.000921 
-0.000754 0.000770 
-0.001015 0.000535 
-0.000018 0.000209 
0.000921 -0.001009 
0.000770 -0.001262 
0.000535 -0.000209 
0.000209 -0.000176 
-0.001009 0.000572 
-0.001262 0.000537 
-0.000209 0.000762 
-0.000176 0.000555 
0.000572 0.000841 
0.000537 0.002713 
0.000762 0.003736 
0.000555 0.005186 
0.000841 0.005825 
0.002713 0.007508 
0.003736 0.009695 
0.005186 0.010972 
0.005825 0.013423 
0.007508 0.015799 
0.009695 0.018453 
0.010972 0.021986 
0.013423 0.025682 
0.015799 0.030227 
0.018453 0.034022 
0.021986 0.036959 
0.025682 0.041114 
0.030227 0.044919 
0.034022 0.048513 
0.036959 0.051332 
0.041114 0.052645 
0.044919 0.053317 
0.048513 0.054232 
0.051332 0.054433 
0.052645 0.052299 
0.053317 0.050218 
0.054232 0.047321 
0.054433 0.043047 
0.052299 0.039265 
0.050218 0.035861 
0.047321 0.031720 
0.043047 0.027665 
0.039265 0.022099 
0.035861 0.016413 
0.031720 0.014424 
0.027665 0.010734 
0.022099 0.005765 
0.016413 0.001632 
0.014424 -0.001598 
0.010734 -0.004579 
0.005765 -0.008176 
0.001632 -0.010475 
-0.001598 -0.013904 
-0.004579 -0.016381 
-0.008176 -0.018158 
-0.010475 -0.020921 
-0.013904 -0.022513 
-0.016381 -0.024225 
-0.018158 -0.026837 
-0.020921 -0.028072 
-0.022513 -0.028143 
-0.024225 -0.029625 
-0.026837 -0.030358 
-0.028072 -0.030149 
-0.028143 -0.029736 
-0.029625 -0.028807 
-0.030358 -0.029305 
-0.030149 -0.029643 
-0.029736 -0.027903 
-0.028807 -0.027374 
-0.029305 -0.027811 
-0.029643 -0.026912 
-0.027903 -0.025746 
-0.027374 -0.024608 
-0.027811 -0.024516 
-0.026912 -0.023676 
-0.025746 -0.022889 
-0.024608 -0.022838 
-0.024516 -0.021349 
-0.023676 -0.020907 
-0.022889 -0.020558 
-0.022838 -0.019522 
-0.021349 -0.019417 
-0.020907 -0.018956 
-0.020558 -0.017977 
-0.019522 -0.017329 
-0.019417 -0.016276 
-0.018956 -0.014659 
-0.017977 -0.012874 
-0.017329 -0.010682 
-0.016276 -0.009287 
-0.014659 -0.009205 
-0.012874 -0.007639 
-0.010682 -0.005601 
-0.009287 -0.004732 
-0.009205 -0.002761 
-0.007639 -0.002022 
-0.005601 -0.002720 
-0.004732 -0.002083 
-0.002761 -0.001210 
-0.002022 -0.002087 
-0.002720 -0.002210 
-0.002083 -0.001208 
-0.001210 -0.002588 
-0.002087 -0.002397 
-0.002210 -0.002006 
-0.001208 -0.003028 
-0.002588 -0.002301 
-0.002397 -0.001493 
-0.002006 -0.000928 
-0.003028 -0.001656 
-0.002301 -0.001433 
-0.001493 -0.000039 
-0.000928 0.000639 
-0.001656 0.001984 
-0.001433 0.003619 
-0.000039 0.005807 
0.000639 0.007571 
0.001984 0.009458 
0.003619 0.012011 
0.005807 0.015261 
0.007571 0.019000 
0.009458 0.021689 
0.012011 0.025022 
0.015261 0.029982 
0.019000 0.034306 
0.021689 0.037679 
0.025022 0.041846 
0.029982 0.045114 
0.034306 0.047536 
0.037679 0.049894 
0.041846 0.051968 
0.045114 0.052545 
0.047536 0.051289 
0.049894 0.050272 
0.051968 0.048606 
0.052545 0.046272 
0.051289 0.042014 
0.050272 0.038637 
0.048606 0.035949 
0.046272 0.031211 
0.042014 0.026617 
0.038637 0.022854 
0.035949 0.019686 
0.031211 0.013943 
0.026617 0.009845 
0.022854 0.006659 
0.019686 0.001893 
0.013943 -0.001251 
0.009845 -0.003967 
0.006659 -0.007734 
0.001893 -0.011720 
-0.001251 -0.013360 
-0.003967 -0.017058 
-0.007734 -0.019489 
-0.011720 -0.021022 
-0.013360 -0.024075 
-0.017058 -0.025392 
-0.019489 -0.028312 
-0.021022 -0.029958 
-0.024075 -0.030729 
-0.025392 -0.031330 
-0.028312 -0.032080 
-0.029958 -0.032948 
-0.030729 -0.032561 
-0.031330 -0.031974 
-0.032080 -0.031940 
-0.032948 -0.032101 
-0.032561 -0.030885 
-0.031974 -0.030266 
-0.031940 -0.028709 
-0.032101 -0.028543 
-0.030885 -0.028494 
-0.030266 -0.026966 
-0.028709 -0.026698 
-0.028543 -0.025748 
-0.028494 -0.024759 
-0.026966 -0.024282 
-0.026698 -0.024853 
-0.025748 -0.024467 
-0.024759 -0.023624 
-0.024282 -0.021918 
-0.024853 -0.021219 
-0.024467 -0.021721 
-0.023624 -0.020466 
-0.021918 -0.019472 
-0.021219 -0.016700 
-0.021721 -0.015749 
-0.020466 -0.014603 
-0.019472 -0.011652 
-0.016700 -0.011148 
-0.015749 -0.009933 
-0.014603 -0.008139 
-0.011652 -0.006652 
-0.011148 -0.006037 
-0.009933 -0.005139 
-0.008139 -0.003569 
-0.006652 -0.003637 
-0.006037 -0.003617 
-0.005139 -0.002931 
-0.003569 -0.003226 
-0.003637 -0.003713 
-0.003617 -0.003891 
-0.002931 -0.004216 
-0.003226 -0.004127 
-0.003713 -0.003122 
-0.003891 -0.002968 
-0.004216 -0.003248 
-0.004127 -0.002507 
-0.003122 -0.001876 
-0.002968 -0.001061 
-0.003248 -0.000835 
-0.002507 -0.000572 
-0.001876 0.000234 
-0.001061 0.001316 
-0.000835 0.002310 
-0.000572 0.004187 
0.000234 0.006360 
0.001316 0.007443 
0.002310 0.010994 
0.004187 0.014089 
0.006360 0.016971 
0.007443 0.021558 
0.010994 0.025400 
0.014089 0.029407 
0.016971 0.033846 
0.021558 0.037786 
0.025400 0.041949 
0.029407 0.045603 
0.033846 0.048106 
0.037786 0.051063 
0.041949 0.051141 
0.045603 0.051548 
0.048106 0.051960 
0.051063 0.050551 
0.051141 0.049501 
0.051548 0.046967 
0.051960 0.045403 
0.050551 0.041690 
0.049501 0.036681 
0.046967 0.033278 
0.045403 0.029943 
0.041690 0.025793 
0.036681 0.021755 
0.033278 0.017661 
0.029943 0.013730 
0.025793 0.010241 
0.021755 0.004762 
0.017661 0.001239 
0.013730 -0.001673 
0.010241 -0.004394 
0.004762 -0.007575 
0.001239 -0.010651 
-0.001673 -0.012834 
-0.004394 -0.015929 
-0.007575 -0.018076 
-0.010651 -0.021073 
-0.012834 -0.021904 
-0.015929 -0.024041 
-0.018076 -0.026479 
-0.021073 -0.027489 
-0.021904 -0.028727 
-0.024041 -0.027895 
-0.026479 -0.029178 
-0.027489 -0.030319 
-0.028727 -0.030325 
-0.027895 -0.028908 
-0.029178 -0.028902 
-0.030319 -0.029095 
-0.030325 -0.026845 
-0.028908 -0.026907 
-0.028902 -0.026462 
-0.029095 -0.026328 
-0.026845 -0.025520 
-0.026907 -0.024344 
-0.026462 -0.024585 
-0.026328 -0.023819 
-0.025520 -0.023846 
-0.024344 -0.023188 
-0.024585 -0.022069 
-0.023819 -0.021366 
-0.023846 -0.021188 
-0.023188 -0.020658 
-0.022069 -0.019224 
-0.021366 -0.019124 
-0.021188 -0.017537 
-0.020658 -0.015801 
-0.019224 -0.014445 
-0.019124 -0.012253 
-0.017537 -0.011242 
-0.015801 -0.008779 
-0.014445 -0.007230 
-0.012253 -0.006898 
-0.011242 -0.004695 
-0.008779 -0.003839 
-0.007230 -0.002626 
-0.006898 -0.001966 
-0.004695 -0.002063 
-0.003839 -0.000207 
-0.002626 -0.000683 
-0.001966 -0.000289 
-0.002063 0.000211 
-0.000207 -0.001226 
-0.000683 -0.000970 
-0.000289 -0.000076 
0.000211 0.000465 
-0.001226 -0.000153 
-0.000970 0.000363 
-0.000076 0.000462 
0.000465 0.000991 
-0.000153 0.001891 
0.000363 0.001336 
0.000462 0.001817 
0.000991 0.002825 
0.001891 0.003531 
0.001336 0.004557 
0.001817 0.006477 
0.002825 0.007310 
0.003531 0.010160 
0.004557 0.012872 
0.006477 0.015565 
0.007310 0.018964 
0.010160 0.022559 
0.012872 0.028032 
0.015565 0.031140 
0.018964 0.035942 
0.022559 0.039462 
0.028032 0.043270 
0.031140 0.048302 
0.035942 0.050408 
0.039462 0.053043 
0.043270 0.054459 
0.048302 0.054981 
0.050408 0.054453 
0.053043 0.053294 
0.054459 0.052538 
0.054981 0.050716 
0.054453 0.046717 
0.053294 0.044474 
0.052538 0.041858 
0.050716 0.036954 
0.046717 0.033348 
0.044474 0.029734 
0.041858 0.025265 
0.036954 0.020938 
0.033348 0.017840 
0.029734 0.014100 
0.025265 0.010726 
0.020938 0.006738 
0.017840 0.003350 
0.014100 -0.001061 
0.010726 -0.004366 
0.006738 -0.006826 
0.003350 -0.011258 
-0.001061 -0.013084 
-0.004366 -0.017276 
-0.006826 -0.019317 
-0.011258 -0.021616 
-0.013084 -0.023213 
-0.017276 -0.022739 
-0.019317 -0.025468 
-0.021616 -0.026214 
-0.023213 -0.027285 
-0.022739 -0.027750 
-0.025468 -0.028338 
-0.026214 -0.028357 
-0.027285 -0.028728 
-0.027750 -0.028769 
-0.028338 -0.027886 
-0.028357 -0.028187 
-0.028728 -0.027438 
-0.028769 -0.027443 
-0.027886 -0.026484 
-0.028187 -0.025451 
-0.027438 -0.024757 
-0.027443 -0.023905 
-0.026484 -0.023815 
-0.025451 -0.023893 
-0.024757 -0.022898 
-0.023905 -0.022401 
-0.023815 -0.022556 
-0.023893 -0.022399 
-0.022898 -0.021743 
-0.022401 -0.020756 
-0.022556 -0.020548 
-0.022399 -0.018282 
-0.021743 -0.017087 
-0.020756 -0.015622 
-0.020548 -0.014090 
-0.018282 -0.012212 
-0.017087 -0.009327 
-0.015622 -0.009035 
-0.014090 -0.007431 
-0.012212 -0.006335 
-0.009327 -0.005505 
-0.009035 -0.003755 
-0.007431 -0.002274 
-0.006335 -0.002168 
-0.005505 -0.002510 
-0.003755 -0.002267 
-0.002274 -0.003009 
-0.002168 -0.003080 
-0.002510 -0.003116 
-0.002267 -0.002823 
-0.003009 -0.002351 
-0.003080 -0.003119 
-0.003116 -0.003296 
-0.002823 -0.002070 
-0.002351 -0.001276 
-0.003119 -0.001010 
-0.003296 -0.001787 
-0.002070 -0.001381 
-0.001276 -0.001093 
-0.001010 -0.000784 
-0.001787 0.001712 
-0.001381 0.001510 
-0.001093 0.002190 
-0.000784 0.003794 
0.001712 0.005969 
0.001510 0.008740 
0.002190 0.010784 
0.003794 0.015231 
0.005969 0.018492 
0.008740 0.021943 
0.010784 0.027241 
0.015231 0.032151 
0.018492 0.036241 
0.021943 0.039979 
0.027241 0.044180 
0.032151 0.046734 
0.036241 0.047934 
0.039979 0.050548 
0.044180 0.051478 
0.046734 0.050915 
0.047934 0.052007 
0.050548 0.050630 
0.051478 0.047948 
0.050915 0.046338 
0.052007 0.043701 
0.050630 0.039412 
0.047948 0.035502 
0.046338 0.032930 
0.043701 0.028826 
0.039412 0.024005 
0.035502 0.020345 
0.032930 0.016579 
0.028826 0.012695 
0.024005 0.010087 
0.020345 0.007019 
0.016579 0.002255 
0.012695 -0.001167 
0.010087 -0.004446 
0.007019 -0.008932 
0.002255 -0.011791 
-0.001167 -0.015319 
-0.004446 -0.017287 
-0.008932 -0.018897 
-0.011791 -0.023027 
-0.015319 -0.023317 
-0.017287 -0.024835 
-0.018897 -0.027421 
-0.023027 -0.028106 
-0.023317 -0.030200 
-0.024835 -0.030344 
-0.027421 -0.030440 
-0.028106 -0.031894 
-0.030200 -0.031323 
-0.030344 -0.029990 
-0.030440 -0.030838 
-0.031894 -0.030598 
-0.031323 -0.029943 
-0.029990 -0.030262 
-0.030838 -0.029307 
-0.030598 -0.029139 
-0.029943 -0.028335 
-0.030262 -0.027324 
-0.029307 -0.027173 
-0.029139 -0.027663 
-0.028335 -0.027793 
-0.027324 -0.027122 
-0.027173 -0.026508 
-0.027663 -0.024668 
-0.027793 -0.025047 
-0.027122 -0.024188 
-0.026508 -0.021739 
-0.024668 -0.022254 
-0.025047 -0.020760 
-0.024188 -0.018959 
-0.021739 -0.017566 
-0.022254 -0.015833 
-0.020760 -0.014352 
-0.018959 -0.011839 
-0.017566 -0.011047 
-0.015833 -0.009388 
-0.014352 -0.008481 
-0.011839 -0.008526 
-0.011047 -0.007128 
-0.009388 -0.007381 
-0.008481 -0.006532 
-0.008526 -0.006307 
-0.007128 -0.006108 
-0.007381 -0.004861 
-0.006532 -0.005202 
-0.006307 -0.005472 
-0.006108 -0.006049 
-0.004861 -0.005816 
-0.005202 -0.005360 
-0.005472 -0.005097 
-0.006049 -0.005513 
-0.005816 -0.005052 
-0.005360 -0.004235 
-0.005097 -0.004706 
-0.005513 -0.003478 
-0.005052 -0.003428 
-0.004235 -0.002704 
-0.004706 -0.001712 
-0.003478 -0.000978 
-0.003428 0.000882 
-0.002704 0.002333 
-0.001712 0.005998 
-0.000978 0.008286 
0.000882 0.011807 
0.002333 0.016463 
0.005998 0.020085 
0.008286 0.025552 
0.011807 0.029141 
0.016463 0.033822 
0.020085 0.038138 
0.025552 0.041767 
0.029141 0.045702 
0.033822 0.047156 
0.038138 0.049678 
0.041767 0.051040 
0.045702 0.051300 
0.047156 0.049887 
0.049678 0.048922 
0.051040 0.048855 
0.051300 0.045681 
0.049887 0.043233 
0.048922 0.040010 
0.048855 0.037051 
0.045681 0.033470 
0.043233 0.029550 
0.040010 0.026008 
0.037051 0.021211 
0.033470 0.018320 
0.029550 0.014698 
0.026008 0.011511 
0.021211 0.007674 
0.018320 0.004053 
0.014698 0.001284 
0.011511 -0.003762 
0.007674 -0.006713 
0.004053 -0.009096 
0.001284 -0.012836 
-0.003762 -0.015007 
-0.006713 -0.017102 
-0.009096 -0.019786 
-0.012836 -0.021497 
-0.015007 -0.023702 
-0.017102 -0.025291 
-0.019786 -0.027260 
-0.021497 -0.028407 
-0.023702 -0.028177 
-0.025291 -0.029203 
-0.027260 -0.029391 
-0.028407 -0.029830 
-0.028177 -0.029433 
-0.029203 -0.028474 
-0.029391 -0.027751 
-0.029830 -0.027294 
-0.029433 -0.026519 
-0.028474 -0.025374 
-0.027751 -0.025770 
-0.027294 -0.025833 
-0.026519 -0.025616 
-0.025374 -0.024930 
-0.025770 -0.024503 
-0.025833 -0.024135 
-0.025616 -0.023924 
-0.024930 -0.023485 
-0.024503 -0.022646 
-0.024135 -0.022079 
-0.023924 -0.020320 
-0.023485 -0.019979 
-0.022646 -0.019815 
-0.022079 -0.017691 
-0.020320 -0.015623 
-0.019979 -0.014245 
-0.019815 -0.013312 
-0.017691 -0.011506 
-0.015623 -0.009997 
-0.014245 -0.008888 
-0.013312 -0.006192 
-0.011506 -0.005600 
-0.009997 -0.005045 
-0.008888 -0.003944 
-0.006192 -0.004388 
-0.005600 -0.003232 
-0.005045 -0.003715 
-0.003944 -0.003773 
-0.004388 -0.002682 
-0.003232 -0.003541 
-0.003715 -0.003311 
-0.003773 -0.001279 
-0.002682 -0.001136 
-0.003541 -0.001551 
-0.003311 -0.001344 
-0.001279 -0.001678 
-0.001136 -0.000543 
-0.001551 -0.001563 
-0.001344 -0.001474 
-0.001678 -0.000851 
-0.000543 -0.001477 
-0.001563 -0.000758 
-0.001474 -0.000686 
-0.000851 0.001401 
-0.001477 0.002165 
-0.000758 0.003919 
-0.000686 0.007695 
0.001401 0.010371 
0.002165 0.014797 
0.003919 0.018530 
0.007695 0.022275 
0.010371 0.027091 
0.014797 0.031879 
0.018530 0.036415 
0.022275 0.039379 
0.027091 0.042329 
0.031879 0.045800 
0.036415 0.049061 
0.039379 0.052159 
0.042329 0.053949 
0.045800 0.053904 
0.049061 0.052892 
0.052159 0.052888 
0.053949 0.052037 
0.053904 0.049524 
0.052892 0.047089 
0.052888 0.044550 
0.052037 0.041481 
0.049524 0.037936 
0.047089 0.034573 
0.044550 0.030108 
0.041481 0.026649 
0.037936 0.023408 
0.034573 0.019133 
0.030108 0.016021 
0.026649 0.012450 
0.023408 0.008724 
0.019133 0.004537 
0.016021 0.000655 
0.012450 -0.001691 
0.008724 -0.005331 
0.004537 -0.008709 
0.000655 -0.011278 
-0.001691 -0.014599 
-0.005331 -0.016432 
-0.008709 -0.019132 
-0.011278 -0.021616 
-0.014599 -0.022640 
-0.016432 -0.024192 
-0.019132 -0.025167 
-0.021616 -0.026120 
-0.022640 -0.026754 
-0.024192 -0.027085 
-0.025167 -0.026867 
-0.026120 -0.027498 
-0.026754 -0.027851 
-0.027085 -0.027035 
-0.026867 -0.026236 
-0.027498 -0.026561 
-0.027851 -0.026804 
-0.027035 -0.025873 
-0.026236 -0.025977 
-0.026561 -0.024294 
-0.026804 -0.023781 
-0.025873 -0.024109 
-0.025977 -0.023639 
-0.024294 -0.024091 
-0.023781 -0.023651 
-0.024109 -0.022923 
-0.023639 -0.021927 
-0.024091 -0.021358 
-0.023651 -0.020871 
-0.022923 -0.020530 
-0.021927 -0.018601 
-0.021358 -0.015799 
-0.020871 -0.015307 
-0.020530 -0.014571 
-0.018601 -0.011544 
-0.015799 -0.009793 
-0.015307 -0.008560 
-0.014571 -0.007773 
-0.011544 -0.007168 
-0.009793 -0.005529 
-0.008560 -0.006152 
-0.007773 -0.004940 
-0.007168 -0.005181 
-0.005529 -0.004924 
-0.006152 -0.004061 
-0.004940 -0.004836 
-0.005181 -0.003608 
-0.004924 -0.004404 
-0.004061 -0.003513 
-0.004836 -0.004011 
-0.003608 -0.003783 
-0.004404 -0.003141 
-0.003513 -0.003519 
-0.004011 -0.003358 
-0.003783 -0.005450 
-0.003141 -0.003619 
-0.003519 -0.004259 
-0.003358 -0.004272 
-0.005450 -0.002938 
-0.003619 -0.003765 
-0.004259 -0.001754 
-0.004272 -0.001042 
-0.002938 0.001635 
-0.003765 0.004574 
-0.001754 0.007412 
-0.001042 0.011425 
0.001635 0.014727 
0.004574 0.019443 
0.007412 0.023354 
0.011425 0.028184 
0.014727 0.031917 
0.019443 0.036260 
0.023354 0.041620 
0.028184 0.043267 
0.031917 0.046428 
0.036260 0.049758 
0.041620 0.051237 
0.043267 0.051306 
0.046428 0.051056 
0.049758 0.050952 
0.051237 0.049457 
0.051306 0.048422 
0.051056 0.046141 
0.050952 0.043243 
0.049457 0.039653 
0.048422 0.036274 
0.046141 0.033856 
0.043243 0.030465 
0.039653 0.027407 
0.036274 0.023807 
0.033856 0.019068 
0.030465 0.015173 
0.027407 0.012105 
0.023807 0.007406 
0.019068 0.003219 
0.015173 0.000760 
0.012105 -0.002916 
0.007406 -0.006887 
0.003219 -0.009307 
0.000760 -0.012433 
-0.002916 -0.015964 
-0.006887 -0.018054 
-0.009307 -0.019370 
-0.012433 -0.021173 
-0.015964 -0.024246 
-0.018054 -0.025171 
-0.019370 -0.026040 
-0.021173 -0.027120 
-0.024246 -0.026561 
-0.025171 -0.028315 
-0.026040 -0.029209 
-0.027120 -0.028183 
-0.026561 -0.028121 
-0.028315 -0.027952 
-0.029209 -0.027765 
-0.028183 -0.027483 
-0.028121 -0.027244 
-0.027952 -0.026984 
-0.027765 -0.026250 
-0.027483 -0.026934 
-0.027244 -0.027530 
-0.026984 -0.027836 
-0.026250 -0.028311 
-0.026934 -0.027726 
-0.027530 -0.027298 
-0.027836 -0.026454 
-0.028311 -0.026187 
-0.027726 -0.025920 
-0.027298 -0.024563 
-0.026454 -0.023401 
-0.026187 -0.022516 
-0.025920 -0.020647 
-0.024563 -0.018035 
-0.023401 -0.016715 
-0.022516 -0.015819 
-0.020647 -0.014140 
-0.018035 -0.011895 
-0.016715 -0.010943 
-0.015819 -0.010212 
-0.014140 -0.008644 
-0.011895 -0.007552 
-0.010943 -0.006461 
-0.010212 -0.006916 
-0.008644 -0.006877 
-0.007552 -0.005543 
-0.006461 -0.006056 
-0.006916 -0.005864 
-0.006877 -0.005777 
-0.005543 -0.005539 
-0.006056 -0.003860 
-0.005864 -0.004394 
-0.005777 -0.004943 
-0.005539 -0.004633 
-0.003860 -0.004227 
-0.004394 -0.005089 
-0.004943 -0.005720 
-0.004633 -0.004098 
-0.004227 -0.003689 
-0.005089 -0.003830 
-0.005720 -0.004497 
-0.004098 -0.003060 
-0.003689 -0.001180 
-0.003830 -0.000426 
-0.004497 0.003106 
-0.003060 0.006158 
-0.001180 0.009442 
-0.000426 0.013604 
0.003106 0.017205 
0.006158 0.021947 
0.009442 0.027913 
0.013604 0.032162 
0.017205 0.034740 
0.021947 0.039538 
0.027913 0.043392 
0.032162 0.046458 
0.034740 0.050482 
0.039538 0.051502 
0.043392 0.051681 
0.046458 0.051961 
0.050482 0.052029 
0.051502 0.051369 
0.051681 0.048443 
0.051961 0.046686 
0.052029 0.044527 
0.051369 0.041547 
0.048443 0.039076 
0.046686 0.034197 
0.044527 0.030614 
0.041547 0.028581 
0.039076 0.024087 
0.034197 0.020792 
0.030614 0.017296 
0.028581 0.012678 
0.024087 0.009656 
0.020792 0.005506 
0.017296 0.002176 
0.012678 -0.000803 
0.009656 -0.004564 
0.005506 -0.007328 
0.002176 -0.010282 
-0.000803 -0.013503 
-0.004564 -0.016286 
-0.007328 -0.018525 
-0.010282 -0.020935 
-0.013503 -0.021790 
-0.016286 -0.024511 
-0.018525 -0.027401 
-0.020935 -0.026460 
-0.021790 -0.027588 
-0.024511 -0.028731 
-0.027401 -0.028240 
-0.026460 -0.028167 
-0.027588 -0.028220 
-0.028731 -0.028633 
-0.028240 -0.028660 
-0.028167 -0.028105 
-0.028220 -0.026939 
-0.028633 -0.026726 
-0.028660 -0.026616 
-0.028105 -0.027076 
-0.026939 -0.028164 
-0.026726 -0.027406 
-0.026616 -0.027528 
-0.027076 -0.027310 
-0.028164 -0.026660 
-0.027406 -0.027560 
-0.027528 -0.026931 
-0.027310 -0.025393 
-0.026660 -0.024725 
-0.027560 -0.023441 
-0.026931 -0.020764 
-0.025393 -0.020344 
-0.024725 -0.019574 
-0.023441 -0.016581 
-0.020764 -0.014862 
-0.020344 -0.012884 
-0.019574 -0.012822 
-0.016581 -0.012461 
-0.014862 -0.010168 
-0.012884 -0.009441 
-0.012822 -0.009085 
-0.012461 -0.008759 
-0.010168 -0.008639 
-0.009441 -0.008843 
-0.009085 -0.008086 
-0.008759 -0.006199 
-0.008639 -0.005531 
-0.008843 -0.006416 
-0.008086 -0.006236 
-0.006199 -0.004504 
-0.005531 -0.004823 
-0.006416 -0.006210 
-0.006236 -0.005446 
-0.004504 -0.005832 
-0.004823 -0.006729 
-0.006210 -0.005728 
-0.005446 -0.005950 
-0.005832 -0.005790 
-0.006729 -0.005877 
-0.005728 -0.005726 
-0.005950 -0.004790 
-0.005790 -0.003506 
-0.005877 0.000134 
-0.005726 0.002006 
-0.004790 0.004160 
-0.003506 0.007206 
0.000134 0.011553 
0.002006 0.017364 
0.004160 0.020645 
0.007206 0.025590 
0.011553 0.030421 
0.017364 0.034595 
0.020645 0.038878 
0.025590 0.042631 
0.030421 0.047360 
0.034595 0.049362 
0.038878 0.051142 
0.042631 0.052232 
0.047360 0.051671 
0.049362 0.052250 
0.051142 0.051502 
0.052232 0.050776 
0.051671 0.049298 
0.052250 0.046794 
0.051502 0.044398 
0.050776 0.041323 
0.049298 0.039520 
0.046794 0.035633 
0.044398 0.031017 
0.041323 0.028694 
0.039520 0.024954 
0.035633 0.020945 
0.031017 0.017805 
0.028694 0.013931 
0.024954 0.009816 
0.020945 0.006565 
0.017805 0.002745 
0.013931 -0.000485 
0.009816 -0.003662 
0.006565 -0.007872 
0.002745 -0.010621 
-0.000485 -0.013017 
-0.003662 -0.015667 
-0.007872 -0.018505 
-0.010621 -0.019805 
-0.013017 -0.021558 
-0.015667 -0.022897 
-0.018505 -0.023790 
-0.019805 -0.025728 
-0.021558 -0.024854 
-0.022897 -0.026210 
-0.023790 -0.027071 
-0.025728 -0.026115 
-0.024854 -0.026678 
-0.026210 -0.026851 
-0.027071 -0.027231 
-0.026115 -0.026616 
-0.026678 -0.026205 
-0.026851 -0.026521 
-0.027231 -0.027465 
-0.026616 -0.027733 
-0.026205 -0.027456 
-0.026521 -0.027783 
-0.027465 -0.028078 
-0.027733 -0.027782 
-0.027456 -0.027901 
-0.027783 -0.026502 
-0.028078 -0.024326 
-0.027782 -0.024481 
-0.027901 -0.022929 
-0.026502 -0.022131 
-0.024326 -0.020804 
-0.024481 -0.018944 
-0.022929 -0.018008 
-0.022131 -0.016480 
-0.020804 -0.014989 
-0.018944 -0.012606 
-0.018008 -0.012007 
-0.016480 -0.010848 
-0.014989 -0.010277 
-0.012606 -0.010695 
-0.012007 -0.009231 
-0.010848 -0.006912 
-0.010277 -0.006918 
-0.010695 -0.006916 
-0.009231 -0.006381 
-0.006912 -0.007175 
-0.006918 -0.005246 
-0.006916 -0.005218 
-0.006381 -0.004954 
-0.007175 -0.004287 
-0.005246 -0.005179 
-0.005218 -0.004809 
-0.004954 -0.004391 
-0.004287 -0.004491 
-0.005179 -0.004789 
-0.004809 -0.005263 
-0.004391 -0.006694 
-0.004491 -0.005734 
-0.004789 -0.005628 
-0.005263 -0.004587 
-0.006694 -0.003953 
-0.005734 -0.003281 
-0.005628 0.000591 
-0.004587 0.002610 
-0.003953 0.006822 
-0.003281 0.010551 
0.000591 0.015539 
0.002610 0.020871 
0.006822 0.024852 
0.010551 0.030492 
0.015539 0.033808 
0.020871 0.037516 
0.024852 0.041687 
0.030492 0.045482 
0.033808 0.047708 
0.037516 0.049156 
0.041687 0.051711 
0.045482 0.052891 
0.047708 0.052830 
0.049156 0.051730 
0.051711 0.050260 
0.052891 0.049079 
0.052830 0.046916 
0.051730 0.044809 
0.050260 0.043236 
0.049079 0.041063 
0.046916 0.037573 
0.044809 0.033026 
0.043236 0.029932 
0.041063 0.026740 
0.037573 0.023273 
0.033026 0.019466 
0.029932 0.015516 
0.026740 0.012884 
0.023273 0.009067 
0.019466 0.005002 
0.015516 0.002124 
0.012884 -0.001188 
0.009067 -0.005494 
0.005002 -0.008427 
0.002124 -0.011588 
-0.001188 -0.014555 
-0.005494 -0.016093 
-0.008427 -0.018512 
-0.011588 -0.021118 
-0.014555 -0.022771 
-0.016093 -0.023042 
-0.018512 -0.024914 
-0.021118 -0.025965 
-0.022771 -0.025281 
-0.023042 -0.025652 
-0.024914 -0.025401 
-0.025965 -0.025546 
-0.025281 -0.025982 
-0.025652 -0.026044 
-0.025401 -0.026593 
-0.025546 -0.026537 
-0.025982 -0.026453 
-0.026044 -0.027309 
-0.026593 -0.026584 
-0.026537 -0.027204 
-0.026453 -0.028303 
-0.027309 -0.027615 
-0.026584 -0.028622 
-0.027204 -0.028163 
-0.028303 -0.027089 
-0.027615 -0.026566 
-0.028622 -0.024815 
-0.028163 -0.023263 
-0.027089 -0.022527 
-0.026566 -0.021919 
-0.024815 -0.020220 
-0.023263 -0.019239 
-0.022527 -0.018678 
-0.021919 -0.016653 
-0.020220 -0.014250 
-0.019239 -0.013397 
-0.018678 -0.013016 
-0.016653 -0.011331 
-0.014250 -0.011269 
-0.013397 -0.011032 
-0.013016 -0.008863 
-0.011331 -0.008731 
-0.011269 -0.008328 
-0.011032 -0.007638 
-0.008863 -0.007680 
-0.008731 -0.006414 
-0.008328 -0.006198 
-0.007638 -0.006241 
-0.007680 -0.006202 
-0.006414 -0.006515 
-0.006198 -0.006306 
-0.006241 -0.006576 
-0.006202 -0.007427 
-0.006515 -0.007987 
-0.006306 -0.008212 
-0.006576 -0.008682 
-0.007427 -0.007756 
-0.007987 -0.007482 
-0.008212 -0.008017 
-0.008682 -0.006475 
-0.007756 -0.004673 
-0.007482 -0.002415 
-0.008017 0.001153 
-0.006475 0.004681 
-0.004673 0.007325 
-0.002415 0.011980 
0.001153 0.017404 
0.004681 0.020927 
0.007325 0.026426 
0.011980 0.031430 
0.017404 0.035331 
0.020927 0.039772 
0.026426 0.042279 
0.031430 0.045059 
0.035331 0.047143 
0.039772 0.048414 
0.042279 0.049797 
0.045059 0.050094 
0.047143 0.050303 
0.048414 0.049152 
0.049797 0.047809 
0.050094 0.046465 
0.050303 0.044472 
0.049152 0.041951 
0.047809 0.038005 
0.046465 0.035054 
0.044472 0.032929 
0.041951 0.029778 
0.038005 0.025606 
0.035054 0.022259 
0.032929 0.019640 
0.029778 0.015930 
0.025606 0.012282 
0.022259 0.007921 
0.019640 0.004248 
0.015930 0.001629 
0.012282 -0.003116 
0.007921 -0.006605 
0.004248 -0.009105 
0.001629 -0.012172 
-0.003116 -0.014539 
-0.006605 -0.018322 
-0.009105 -0.020513 
-0.012172 -0.021320 
-0.014539 -0.023155 
-0.018322 -0.024444 
-0.020513 -0.025610 
-0.021320 -0.026595 
-0.023155 -0.026447 
-0.024444 -0.025875 
-0.025610 -0.026543 
-0.026595 -0.026674 
-0.026447 -0.026330 
-0.025875 -0.027081 
-0.026543 -0.027371 
-0.026674 -0.025909 
-0.026330 -0.026962 
-0.027081 -0.029394 
-0.027371 -0.028300 
-0.025909 -0.028499 
-0.026962 -0.028629 
-0.029394 -0.028375 
-0.028300 -0.028868 
-0.028499 -0.028232 
-0.028629 -0.028202 
-0.028375 -0.027295 
-0.028868 -0.025641 
-0.028232 -0.024216 
-0.028202 -0.023584 
-0.027295 -0.021983 
-0.025641 -0.020401 
-0.024216 -0.019450 
-0.023584 -0.017053 
-0.021983 -0.014914 
-0.020401 -0.013160 
-0.019450 -0.012824 
-0.017053 -0.012730 
-0.014914 -0.011679 
-0.013160 -0.011006 
-0.012824 -0.010755 
-0.012730 -0.009791 
-0.011679 -0.008485 
-0.011006 -0.008220 
-0.010755 -0.007005 
-0.009791 -0.006144 
-0.008485 -0.006773 
-0.008220 -0.005719 
-0.007005 -0.004968 
-0.006144 -0.005737 
-0.006773 -0.005514 
-0.005719 -0.006385 
-0.004968 -0.006986 
-0.005737 -0.006983 
-0.005514 -0.008016 
-0.006385 -0.007954 
-0.006986 -0.009516 
-0.006983 -0.010206 
-0.008016 -0.008703 
-0.007954 -0.008717 
-0.009516 -0.007609 
-0.010206 -0.006071 
-0.008703 -0.004277 
-0.008717 -0.000521 
-0.007609 0.003016 
-0.006071 0.006412 
-0.004277 0.011347 
-0.000521 0.016337 
0.003016 0.020785 
0.006412 0.025888 
0.011347 0.030351 
0.016337 0.035122 
0.020785 0.039490 
0.025888 0.042415 
0.030351 0.045027 
0.035122 0.047623 
0.039490 0.050082 
0.042415 0.050147 
0.045027 0.050751 
0.047623 0.051234 
0.050082 0.050122 
0.050147 0.048952 
0.050751 0.047125 
0.051234 0.045573 
0.050122 0.043196 
0.048952 0.041311 
0.047125 0.038458 
0.045573 0.034783 
0.043196 0.031525 
0.041311 0.028854 
0.038458 0.026472 
0.034783 0.022633 
0.031525 0.018806 
0.028854 0.014009 
0.026472 0.011028 
0.022633 0.008083 
0.018806 0.004083 
0.014009 0.000309 
0.011028 -0.003492 
0.008083 -0.006672 
0.004083 -0.010693 
0.000309 -0.012550 
-0.003492 -0.015288 
-0.006672 -0.017731 
-0.010693 -0.019344 
-0.012550 -0.021695 
-0.015288 -0.022052 
-0.017731 -0.022946 
-0.019344 -0.023819 
-0.021695 -0.024688 
-0.022052 -0.025034 
-0.022946 -0.024587 
-0.023819 -0.024375 
-0.024688 -0.024906 
-0.025034 -0.025940 
-0.024587 -0.026215 
-0.024375 -0.025971 
-0.024906 -0.026535 
-0.025940 -0.027468 
-0.026215 -0.027292 
-0.025971 -0.027488 
-0.026535 -0.028340 
-0.027468 -0.029116 
-0.027292 -0.028166 
-0.027488 -0.027937 
-0.028340 -0.027354 
-0.029116 -0.025342 
-0.028166 -0.025449 
-0.027937 -0.023784 
-0.027354 -0.021748 
-0.025342 -0.020761 
-0.025449 -0.019088 
-0.023784 -0.018649 
-0.021748 -0.017534 
-0.020761 -0.015546 
-0.019088 -0.014560 
-0.018649 -0.013425 
-0.017534 -0.013423 
-0.015546 -0.012615 
-0.014560 -0.010806 
-0.013425 -0.010796 
-0.013423 -0.009879 
-0.012615 -0.008973 
-0.010806 -0.007489 
-0.010796 -0.007456 
-0.009879 -0.007882 
-0.008973 -0.005442 
-0.007489 -0.004848 
-0.007456 -0.005250 
-0.007882 -0.005331 
-0.005442 -0.005043 
-0.004848 -0.005087 
-0.005250 -0.006270 
-0.005331 -0.007364 
-0.005043 -0.007884 
-0.005087 -0.008190 
-0.006270 -0.008892 
-0.007364 -0.009436 
-0.007884 -0.009277 
-0.008190 -0.008429 
-0.008892 -0.008131 
-0.009436 -0.006531 
-0.009277 -0.003438 
-0.008429 -0.000913 
-0.008131 0.002493 
-0.006531 0.006962 
-0.003438 0.011077 
-0.000913 0.015265 
0.002493 0.019746 
0.006962 0.023878 
0.011077 0.028086 
0.015265 0.032611 
0.019746 0.036898 
0.023878 0.040470 
0.028086 0.043865 
0.032611 0.046370 
0.036898 0.048059 
0.040470 0.049563 
0.043865 0.050543 
0.046370 0.051526 
0.048059 0.051551 
0.049563 0.049889 
0.050543 0.048740 
0.051526 0.047898 
0.051551 0.045858 
0.049889 0.043050 
0.048740 0.039698 
0.047898 0.037440 
0.045858 0.033797 
0.043050 0.030320 
0.039698 0.028911 
0.037440 0.025624 
0.033797 0.021480 
0.030320 0.017512 
0.028911 0.014279 
0.025624 0.010601 
0.021480 0.007405 
0.017512 0.004212 
0.014279 0.000192 
0.010601 -0.003519 
0.007405 -0.007071 
0.004212 -0.008904 
0.000192 -0.012103 
-0.003519 -0.014793 
-0.007071 -0.015830 
-0.008904 -0.017936 
-0.012103 -0.019130 
-0.014793 -0.020308 
-0.015830 -0.021368 
-0.017936 -0.021510 
-0.019130 -0.022730 
-0.020308 -0.022648 
-0.021368 -0.022353 
-0.021510 -0.023838 
-0.022730 -0.023331 
-0.022648 -0.023330 
-0.022353 -0.024227 
-0.023838 -0.024645 
-0.023331 -0.025228 
-0.023330 -0.026237 
-0.024227 -0.026965 
-0.024645 -0.026827 
-0.025228 -0.027065 
-0.026237 -0.026851 
-0.026965 -0.026604 
-0.026827 -0.024971 
-0.027065 -0.024324 
-0.026851 -0.023866 
-0.026604 -0.022629 
-0.024971 -0.021974 
-0.024324 -0.020222 
-0.023866 -0.019033 
-0.022629 -0.017511 
-0.021974 -0.017215 
-0.020222 -0.015793 
-0.019033 -0.013907 
-0.017511 -0.013827 
-0.017215 -0.013039 
-0.015793 -0.012030 
-0.013907 -0.010953 
-0.013827 -0.011187 
-0.013039 -0.009744 
-0.012030 -0.008872 
-0.010953 -0.008480 
-0.011187 -0.006386 
-0.009744 -0.006764 
-0.008872 -0.006251 
-0.008480 -0.004802 
-0.006386 -0.004875 
-0.006764 -0.005006 
-0.006251 -0.005150 
-0.004802 -0.005957 
-0.004875 -0.007178 
-0.005006 -0.008581 
-0.005150 -0.010084 
-0.005957 -0.010346 
-0.007178 -0.011114 
-0.008581 -0.011919 
-0.010084 -0.010836 
-0.010346 -0.010724 
-0.011114 -0.010125 
-0.011919 -0.007905 
-0.010836 -0.005958 
-0.010724 -0.003727 
-0.010125 -0.000663 
-0.007905 0.003944 
-0.005958 0.008542 
-0.003727 0.012478 
-0.000663 0.017176 
0.003944 0.022201 
0.008542 0.026919 
0.012478 0.031211 
0.017176 0.034281 
0.022201 0.037086 
0.026919 0.040958 
0.031211 0.044099 
0.034281 0.046716 
0.037086 0.048745 
0.040958 0.049267 
0.044099 0.049662 
0.046716 0.049815 
0.048745 0.049108 
0.049267 0.047236 
0.049662 0.046215 
0.049815 0.045374 
0.049108 0.042406 
0.047236 0.040996 
0.046215 0.039210 
0.045374 0.035622 
0.042406 0.032015 
0.040996 0.028413 
0.039210 0.025757 
0.035622 0.021983 
0.032015 0.019162 
0.028413 0.015312 
0.025757 0.010292 
0.021983 0.007972 
0.019162 0.004175 
0.015312 -0.000209 
0.010292 -0.003140 
0.007972 -0.007018 
0.004175 -0.009197 
-0.000209 -0.010770 
-0.003140 -0.014818 
-0.007018 -0.015975 
-0.009197 -0.017909 
-0.010770 -0.020229 
-0.014818 -0.020128 
-0.015975 -0.021359 
-0.017909 -0.022003 
-0.020229 -0.023277 
-0.020128 -0.023074 
-0.021359 -0.022987 
-0.022003 -0.023754 
-0.023277 -0.024328 
-0.023074 -0.024701 
-0.022987 -0.025155 
-0.023754 -0.026368 
-0.024328 -0.026327 
-0.024701 -0.027478 
-0.025155 -0.026820 
-0.026368 -0.027066 
-0.026327 -0.027431 
-0.027478 -0.026087 
-0.026820 -0.026621 
-0.027066 -0.026598 
-0.027431 -0.025742 
-0.026087 -0.024544 
-0.026621 -0.023731 
-0.026598 -0.022711 
-0.025742 -0.021872 
-0.024544 -0.019542 
-0.023731 -0.019016 
-0.022711 -0.018302 
-0.021872 -0.016561 
-0.019542 -0.016393 
-0.019016 -0.014869 
-0.018302 -0.015020 
-0.016561 -0.013893 
-0.016393 -0.013212 
-0.014869 -0.012072 
-0.015020 -0.010267 
-0.013893 -0.009983 
-0.013212 -0.009420 
-0.012072 -0.009158 
-0.010267 -0.007877 
-0.009983 -0.007155 
-0.009420 -0.006680 
-0.009158 -0.008077 
-0.007877 -0.007883 
-0.007155 -0.006753 
-0.006680 -0.007287 
-0.008077 -0.008138 
-0.007883 -0.008862 
-0.006753 -0.009436 
-0.007287 -0.011834 
-0.008138 -0.011812 
-0.008862 -0.012007 
-0.009436 -0.013052 
-0.011834 -0.012633 
-0.011812 -0.010665 
-0.012007 -0.009535 
-0.013052 -0.007470 
-0.012633 -0.002444 
-0.010665 -0.000497 
-0.009535 0.002374 
-0.007470 0.006403 
-0.002444 0.010759 
-0.000497 0.015523 
0.002374 0.020874 
0.006403 0.025785 
0.010759 0.028956 
0.015523 0.034210 
0.020874 0.037628 
0.025785 0.040707 
0.028956 0.044239 
0.034210 0.046355 
0.037628 0.047802 
0.040707 0.048644 
0.044239 0.049638 
0.046355 0.049082 
0.047802 0.048310 
0.048644 0.047757 
0.049638 0.046796 
0.049082 0.045350 
0.048310 0.043094 
0.047757 0.040837 
0.046796 0.038989 
0.045350 0.036114 
0.043094 0.032892 
0.040837 0.030631 
0.038989 0.027563 
0.036114 0.023939 
0.032892 0.020265 
0.030631 0.016457 
0.027563 0.012396 
0.023939 0.008806 
0.020265 0.005309 
0.016457 0.001697 
0.012396 -0.001256 
0.008806 -0.004845 
0.005309 -0.007182 
0.001697 -0.009992 
-0.001256 -0.014075 
-0.004845 -0.015972 
-0.007182 -0.018312 
-0.009992 -0.019988 
-0.014075 -0.020081 
-0.015972 -0.021527 
-0.018312 -0.022138 
-0.019988 -0.022037 
-0.020081 -0.022754 
-0.021527 -0.022793 
-0.022138 -0.023562 
-0.022037 -0.024341 
-0.022754 -0.023768 
-0.022793 -0.025105 
-0.023562 -0.026336 
-0.024341 -0.026044 
-0.023768 -0.026273 
-0.025105 -0.026589 
-0.026336 -0.027357 
-0.026044 -0.027598 
-0.026273 -0.026832 
-0.026589 -0.026642 
-0.027357 -0.025795 
-0.027598 -0.024510 
-0.026832 -0.024840 
-0.026642 -0.023197 
-0.025795 -0.021078 
-0.024510 -0.020837 
-0.024840 -0.020369 
-0.023197 -0.019249 
-0.021078 -0.016961 
-0.020837 -0.016623 
-0.020369 -0.016166 
-0.019249 -0.015570 
-0.016961 -0.015313 
-0.016623 -0.013088 
-0.016166 -0.011861 
-0.015570 -0.011220 
-0.015313 -0.010786 
-0.013088 -0.009229 
-0.011861 -0.007904 
-0.011220 -0.007734 
-0.010786 -0.006821 
-0.009229 -0.006154 
-0.007904 -0.005768 
-0.007734 -0.005510 
-0.006821 -0.005028 
-0.006154 -0.006165 
-0.005768 -0.007538 
-0.005510 -0.008036 
-0.005028 -0.009364 
-0.006165 -0.010259 
