0.015045 -0.022034 
-0.017761 0.012451 
-0.002594 0.012054 
0.022827 -0.019836 
-0.008148 -0.001099 
-0.022034 0.023804 
0.012451 -0.008179 
0.012054 -0.022644 
-0.019836 0.015228 
-0.001099 0.017792 
0.023804 -0.014679 
-0.008179 -0.001343 
-0.022644 0.019592 
0.015228 -0.008881 
0.017792 -0.018829 
-0.014679 0.018646 
-0.001343 0.016266 
0.019592 -0.018768 
-0.008881 -0.003052 
-0.018829 0.020233 
0.018646 -0.007050 
0.016266 -0.016022 
-0.018768 0.020325 
-0.003052 0.015106 
0.020233 -0.021667 
-0.007050 -0.006256 
-0.016022 0.018982 
0.020325 -0.004974 
0.015106 -0.011414 
-0.021667 0.021484 
-0.006256 0.010010 
0.018982 -0.028809 
-0.004974 -0.008362 
-0.011414 0.023071 
0.021484 -0.001801 
0.010010 -0.014709 
-0.028809 0.015228 
-0.008362 0.008850 
0.023071 -0.023041 
-0.001801 -0.001923 
-0.014709 0.021057 
0.015228 -0.009277 
0.008850 -0.021606 
-0.023041 0.013763 
-0.001923 0.009735 
0.021057 -0.021118 
-0.009277 0.001251 
-0.021606 0.022919 
0.013763 -0.009247 
0.009735 -0.021942 
-0.021118 0.009949 
0.001251 0.007263 
0.022919 -0.015747 
-0.009247 0.005951 
-0.021942 0.021179 
0.009949 -0.014984 
0.007263 -0.022034 
-0.015747 0.017975 
0.005951 0.014038 
0.021179 -0.018311 
-0.014984 -0.002594 
-0.022034 0.017487 
0.017975 -0.011902 
0.014038 -0.014465 
-0.018311 0.023621 
-0.002594 0.013489 
0.017487 -0.022949 
-0.011902 -0.005646 
-0.014465 0.016937 
0.023621 -0.007782 
0.013489 -0.010468 
-0.022949 0.022217 
-0.005646 0.007538 
0.016937 -0.026398 
-0.007782 -0.002228 
-0.010468 0.024475 
0.022217 -0.004700 
0.007538 -0.013214 
-0.026398 0.017517 
-0.002228 0.007965 
0.024475 -0.023071 
-0.004700 -0.000061 
-0.013214 0.021118 
0.017517 -0.008301 
0.007965 -0.012543 
-0.023071 0.018951 
-0.000061 0.005829 
0.021118 -0.024017 
-0.008301 0.003815 
-0.012543 0.025574 
0.018951 -0.009308 
0.005829 -0.018188 
-0.024017 0.015594 
0.003815 0.006561 
0.025574 -0.021942 
-0.009308 0.001953 
-0.018188 0.021851 
0.015594 -0.012482 
0.006561 -0.018097 
-0.021942 0.016602 
0.001953 0.006531 
0.021851 -0.023071 
-0.012482 0.004089 
-0.018097 0.024353 
0.016602 -0.011292 
0.006531 -0.018250 
-0.023071 0.016205 
0.004089 0.006226 
0.024353 -0.021057 
-0.011292 0.003845 
-0.018250 0.020325 
0.016205 -0.013824 
0.006226 -0.014984 
-0.021057 0.019073 
0.003845 0.005737 
0.020325 -0.023315 
-0.013824 0.002502 
-0.014984 0.022858 
0.019073 -0.008942 
0.005737 -0.014832 
-0.023315 0.016968 
0.002502 0.005005 
0.022858 -0.017212 
-0.008942 0.009766 
-0.014832 0.021088 
0.016968 -0.018158 
0.005005 -0.020844 
-0.017212 0.019440 
0.009766 0.012085 
0.021088 -0.017151 
-0.018158 0.004456 
-0.020844 0.017853 
0.019440 -0.012970 
0.012085 -0.013947 
-0.017151 0.021332 
0.004456 0.009003 
0.017853 -0.018066 
-0.012970 0.004974 
-0.013947 0.019958 
0.021332 -0.014099 
0.009003 -0.013092 
-0.018066 0.022705 
0.004974 0.007202 
0.019958 -0.023254 
-0.014099 0.001099 
-0.013092 0.017639 
0.022705 -0.010651 
0.007202 -0.008820 
-0.023254 0.020782 
0.001099 0.001373 
0.017639 -0.026093 
-0.010651 0.002686 
-0.008820 0.021576 
0.020782 -0.009705 
0.001373 -0.011200 
-0.026093 0.016510 
0.002686 -0.002014 
0.021576 -0.025024 
-0.009705 0.009155 
-0.011200 0.025482 
0.016510 -0.013550 
-0.002014 -0.017395 
-0.025024 0.014252 
0.009155 0.003967 
0.025482 -0.017883 
-0.013550 0.008728 
-0.017395 0.017548 
0.014252 -0.018494 
0.003967 -0.015503 
-0.017883 0.019165 
0.008728 0.005219 
0.017548 -0.020752 
-0.018494 0.003632 
-0.015503 0.014832 
0.019165 -0.017029 
0.005219 -0.012482 
-0.020752 0.019501 
0.003632 0.003571 
0.014832 -0.020691 
-0.017029 0.006317 
-0.012482 0.016754 
0.019501 -0.016083 
0.003571 -0.013031 
-0.020691 0.019684 
0.006317 0.003052 
0.016754 -0.020599 
-0.016083 0.006927 
-0.013031 0.017792 
0.019684 -0.015320 
0.003052 -0.011505 
-0.020599 0.020935 
0.006927 0.003876 
0.017792 -0.021240 
-0.015320 0.006317 
-0.011505 0.018372 
0.020935 -0.014069 
0.003876 -0.009674 
-0.021240 0.023743 
0.006317 0.005798 
0.018372 -0.020782 
-0.014069 0.005341 
-0.009674 0.017517 
0.023743 -0.011230 
0.005798 -0.007507 
-0.020782 0.020630 
0.005341 0.002167 
0.017517 -0.020996 
-0.011230 0.008820 
-0.007507 0.016907 
0.020630 -0.017517 
0.002167 -0.011780 
-0.020996 0.021545 
0.008820 0.003876 
0.016907 -0.022369 
-0.017517 0.003326 
-0.011780 0.014282 
0.021545 -0.014893 
0.003876 -0.007599 
-0.022369 0.021667 
0.003326 -0.001984 
0.014282 -0.026886 
-0.014893 0.003937 
-0.007599 0.018860 
0.021667 -0.012573 
-0.001984 -0.011047 
-0.026886 0.016052 
0.003937 -0.004486 
0.018860 -0.023163 
-0.012573 0.010956 
-0.011047 0.022614 
0.016052 -0.013489 
-0.004486 -0.014435 
-0.023163 0.014008 
0.010956 -0.001343 
0.022614 -0.017456 
-0.013489 0.013367 
-0.014435 0.020386 
0.014008 -0.014221 
-0.001343 -0.012207 
-0.017456 0.015991 
0.013367 -0.000793 
0.020386 -0.017090 
-0.014221 0.013794 
-0.012207 0.020294 
0.015991 -0.016296 
-0.000793 -0.011505 
-0.017090 0.018524 
0.013794 0.002228 
0.020294 -0.015900 
-0.016296 0.011078 
-0.011505 0.013824 
0.018524 -0.019989 
0.002228 -0.009613 
-0.015900 0.022491 
0.011078 0.002716 
0.013824 -0.018921 
-0.019989 0.007294 
-0.009613 0.012787 
0.022491 -0.017029 
0.002716 -0.006500 
-0.018921 0.022888 
0.007294 0.001190 
0.012787 -0.019562 
-0.017029 0.008606 
-0.006500 0.014771 
0.022888 -0.015594 
0.001190 -0.005737 
-0.019562 0.020508 
0.008606 -0.003693 
0.014771 -0.021698 
-0.015594 0.007538 
-0.005737 0.012573 
0.020508 -0.016876 
-0.003693 -0.007385 
-0.021698 0.017212 
0.007538 -0.005951 
0.012573 -0.021912 
-0.016876 0.012024 
-0.007385 0.017151 
0.017212 -0.017639 
-0.005951 -0.009918 
-0.021912 0.016418 
0.012024 -0.005280 
0.017151 -0.021332 
-0.017639 0.010254 
-0.009918 0.014954 
0.016418 -0.016266 
-0.005280 -0.007904 
-0.021332 0.018280 
0.010254 -0.004120 
0.014954 -0.019043 
-0.016266 0.013641 
-0.007904 0.015869 
0.018280 -0.019257 
-0.004120 -0.010651 
-0.019043 0.017548 
0.013641 -0.000244 
0.015869 -0.015045 
-0.019257 0.010559 
-0.010651 0.010712 
0.017548 -0.020691 
-0.000244 -0.007477 
-0.015045 0.019958 
0.010559 -0.001709 
0.010712 -0.017029 
-0.020691 0.012299 
-0.007477 0.014099 
0.019958 -0.017456 
-0.001709 -0.006226 
-0.017029 0.019775 
0.012299 -0.001404 
0.014099 -0.016205 
-0.017456 0.011902 
-0.006226 0.011078 
0.019775 -0.020508 
-0.001404 -0.006805 
-0.016205 0.022949 
0.011902 0.001953 
0.011078 -0.015106 
-0.020508 0.009766 
-0.006805 0.009216 
0.022949 -0.017242 
0.001953 -0.001678 
-0.015106 0.023438 
0.009766 -0.002075 
0.009216 -0.019958 
-0.017242 0.006470 
-0.001678 0.010498 
0.023438 -0.014282 
-0.002075 -0.000427 
-0.019958 0.019928 
0.006470 -0.005371 
0.010498 -0.019043 
-0.014282 0.010010 
-0.000427 0.012878 
0.019928 -0.013733 
-0.005371 -0.003204 
-0.019043 0.018707 
0.010010 -0.005524 
0.012878 -0.017883 
-0.013733 0.011597 
-0.003204 0.011200 
0.018707 -0.016510 
-0.005524 -0.002533 
-0.017883 0.021332 
0.011597 -0.003357 
0.011200 -0.018738 
-0.016510 0.010254 
-0.002533 0.013000 
0.021332 -0.014374 
-0.003357 -0.002960 
-0.018738 0.018036 
0.010254 -0.007996 
0.013000 -0.020081 
-0.014374 0.011597 
-0.002960 0.011475 
0.018036 -0.018036 
-0.007996 -0.005463 
-0.020081 0.016022 
0.011597 -0.006287 
0.011475 -0.016266 
-0.018036 0.013153 
-0.005463 0.012421 
0.016022 -0.016632 
-0.006287 -0.006470 
-0.016266 0.015076 
0.013153 -0.006042 
0.012421 -0.014496 
-0.016632 0.014099 
-0.006470 0.009827 
0.015076 -0.018036 
-0.006042 -0.002625 
-0.014496 0.018127 
0.014099 -0.005463 
0.009827 -0.014679 
-0.018036 0.015961 
-0.002625 0.012207 
0.018127 -0.016785 
-0.005463 -0.003448 
-0.014679 0.016968 
0.015961 -0.006805 
0.012207 -0.014648 
-0.016785 0.013977 
-0.003448 0.010345 
0.016968 -0.016937 
-0.006805 -0.001343 
-0.014648 0.019897 
0.013977 -0.005554 
0.010345 -0.015778 
-0.016937 0.011963 
-0.001343 0.009979 
0.019897 -0.015503 
-0.005554 0.000458 
-0.015778 0.019135 
0.011963 -0.007507 
0.009979 -0.016113 
-0.015503 0.012909 
0.000458 0.009430 
0.019135 -0.017029 
-0.007507 -0.000824 
-0.016113 0.017487 
0.012909 -0.007843 
0.009430 -0.014893 
-0.017029 0.014984 
-0.000824 0.010406 
0.017487 -0.015778 
-0.007843 -0.001099 
-0.014893 0.015442 
0.014984 -0.011597 
0.010406 -0.018463 
-0.015778 0.014069 
-0.001099 0.011841 
0.015442 -0.014313 
-0.011597 -0.001556 
-0.018463 0.012756 
0.014069 -0.011017 
0.011841 -0.012817 
-0.014313 0.018036 
-0.001556 0.010193 
0.012756 -0.018646 
-0.011017 -0.003723 
-0.012817 0.014496 
0.018036 -0.007019 
0.010193 -0.010986 
-0.018646 0.014648 
-0.003723 0.004852 
0.014496 -0.022186 
-0.007019 -0.002319 
-0.010986 0.018280 
0.014648 -0.004517 
0.004852 -0.011322 
-0.022186 0.013153 
-0.002319 0.004578 
0.018280 -0.018677 
-0.004517 0.001007 
-0.011322 0.017456 
0.013153 -0.007935 
0.004578 -0.012299 
-0.018677 0.014191 
0.001007 0.004364 
0.017456 -0.018860 
-0.007935 0.001282 
-0.012299 0.018616 
0.014191 -0.005890 
0.004364 -0.011078 
-0.018860 0.014984 
0.001282 0.007263 
0.018616 -0.016693 
-0.005890 0.001068 
-0.011078 0.017700 
0.014984 -0.005371 
0.007263 -0.011444 
-0.016693 0.011230 
0.001068 0.002777 
0.017700 -0.016296 
-0.005371 0.004364 
-0.011444 0.018982 
0.011230 -0.009277 
0.002777 -0.014618 
-0.016296 0.013336 
0.004364 0.008026 
0.018982 -0.012482 
-0.009277 0.003998 
-0.014618 0.014160 
0.013336 -0.011780 
0.008026 -0.011505 
-0.012482 0.015594 
0.003998 0.006165 
0.014160 -0.016754 
-0.011780 0.002319 
-0.011505 0.016266 
0.015594 -0.008728 
0.006165 -0.012085 
-0.016754 0.013489 
0.002319 0.004303 
0.016266 -0.016113 
-0.008728 0.004913 
-0.012085 0.016144 
0.013489 -0.011749 
0.004303 -0.014252 
-0.016113 0.012543 
0.004913 0.004822 
0.016144 -0.016479 
-0.011749 0.000122 
-0.014252 0.011383 
0.012543 -0.011871 
0.004822 -0.008392 
-0.016479 0.017761 
0.000122 0.004944 
0.011383 -0.018127 
-0.011871 -0.000031 
-0.008392 0.011597 
0.017761 -0.011261 
0.004944 -0.008881 
-0.018127 0.016541 
-0.000031 0.005066 
0.011597 -0.016205 
-0.011261 0.002869 
-0.008881 0.013245 
0.016541 -0.009918 
0.005066 -0.007996 
-0.016205 0.016418 
0.002869 0.003296 
0.013245 -0.016052 
-0.009918 0.006134 
-0.007996 0.017242 
0.016418 -0.007996 
0.003296 -0.008942 
-0.016052 0.013672 
0.006134 0.001984 
0.017242 -0.016602 
-0.007996 0.005188 
-0.008942 0.016327 
0.013672 -0.009674 
0.001984 -0.011841 
-0.016602 0.013275 
0.005188 0.004242 
0.016327 -0.011658 
-0.009674 0.007294 
-0.011841 0.012512 
0.013275 -0.014069 
0.004242 -0.010315 
-0.011658 0.016418 
0.007294 0.004303 
0.012512 -0.012970 
-0.014069 0.005157 
-0.010315 0.011017 
0.016418 -0.013672 
0.004303 -0.007904 
-0.012970 0.018768 
0.005157 0.005859 
0.011017 -0.014984 
-0.013672 0.002472 
-0.007904 0.009918 
0.018768 -0.012512 
0.005859 -0.006348 
-0.014984 0.018372 
0.002472 0.002014 
0.009918 -0.017029 
-0.012512 0.003204 
-0.006348 0.010956 
0.018372 -0.011536 
0.002014 -0.006500 
-0.017029 0.016815 
0.003204 0.001770 
0.010956 -0.015564 
-0.011536 0.005157 
-0.006500 0.011658 
0.016815 -0.009766 
0.001770 -0.005432 
-0.015564 0.015503 
0.005157 -0.001831 
0.011658 -0.017242 
-0.009766 0.006683 
-0.005432 0.014130 
0.015503 -0.008087 
-0.001831 -0.005676 
-0.017242 0.011841 
0.006683 -0.004395 
0.014130 -0.016266 
-0.008087 0.010071 
-0.005676 0.015808 
0.011841 -0.011780 
-0.004395 -0.009308 
-0.016266 0.011444 
0.010071 -0.001801 
0.015808 -0.013580 
-0.011780 0.007477 
-0.009308 0.009644 
0.011444 -0.014557 
-0.001801 -0.006622 
-0.013580 0.015656 
0.007477 -0.000885 
0.009644 -0.017303 
-0.014557 0.004761 
-0.006622 0.011536 
0.015656 -0.010956 
-0.000885 -0.007111 
-0.017303 0.011322 
0.004761 -0.002960 
0.011536 -0.015228 
-0.010956 0.008484 
-0.007111 0.014069 
0.011322 -0.011810 
-0.002960 -0.006256 
-0.015228 0.013123 
0.008484 -0.000305 
0.014069 -0.012177 
-0.011810 0.009277 
-0.006256 0.012421 
0.013123 -0.012268 
-0.000305 -0.004974 
-0.012177 0.014954 
0.009277 0.000366 
0.012421 -0.012512 
-0.012268 0.008850 
-0.004974 0.011322 
0.014954 -0.012726 
0.000366 -0.005737 
-0.012512 0.015411 
0.008850 0.001648 
0.011322 -0.010132 
-0.012726 0.007843 
-0.005737 0.009186 
0.015411 -0.013458 
0.001648 -0.003815 
-0.010132 0.015137 
0.007843 -0.001678 
0.009186 -0.014526 
-0.013458 0.006714 
-0.003815 0.009613 
0.015137 -0.011139 
-0.001678 -0.004395 
-0.014526 0.012787 
0.006714 -0.003448 
0.009613 -0.013977 
-0.011139 0.007660 
-0.004395 0.010773 
0.012787 -0.010437 
-0.003448 -0.001678 
-0.013977 0.014771 
0.007660 -0.004120 
0.010773 -0.013885 
-0.010437 0.008362 
-0.001678 0.009979 
0.014771 -0.012817 
-0.004120 -0.005524 
-0.013885 0.012390 
0.008362 -0.002258 
0.009979 -0.009094 
-0.012817 0.012573 
-0.005524 0.010773 
0.012390 -0.013489 
-0.002258 -0.006226 
-0.009094 0.010773 
0.012573 -0.004089 
0.010773 -0.010834 
-0.013489 0.010254 
-0.006226 0.009247 
0.010773 -0.013763 
-0.004089 -0.005981 
-0.010834 0.012024 
0.010254 -0.002808 
0.009247 -0.009979 
-0.013763 0.010193 
-0.005981 0.007385 
0.012024 -0.014771 
-0.002808 -0.005402 
-0.009979 0.014740 
0.010193 0.000916 
0.007385 -0.008698 
-0.014771 0.007538 
-0.005402 0.002686 
0.014740 -0.017303 
0.000916 -0.000153 
-0.008698 0.019867 
0.007538 0.000336 
0.002686 -0.014069 
-0.017303 0.006470 
-0.000153 0.007904 
0.019867 -0.008301 
0.000336 0.003052 
-0.014069 0.014069 
0.006470 -0.006287 
0.007904 -0.014069 
-0.008301 0.009888 
0.003052 0.009735 
0.014069 -0.010223 
-0.006287 -0.001007 
-0.014069 0.012299 
0.009888 -0.004486 
0.009735 -0.009796 
-0.010223 0.010864 
-0.001007 0.008057 
0.012299 -0.012451 
-0.004486 -0.001648 
-0.009796 0.012787 
0.010864 -0.004456 
0.008057 -0.009399 
-0.012451 0.009064 
-0.001648 0.005524 
0.012787 -0.013672 
-0.004456 -0.000763 
-0.009399 0.012939 
0.009064 -0.004730 
0.005524 -0.009613 
-0.013672 0.010925 
-0.000763 0.008057 
0.012939 -0.011108 
-0.004730 0.000946 
-0.009613 0.013702 
0.010925 -0.005615 
0.008057 -0.011871 
-0.011108 0.009003 
0.000946 0.006470 
0.013702 -0.011505 
-0.005615 -0.001862 
-0.011871 0.010712 
0.009003 -0.006897 
0.006470 -0.011505 
-0.011505 0.009003 
-0.001862 0.005646 
0.010712 -0.012421 
-0.006897 -0.001282 
-0.011505 0.011932 
0.009003 -0.005341 
0.005646 -0.009094 
-0.012421 0.010376 
-0.001282 0.004517 
0.011932 -0.015106 
-0.005341 -0.003845 
-0.009094 0.010925 
0.010376 -0.004822 
0.004517 -0.007843 
-0.015106 0.010040 
-0.003845 0.003998 
0.010925 -0.012787 
-0.004822 0.000214 
-0.007843 0.012421 
0.010040 -0.006592 
0.003998 -0.010437 
-0.012787 0.008301 
0.000214 0.002594 
0.012421 -0.012817 
-0.006592 0.002075 
-0.010437 0.013550 
0.008301 -0.004547 
0.002594 -0.009460 
-0.012817 0.009430 
0.002075 0.004395 
0.013550 -0.010529 
-0.004547 0.002655 
-0.009460 0.012878 
0.009430 -0.004181 
0.004395 -0.006958 
-0.010529 0.010071 
0.002655 0.002899 
0.012878 -0.011932 
-0.004181 0.004150 
-0.006958 0.015594 
0.010071 -0.004303 
0.002899 -0.010040 
-0.011932 0.009155 
0.004150 0.006134 
0.015594 -0.007050 
-0.004303 0.004333 
-0.010040 0.010040 
0.009155 -0.009064 
0.006134 -0.009369 
-0.007050 0.012970 
0.004333 0.008148 
0.010040 -0.009979 
-0.009064 -0.000671 
-0.009369 0.006866 
0.012970 -0.008270 
0.008148 -0.005402 
-0.009979 0.014740 
-0.000671 0.004913 
0.006866 -0.016266 
-0.008270 -0.003113 
-0.005402 0.010406 
0.014740 -0.004028 
0.004913 -0.006042 
-0.016266 0.009857 
-0.003113 0.000702 
0.010406 -0.016479 
-0.004028 -0.001434 
-0.006042 0.011200 
0.009857 -0.003632 
0.000702 -0.005341 
-0.016479 0.010193 
-0.001434 0.000580 
0.011200 -0.013306 
-0.003632 0.002869 
-0.005341 0.012604 
0.010193 -0.005707 
0.000580 -0.008728 
-0.013306 0.007324 
0.002869 0.000519 
0.012604 -0.012787 
-0.005707 0.001190 
-0.008728 0.008698 
0.007324 -0.009003 
0.000519 -0.008636 
-0.012787 0.010162 
0.001190 0.002167 
0.008698 -0.012695 
-0.009003 0.002533 
-0.008636 0.010162 
0.010162 -0.008057 
0.002167 -0.008636 
-0.012695 0.007263 
0.002533 -0.000153 
0.010162 -0.013153 
-0.008057 0.002441 
-0.008636 0.010101 
0.007263 -0.007385 
-0.000153 -0.006683 
-0.013153 0.009918 
0.002441 0.002625 
0.010101 -0.007812 
-0.007385 0.006165 
-0.006683 0.011505 
0.009918 -0.006836 
0.002625 -0.006470 
-0.007812 0.009888 
0.006165 0.002106 
0.011505 -0.010712 
-0.006836 0.004608 
-0.006470 0.011017 
0.009888 -0.007050 
0.002106 -0.007355 
-0.010712 0.009979 
0.004608 0.003143 
0.011017 -0.009064 
-0.007050 0.003754 
-0.007355 0.008423 
0.009979 -0.008148 
0.003143 -0.004486 
-0.009064 0.011780 
0.003754 0.000885 
0.008423 -0.012817 
-0.008148 0.001556 
-0.004486 0.008484 
0.011780 -0.008423 
0.000885 -0.005585 
-0.012817 0.010620 
0.001556 0.001709 
0.008484 -0.009033 
-0.008423 0.005829 
-0.005585 0.010345 
0.010620 -0.007446 
0.001709 -0.005035 
-0.009033 0.010620 
0.005829 -0.000153 
0.010345 -0.010681 
-0.007446 0.004059 
-0.005035 0.008759 
0.010620 -0.005646 
-0.000153 -0.001801 
-0.010681 0.010986 
0.004059 -0.002167 
0.008759 -0.013916 
-0.005646 0.003876 
-0.001801 0.011108 
0.010986 -0.004669 
-0.002167 -0.003754 
-0.013916 0.007904 
0.003876 -0.002380 
0.011108 -0.010651 
-0.004669 0.006500 
-0.003754 0.009552 
0.007904 -0.010498 
-0.002380 -0.008331 
-0.010651 0.006775 
0.006500 -0.001221 
0.009552 -0.008362 
-0.010498 0.006836 
-0.008331 0.006439 
0.006775 -0.013367 
-0.001221 -0.009277 
-0.008362 0.007507 
0.006836 0.001190 
0.006439 -0.006897 
-0.013367 0.003479 
-0.009277 0.002136 
0.007507 -0.013855 
0.001190 -0.005096 
-0.006897 0.013245 
0.003479 0.002808 
0.002136 -0.010040 
-0.013855 0.002014 
-0.005096 0.003204 
0.013245 -0.011169 
0.002808 -0.003998 
-0.010040 0.011841 
0.002014 0.001617 
0.003204 -0.009247 
-0.011169 0.003113 
-0.003998 0.003784 
0.011841 -0.010284 
0.001617 -0.003387 
-0.009247 0.011108 
0.003113 0.001068 
0.003784 -0.008759 
-0.010284 0.003906 
-0.003387 0.005768 
0.011108 -0.007599 
0.001068 -0.002380 
-0.008759 0.010010 
0.003906 -0.002747 
0.005768 -0.011261 
-0.007599 0.004211 
-0.002380 0.006897 
0.010010 -0.006287 
-0.002747 -0.000214 
-0.011261 0.010590 
0.004211 -0.001099 
0.006897 -0.008423 
-0.006287 0.006775 
-0.000214 0.006073 
0.010590 -0.008850 
-0.001099 -0.002625 
-0.008423 0.009857 
0.006775 -0.001984 
0.006073 -0.009155 
-0.008850 0.005676 
-0.002625 0.006592 
0.009857 -0.007751 
-0.001984 -0.000458 
-0.009155 0.010193 
0.005676 -0.003418 
0.006592 -0.009003 
-0.007751 0.006134 
-0.000458 0.006470 
0.010193 -0.008789 
-0.003418 -0.003113 
-0.009003 0.007812 
0.006134 -0.002777 
0.006470 -0.008881 
-0.008789 0.003906 
-0.003113 0.002686 
0.007812 -0.010834 
-0.002777 -0.001160 
-0.008881 0.010742 
0.003906 -0.002747 
0.002686 -0.010437 
-0.010834 0.003387 
-0.001160 0.005188 
0.010742 -0.007141 
-0.002747 -0.000366 
-0.010437 0.007507 
0.003387 -0.006287 
0.005188 -0.009399 
-0.007141 0.007599 
-0.000366 0.006500 
0.007507 -0.009064 
-0.006287 -0.001770 
-0.009399 0.010071 
0.007599 -0.000519 
0.006500 -0.006744 
-0.009064 0.005341 
-0.001770 0.004517 
0.010071 -0.006592 
-0.000519 0.001251 
-0.006744 0.012024 
0.005341 -0.001770 
0.004517 -0.008606 
-0.006592 0.004517 
0.001251 0.003296 
0.012024 -0.006592 
-0.001770 0.002472 
-0.008606 0.011108 
0.004517 -0.003387 
0.003296 -0.009003 
-0.006592 0.005646 
0.002472 0.006714 
0.011108 -0.004303 
-0.003387 0.000702 
-0.009003 0.006165 
0.005646 -0.007263 
0.006714 -0.009125 
-0.004303 0.007111 
0.000702 0.005920 
0.006165 -0.008301 
-0.007263 -0.002899 
-0.009125 0.005371 
0.007111 -0.004486 
0.005920 -0.005646 
-0.008301 0.008636 
-0.002899 0.003571 
0.005371 -0.010071 
-0.004486 -0.001801 
-0.005646 0.007660 
0.008636 -0.003082 
0.003571 -0.005554 
-0.010071 0.007904 
-0.001801 0.005981 
0.007660 -0.008392 
-0.003082 -0.002167 
-0.005554 0.005585 
0.007904 -0.003693 
0.005981 -0.003479 
-0.008392 0.009888 
-0.002167 0.004700 
0.005585 -0.008972 
-0.003693 -0.000824 
-0.003479 0.007965 
0.009888 -0.003113 
0.004700 -0.005310 
-0.008972 0.005005 
-0.000824 0.000275 
0.007965 -0.010071 
-0.003113 0.000305 
-0.005310 0.007904 
0.005005 -0.003906 
0.000275 -0.006592 
-0.010071 0.005798 
0.000305 0.002991 
0.007904 -0.006500 
-0.003906 0.001129 
-0.006592 0.009338 
0.005798 -0.001831 
0.002991 -0.003265 
-0.006500 0.008484 
0.001129 0.002441 
0.009338 -0.009521 
-0.001831 0.000671 
-0.003265 0.010315 
0.008484 -0.001556 
0.002441 -0.004364 
-0.009521 0.006042 
0.000671 0.002686 
0.010315 -0.006470 
-0.001556 0.003204 
-0.004364 0.008514 
0.006042 -0.003540 
0.002686 -0.004425 
-0.006470 0.007904 
0.003204 0.001343 
0.008514 -0.009338 
-0.003540 0.000885 
-0.004425 0.008148 
0.007904 -0.002808 
0.001343 -0.004364 
-0.009338 0.004883 
0.000885 0.000244 
0.008148 -0.007263 
-0.002808 0.003723 
-0.004364 0.007172 
0.004883 -0.007233 
0.000244 -0.008575 
-0.007263 0.004456 
0.003723 0.000916 
0.007172 -0.006653 
-0.007233 0.002411 
-0.008575 0.006805 
0.004456 -0.006744 
0.000916 -0.006989 
-0.006653 0.007446 
0.002411 0.004456 
0.006805 -0.005402 
-0.006744 0.002045 
-0.006989 0.005890 
0.007446 -0.004547 
0.004456 -0.002502 
-0.005402 0.008911 
0.002045 0.001801 
0.005890 -0.009155 
-0.004547 0.000061 
-0.002502 0.006226 
0.008911 -0.003693 
0.001801 -0.002533 
-0.009155 0.008423 
0.000061 0.000000 
0.006226 -0.009186 
-0.003693 0.001984 
-0.002533 0.007385 
0.008423 -0.005341 
0.000000 -0.006531 
-0.009186 0.003967 
0.001984 -0.000946 
0.007385 -0.006836 
-0.005341 0.004730 
-0.006531 0.006805 
0.003967 -0.007477 
-0.000946 -0.006073 
-0.006836 0.007324 
0.004730 0.004669 
0.006805 -0.000397 
-0.007477 0.006195 
-0.006073 0.005005 
0.007324 -0.008270 
0.004669 -0.004364 
-0.000397 0.009369 
0.006195 0.003021 
0.005005 -0.005157 
-0.008270 0.002441 
-0.004364 0.004578 
0.009369 -0.006378 
0.003021 -0.004089 
-0.005157 0.006470 
0.002441 0.001190 
0.004578 -0.003815 
-0.006378 0.004120 
-0.004089 0.003021 
0.006470 -0.009155 
0.001190 -0.003693 
-0.003815 0.008667 
0.004120 0.001556 
0.003021 -0.007782 
-0.009155 0.000122 
-0.003693 0.003418 
0.008667 -0.005371 
0.001556 -0.001740 
-0.007782 0.006805 
0.000122 -0.000183 
0.003418 -0.005432 
-0.005371 0.004486 
-0.001740 0.003571 
0.006805 -0.008423 
-0.000183 -0.003540 
-0.005432 0.008118 
0.004486 0.001129 
0.003571 -0.007782 
-0.008423 -0.000641 
-0.003540 0.001923 
0.008118 -0.004761 
0.001129 0.000793 
-0.007782 0.008484 
-0.000641 -0.001862 
0.001923 -0.008118 
-0.004761 0.003632 
0.000793 0.007019 
0.008484 -0.002350 
-0.001862 -0.000977 
-0.008118 0.005463 
0.003632 -0.003632 
0.007019 -0.006561 
-0.002350 0.004730 
-0.000977 0.004761 
0.005463 -0.006775 
-0.003632 -0.001343 
-0.006561 0.007141 
0.004730 -0.000671 
0.004761 -0.007233 
-0.006775 0.003906 
-0.001343 0.003387 
0.007141 -0.006287 
-0.000671 -0.000946 
-0.007233 0.006470 
0.003906 -0.001862 
0.003387 -0.005493 
-0.006287 0.004181 
-0.000946 0.004669 
0.006470 -0.003265 
-0.001862 0.002228 
-0.005493 0.008575 
0.004181 -0.000641 
0.004669 -0.005035 
-0.003265 0.006134 
0.002228 0.007935 
0.008575 -0.002472 
-0.000641 0.000275 
-0.005035 0.005249 
0.006134 -0.002380 
0.007935 -0.006653 
-0.002472 0.003571 
0.000275 0.002655 
0.005249 -0.007355 
-0.002380 -0.001953 
-0.006653 0.006256 
0.003571 -0.000977 
0.002655 -0.005219 
-0.007355 0.003204 
-0.001953 0.002075 
0.006256 -0.007507 
-0.000977 -0.000122 
-0.005219 0.007324 
0.003204 -0.004089 
0.002075 -0.010406 
-0.007507 0.001434 
-0.000122 0.005310 
0.007324 -0.001892 
-0.004089 0.000092 
-0.010406 0.002625 
0.001434 -0.006165 
0.005310 -0.006409 
-0.001892 0.007996 
0.000092 0.008026 
0.002625 -0.004974 
-0.006165 -0.003296 
-0.006409 0.003418 
0.007996 -0.002502 
0.008026 -0.004181 
-0.004974 0.005707 
-0.003296 0.002899 
0.003418 -0.007477 
-0.002502 -0.001709 
-0.004181 0.004883 
0.005707 -0.001343 
0.002899 -0.002106 
-0.007477 0.007782 
-0.001709 0.002319 
0.004883 -0.008789 
-0.001343 -0.001282 
-0.002106 0.007782 
0.007782 -0.000854 
0.002319 -0.006134 
-0.008789 -0.000122 
-0.001282 -0.002380 
0.007782 -0.007324 
-0.000854 0.002197 
-0.006134 0.008667 
-0.000122 -0.003571 
-0.002380 -0.006744 
-0.007324 0.002808 
0.002197 0.002899 
0.008667 -0.003174 
-0.003571 0.001770 
-0.006744 0.004547 
0.002808 -0.004669 
0.002899 -0.004364 
-0.003174 0.007080 
0.001770 0.004547 
0.004547 -0.006104 
-0.004669 -0.001709 
-0.004364 0.004730 
0.007080 -0.001221 
0.004547 -0.001129 
-0.006104 0.007202 
-0.001709 0.001617 
0.004730 -0.007172 
-0.001221 0.000031 
-0.001129 0.006378 
0.007202 -0.002472 
0.001617 -0.004181 
-0.007172 0.003204 
0.000031 -0.000336 
0.006378 -0.007050 
-0.002472 0.001740 
-0.004181 0.006683 
0.003204 -0.002411 
-0.000336 -0.004700 
-0.007050 0.004303 
0.001740 0.002991 
0.006683 -0.004730 
-0.002411 0.000671 
-0.004700 0.003998 
0.004303 -0.004181 
0.002991 -0.004822 
-0.004730 0.005615 
0.000671 0.001862 
0.003998 -0.005035 
-0.004181 0.000824 
-0.004822 0.003296 
0.005615 -0.004639 
0.001862 -0.002075 
-0.005035 0.006989 
0.000824 0.002319 
0.003296 -0.006226 
-0.004639 0.001556 
-0.002075 0.005493 
0.006989 -0.001770 
0.002319 -0.002075 
-0.006226 0.004059 
0.001556 -0.000122 
0.005493 -0.004303 
-0.001770 0.003693 
-0.002075 0.005371 
0.004059 -0.004303 
-0.000122 -0.002197 
-0.004303 0.007233 
0.003693 0.002777 
0.005371 -0.006287 
-0.004303 -0.000580 
-0.002197 0.003540 
0.007233 -0.002899 
0.002777 -0.002441 
-0.006287 0.002350 
-0.000580 -0.001984 
0.003540 -0.004913 
-0.002899 0.003387 
-0.002441 0.006378 
0.002350 -0.003571 
-0.001984 -0.003815 
-0.004913 0.004517 
0.003387 0.001556 
0.006378 -0.003174 
-0.003571 0.002869 
-0.003815 0.004242 
0.004517 -0.003876 
0.001556 -0.002502 
-0.003174 0.005157 
0.002869 0.000366 
0.004242 -0.003876 
-0.003876 0.004059 
-0.002502 0.007080 
0.005157 -0.002594 
0.000366 -0.002258 
-0.003876 0.005127 
0.004059 0.001556 
0.007080 -0.003998 
-0.002594 0.000916 
-0.002258 0.001221 
0.005127 -0.006317 
0.001556 -0.001740 
-0.003998 0.006500 
0.000916 -0.000031 
0.001221 -0.008667 
-0.006317 -0.003204 
-0.001740 0.002838 
0.006500 -0.002289 
-0.000031 -0.000305 
-0.008667 0.003906 
-0.003204 -0.002655 
0.002838 -0.006409 
-0.002289 0.001923 
-0.000305 0.004761 
0.003906 -0.004211 
-0.002655 -0.004272 
-0.006409 0.002350 
0.001923 -0.002167 
0.004761 -0.004517 
-0.004211 0.003723 
-0.004272 0.003876 
0.002350 -0.004700 
-0.002167 -0.002441 
-0.004517 0.006226 
0.003723 0.003662 
0.003876 -0.001984 
-0.004700 0.002563 
-0.002441 0.001678 
0.006226 -0.005676 
0.003662 0.000336 
-0.001984 0.009155 
0.002563 0.000977 
0.001678 -0.005859 
-0.005676 -0.000427 
0.000336 0.001221 
0.009155 -0.001923 
0.000977 0.001526 
-0.005859 0.006714 
-0.000427 -0.002106 
0.001221 -0.009308 
-0.001923 -0.001160 
0.001526 0.003021 
0.006714 -0.001312 
-0.002106 -0.001587 
-0.009308 0.000031 
-0.001160 -0.006958 
0.003021 -0.006409 
-0.001312 0.004456 
-0.001587 0.004669 
0.000031 -0.004456 
-0.006958 -0.002686 
-0.006409 0.004211 
0.004456 0.002228 
0.004669 -0.001404 
-0.004456 0.004791 
-0.002686 0.004608 
0.004211 -0.002136 
0.002228 0.001038 
-0.001404 0.005646 
0.004791 0.000854 
0.004608 -0.001801 
-0.002136 0.005219 
0.001038 0.003479 
0.005646 -0.005157 
0.000854 -0.002228 
-0.001801 0.005310 
0.005219 0.001770 
0.003479 -0.002045 
-0.005157 0.002106 
-0.002228 0.000580 
0.005310 -0.005707 
0.001770 -0.001801 
-0.002045 0.004730 
0.002106 -0.002197 
0.000580 -0.006500 
-0.005707 -0.000977 
-0.001801 -0.000977 
0.004730 -0.004578 
-0.002197 0.001251 
-0.006500 0.005676 
-0.000977 -0.001709 
-0.000977 -0.005249 
-0.004578 0.001099 
0.001251 0.000702 
0.005676 -0.003845 
-0.001709 0.002991 
-0.005249 0.006348 
0.001099 -0.004333 
0.000702 -0.008392 
-0.003845 0.000092 
0.002991 0.004395 
0.006348 0.000214 
-0.004333 0.002899 
-0.008392 0.001770 
0.000092 -0.006042 
0.004395 -0.005035 
0.000214 0.004944 
0.002899 0.005524 
0.001770 -0.001923 
-0.006042 -0.000336 
-0.005035 0.002014 
0.004944 -0.004181 
0.005524 -0.002869 
-0.001923 0.006226 
-0.000336 0.001923 
0.002014 -0.007172 
-0.004181 -0.004639 
-0.002869 0.001648 
0.006226 -0.000702 
0.001923 -0.000458 
-0.007172 0.003113 
-0.004639 -0.002136 
0.001648 -0.006836 
-0.000702 0.000458 
-0.000458 0.003937 
0.003113 -0.004639 
-0.002136 -0.005035 
-0.006836 0.002960 
0.000458 0.003113 
0.003937 -0.002777 
-0.004639 0.000549 
-0.005035 0.003967 
0.002960 -0.001160 
0.003113 -0.000763 
-0.002777 0.005432 
0.000549 0.002991 
0.003967 -0.002838 
-0.001160 0.000275 
-0.000763 0.002533 
0.005432 -0.002686 
0.002991 -0.001038 
-0.002838 0.006104 
0.000275 0.001129 
0.002533 -0.006958 
-0.002686 -0.002991 
-0.001038 0.003632 
0.006104 0.002167 
0.001129 0.000916 
-0.006958 0.001923 
-0.002991 -0.005188 
0.003632 -0.007324 
0.002167 0.002655 
0.000916 0.007111 
0.001923 -0.002441 
-0.005188 -0.005157 
-0.007324 0.000763 
0.002655 -0.000092 
0.007111 -0.001770 
-0.002441 0.004211 
-0.005157 0.004547 
0.000763 -0.004242 
-0.000092 -0.001862 
-0.001770 0.006592 
0.004211 0.002625 
0.004547 -0.002533 
-0.004242 0.001556 
-0.001862 0.003052 
0.006592 -0.002716 
0.002625 -0.001801 
-0.002533 0.003632 
0.001556 0.002136 
0.003052 -0.002319 
-0.002716 0.002197 
-0.001801 0.002075 
0.003632 -0.003448 
0.002136 -0.000275 
-0.002319 0.005005 
0.002197 0.000610 
0.002075 -0.005096 
-0.003448 -0.000824 
-0.000275 0.001678 
0.005005 -0.003998 
0.000610 -0.003937 
-0.005096 0.001038 
-0.000824 -0.001862 
0.001678 -0.004852 
-0.003998 -0.000488 
-0.003937 0.001099 
0.001038 -0.005310 
-0.001862 -0.002289 
-0.004852 0.004486 
-0.000488 -0.000946 
0.001099 -0.007050 
-0.005310 -0.001404 
-0.002289 0.001099 
0.004486 -0.002594 
-0.000946 -0.000458 
-0.007050 0.003662 
-0.001404 -0.003296 
0.001099 -0.007294 
-0.002594 0.000488 
-0.000458 0.005676 
0.003662 0.003418 
-0.003296 0.002747 
-0.007294 0.001343 
0.000488 -0.004272 
0.005676 -0.003967 
0.003418 0.007294 
0.002747 0.007690 
0.001343 -0.003571 
-0.004272 -0.004364 
-0.003967 0.001770 
0.007294 0.000549 
0.007690 -0.001709 
-0.003571 0.004700 
-0.004364 0.003082 
0.001770 -0.003693 
0.000549 -0.000702 
-0.001709 0.004608 
0.004700 0.000732 
0.003082 -0.000793 
-0.003693 0.005524 
-0.000702 0.004028 
0.004608 -0.004700 
0.000732 -0.002441 
-0.000793 0.004547 
0.005524 0.001099 
0.004028 -0.002472 
-0.004700 0.003174 
-0.002441 0.002808 
0.004547 -0.003082 
0.001099 -0.000122 
-0.002472 0.003296 
0.003174 -0.002136 
0.002808 -0.002960 
-0.003082 0.003326 
-0.000122 0.003021 
0.003296 -0.006042 
-0.002136 -0.004822 
-0.002960 0.001678 
0.003326 0.000885 
0.003021 0.000549 
-0.006042 0.003296 
-0.004822 -0.002716 
0.001678 -0.008362 
0.000885 -0.000763 
0.000549 0.008148 
0.003296 0.001556 
-0.002716 -0.004639 
-0.008362 -0.000397 
-0.000763 0.000610 
0.008148 -0.002655 
0.001556 -0.000153 
-0.004639 0.002716 
-0.000397 -0.003143 
0.000610 -0.004608 
-0.002655 0.002777 
-0.000153 0.001923 
0.002716 -0.003967 
-0.003143 -0.000244 
-0.004608 0.004730 
0.002777 -0.000488 
0.001923 -0.003571 
-0.003967 0.001831 
-0.000244 0.000977 
0.004730 -0.003082 
-0.000488 0.000671 
-0.003571 0.004608 
0.001831 -0.000702 
0.000977 -0.001678 
-0.003082 0.003632 
0.000671 0.003143 
0.004608 -0.002106 
-0.000702 0.002106 
-0.001678 0.005554 
0.003632 -0.001892 
0.003143 -0.003723 
-0.002106 0.005249 
0.002106 0.004974 
0.005554 -0.001617 
-0.001892 0.000763 
-0.003723 0.002960 
0.005249 -0.003052 
0.004974 -0.005310 
-0.001617 0.002594 
0.000763 0.002777 
0.002960 -0.001709 
-0.003052 0.000641 
-0.005310 0.002289 
0.002594 -0.004181 
0.002777 -0.002472 
-0.001709 0.005585 
0.000641 0.003479 
0.002289 -0.006592 
-0.004181 -0.004608 
-0.002472 0.001984 
0.005585 0.000824 
0.003479 0.001007 
-0.006592 0.003601 
-0.004608 -0.002380 
0.001984 -0.006927 
0.000824 0.001709 
0.001007 0.008911 
0.003601 0.000885 
-0.002380 -0.003357 
-0.006927 0.000946 
0.001709 -0.000488 
0.008911 -0.002716 
0.000885 0.003601 
-0.003357 0.005951 
0.000946 -0.001801 
-0.000488 -0.004578 
-0.002716 0.001190 
0.003601 0.001038 
0.005951 -0.001801 
-0.001801 0.003723 
-0.004578 0.004456 
0.001190 -0.005737 
0.001038 -0.005798 
-0.001801 0.004486 
0.003723 0.005402 
0.004456 -0.001221 
-0.005737 -0.002380 
-0.005798 -0.001801 
0.004486 -0.007141 
0.005402 -0.003174 
-0.001221 0.005371 
-0.002380 0.002930 
-0.001801 -0.003784 
-0.007141 0.000519 
-0.003174 0.004303 
0.005371 -0.001740 
0.002930 -0.002380 
-0.003784 0.004639 
0.000519 0.003082 
0.004303 -0.000732 
-0.001740 0.001312 
-0.002380 -0.000122 
0.004639 -0.005981 
0.003082 -0.000488 
-0.000732 0.009613 
0.001312 0.004059 
-0.000122 -0.005981 
-0.005981 -0.003662 
-0.000488 0.002258 
0.009613 -0.000641 
0.004059 0.001007 
-0.005981 0.005615 
-0.003662 0.000458 
0.002258 -0.006073 
-0.000641 -0.000153 
0.001007 0.002869 
0.005615 -0.001923 
0.000458 -0.000244 
-0.006073 0.003387 
-0.000153 -0.002472 
0.002869 -0.006683 
-0.001923 -0.000214 
-0.000244 0.003418 
0.003387 -0.002228 
-0.002472 -0.000549 
-0.006683 0.004517 
-0.000214 -0.000977 
0.003418 -0.005524 
-0.002228 -0.000519 
-0.000549 0.001709 
0.004517 -0.003540 
-0.000977 -0.001709 
-0.005524 0.003082 
-0.000519 -0.001495 
0.001709 -0.004211 
-0.003540 0.002991 
-0.001709 0.002625 
0.003082 -0.003479 
-0.001495 -0.000336 
-0.004211 0.006226 
0.002991 0.001190 
0.002625 -0.005066 
-0.003479 -0.000366 
-0.000336 0.002045 
0.006226 -0.000610 
0.001190 0.001495 
-0.005066 0.003754 
-0.000366 -0.003510 
0.002045 -0.006409 
-0.000610 0.002380 
0.001495 0.004974 
0.003754 -0.002777 
-0.003510 -0.003937 
-0.006409 0.001282 
0.002380 -0.000244 
0.004974 -0.000732 
-0.002777 0.004761 
-0.003937 0.000824 
0.001282 -0.007355 
-0.000244 -0.002228 
-0.000732 0.006104 
0.004761 0.002686 
0.000824 -0.002655 
-0.007355 0.002197 
-0.002228 0.002197 
0.006104 -0.001587 
0.002686 0.001648 
-0.002655 0.007996 
0.002197 0.001556 
0.002197 -0.003723 
-0.001587 0.000732 
0.001648 0.001068 
0.007996 -0.002869 
0.001556 0.002075 
-0.003723 0.005981 
0.000732 -0.001831 
0.001068 -0.007385 
-0.002869 0.000031 
0.002075 0.004059 
0.005981 -0.001251 
-0.001831 -0.001648 
-0.007385 0.000305 
0.000031 -0.003571 
0.004059 -0.002869 
-0.001251 0.004730 
-0.001648 0.002197 
0.000305 -0.006561 
-0.003571 -0.005005 
-0.002869 0.001434 
0.004730 -0.001556 
0.002197 -0.003326 
-0.006561 0.003662 
-0.005005 0.003387 
0.001434 -0.002533 
-0.001556 -0.000427 
-0.003326 0.002167 
0.003662 -0.002136 
0.003387 -0.001740 
-0.002533 0.004730 
-0.000427 0.002899 
0.002167 -0.002991 
-0.002136 -0.001404 
-0.001740 0.003265 
0.004730 -0.001434 
0.002899 -0.001892 
-0.002991 0.004791 
-0.001404 0.003815 
0.003265 -0.003662 
-0.001434 -0.001831 
-0.001892 0.004150 
0.004791 0.001343 
0.003815 0.000580 
-0.003662 0.003693 
-0.001831 0.000854 
0.004150 -0.005157 
0.001343 -0.001282 
0.000580 0.003510 
0.003693 -0.000488 
0.000854 -0.002289 
-0.005157 0.003265 
-0.001282 0.001831 
0.003510 -0.003632 
-0.000488 -0.000977 
-0.002289 0.004486 
0.003265 0.000183 
0.001831 -0.000763 
-0.003632 0.003021 
-0.000977 0.000000 
0.004486 -0.004822 
0.000183 0.001648 
-0.000763 0.006439 
0.003021 0.000092 
0.000000 -0.004333 
-0.004822 0.001343 
0.001648 0.001801 
0.006439 -0.002350 
0.000092 0.002502 
-0.004333 0.004517 
0.001343 -0.001648 
0.001801 -0.002960 
-0.002350 0.002899 
0.002502 0.000031 
0.004517 -0.006256 
-0.001648 -0.001190 
-0.002960 0.003540 
0.002899 -0.002136 
0.000031 -0.005402 
