0.010149 0.013955 
0.012290 0.013651 
0.014159 0.014275 
0.018372 0.014363 
0.022725 0.011562 
0.025338 0.009621 
0.026983 0.006134 
0.027892 0.002393 
0.029429 -0.001100 
0.028149 -0.006728 
0.026633 -0.010736 
0.023419 -0.015503 
0.020466 -0.021130 
0.018655 -0.024672 
0.016276 -0.026533 
0.013653 -0.029095 
0.010548 -0.028768 
0.009463 -0.026874 
0.007472 -0.026794 
0.007314 -0.024342 
0.007226 -0.020879 
0.004963 -0.016456 
0.002357 -0.012076 
-0.000177 -0.009848 
-0.002681 -0.008441 
-0.007145 -0.004920 
-0.010557 -0.000685 
-0.015296 0.001116 
-0.019670 0.002883 
-0.022491 0.004492 
-0.026813 0.006215 
-0.028538 0.008814 
-0.028855 0.010557 
-0.028633 0.010414 
-0.026159 0.008419 
-0.022904 0.005704 
-0.018358 0.002926 
-0.013196 -0.000402 
-0.008261 -0.002912 
-0.003699 -0.005525 
-0.001133 -0.009480 
0.003061 -0.013163 
0.006997 -0.017214 
0.007431 -0.020363 
0.008708 -0.023388 
0.009698 -0.026533 
0.010572 -0.028434 
0.009982 -0.029095 
0.008029 -0.027638 
0.007047 -0.027399 
0.005055 -0.027470 
0.003521 -0.025074 
0.001194 -0.022439 
-0.001636 -0.020625 
-0.005142 -0.018537 
-0.008290 -0.017001 
-0.012052 -0.016092 
-0.016814 -0.013240 
-0.018966 -0.011365 
-0.022444 -0.009964 
-0.024188 -0.007054 
-0.027068 -0.005262 
-0.029256 -0.001797 
-0.028106 0.002483 
-0.029518 0.004151 
-0.027525 0.007584 
-0.024991 0.011396 
-0.023050 0.013829 
-0.020807 0.017027 
-0.017855 0.015740 
-0.014288 0.015853 
-0.012467 0.017574 
-0.009687 0.014589 
-0.007811 0.013124 
-0.004829 0.011442 
-0.002288 0.009267 
-0.001377 0.006923 
0.001537 0.005034 
0.003810 0.003933 
0.003936 0.002409 
0.006698 0.002892 
0.009464 0.003016 
0.011546 0.005390 
0.015279 0.010587 
0.014823 0.013727 
0.016541 0.016512 
0.018735 0.021191 
0.016903 0.022780 
0.015575 0.024620 
0.014890 0.026957 
0.014997 0.026053 
0.012887 0.026120 
0.010471 0.024852 
0.008170 0.023516 
0.006635 0.022218 
0.006489 0.022188 
0.005837 0.020351 
0.005624 0.018008 
0.006985 0.018678 
0.010246 0.017279 
0.013119 0.018897 
0.016856 0.018385 
0.019986 0.016775 
0.022102 0.017054 
0.025527 0.015218 
0.028001 0.012906 
0.028674 0.008001 
0.028608 0.003000 
0.027794 -0.001586 
0.026680 -0.006492 
0.025538 -0.012569 
0.022317 -0.017643 
0.020234 -0.020636 
0.018451 -0.023779 
0.014594 -0.025257 
0.012882 -0.026677 
0.012184 -0.026395 
0.012022 -0.024873 
0.011494 -0.023933 
0.010433 -0.019836 
0.009962 -0.017563 
0.007991 -0.015407 
0.005004 -0.011141 
0.001040 -0.009588 
-0.003681 -0.006092 
-0.007737 -0.003790 
-0.011214 -0.001344 
-0.016411 0.002111 
-0.020774 0.004808 
-0.023142 0.007881 
-0.026839 0.007657 
-0.028464 0.008766 
-0.026607 0.007396 
-0.023961 0.006710 
-0.022508 0.008158 
-0.019209 0.005514 
-0.014541 0.003738 
-0.011184 -0.000041 
-0.005303 -0.004583 
-0.000966 -0.006834 
0.001257 -0.010349 
0.004494 -0.014056 
0.006381 -0.017083 
0.008156 -0.021071 
0.009987 -0.023484 
0.010876 -0.024926 
0.010078 -0.026155 
0.010256 -0.025978 
0.010705 -0.025546 
0.007778 -0.024561 
0.005711 -0.024162 
0.003201 -0.022144 
0.000239 -0.021182 
-0.002695 -0.019958 
-0.006434 -0.017618 
-0.008559 -0.018724 
-0.013498 -0.016298 
-0.017562 -0.013422 
-0.020528 -0.011979 
-0.024771 -0.008610 
-0.026535 -0.007137 
-0.028069 -0.004325 
-0.028811 -0.000375 
-0.028274 0.003097 
-0.028182 0.006757 
-0.028033 0.009923 
-0.025045 0.013110 
-0.021960 0.014622 
-0.020520 0.015603 
-0.017990 0.016657 
-0.014252 0.016244 
-0.012253 0.015420 
-0.011664 0.014259 
-0.008066 0.011597 
-0.005962 0.009853 
-0.004317 0.007860 
-0.001237 0.005894 
0.000084 0.006524 
0.001737 0.005179 
0.004599 0.005034 
0.007011 0.007256 
0.009749 0.009877 
0.012644 0.011941 
0.013144 0.013322 
0.015327 0.017263 
0.016520 0.020355 
0.015272 0.023380 
0.015331 0.025492 
0.014653 0.026009 
0.014023 0.026193 
0.012180 0.025647 
0.008363 0.024596 
0.005237 0.022914 
0.003896 0.021269 
0.003741 0.019782 
0.003351 0.020195 
0.002288 0.019136 
0.003426 0.019942 
0.007126 0.020823 
0.010232 0.019642 
0.013213 0.021628 
0.015685 0.020571 
0.017566 0.018676 
0.022240 0.018398 
0.024656 0.014072 
0.024782 0.008738 
0.026354 0.006979 
0.024945 0.001963 
0.023890 -0.004070 
0.022189 -0.007275 
0.020497 -0.013528 
0.019485 -0.018073 
0.017966 -0.020882 
0.016479 -0.023468 
0.013908 -0.024470 
0.014303 -0.026101 
0.013167 -0.026380 
0.012320 -0.023878 
0.011898 -0.022080 
0.010713 -0.018953 
0.009573 -0.015308 
0.006840 -0.014291 
0.003282 -0.010306 
-0.002554 -0.007222 
-0.006507 -0.004783 
-0.011873 -0.001617 
-0.016503 0.000857 
-0.020902 0.004099 
-0.024627 0.006444 
-0.025100 0.009862 
-0.028098 0.009897 
-0.028471 0.009614 
-0.027441 0.010614 
-0.025255 0.009998 
-0.021322 0.009826 
-0.018553 0.006139 
-0.013971 0.003115 
-0.008684 0.001053 
-0.006421 -0.003369 
-0.003550 -0.007265 
0.000103 -0.012208 
0.002149 -0.015658 
0.005203 -0.017760 
0.006586 -0.021840 
0.007546 -0.023295 
0.008976 -0.024578 
0.008984 -0.025943 
0.007843 -0.024551 
0.008845 -0.024594 
0.008749 -0.025070 
0.005477 -0.025189 
0.003701 -0.024180 
-0.000188 -0.023014 
-0.003119 -0.020480 
-0.006134 -0.018158 
-0.009890 -0.018451 
-0.011905 -0.017376 
-0.016245 -0.016492 
-0.019972 -0.012663 
-0.023204 -0.010139 
-0.025683 -0.008645 
-0.026568 -0.004079 
-0.027571 -0.000312 
-0.027180 0.004987 
-0.026621 0.008246 
-0.025536 0.011266 
-0.023661 0.013858 
-0.020733 0.015295 
-0.017414 0.015873 
-0.016854 0.015778 
-0.015761 0.016027 
-0.014634 0.011765 
-0.012534 0.009396 
-0.010034 0.007429 
-0.009302 0.006310 
-0.006654 0.004400 
-0.004679 0.001122 
-0.001583 0.002665 
0.001548 0.000993 
0.004022 0.002018 
0.007397 0.005684 
0.009086 0.008186 
0.010922 0.011053 
0.012394 0.012781 
0.013510 0.016468 
0.013674 0.019863 
0.013519 0.021481 
0.013015 0.021118 
0.010949 0.023148 
0.009838 0.023125 
0.008183 0.020631 
0.005579 0.019691 
0.003314 0.018049 
0.000354 0.019120 
0.000763 0.018171 
0.003145 0.017128 
0.003554 0.017708 
0.005854 0.018306 
0.008805 0.019787 
0.010975 0.020037 
0.014321 0.020463 
0.018555 0.019489 
0.021352 0.017620 
0.022990 0.015021 
0.023321 0.011532 
0.023475 0.006391 
0.024133 0.001276 
0.022130 -0.003305 
0.021051 -0.008914 
0.019572 -0.012645 
0.016966 -0.015924 
0.016182 -0.018754 
0.015194 -0.022986 
0.014160 -0.025808 
0.013955 -0.025881 
0.013651 -0.027253 
0.014275 -0.026573 
0.014363 -0.025413 
0.011562 -0.023805 
0.009621 -0.020340 
0.006134 -0.017052 
0.002393 -0.014064 
-0.001100 -0.011085 
-0.006728 -0.007777 
-0.010736 -0.004764 
-0.015503 -0.002474 
-0.021130 0.001038 
-0.024672 0.005269 
-0.026533 0.006403 
-0.029095 0.006951 
-0.028768 0.008813 
-0.026874 0.009480 
-0.026794 0.009120 
-0.024342 0.008542 
-0.020879 0.006673 
-0.016456 0.003912 
-0.012076 0.000258 
-0.009848 -0.003544 
-0.008441 -0.006793 
-0.004920 -0.011610 
-0.000685 -0.014758 
0.001116 -0.017619 
0.002883 -0.019838 
0.004492 -0.020723 
0.006215 -0.023735 
0.008814 -0.024810 
0.010557 -0.025407 
0.010414 -0.024897 
0.008419 -0.024097 
0.005704 -0.024673 
0.002926 -0.023712 
-0.000402 -0.023639 
-0.002912 -0.023288 
-0.005525 -0.021762 
-0.009480 -0.019663 
-0.013163 -0.019207 
-0.017214 -0.018958 
-0.020363 -0.016179 
-0.023388 -0.014139 
-0.026533 -0.011306 
-0.028434 -0.006842 
-0.029095 -0.002372 
-0.027638 0.001507 
-0.027399 0.005172 
-0.027470 0.009139 
-0.025074 0.011534 
-0.022439 0.013378 
-0.020625 0.015652 
-0.018537 0.016100 
-0.017001 0.014624 
-0.016092 0.012709 
-0.013240 0.010988 
-0.011365 0.008083 
-0.009964 0.005515 
-0.007054 0.003817 
-0.005262 0.000191 
-0.001797 0.000669 
0.002483 0.001822 
0.004151 0.000618 
0.007584 0.004183 
0.011396 0.006742 
0.013829 0.010085 
0.017027 0.014755 
0.015740 0.016634 
0.015853 0.020785 
0.017574 0.023011 
0.014589 0.022860 
0.013124 0.023923 
0.011442 0.023565 
0.009267 0.022920 
0.006923 0.021121 
0.005034 0.018848 
0.003933 0.019485 
0.002409 0.019972 
0.002892 0.020139 
0.003016 0.021338 
0.005390 0.022353 
0.010587 0.022566 
0.013727 0.022898 
0.016512 0.023712 
0.021191 0.023213 
0.022780 0.021651 
0.024620 0.018291 
0.026957 0.013588 
0.026053 0.008850 
0.026120 0.004822 
0.024852 0.000469 
0.023516 -0.003575 
0.022218 -0.008386 
0.022188 -0.014224 
0.020351 -0.016380 
0.018008 -0.018816 
0.018678 -0.022091 
0.017279 -0.025569 
0.018897 -0.026400 
0.018385 -0.024861 
0.016775 -0.025488 
0.017054 -0.023858 
0.015218 -0.021950 
0.012906 -0.019337 
0.008001 -0.015784 
0.003000 -0.013272 
-0.001586 -0.009852 
-0.006492 -0.006145 
-0.012569 -0.003178 
-0.017643 0.000213 
-0.020636 0.002767 
-0.023779 0.006049 
-0.025257 0.009408 
-0.026677 0.008669 
-0.026395 0.010512 
-0.024873 0.010553 
-0.023933 0.009262 
-0.019836 0.008461 
-0.017563 0.005187 
-0.015407 0.002872 
-0.011141 -0.001772 
-0.009588 -0.004385 
-0.006092 -0.008393 
-0.003790 -0.012055 
-0.001344 -0.013394 
0.002111 -0.017258 
0.004808 -0.018797 
0.007881 -0.020780 
0.007657 -0.021876 
0.008766 -0.021633 
0.007396 -0.022283 
0.006710 -0.022605 
0.008158 -0.023813 
0.005514 -0.024056 
0.003738 -0.022911 
-0.000041 -0.022678 
-0.004583 -0.022188 
-0.006834 -0.021246 
-0.010349 -0.020929 
-0.014056 -0.020840 
-0.017083 -0.018420 
-0.021071 -0.014147 
-0.023484 -0.011439 
-0.024926 -0.007790 
-0.026155 -0.003390 
-0.025978 0.000336 
-0.025546 0.003923 
-0.024561 0.009240 
-0.024162 0.012233 
-0.022144 0.013502 
-0.021182 0.016034 
-0.019958 0.015569 
-0.017618 0.016757 
-0.018724 0.016018 
-0.016298 0.013273 
-0.013422 0.010821 
-0.011979 0.007891 
-0.008610 0.006806 
-0.007137 0.004593 
-0.004325 0.003313 
-0.000375 0.002962 
0.003097 0.004268 
0.006757 0.006620 
0.009923 0.008480 
0.013110 0.010958 
0.014622 0.014767 
0.015603 0.017381 
0.016657 0.019268 
0.016244 0.022991 
0.015420 0.023621 
0.014259 0.022626 
0.011597 0.023365 
0.009853 0.024265 
0.007860 0.022837 
0.005894 0.022392 
0.006524 0.022796 
0.005179 0.021426 
0.005034 0.022876 
0.007256 0.025720 
0.009877 0.025679 
0.011941 0.026177 
0.013322 0.026376 
0.017263 0.024167 
0.020355 0.025047 
0.023380 0.023518 
0.025492 0.020144 
0.026009 0.018944 
0.026193 0.015952 
0.025647 0.010329 
0.024596 0.005127 
0.022914 0.001825 
0.021269 -0.003986 
0.019782 -0.009292 
0.020195 -0.013894 
0.019136 -0.016933 
0.019942 -0.019442 
0.020823 -0.021976 
0.019642 -0.022978 
0.021628 -0.024015 
0.020571 -0.023744 
0.018676 -0.024455 
0.018398 -0.024452 
0.014072 -0.022526 
0.008738 -0.018715 
0.006979 -0.016694 
0.001963 -0.013128 
-0.004070 -0.008729 
-0.007275 -0.006872 
-0.013528 -0.002759 
-0.018073 0.000750 
-0.020882 0.003813 
-0.023468 0.005601 
-0.024470 0.008725 
-0.026101 0.010401 
-0.026380 0.011153 
-0.023878 0.011522 
-0.022080 0.007608 
-0.018953 0.004443 
-0.015308 0.001352 
-0.014291 -0.001538 
-0.010306 -0.004587 
-0.007222 -0.007903 
-0.004783 -0.012971 
-0.001617 -0.015715 
0.000857 -0.017563 
0.004099 -0.020179 
0.006444 -0.021285 
0.009862 -0.023213 
0.009897 -0.022947 
0.009614 -0.024528 
0.010614 -0.024333 
0.009998 -0.024190 
0.009826 -0.025626 
0.006139 -0.025532 
0.003115 -0.025207 
0.001053 -0.024833 
-0.003369 -0.025708 
-0.007265 -0.023389 
-0.012208 -0.023358 
-0.015658 -0.021901 
-0.017760 -0.018662 
-0.021840 -0.016674 
-0.023295 -0.011892 
-0.024578 -0.008195 
-0.025943 -0.003014 
-0.024551 0.001417 
-0.024594 0.004183 
-0.025070 0.006968 
-0.025189 0.010041 
-0.024180 0.012617 
-0.023014 0.012877 
-0.020480 0.014010 
-0.018158 0.013312 
-0.018451 0.009557 
-0.017376 0.007560 
-0.016492 0.005317 
-0.012663 0.002890 
-0.010139 0.003314 
-0.008645 0.001300 
-0.004079 -0.000342 
-0.000312 0.002217 
0.004987 0.004525 
0.008246 0.005968 
0.011266 0.008120 
0.013858 0.011718 
0.015295 0.015291 
0.015873 0.017311 
0.015778 0.020080 
0.016027 0.020782 
0.011765 0.018282 
0.009396 0.019974 
0.007429 0.019464 
0.006310 0.018421 
0.004400 0.019200 
0.001122 0.017566 
0.002665 0.019852 
0.000993 0.019930 
0.002018 0.020714 
0.005684 0.023509 
0.008186 0.023989 
0.011053 0.026218 
0.012781 0.026130 
0.016468 0.024799 
0.019863 0.024597 
0.021481 0.023216 
0.021118 0.019527 
0.023148 0.016142 
0.023125 0.012463 
0.020631 0.006984 
0.019691 0.003086 
0.018049 -0.001368 
0.019120 -0.006906 
0.018171 -0.010397 
0.017128 -0.014421 
0.017708 -0.017760 
0.018306 -0.020516 
0.019787 -0.023572 
0.020037 -0.022624 
0.020463 -0.023510 
0.019489 -0.023913 
0.017620 -0.022157 
0.015021 -0.022028 
0.011532 -0.020014 
0.006391 -0.018880 
0.001276 -0.016092 
-0.003305 -0.012249 
-0.008914 -0.009120 
-0.012645 -0.004707 
-0.015924 -0.001732 
-0.018754 0.001435 
-0.022986 0.005839 
-0.025808 0.008271 
-0.025881 0.009356 
-0.027253 0.011649 
-0.026573 0.010540 
-0.025413 0.007353 
-0.023805 0.006462 
-0.020340 0.004683 
-0.017052 0.001610 
-0.014064 -0.002843 
-0.011085 -0.006248 
-0.007777 -0.008093 
-0.004764 -0.012012 
-0.002474 -0.013880 
0.001038 -0.015224 
0.005269 -0.018516 
0.006403 -0.019692 
0.006951 -0.020811 
0.008813 -0.022425 
0.009480 -0.023589 
0.009120 -0.023726 
0.008542 -0.024371 
0.006673 -0.026393 
0.003912 -0.026209 
0.000258 -0.024953 
-0.003544 -0.025239 
-0.006793 -0.025190 
-0.011610 -0.023278 
-0.014758 -0.021779 
-0.017619 -0.020145 
-0.019838 -0.017301 
-0.020723 -0.012832 
-0.023735 -0.009517 
-0.024810 -0.007317 
-0.025407 -0.001094 
-0.024897 0.003854 
-0.024097 0.006834 
-0.024673 0.010039 
-0.023712 0.011243 
-0.023639 0.012156 
-0.023288 0.012222 
-0.021762 0.012269 
-0.019663 0.010885 
-0.019207 0.007095 
-0.018958 0.003937 
-0.016179 0.001695 
-0.014139 0.000136 
-0.011306 -0.000948 
-0.006842 0.000816 
-0.002372 0.002000 
0.001507 0.003056 
0.005172 0.007516 
0.009139 0.009090 
0.011534 0.011662 
0.013378 0.013975 
0.015652 0.014297 
0.016100 0.016717 
0.014624 0.016266 
0.012709 0.017266 
0.010988 0.017151 
0.008083 0.014876 
0.005515 0.016557 
0.003817 0.016694 
0.000191 0.017285 
0.000669 0.018329 
0.001822 0.019152 
0.000618 0.021497 
0.004183 0.022839 
0.006742 0.024324 
0.010085 0.024049 
0.014755 0.024718 
0.016634 0.024151 
0.020785 0.022263 
0.023011 0.022049 
0.022860 0.019698 
0.023923 0.017895 
0.023565 0.013572 
0.022920 0.009914 
0.021121 0.006348 
0.018848 0.001121 
0.019485 -0.002832 
0.019972 -0.008687 
0.020139 -0.011737 
0.021338 -0.016118 
0.022353 -0.019277 
0.022566 -0.019707 
0.022898 -0.022835 
0.023712 -0.023745 
0.023213 -0.023873 
0.021651 -0.024257 
0.018291 -0.023080 
0.013588 -0.021926 
0.008850 -0.019783 
0.004822 -0.015136 
0.000469 -0.013049 
-0.003575 -0.009904 
-0.008386 -0.004700 
-0.014224 -0.001871 
-0.016380 0.001239 
-0.018816 0.004223 
-0.022091 0.007593 
-0.025569 0.009337 
-0.026400 0.010491 
-0.024861 0.011095 
-0.025488 0.009254 
-0.023858 0.008058 
-0.021950 0.006998 
-0.019337 0.003878 
-0.015784 0.000571 
-0.013272 -0.001729 
-0.009852 -0.005287 
-0.006145 -0.008500 
-0.003178 -0.010629 
0.000213 -0.013357 
0.002767 -0.016192 
0.006049 -0.017691 
0.009408 -0.020451 
0.008669 -0.022173 
0.010512 -0.021911 
0.010553 -0.024124 
0.009262 -0.024485 
0.008461 -0.024518 
0.005187 -0.025906 
0.002872 -0.025743 
-0.001772 -0.025840 
-0.004385 -0.026143 
-0.008393 -0.025910 
-0.012055 -0.024901 
-0.013394 -0.022597 
-0.017258 -0.019807 
-0.018797 -0.015231 
-0.020780 -0.010258 
-0.021876 -0.006393 
-0.021633 -0.002355 
-0.022283 0.001571 
-0.022605 0.007130 
-0.023813 0.009599 
-0.024056 0.010398 
-0.022911 0.012263 
-0.022678 0.012698 
-0.022188 0.012166 
-0.021246 0.008668 
-0.020929 0.006041 
-0.020840 0.003887 
-0.018420 0.001915 
-0.014147 0.001226 
-0.011439 0.000653 
-0.007790 0.001298 
-0.003390 0.002962 
0.000336 0.004659 
0.003923 0.006800 
0.009240 0.010147 
0.012233 0.011545 
0.013502 0.013494 
0.016034 0.015792 
0.015569 0.017100 
0.016757 0.017396 
0.016018 0.016465 
0.013273 0.017643 
0.010821 0.018164 
0.007891 0.017530 
0.006806 0.017996 
0.004593 0.017850 
0.003313 0.018453 
0.002962 0.020977 
0.004268 0.021415 
0.006620 0.023023 
0.008480 0.025238 
0.010958 0.026205 
0.014767 0.027343 
0.017381 0.026129 
0.019268 0.025567 
0.022991 0.024095 
0.023621 0.022074 
0.022626 0.020241 
0.023365 0.016686 
0.024265 0.012782 
0.022837 0.009068 
0.022392 0.005051 
0.022796 0.000353 
0.021426 -0.004855 
0.022876 -0.010178 
0.025720 -0.013082 
0.025679 -0.015326 
0.026177 -0.017713 
0.026376 -0.020091 
0.024167 -0.021419 
0.025047 -0.023101 
0.023518 -0.024882 
0.020144 -0.023502 
0.018944 -0.022806 
0.015952 -0.021407 
0.010329 -0.018562 
0.005127 -0.015642 
0.001825 -0.011916 
-0.003986 -0.008401 
-0.009292 -0.005357 
-0.013894 -0.001678 
-0.016933 0.001421 
-0.019442 0.004799 
-0.021976 0.007608 
-0.022978 0.009168 
-0.024015 0.011253 
-0.023744 0.008781 
-0.024455 0.007712 
-0.024452 0.007468 
-0.022526 0.004050 
-0.018715 0.002733 
-0.016694 0.000473 
-0.013128 -0.002508 
-0.008729 -0.005325 
-0.006872 -0.007554 
-0.002759 -0.008981 
0.000750 -0.011460 
0.003813 -0.013959 
0.005601 -0.014973 
0.008725 -0.016284 
0.010401 -0.017074 
0.011153 -0.017619 
0.011522 -0.020534 
0.007608 -0.023237 
0.004443 -0.024641 
0.001352 -0.025076 
-0.001538 -0.026353 
-0.004587 -0.026380 
-0.007903 -0.024833 
-0.012971 -0.025219 
-0.015715 -0.022942 
-0.017563 -0.019767 
-0.020179 -0.019238 
-0.021285 -0.013699 
-0.023213 -0.007683 
-0.022947 -0.005107 
-0.024528 0.000563 
-0.024333 0.005947 
-0.024190 0.008979 
-0.025626 0.010543 
-0.025532 0.011462 
-0.025207 0.011312 
-0.024833 0.010290 
-0.025708 0.008741 
-0.023389 0.006842 
-0.023358 0.003807 
-0.021901 0.000612 
-0.018662 0.000590 
-0.016674 0.001143 
-0.011892 0.002102 
-0.008195 0.002794 
-0.003014 0.006556 
0.001417 0.008604 
0.004183 0.009175 
0.006968 0.012675 
0.010041 0.013281 
0.012617 0.014893 
0.012877 0.015473 
0.014010 0.015643 
0.013312 0.015865 
0.009557 0.015980 
0.007560 0.015784 
0.005317 0.015326 
0.002890 0.016876 
0.003314 0.018171 
0.001300 0.020162 
-0.000342 0.020433 
0.002217 0.023132 
0.004525 0.025258 
0.005968 0.026767 
0.008120 0.029768 
0.011718 0.028580 
0.015291 0.028122 
0.017311 0.028971 
0.020080 0.028753 
0.020782 0.027036 
0.018282 0.024725 
0.019974 0.022115 
0.019464 0.018299 
0.018421 0.013451 
0.019200 0.009597 
0.017566 0.005793 
0.019852 0.001186 
0.019930 -0.003081 
0.020714 -0.007763 
0.023509 -0.011073 
0.023989 -0.014028 
0.026218 -0.016942 
0.026130 -0.018676 
0.024799 -0.021278 
0.024597 -0.022872 
0.023216 -0.021549 
0.019527 -0.022612 
0.016142 -0.021342 
0.012463 -0.018455 
0.006984 -0.016618 
0.003086 -0.012079 
-0.001368 -0.009432 
-0.006906 -0.004981 
-0.010397 -0.001385 
-0.014421 0.001334 
-0.017760 0.005584 
-0.020516 0.007836 
-0.023572 0.008355 
-0.022624 0.008451 
-0.023510 0.009982 
-0.023913 0.009310 
-0.022157 0.007037 
-0.022028 0.004578 
-0.020014 0.003447 
-0.018880 0.001489 
-0.016092 -0.001800 
-0.012249 -0.003793 
-0.009120 -0.005838 
-0.004707 -0.008417 
-0.001732 -0.010643 
0.001435 -0.013007 
0.005839 -0.015184 
0.008271 -0.015349 
0.009356 -0.018281 
0.011649 -0.019376 
0.010540 -0.021065 
0.007353 -0.023578 
0.006462 -0.023801 
0.004683 -0.028187 
0.001610 -0.028464 
-0.002843 -0.027218 
-0.006248 -0.029581 
-0.008093 -0.029383 
-0.012012 -0.025187 
-0.013880 -0.022747 
-0.015224 -0.020114 
-0.018516 -0.014879 
-0.019692 -0.011110 
-0.020811 -0.004957 
-0.022425 0.000070 
-0.023589 0.003460 
-0.023726 0.006308 
-0.024371 0.007284 
-0.026393 0.009259 
-0.026209 0.010208 
-0.024953 0.009567 
-0.025239 0.008591 
-0.025190 0.006141 
-0.023278 0.003081 
-0.021779 0.001375 
-0.020145 0.000081 
-0.017301 0.001099 
-0.012832 0.003111 
-0.009517 0.004301 
-0.007317 0.006345 
-0.001094 0.007452 
0.003854 0.009522 
0.006834 0.011866 
0.010039 0.012352 
0.011243 0.014066 
0.012156 0.014984 
0.012222 0.016254 
0.012269 0.017059 
0.010885 0.014531 
0.007095 0.014812 
0.003937 0.015236 
0.001695 0.014750 
0.000136 0.016547 
-0.000948 0.017963 
0.000816 0.020265 
0.002000 0.022397 
0.003056 0.022807 
0.007516 0.025203 
0.009090 0.027874 
0.011662 0.028795 
0.013975 0.028880 
0.014297 0.027685 
0.016717 0.027815 
0.016266 0.027195 
0.017266 0.025504 
0.017151 0.022950 
0.014876 0.019889 
0.016557 0.016702 
0.016694 0.012073 
0.017285 0.008018 
0.018329 0.003370 
0.019152 -0.000160 
0.021497 -0.005777 
0.022839 -0.009507 
0.024324 -0.011511 
0.024049 -0.016624 
0.024718 -0.018119 
0.024151 -0.020610 
0.022263 -0.023693 
0.022049 -0.024129 
0.019698 -0.023286 
0.017895 -0.022939 
0.013572 -0.022815 
0.009914 -0.019662 
0.006348 -0.016066 
0.001121 -0.014145 
-0.002832 -0.010075 
-0.008687 -0.004998 
-0.011737 -0.003393 
-0.016118 0.000632 
-0.019277 0.004637 
-0.019707 0.005903 
-0.022835 0.007091 
-0.023745 0.007093 
-0.023873 0.005864 
-0.024257 0.005522 
-0.023080 0.004695 
-0.021926 0.001359 
-0.019783 0.001040 
-0.015136 -0.001592 
-0.013049 -0.004714 
-0.009904 -0.004771 
-0.004700 -0.006606 
-0.001871 -0.008682 
0.001239 -0.010755 
0.004223 -0.011328 
0.007593 -0.013011 
0.009337 -0.015786 
0.010491 -0.017576 
0.011095 -0.019555 
0.009254 -0.022565 
0.008058 -0.026069 
0.006998 -0.027651 
0.003878 -0.028339 
0.000571 -0.031057 
-0.001729 -0.032141 
-0.005287 -0.031148 
-0.008500 -0.029618 
-0.010629 -0.025375 
-0.013357 -0.022893 
-0.016192 -0.017822 
-0.017691 -0.011795 
-0.020451 -0.008313 
-0.022173 -0.002988 
-0.021911 0.001120 
-0.024124 0.002959 
-0.024485 0.004481 
-0.024518 0.006698 
-0.025906 0.006761 
-0.025743 0.007397 
-0.025840 0.005363 
-0.026143 0.003610 
-0.025910 0.003643 
-0.024901 -0.000135 
-0.022597 0.000905 
-0.019807 0.000117 
-0.015231 -0.000387 
-0.010258 0.003418 
-0.006393 0.003576 
-0.002355 0.006050 
0.001571 0.008298 
0.007130 0.007690 
0.009599 0.010451 
0.010398 0.012568 
0.012263 0.011985 
0.012698 0.013081 
0.012166 0.013514 
0.008668 0.013770 
0.006041 0.014580 
0.003887 0.014571 
0.001915 0.015604 
0.001226 0.015964 
0.000653 0.016835 
0.001298 0.018616 
0.002962 0.018831 
0.004659 0.021953 
0.006800 0.025045 
0.010147 0.026350 
0.011545 0.027984 
0.013494 0.027564 
0.015792 0.028792 
0.017100 0.028594 
0.017396 0.028404 
0.016465 0.027688 
0.017643 0.024033 
0.018164 0.022247 
0.017530 0.018133 
0.017996 0.013607 
0.017850 0.011170 
0.018453 0.008185 
0.020977 0.002950 
0.021415 -0.002493 
0.023023 -0.006774 
0.025238 -0.009699 
0.026205 -0.013320 
0.027343 -0.018914 
0.026129 -0.021630 
0.025567 -0.023317 
0.024095 -0.023238 
0.022074 -0.023200 
0.020241 -0.024207 
0.016686 -0.022475 
0.012782 -0.019731 
0.009068 -0.017274 
0.005051 -0.013666 
0.000353 -0.008670 
-0.004855 -0.005723 
-0.010178 -0.002917 
-0.013082 0.001178 
-0.015326 0.003040 
-0.017713 0.004836 
-0.020091 0.007268 
-0.021419 0.006900 
-0.023101 0.006965 
-0.024882 0.005347 
-0.023502 0.004897 
-0.022806 0.004987 
-0.021407 0.001247 
-0.018562 0.001314 
-0.015642 -0.000444 
-0.011916 -0.002431 
-0.008401 -0.003844 
-0.005357 -0.006574 
-0.001678 -0.007307 
0.001421 -0.007972 
0.004799 -0.009448 
0.007608 -0.012846 
0.009168 -0.013804 
0.011253 -0.016877 
0.008781 -0.020360 
0.007712 -0.022311 
0.007468 -0.025350 
0.004050 -0.027586 
0.002733 -0.030095 
0.000473 -0.031253 
-0.002508 -0.031146 
-0.005325 -0.028746 
-0.007554 -0.026087 
-0.008981 -0.022864 
-0.011460 -0.018453 
-0.013959 -0.013309 
-0.014973 -0.007536 
-0.016284 -0.000709 
-0.017074 0.002394 
-0.017619 0.003542 
-0.020534 0.007502 
-0.023237 0.007116 
-0.024641 0.008995 
-0.025076 0.009537 
-0.026353 0.007094 
-0.026380 0.005094 
-0.024833 0.003683 
-0.025219 0.004202 
-0.022942 0.001908 
-0.019767 0.004031 
-0.019238 0.003804 
-0.013699 0.003613 
-0.007683 0.006215 
-0.005107 0.006727 
0.000563 0.008763 
0.005947 0.008716 
0.008979 0.011877 
0.010543 0.013456 
0.011462 0.013657 
0.011312 0.014426 
0.010290 0.013854 
0.008741 0.015212 
0.006842 0.013781 
0.003807 0.013929 
0.000612 0.013916 
0.000590 0.013962 
0.001143 0.016644 
0.002102 0.017530 
0.002794 0.020230 
0.006556 0.022746 
0.008604 0.024393 
0.009175 0.027263 
0.012675 0.027932 
0.013281 0.028994 
0.014893 0.031197 
0.015473 0.030870 
0.015643 0.031235 
0.015865 0.030362 
0.015980 0.026507 
0.015784 0.024657 
0.015326 0.021340 
0.016876 0.017519 
0.018171 0.015538 
0.020162 0.010960 
0.020433 0.007401 
0.023132 0.003702 
0.025258 -0.002398 
0.026767 -0.005100 
0.029768 -0.008716 
0.028580 -0.015220 
0.028122 -0.019745 
0.028971 -0.022361 
0.028753 -0.024205 
0.027036 -0.023904 
0.024725 -0.023398 
0.022115 -0.024267 
0.018299 -0.020878 
0.013451 -0.018698 
0.009597 -0.016234 
0.005793 -0.011218 
0.001186 -0.010047 
-0.003081 -0.006203 
-0.007763 -0.002075 
-0.011073 0.000760 
-0.014028 0.003534 
-0.016942 0.003580 
-0.018676 0.004147 
-0.021278 0.005276 
-0.022872 0.004957 
-0.021549 0.005019 
-0.022612 0.003863 
-0.021342 0.001815 
-0.018455 0.001792 
-0.016618 0.000000 
-0.012079 -0.000284 
-0.009432 -0.001698 
-0.004981 -0.003654 
-0.001385 -0.005071 
0.001334 -0.007573 
0.005584 -0.006866 
0.007836 -0.008683 
0.008355 -0.010761 
0.008451 -0.013672 
0.009982 -0.017184 
0.009310 -0.021268 
0.007037 -0.025709 
0.004578 -0.027577 
0.003447 -0.030577 
0.001489 -0.032243 
-0.001800 -0.032343 
-0.003793 -0.030364 
-0.005838 -0.028199 
-0.008417 -0.023786 
-0.010643 -0.018923 
-0.013007 -0.014899 
-0.015184 -0.009233 
-0.015349 -0.005217 
-0.018281 -0.000879 
-0.019376 0.002520 
-0.021065 0.004486 
-0.023578 0.006077 
-0.023801 0.007699 
-0.028187 0.006347 
-0.028464 0.004909 
-0.027218 0.004257 
-0.029581 0.002799 
-0.029383 0.001486 
-0.025187 0.001052 
-0.022747 0.003053 
-0.020114 0.001830 
-0.014879 0.003634 
-0.011110 0.005863 
-0.004957 0.006934 
0.000070 0.009368 
0.003460 0.009652 
0.006308 0.011156 
0.007284 0.010835 
0.009259 0.011641 
0.010208 0.013099 
0.009567 0.013401 
0.008591 0.013099 
0.006141 0.013550 
0.003081 0.013328 
0.001375 0.012735 
0.000081 0.014914 
0.001099 0.015454 
0.003111 0.018594 
0.004301 0.020770 
0.006345 0.021899 
0.007452 0.024967 
0.009522 0.026901 
0.011866 0.028994 
0.012352 0.029118 
0.014066 0.031402 
0.014984 0.033161 
0.016254 0.031380 
0.017059 0.031085 
0.014531 0.031250 
0.014812 0.029030 
0.015236 0.024998 
0.014750 0.021610 
0.016547 0.018068 
0.017963 0.015033 
0.020265 0.011306 
0.022397 0.005865 
0.022807 0.000291 
0.025203 -0.004436 
0.027874 -0.007950 
0.028795 -0.013152 
0.028880 -0.017254 
0.027685 -0.019731 
0.027815 -0.022902 
0.027195 -0.024977 
0.025504 -0.024808 
0.022950 -0.023606 
0.019889 -0.022514 
0.016702 -0.020282 
0.012073 -0.018307 
0.008018 -0.015329 
0.003370 -0.011978 
-0.000160 -0.007195 
-0.005777 -0.003735 
-0.009507 -0.003230 
-0.011511 0.001171 
-0.016624 0.003593 
-0.018119 0.003442 
-0.020610 0.004002 
-0.023693 0.003630 
-0.024129 0.003263 
-0.023286 0.002439 
-0.022939 0.000449 
-0.022815 -0.000581 
-0.019662 -0.001271 
-0.016066 -0.002937 
-0.014145 -0.003557 
-0.010075 -0.005068 
-0.004998 -0.004789 
-0.003393 -0.005319 
0.000632 -0.008374 
0.004637 -0.010745 
0.005903 -0.012954 
0.007091 -0.015784 
0.007093 -0.019560 
0.005864 -0.023684 
0.005522 -0.029706 
0.004695 -0.032124 
0.001359 -0.033139 
0.001040 -0.034563 
-0.001592 -0.034743 
-0.004714 -0.034214 
-0.004771 -0.031213 
-0.006606 -0.028285 
-0.008682 -0.023342 
-0.010755 -0.019137 
-0.011328 -0.014287 
-0.013011 -0.008017 
-0.015786 -0.005702 
-0.017576 -0.003378 
-0.019555 -0.000611 
-0.022565 0.000230 
-0.026069 0.001514 
-0.027651 0.001202 
-0.028339 0.000456 
-0.031057 0.000887 
-0.032141 -0.000802 
-0.031148 -0.000907 
-0.029618 -0.000845 
-0.025375 -0.000338 
-0.022893 0.001021 
-0.017822 0.002082 
-0.011795 0.003953 
-0.008313 0.003900 
-0.002988 0.005540 
0.001120 0.007118 
0.002959 0.007100 
0.004481 0.009418 
0.006698 0.011069 
0.006761 0.010167 
0.007397 0.010447 
0.005363 0.010893 
0.003610 0.010827 
0.003643 0.011314 
-0.000135 0.011618 
0.000905 0.012911 
0.000117 0.014100 
-0.000387 0.016335 
0.003418 0.017987 
0.003576 0.019017 
0.006050 0.022567 
0.008298 0.025110 
0.007690 0.026378 
0.010451 0.028123 
0.012568 0.027884 
0.011985 0.029310 
0.013081 0.031029 
0.013514 0.029585 
0.013770 0.029604 
0.014580 0.027272 
0.014571 0.024702 
0.015604 0.024547 
0.015964 0.022044 
0.016835 0.017279 
0.018616 0.014132 
0.018831 0.010545 
0.021953 0.003511 
0.025045 -0.000374 
0.026350 -0.004199 
0.027984 -0.008909 
0.027564 -0.013256 
0.028792 -0.018651 
0.028594 -0.020758 
0.028404 -0.022226 
0.027688 -0.023397 
0.024033 -0.023000 
0.022247 -0.022402 
0.018133 -0.019968 
0.013607 -0.017765 
0.011170 -0.015463 
0.008185 -0.011182 
0.002950 -0.007345 
-0.002493 -0.003620 
-0.006774 -0.001363 
-0.009699 0.001073 
-0.013320 0.003749 
-0.018914 0.004239 
-0.021630 0.004606 
-0.023317 0.004506 
-0.023238 0.003708 
-0.023200 0.002734 
-0.024207 0.001872 
-0.022475 0.001423 
-0.019731 0.001568 
-0.017274 -0.000093 
-0.013666 -0.000112 
-0.008670 0.000356 
-0.005723 -0.001190 
-0.002917 -0.000627 
0.001178 -0.001562 
0.003040 -0.004483 
0.004836 -0.007687 
0.007268 -0.010345 
0.006900 -0.014633 
0.006965 -0.019165 
0.005347 -0.022991 
0.004897 -0.027673 
0.004987 -0.029698 
0.001247 -0.030720 
0.001314 -0.031844 
-0.000444 -0.031151 
-0.002431 -0.028471 
-0.003844 -0.025718 
-0.006574 -0.021598 
-0.007307 -0.017384 
-0.007972 -0.013540 
-0.009448 -0.008783 
-0.012846 -0.005047 
-0.013804 -0.003247 
-0.016877 -0.001050 
-0.020360 0.001448 
-0.022311 0.002024 
-0.025350 0.002624 
-0.027586 0.000271 
-0.030095 0.000973 
-0.031253 0.002276 
-0.031146 -0.000179 
-0.028746 0.001160 
-0.026087 0.002167 
-0.022864 0.001451 
-0.018453 0.002762 
-0.013309 0.005284 
-0.007536 0.004403 
-0.000709 0.006463 
0.002394 0.009021 
0.003542 0.007929 
0.007502 0.009634 
0.007116 0.010738 
0.008995 0.011912 
0.009537 0.012410 
0.007094 0.011566 
0.005094 0.011745 
0.003683 0.012742 
0.004202 0.012945 
0.001908 0.013501 
0.004031 0.015562 
0.003804 0.017977 
0.003613 0.019363 
0.006215 0.020618 
0.006727 0.024235 
0.008763 0.024706 
0.008716 0.025584 
0.011877 0.028901 
0.013456 0.029113 
0.013657 0.029057 
0.014426 0.030034 
0.013854 0.030690 
0.015212 0.031259 
0.013781 0.030511 
0.013929 0.028299 
0.013916 0.026738 
0.013962 0.024324 
0.016644 0.020670 
0.017530 0.017165 
0.020230 0.013438 
0.022746 0.007577 
0.024393 0.002372 
0.027263 -0.001686 
0.027932 -0.006525 
0.028994 -0.010165 
0.031197 -0.014770 
0.030870 -0.018653 
0.031235 -0.021446 
0.030362 -0.022920 
0.026507 -0.022243 
0.024657 -0.021813 
0.021340 -0.021497 
0.017519 -0.020303 
0.015538 -0.015992 
0.010960 -0.013222 
0.007401 -0.011818 
0.003702 -0.008153 
-0.002398 -0.004522 
-0.005100 -0.001139 
-0.008716 -0.000098 
-0.015220 0.002122 
-0.019745 0.003944 
-0.022361 0.002325 
-0.024205 0.002323 
-0.023904 0.002383 
-0.023398 0.002553 
-0.024267 0.001751 
-0.020878 0.000266 
-0.018698 0.000685 
-0.016234 0.000720 
-0.011218 -0.000622 
-0.010047 -0.001544 
-0.006203 -0.002236 
-0.002075 -0.002524 
0.000760 -0.004374 
0.003534 -0.009928 
0.003580 -0.011969 
0.004147 -0.015037 
0.005276 -0.020064 
0.004957 -0.024989 
0.005019 -0.029343 
0.003863 -0.030504 
0.001815 -0.033227 
0.001792 -0.033180 
0.000000 -0.032565 
-0.000284 -0.030485 
-0.001698 -0.029083 
-0.003654 -0.025484 
-0.005071 -0.020199 
-0.007573 -0.019467 
-0.006866 -0.013807 
-0.008683 -0.010493 
-0.010761 -0.007266 
-0.013672 -0.003909 
-0.017184 -0.003190 
-0.021268 -0.002436 
-0.025709 -0.003104 
-0.027577 -0.002059 
-0.030577 -0.002571 
-0.032243 -0.002132 
-0.032343 -0.001652 
-0.030364 -0.001683 
-0.028199 -0.001322 
-0.023786 -0.000349 
-0.018923 0.001424 
-0.014899 0.002195 
-0.009233 0.003063 
-0.005217 0.004204 
-0.000879 0.004307 
0.002520 0.005161 
0.004486 0.006990 
0.006077 0.007269 
0.007699 0.008581 
0.006347 0.007735 
0.004909 0.006815 
0.004257 0.007407 
0.002799 0.009109 
0.001486 0.009479 
0.001052 0.008849 
0.003053 0.012284 
0.001830 0.013632 
0.003634 0.014494 
0.005863 0.017525 
0.006934 0.019804 
0.009368 0.019731 
0.009652 0.022202 
0.011156 0.023750 
0.010835 0.025039 
0.011641 0.028088 
0.013099 0.028513 
0.013401 0.029223 
0.013099 0.027787 
0.013550 0.030109 
0.013328 0.029188 
0.012735 0.025184 
0.014914 0.024591 
0.015454 0.021251 
0.018594 0.017465 
0.020770 0.014506 
0.021899 0.010539 
0.024967 0.003813 
0.026901 -0.000372 
0.028994 -0.004733 
0.029118 -0.009347 
0.031402 -0.013903 
0.033161 -0.018395 
0.031380 -0.021139 
0.031085 -0.023401 
0.031250 -0.023881 
0.029030 -0.025183 
0.024998 -0.024330 
0.021610 -0.023012 
0.018068 -0.019993 
0.015033 -0.017321 
0.011306 -0.014094 
0.005865 -0.009064 
0.000291 -0.007510 
-0.004436 -0.003932 
-0.007950 -0.001107 
-0.013152 -0.000217 
-0.017254 0.001319 
-0.019731 0.001596 
-0.022902 0.001366 
-0.024977 0.001430 
-0.024808 0.000899 
-0.023606 0.001599 
-0.022514 0.002508 
-0.020282 0.003001 
-0.018307 0.003767 
-0.015329 0.003819 
-0.011978 0.003610 
-0.007195 0.002400 
-0.003735 0.001911 
-0.003230 -0.000551 
0.001171 -0.003839 
0.003593 -0.007365 
0.003442 -0.011180 
0.004002 -0.015507 
0.003630 -0.020409 
0.003263 -0.023987 
0.002439 -0.026849 
0.000449 -0.028270 
-0.000581 -0.032275 
-0.001271 -0.031863 
-0.002937 -0.029344 
-0.003557 -0.026643 
-0.005068 -0.022631 
-0.004789 -0.021079 
-0.005319 -0.016156 
-0.008374 -0.013077 
-0.010745 -0.009304 
-0.012954 -0.006981 
-0.015784 -0.005656 
-0.019560 -0.002444 
-0.023684 -0.002604 
-0.029706 -0.000754 
-0.032124 0.000096 
-0.033139 -0.000200 
-0.034563 -0.000540 
-0.034743 0.000412 
-0.034214 0.002426 
-0.031213 0.001167 
-0.028285 0.002258 
-0.023342 0.004138 
-0.019137 0.003835 
-0.014287 0.005510 
-0.008017 0.008025 
-0.005702 0.008689 
-0.003378 0.008599 
-0.000611 0.008965 
0.000230 0.008404 
0.001514 0.007379 
0.001202 0.008476 
0.000456 0.008648 
0.000887 0.006749 
-0.000802 0.008214 
-0.000907 0.011280 
-0.000845 0.011858 
-0.000338 0.012168 
0.001021 0.013276 
0.002082 0.016262 
0.003953 0.018489 
0.003900 0.019397 
0.005540 0.021418 
0.007118 0.022419 
0.007100 0.025184 
0.009418 0.027641 
0.011069 0.028711 
0.010167 0.029560 
0.010447 0.029633 
0.010893 0.031341 
0.010827 0.031630 
0.011314 0.031281 
0.011618 0.030202 
0.012911 0.028003 
0.014100 0.026217 
0.016335 0.022970 
0.017987 0.019127 
0.019017 0.015884 
0.022567 0.011284 
0.025110 0.005138 
0.026378 -0.000262 
0.028123 -0.005490 
0.027884 -0.009163 
0.029310 -0.012597 
0.031029 -0.015900 
0.029585 -0.018302 
0.029604 -0.020324 
0.027272 -0.019366 
0.024702 -0.019563 
0.024547 -0.018678 
0.022044 -0.015777 
0.017279 -0.015429 
0.014132 -0.012653 
0.010545 -0.008376 
0.003511 -0.005213 
-0.000374 -0.002669 
-0.004199 -0.001104 
-0.008909 0.000535 
-0.013256 0.000717 
-0.018651 0.000788 
-0.020758 0.001719 
-0.022226 0.002212 
-0.023397 0.001706 
-0.023000 0.002424 
-0.022402 0.004522 
-0.019968 0.005412 
-0.017765 0.007432 
-0.015463 0.007860 
-0.011182 0.007315 
-0.007345 0.006844 
-0.003620 0.004565 
-0.001363 0.002415 
0.001073 -0.002020 
0.003749 -0.006048 
0.004239 -0.009125 
0.004606 -0.015258 
0.004506 -0.020427 
0.003708 -0.022950 
0.002734 -0.027510 
0.001872 -0.029544 
0.001423 -0.029201 
0.001568 -0.031551 
-0.000093 -0.029878 
-0.000112 -0.026991 
0.000356 -0.025125 
-0.001190 -0.021370 
-0.000627 -0.019040 
-0.001562 -0.016622 
-0.004483 -0.013270 
-0.007687 -0.011166 
-0.010345 -0.008455 
-0.014633 -0.006162 
-0.019165 -0.005361 
-0.022991 -0.003362 
-0.027673 -0.002471 
-0.029698 -0.003006 
-0.030720 -0.002544 
-0.031844 -0.001877 
-0.031151 -0.002412 
-0.028471 -0.000682 
-0.025718 0.001568 
-0.021598 0.002186 
-0.017384 0.003485 
-0.013540 0.004400 
-0.008783 0.006307 
-0.005047 0.005998 
-0.003247 0.005761 
-0.001050 0.006086 
0.001448 0.006766 
0.002024 0.008545 
0.002624 0.007637 
0.000271 0.007671 
0.000973 0.007679 
0.002276 0.008659 
-0.000179 0.010079 
0.001160 0.009895 
0.002167 0.010631 
0.001451 0.012742 
0.002762 0.013578 
0.005284 0.015264 
0.004403 0.017079 
0.006463 0.018388 
0.009021 0.022161 
0.007929 0.022498 
0.009634 0.025917 
0.010738 0.028466 
0.011912 0.029112 
0.012410 0.031843 
0.011566 0.031265 
0.011745 0.032222 
0.012742 0.032073 
0.012945 0.032207 
0.013501 0.030681 
0.015562 0.028133 
0.017977 0.025199 
0.019363 0.021400 
0.020618 0.018154 
0.024235 0.012933 
0.024706 0.009082 
0.025584 0.003222 
0.028901 -0.001860 
0.029113 -0.006478 
0.029057 -0.010729 
0.030034 -0.013407 
0.030690 -0.017004 
0.031259 -0.018466 
0.030511 -0.019364 
0.028299 -0.020947 
0.026738 -0.019143 
0.024324 -0.015683 
0.020670 -0.015041 
0.017165 -0.012538 
0.013438 -0.010886 
0.007577 -0.007749 
0.002372 -0.005001 
-0.001686 -0.005545 
-0.006525 -0.002282 
-0.010165 -0.001423 
-0.014770 -0.002752 
-0.018653 -0.001782 
-0.021446 0.000147 
-0.022920 0.001342 
-0.022243 0.002423 
-0.021813 0.003406 
-0.021497 0.005341 
-0.020303 0.006132 
-0.015992 0.006802 
-0.013222 0.008064 
-0.011818 0.006613 
-0.008153 0.006745 
-0.004522 0.003848 
-0.001139 -0.000366 
-0.000098 -0.004878 
0.002122 -0.010723 
0.003944 -0.013605 
0.002325 -0.017584 
0.002323 -0.023238 
0.002383 -0.026038 
0.002553 -0.028273 
0.001751 -0.031184 
0.000266 -0.030392 
0.000685 -0.031107 
0.000720 -0.028783 
-0.000622 -0.025470 
-0.001544 -0.025018 
-0.002236 -0.021368 
-0.002524 -0.018759 
-0.004374 -0.015682 
-0.009928 -0.012902 
-0.011969 -0.011250 
-0.015037 -0.010061 
-0.020064 -0.009384 
-0.024989 -0.007949 
-0.029343 -0.005870 
-0.030504 -0.005580 
-0.033227 -0.005360 
-0.033180 -0.005049 
-0.032565 -0.006135 
-0.030485 -0.003460 
-0.029083 -0.001987 
-0.025484 -0.000880 
-0.020199 0.000901 
-0.019467 0.001647 
-0.013807 0.003257 
-0.010493 0.003769 
-0.007266 0.004346 
-0.003909 0.004928 
-0.003190 0.004936 
-0.002436 0.005179 
-0.003104 0.006081 
-0.002059 0.005944 
-0.002571 0.005602 
-0.002132 0.005660 
-0.001652 0.007796 
-0.001683 0.007698 
-0.001322 0.006644 
-0.000349 0.009386 
0.001424 0.009563 
0.002195 0.010758 
0.003063 0.012863 
0.004204 0.013623 
0.004307 0.015039 
0.005161 0.018060 
0.006990 0.019828 
0.007269 0.021867 
0.008581 0.026360 
0.007735 0.026904 
