0.084524 0.051676 
0.083091 0.048926 
0.081471 0.046571 
0.078534 0.043613 
0.076591 0.038888 
0.076263 0.034302 
0.071459 0.033198 
0.067148 0.025194 
0.064490 0.021047 
0.062383 0.016201 
0.061171 0.010869 
0.057591 0.007958 
0.055716 0.002539 
0.055874 0.000455 
0.053430 -0.004811 
0.052566 -0.007846 
0.049543 -0.012391 
0.043341 -0.018858 
0.040280 -0.023795 
0.037819 -0.027237 
0.032289 -0.030682 
0.028511 -0.034760 
0.024513 -0.036708 
0.019426 -0.042279 
0.017063 -0.042707 
0.011015 -0.043302 
0.006201 -0.045427 
0.000806 -0.045432 
-0.006701 -0.048844 
-0.011693 -0.050141 
-0.016987 -0.053605 
-0.019355 -0.055672 
-0.022566 -0.056798 
-0.026927 -0.062410 
-0.031029 -0.063873 
-0.034528 -0.067410 
-0.036358 -0.073828 
-0.039769 -0.077903 
-0.041807 -0.082471 
-0.043600 -0.084795 
-0.048144 -0.088648 
-0.052091 -0.093079 
-0.052278 -0.094217 
-0.052055 -0.092350 
-0.055238 -0.092520 
-0.056848 -0.093004 
-0.058856 -0.090205 
-0.063525 -0.089180 
-0.065968 -0.086825 
-0.068265 -0.086191 
-0.071886 -0.084042 
-0.075368 -0.081013 
-0.078779 -0.078696 
-0.083574 -0.074094 
-0.086069 -0.070721 
-0.087913 -0.066063 
-0.089802 -0.062354 
-0.090016 -0.058579 
-0.092413 -0.053798 
-0.092589 -0.046438 
-0.093096 -0.041432 
-0.093191 -0.034944 
-0.091530 -0.024436 
-0.089941 -0.018565 
-0.086502 -0.008644 
-0.082333 0.002123 
-0.077212 0.010689 
-0.074504 0.016516 
-0.073029 0.022181 
-0.068162 0.031215 
-0.061655 0.036629 
-0.058539 0.042324 
-0.053845 0.047006 
-0.049794 0.049975 
-0.045043 0.055110 
-0.036494 0.060124 
-0.030406 0.063464 
-0.021918 0.064861 
-0.014337 0.067163 
-0.006880 0.071554 
0.000401 0.075571 
0.008904 0.079845 
0.017459 0.081879 
0.023517 0.083887 
0.031933 0.087846 
0.036728 0.088350 
0.042090 0.087958 
0.049144 0.088367 
0.055320 0.088987 
0.058634 0.087149 
0.061844 0.085596 
0.066205 0.083481 
0.067469 0.081011 
0.070844 0.080528 
0.074897 0.074905 
0.077126 0.072481 
0.080631 0.071567 
0.085096 0.067731 
0.084656 0.064670 
0.086197 0.063904 
0.088071 0.063463 
0.087608 0.059431 
0.090435 0.060455 
0.090010 0.059824 
0.088820 0.057174 
0.088208 0.057020 
0.085308 0.053725 
0.080159 0.050011 
0.078496 0.047127 
0.076298 0.043860 
0.072775 0.038282 
0.071229 0.034527 
0.066768 0.030385 
0.066521 0.025438 
0.065498 0.020133 
0.062366 0.013308 
0.060885 0.010147 
0.058376 0.006162 
0.056283 0.001445 
0.054408 -0.003569 
0.052085 -0.007522 
0.049861 -0.011572 
0.047174 -0.016993 
0.041265 -0.018302 
0.037318 -0.022204 
0.033585 -0.025837 
0.029563 -0.028342 
0.026723 -0.033499 
0.022099 -0.036234 
0.016114 -0.038716 
0.009565 -0.040655 
0.005100 -0.041590 
-0.000139 -0.043792 
-0.003628 -0.047812 
-0.007287 -0.048476 
-0.012418 -0.049737 
-0.016067 -0.054806 
-0.021163 -0.056475 
-0.026451 -0.059356 
-0.031260 -0.062055 
-0.033246 -0.066075 
-0.036316 -0.072100 
-0.040094 -0.076243 
-0.041292 -0.079742 
-0.043442 -0.082314 
-0.045641 -0.087536 
-0.048550 -0.088824 
-0.049901 -0.089318 
-0.051429 -0.092449 
-0.054550 -0.093262 
-0.055074 -0.093835 
-0.057494 -0.093120 
-0.062011 -0.091984 
-0.064811 -0.087909 
-0.066064 -0.084771 
-0.067838 -0.082954 
-0.071543 -0.080187 
-0.075620 -0.077732 
-0.079878 -0.074085 
-0.083016 -0.073102 
-0.086600 -0.070323 
-0.089386 -0.066985 
-0.091813 -0.063393 
-0.095045 -0.057934 
-0.095239 -0.052679 
-0.096754 -0.044842 
-0.098047 -0.038238 
-0.095856 -0.030175 
-0.090978 -0.022774 
-0.088400 -0.015408 
-0.087726 -0.004789 
-0.083116 0.002619 
-0.078819 0.010505 
-0.074105 0.018002 
-0.069850 0.024762 
-0.065766 0.031327 
-0.063412 0.036021 
-0.060662 0.043210 
-0.053864 0.047884 
-0.049003 0.050079 
-0.043382 0.055436 
-0.036052 0.059800 
-0.028951 0.062759 
-0.024038 0.068107 
-0.016827 0.073374 
-0.007171 0.075715 
-0.000663 0.078060 
0.006368 0.081108 
0.014331 0.083655 
0.023144 0.085821 
0.031670 0.086266 
0.035919 0.086513 
0.040293 0.087896 
0.047472 0.088329 
0.049622 0.086201 
0.052948 0.085139 
0.058120 0.084651 
0.060202 0.081904 
0.064625 0.079819 
0.069984 0.076956 
0.074038 0.074423 
0.076192 0.071383 
0.080283 0.068802 
0.084042 0.067376 
0.086325 0.064710 
0.086820 0.064863 
0.086261 0.062767 
0.086143 0.061701 
0.086244 0.061764 
0.086175 0.057894 
0.083303 0.057513 
0.081723 0.054629 
0.078431 0.050647 
0.078471 0.047894 
0.076821 0.041383 
0.073975 0.038621 
0.073002 0.035930 
0.067516 0.031938 
0.065877 0.029089 
0.061807 0.023059 
0.061148 0.017313 
0.059707 0.013607 
0.054835 0.010611 
0.054868 0.005055 
0.052797 0.001213 
0.051392 -0.003539 
0.049959 -0.010374 
0.048807 -0.011504 
0.046100 -0.015930 
0.043246 -0.019225 
0.040150 -0.023241 
0.034546 -0.029112 
0.028808 -0.029120 
0.025287 -0.032321 
0.020914 -0.033119 
0.011221 -0.034903 
0.007648 -0.038478 
0.007492 -0.039227 
0.003019 -0.043216 
-0.000390 -0.044770 
-0.003696 -0.047717 
-0.008996 -0.050536 
-0.014626 -0.052557 
-0.021001 -0.059186 
-0.024395 -0.063659 
-0.026305 -0.069713 
-0.030298 -0.075757 
-0.033490 -0.078907 
-0.037175 -0.083427 
-0.042046 -0.086108 
-0.045825 -0.088218 
-0.046345 -0.091753 
-0.049332 -0.094786 
-0.052424 -0.094798 
-0.053283 -0.096481 
-0.055776 -0.096663 
-0.057540 -0.092341 
-0.057423 -0.093174 
-0.059299 -0.091270 
-0.064247 -0.087747 
-0.066487 -0.086895 
-0.071002 -0.082741 
-0.076769 -0.081287 
-0.080655 -0.080588 
-0.082495 -0.079948 
-0.086043 -0.077950 
-0.089949 -0.071114 
-0.091746 -0.067084 
-0.095801 -0.062280 
-0.094649 -0.053906 
-0.095401 -0.048484 
-0.094931 -0.040913 
-0.092952 -0.031420 
-0.091798 -0.025724 
-0.089156 -0.017388 
-0.089380 -0.009394 
-0.084314 -0.003293 
-0.081920 0.005163 
-0.078325 0.009680 
-0.073288 0.016257 
-0.070940 0.024212 
-0.064922 0.027570 
-0.063709 0.033480 
-0.060192 0.039408 
-0.052895 0.043824 
-0.049082 0.049326 
-0.042621 0.055741 
-0.036731 0.058478 
-0.028442 0.061395 
-0.019741 0.068644 
-0.014107 0.070894 
-0.003084 0.072936 
0.001878 0.076222 
0.009822 0.078061 
0.021082 0.080352 
0.026984 0.082208 
0.036219 0.083779 
0.040293 0.084643 
0.045151 0.086626 
0.051378 0.084386 
0.055214 0.081730 
0.058084 0.080098 
0.062419 0.076091 
0.067051 0.075000 
0.068723 0.073366 
0.072261 0.071093 
0.074461 0.068759 
0.078408 0.067142 
0.081289 0.067491 
0.084249 0.066271 
0.087108 0.064782 
0.086417 0.066127 
0.088751 0.065732 
0.087831 0.063070 
0.085479 0.061771 
0.087123 0.058173 
0.086460 0.057883 
0.084989 0.056603 
0.080983 0.050636 
0.075946 0.047458 
0.075371 0.043344 
0.072460 0.038699 
0.070393 0.033542 
0.069772 0.031592 
0.067033 0.029309 
0.063621 0.021482 
0.062824 0.016835 
0.063648 0.013286 
0.062259 0.008191 
0.059481 0.004283 
0.055231 0.000943 
0.054291 -0.004133 
0.051676 -0.008460 
0.048926 -0.011553 
0.046571 -0.016460 
0.043613 -0.022008 
0.038888 -0.025409 
0.034302 -0.027592 
0.033198 -0.031773 
0.025194 -0.032799 
0.021047 -0.034655 
0.016201 -0.038275 
0.010869 -0.040749 
0.007958 -0.043039 
0.002539 -0.042822 
0.000455 -0.046453 
-0.004811 -0.048834 
-0.007846 -0.050466 
-0.012391 -0.055005 
-0.018858 -0.059225 
-0.023795 -0.063649 
-0.027237 -0.068973 
-0.030682 -0.075216 
-0.034760 -0.077630 
-0.036708 -0.083503 
-0.042279 -0.088853 
-0.042707 -0.090375 
-0.043302 -0.090922 
-0.045427 -0.091873 
-0.045432 -0.095235 
-0.048844 -0.092381 
-0.050141 -0.092305 
-0.053605 -0.093335 
-0.055672 -0.092805 
-0.056798 -0.091834 
-0.062410 -0.088903 
-0.063873 -0.088375 
-0.067410 -0.084506 
-0.073828 -0.082774 
-0.077903 -0.080233 
-0.082471 -0.077526 
-0.084795 -0.074635 
-0.088648 -0.070077 
-0.093079 -0.068753 
-0.094217 -0.062802 
-0.092350 -0.057137 
-0.092520 -0.049885 
-0.093004 -0.042940 
-0.090205 -0.038014 
-0.089180 -0.027575 
-0.086825 -0.018760 
-0.086191 -0.010366 
-0.084042 -0.002000 
-0.081013 0.004214 
-0.078696 0.010284 
-0.074094 0.016591 
-0.070721 0.024199 
-0.066063 0.029552 
-0.062354 0.033475 
-0.058579 0.040697 
-0.053798 0.046673 
-0.046438 0.050029 
-0.041432 0.055896 
-0.034944 0.060154 
-0.024436 0.064101 
-0.018565 0.069174 
-0.008644 0.070596 
0.002123 0.075759 
0.010689 0.080481 
0.016516 0.080054 
0.022181 0.082753 
0.031215 0.084176 
0.036629 0.086074 
0.042324 0.087987 
0.047006 0.086563 
0.049975 0.087224 
0.055110 0.083613 
0.060124 0.080293 
0.063464 0.080082 
0.064861 0.076545 
0.067163 0.074426 
0.071554 0.072984 
0.075571 0.072887 
0.079845 0.070375 
0.081879 0.068606 
0.083887 0.071050 
0.087846 0.068714 
0.088350 0.068262 
0.087958 0.068645 
0.088367 0.067671 
0.088987 0.065635 
0.087149 0.062218 
0.085596 0.059812 
0.083481 0.056200 
0.081011 0.055147 
0.080528 0.049314 
0.074905 0.043091 
0.072481 0.039327 
0.071567 0.033530 
0.067731 0.030268 
0.064670 0.027879 
0.063904 0.024947 
0.063463 0.017490 
0.059431 0.013355 
0.060455 0.009587 
0.059824 0.003827 
0.057174 0.001684 
0.057020 -0.002782 
0.053725 -0.009175 
0.050011 -0.013926 
0.047127 -0.015727 
0.043860 -0.022164 
0.038282 -0.027620 
0.034527 -0.030955 
0.030385 -0.035320 
0.025438 -0.034862 
0.020133 -0.033651 
0.013308 -0.035701 
0.010147 -0.039370 
0.006162 -0.039877 
0.001445 -0.042330 
-0.003569 -0.044721 
-0.007522 -0.048362 
-0.011572 -0.053373 
-0.016993 -0.056535 
-0.018302 -0.061487 
-0.022204 -0.064067 
-0.025837 -0.069389 
-0.028342 -0.073992 
-0.033499 -0.077428 
-0.036234 -0.083325 
-0.038716 -0.087658 
-0.040655 -0.089620 
-0.041590 -0.090370 
-0.043792 -0.092071 
-0.047812 -0.090939 
-0.048476 -0.092612 
-0.049737 -0.093995 
-0.054806 -0.091370 
-0.056475 -0.091114 
-0.059356 -0.090518 
-0.062055 -0.089635 
-0.066075 -0.087807 
-0.072100 -0.085785 
-0.076243 -0.083983 
-0.079742 -0.081113 
-0.082314 -0.079191 
-0.087536 -0.075280 
-0.088824 -0.069090 
-0.089318 -0.064556 
-0.092449 -0.060393 
-0.093262 -0.053423 
-0.093835 -0.044951 
-0.093120 -0.038588 
-0.091984 -0.031614 
-0.087909 -0.023761 
-0.084771 -0.016916 
-0.082954 -0.008567 
-0.080187 -0.000485 
-0.077732 0.006425 
-0.074085 0.011496 
-0.073102 0.017283 
-0.070323 0.025411 
-0.066985 0.031795 
-0.063393 0.036939 
-0.057934 0.042241 
-0.052679 0.046989 
-0.044842 0.050499 
-0.038238 0.055713 
-0.030175 0.061249 
-0.022774 0.065645 
-0.015408 0.070241 
-0.004789 0.074144 
0.002619 0.078032 
0.010505 0.079418 
0.018002 0.081821 
0.024762 0.083977 
0.031327 0.084388 
0.036021 0.085881 
0.043210 0.083136 
0.047884 0.083968 
0.050079 0.085708 
0.055436 0.081118 
0.059800 0.078414 
0.062759 0.076154 
0.068107 0.074152 
0.073374 0.072765 
0.075715 0.072305 
0.078060 0.071255 
0.081108 0.068837 
0.083655 0.069226 
0.085821 0.068959 
0.086266 0.069084 
0.086513 0.067794 
0.087896 0.065257 
0.088329 0.064770 
0.086201 0.062657 
0.085139 0.061267 
0.084651 0.057984 
0.081904 0.053793 
0.079819 0.051462 
0.076956 0.047039 
0.074423 0.044850 
0.071383 0.041179 
0.068802 0.034640 
0.067376 0.031827 
0.064710 0.028565 
0.064863 0.023120 
0.062767 0.017137 
0.061701 0.012883 
0.061764 0.009146 
0.057894 0.003362 
0.057513 -0.002306 
0.054629 -0.007395 
0.050647 -0.010910 
0.047894 -0.015116 
0.041383 -0.020022 
0.038621 -0.024364 
0.035930 -0.027384 
0.031938 -0.029691 
0.029089 -0.032300 
0.023059 -0.033229 
0.017313 -0.036127 
0.013607 -0.038752 
0.010611 -0.040743 
0.005055 -0.041777 
0.001213 -0.042257 
-0.003539 -0.044673 
-0.010374 -0.046624 
-0.011504 -0.052936 
-0.015930 -0.058765 
-0.019225 -0.063741 
-0.023241 -0.068117 
-0.029112 -0.072559 
-0.029120 -0.079638 
-0.032321 -0.081087 
-0.033119 -0.084117 
-0.034903 -0.085588 
-0.038478 -0.085616 
-0.039227 -0.089356 
-0.043216 -0.090450 
-0.044770 -0.092180 
-0.047717 -0.090255 
-0.050536 -0.089302 
-0.052557 -0.091721 
-0.059186 -0.088601 
-0.063659 -0.087432 
-0.069713 -0.090475 
-0.075757 -0.087588 
-0.078907 -0.082692 
-0.083427 -0.082589 
-0.086108 -0.080299 
-0.088218 -0.076344 
-0.091753 -0.073841 
-0.094786 -0.070020 
-0.094798 -0.064866 
-0.096481 -0.058892 
-0.096663 -0.051409 
-0.092341 -0.041471 
-0.093174 -0.033248 
-0.091270 -0.027037 
-0.087747 -0.020219 
-0.086895 -0.013054 
-0.082741 -0.004826 
-0.081287 0.001141 
-0.080588 0.006109 
-0.079948 0.013026 
-0.077950 0.021165 
-0.071114 0.025761 
-0.067084 0.028774 
-0.062280 0.036231 
-0.053906 0.041749 
-0.048484 0.048051 
-0.040913 0.052379 
-0.031420 0.054933 
-0.025724 0.060619 
-0.017388 0.064112 
-0.009394 0.069421 
-0.003293 0.073987 
0.005163 0.078930 
0.009680 0.081791 
0.016257 0.080185 
0.024212 0.080928 
0.027570 0.082753 
0.033480 0.082208 
0.039408 0.081509 
0.043824 0.081593 
0.049326 0.077989 
0.055741 0.076974 
0.058478 0.074224 
0.061395 0.072437 
0.068644 0.072900 
0.070894 0.070919 
0.072936 0.071102 
0.076222 0.068969 
0.078061 0.070626 
0.080352 0.069432 
0.082208 0.068566 
0.083779 0.069737 
0.084643 0.066517 
0.086626 0.068069 
0.084386 0.065910 
0.081730 0.061170 
0.080098 0.059346 
0.076091 0.057549 
0.075000 0.053533 
0.073366 0.050546 
0.071093 0.048630 
0.068759 0.043599 
0.067142 0.038997 
0.067491 0.035075 
0.066271 0.031165 
0.064782 0.027113 
0.066127 0.023951 
0.065732 0.018253 
0.063070 0.012379 
0.061771 0.008170 
0.058173 0.004275 
0.057883 0.000431 
0.056603 -0.006505 
0.050636 -0.009825 
0.047458 -0.013304 
0.043344 -0.019224 
0.038699 -0.021125 
0.033542 -0.024681 
0.031592 -0.026138 
0.029309 -0.026646 
0.021482 -0.030474 
0.016835 -0.029445 
0.013286 -0.031848 
0.008191 -0.036292 
0.004283 -0.039944 
0.000943 -0.044821 
-0.004133 -0.047385 
-0.008460 -0.051406 
-0.011553 -0.054630 
-0.016460 -0.061027 
-0.022008 -0.064068 
-0.025409 -0.067510 
-0.027592 -0.073744 
-0.031773 -0.076437 
-0.032799 -0.080384 
-0.034655 -0.083020 
-0.038275 -0.087761 
-0.040749 -0.086667 
-0.043039 -0.086277 
-0.042822 -0.089079 
-0.046453 -0.087410 
-0.048834 -0.085830 
-0.050466 -0.085196 
-0.055005 -0.087976 
-0.059225 -0.088080 
-0.063649 -0.086501 
-0.068973 -0.085626 
-0.075216 -0.087307 
-0.077630 -0.085696 
-0.083503 -0.081206 
-0.088853 -0.080159 
-0.090375 -0.077623 
-0.090922 -0.072507 
-0.091873 -0.066110 
-0.095235 -0.059597 
-0.092381 -0.053062 
-0.092305 -0.048067 
-0.093335 -0.037887 
-0.092805 -0.031521 
-0.091834 -0.024836 
-0.088903 -0.015109 
-0.088375 -0.009972 
-0.084506 -0.001963 
-0.082774 0.001294 
-0.080233 0.006421 
-0.077526 0.011416 
-0.074635 0.018118 
-0.070077 0.024053 
-0.068753 0.026624 
-0.062802 0.035143 
-0.057137 0.039682 
-0.049885 0.045972 
-0.042940 0.052411 
-0.038014 0.058628 
-0.027575 0.062922 
-0.018760 0.066697 
-0.010366 0.073936 
-0.002000 0.075662 
0.004214 0.078540 
0.010284 0.081090 
0.016591 0.081608 
0.024199 0.084176 
0.029552 0.085809 
0.033475 0.084737 
0.040697 0.083439 
0.046673 0.082504 
0.050029 0.081741 
0.055896 0.079659 
0.060154 0.077685 
0.064101 0.077440 
0.069174 0.074361 
0.070596 0.072622 
0.075759 0.072190 
0.080481 0.070635 
0.080054 0.069614 
0.082753 0.070301 
0.084176 0.068446 
0.086074 0.065201 
0.087987 0.066072 
0.086563 0.065325 
0.087224 0.063248 
0.083613 0.059430 
0.080293 0.056746 
0.080082 0.055769 
0.076545 0.052521 
0.074426 0.049671 
0.072984 0.045459 
0.072887 0.041279 
0.070375 0.036304 
0.068606 0.032725 
0.071050 0.030378 
0.068714 0.024189 
0.068262 0.019665 
0.068645 0.015913 
0.067671 0.011783 
0.065635 0.005738 
0.062218 -0.002929 
0.059812 -0.007629 
0.056200 -0.011153 
0.055147 -0.015931 
0.049314 -0.020979 
0.043091 -0.024529 
0.039327 -0.026177 
0.033530 -0.026923 
0.030268 -0.029613 
0.027879 -0.033032 
0.024947 -0.032676 
0.017490 -0.035416 
0.013355 -0.039078 
0.009587 -0.040332 
0.003827 -0.042353 
0.001684 -0.047363 
-0.002782 -0.054121 
-0.009175 -0.058334 
-0.013926 -0.061830 
-0.015727 -0.064753 
-0.022164 -0.069304 
-0.027620 -0.073403 
-0.030955 -0.077698 
-0.035320 -0.082092 
-0.034862 -0.083138 
-0.033651 -0.084849 
-0.035701 -0.087460 
-0.039370 -0.088563 
-0.039877 -0.088353 
-0.042330 -0.089373 
-0.044721 -0.088368 
-0.048362 -0.088858 
-0.053373 -0.089932 
-0.056535 -0.088599 
-0.061487 -0.090260 
-0.064067 -0.090565 
-0.069389 -0.089042 
-0.073992 -0.086880 
-0.077428 -0.085478 
-0.083325 -0.082263 
-0.087658 -0.078948 
-0.089620 -0.077433 
-0.090370 -0.071161 
-0.092071 -0.065202 
-0.090939 -0.058940 
-0.092612 -0.051373 
-0.093995 -0.043717 
-0.091370 -0.036383 
-0.091114 -0.029570 
-0.090518 -0.019072 
-0.089635 -0.012855 
-0.087807 -0.009300 
-0.085785 -0.002417 
-0.083983 0.004638 
-0.081113 0.011654 
-0.079191 0.016796 
-0.075280 0.021713 
-0.069090 0.026910 
-0.064556 0.032917 
-0.060393 0.038496 
-0.053423 0.044022 
-0.044951 0.050389 
-0.038588 0.055847 
-0.031614 0.063298 
-0.023761 0.066548 
-0.016916 0.069275 
-0.008567 0.076263 
-0.000485 0.080679 
0.006425 0.082500 
0.011496 0.083670 
0.017283 0.085109 
0.025411 0.082540 
0.031795 0.080907 
0.036939 0.082448 
0.042241 0.082291 
0.046989 0.080209 
0.050499 0.076404 
0.055713 0.074965 
0.061249 0.073734 
0.065645 0.073898 
0.070241 0.073999 
0.074144 0.073330 
0.078032 0.074616 
0.079418 0.073860 
0.081821 0.074575 
0.083977 0.074532 
0.084388 0.071864 
0.085881 0.067206 
0.083136 0.064064 
0.083968 0.064079 
0.085708 0.060582 
0.081118 0.058410 
0.078414 0.057746 
0.076154 0.054842 
0.074152 0.049628 
0.072765 0.046956 
0.072305 0.042412 
0.071255 0.037717 
0.068837 0.038097 
0.069226 0.031875 
0.068959 0.029100 
0.069084 0.024671 
0.067794 0.017768 
0.065257 0.014316 
0.064770 0.006685 
0.062657 0.001620 
0.061267 -0.004225 
0.057984 -0.008272 
0.053793 -0.012862 
0.051462 -0.016755 
0.047039 -0.019128 
0.044850 -0.022293 
0.041179 -0.024834 
0.034640 -0.026687 
0.031827 -0.025801 
0.028565 -0.030243 
0.023120 -0.031925 
0.017137 -0.035319 
0.012883 -0.040058 
0.009146 -0.042801 
0.003362 -0.046841 
-0.002306 -0.049321 
-0.007395 -0.056474 
-0.010910 -0.058710 
-0.015116 -0.060354 
-0.020022 -0.065851 
-0.024364 -0.069995 
-0.027384 -0.073762 
-0.029691 -0.077968 
-0.032300 -0.080318 
-0.033229 -0.082523 
-0.036127 -0.085456 
-0.038752 -0.085621 
-0.040743 -0.088181 
-0.041777 -0.087688 
-0.042257 -0.087883 
-0.044673 -0.089654 
-0.046624 -0.090713 
-0.052936 -0.092387 
-0.058765 -0.091449 
-0.063741 -0.092373 
-0.068117 -0.092996 
-0.072559 -0.089890 
-0.079638 -0.088564 
-0.081087 -0.089021 
-0.084117 -0.083932 
-0.085588 -0.080984 
-0.085616 -0.077761 
-0.089356 -0.071766 
-0.090450 -0.064950 
-0.092180 -0.059074 
-0.090255 -0.052877 
-0.089302 -0.043081 
-0.091721 -0.038615 
-0.088601 -0.029015 
-0.087432 -0.021095 
-0.090475 -0.016817 
-0.087588 -0.009120 
-0.082692 -0.001819 
-0.082589 0.004187 
-0.080299 0.007727 
-0.076344 0.015492 
-0.073841 0.020064 
-0.070020 0.024179 
-0.064866 0.029476 
-0.058892 0.035545 
-0.051409 0.042850 
-0.041471 0.048968 
-0.033248 0.053332 
-0.027037 0.057210 
-0.020219 0.063727 
-0.013054 0.066595 
-0.004826 0.072509 
0.001141 0.077030 
0.006109 0.079663 
0.013026 0.083408 
0.021165 0.083393 
0.025761 0.082146 
0.028774 0.081677 
0.036231 0.081002 
0.041749 0.077893 
0.048051 0.077788 
0.052379 0.075562 
0.054933 0.072761 
0.060619 0.074402 
0.064112 0.075271 
0.069421 0.072973 
0.073987 0.073031 
0.078930 0.073486 
0.081791 0.072837 
0.080185 0.073139 
0.080928 0.070411 
0.082753 0.068874 
0.082208 0.066445 
0.081509 0.066231 
0.081593 0.063261 
0.077989 0.060838 
0.076974 0.059577 
0.074224 0.054551 
0.072437 0.053179 
0.072900 0.049572 
0.070919 0.048674 
0.071102 0.044459 
0.068969 0.040330 
0.070626 0.037950 
0.069432 0.030911 
0.068566 0.027395 
0.069737 0.023413 
0.066517 0.017553 
0.068069 0.010160 
0.065910 0.004992 
0.061170 0.001160 
0.059346 -0.004182 
0.057549 -0.009602 
0.053533 -0.011958 
0.050546 -0.013549 
0.048630 -0.018094 
0.043599 -0.021252 
0.038997 -0.021760 
0.035075 -0.023097 
0.031165 -0.025264 
0.027113 -0.026438 
0.023951 -0.029950 
0.018253 -0.030643 
0.012379 -0.034042 
0.008170 -0.038601 
0.004275 -0.039983 
0.000431 -0.047232 
-0.006505 -0.052717 
-0.009825 -0.056514 
-0.013304 -0.062479 
-0.019224 -0.065546 
-0.021125 -0.069193 
-0.024681 -0.074656 
-0.026138 -0.076142 
-0.026646 -0.077908 
-0.030474 -0.078801 
-0.029445 -0.081054 
-0.031848 -0.084020 
-0.036292 -0.083073 
-0.039944 -0.086152 
-0.044821 -0.087211 
-0.047385 -0.087876 
-0.051406 -0.090761 
-0.054630 -0.091343 
-0.061027 -0.090559 
-0.064068 -0.089581 
-0.067510 -0.088951 
-0.073744 -0.089403 
-0.076437 -0.088645 
-0.080384 -0.086098 
-0.083020 -0.085240 
-0.087761 -0.078178 
-0.086667 -0.070316 
-0.086277 -0.066034 
-0.089079 -0.062259 
-0.087410 -0.055489 
-0.085830 -0.046441 
-0.085196 -0.040936 
-0.087976 -0.032936 
-0.088080 -0.028595 
-0.086501 -0.023266 
-0.085626 -0.013330 
-0.087307 -0.007919 
-0.085696 -0.002381 
-0.081206 0.004183 
-0.080159 0.011165 
-0.077623 0.017475 
-0.072507 0.023013 
-0.066110 0.029891 
-0.059597 0.034727 
-0.053062 0.040820 
-0.048067 0.048851 
-0.037887 0.055284 
-0.031521 0.058440 
-0.024836 0.060233 
-0.015109 0.068261 
-0.009972 0.072028 
-0.001963 0.074822 
0.001294 0.079732 
0.006421 0.080497 
0.011416 0.083259 
0.018118 0.082874 
0.024053 0.082754 
0.026624 0.081548 
0.035143 0.080066 
0.039682 0.079433 
0.045972 0.078639 
0.052411 0.078784 
0.058628 0.076666 
0.062922 0.076115 
0.066697 0.074009 
0.073936 0.074079 
0.075662 0.073965 
0.078540 0.073015 
0.081090 0.071448 
0.081608 0.069185 
0.084176 0.069399 
0.085809 0.067694 
0.084737 0.065997 
0.083439 0.064026 
0.082504 0.063296 
0.081741 0.060611 
0.079659 0.059749 
0.077685 0.057883 
0.077440 0.052902 
0.074361 0.053045 
0.072622 0.051844 
0.072190 0.047749 
0.070635 0.041527 
0.069614 0.036764 
0.070301 0.033392 
0.068446 0.028341 
0.065201 0.023102 
0.066072 0.017767 
0.065325 0.013003 
0.063248 0.008820 
0.059430 0.002607 
0.056746 -0.001723 
0.055769 -0.006252 
0.052521 -0.012560 
0.049671 -0.011919 
0.045459 -0.013557 
0.041279 -0.014918 
0.036304 -0.015795 
0.032725 -0.019111 
0.030378 -0.019814 
0.024189 -0.024077 
0.019665 -0.026785 
0.015913 -0.028342 
0.011783 -0.032868 
0.005738 -0.038167 
-0.002929 -0.042356 
-0.007629 -0.047246 
-0.011153 -0.052444 
-0.015931 -0.056942 
-0.020979 -0.060795 
-0.024529 -0.065557 
-0.026177 -0.069252 
-0.026923 -0.068748 
-0.029613 -0.073720 
-0.033032 -0.075709 
-0.032676 -0.076319 
-0.035416 -0.080119 
-0.039078 -0.079058 
-0.040332 -0.081600 
-0.042353 -0.084430 
-0.047363 -0.085638 
-0.054121 -0.088643 
-0.058334 -0.090598 
-0.061830 -0.092143 
-0.064753 -0.092699 
-0.069304 -0.092494 
-0.073403 -0.092234 
-0.077698 -0.091488 
-0.082092 -0.089787 
-0.083138 -0.085847 
-0.084849 -0.082502 
-0.087460 -0.077697 
-0.088563 -0.070430 
-0.088353 -0.064875 
-0.089373 -0.058649 
-0.088368 -0.052992 
-0.088858 -0.045000 
-0.089932 -0.038097 
-0.088599 -0.033655 
-0.090260 -0.024980 
-0.090565 -0.018540 
-0.089042 -0.013698 
-0.086880 -0.007214 
-0.085478 -0.000866 
-0.082263 0.004881 
-0.078948 0.010366 
-0.077433 0.017429 
-0.071161 0.024807 
-0.065202 0.031495 
-0.058940 0.037575 
-0.051373 0.042619 
-0.043717 0.047531 
-0.036383 0.053634 
-0.029570 0.060952 
-0.019072 0.064859 
-0.012855 0.068379 
-0.009300 0.074008 
-0.002417 0.076959 
0.004638 0.080371 
0.011654 0.080594 
0.016796 0.080128 
0.021713 0.079373 
0.026910 0.076197 
0.032917 0.076779 
0.038496 0.077024 
0.044022 0.077459 
0.050389 0.075993 
0.055847 0.074699 
0.063298 0.075483 
0.066548 0.073969 
0.069275 0.073356 
0.076263 0.073421 
0.080679 0.072899 
0.082500 0.072889 
0.083670 0.072380 
0.085109 0.070288 
0.082540 0.069848 
0.080907 0.068864 
0.082448 0.066009 
0.082291 0.064025 
0.080209 0.063660 
0.076404 0.060818 
0.074965 0.057200 
0.073734 0.057806 
0.073898 0.055350 
0.073999 0.050339 
0.073330 0.046733 
0.074616 0.043352 
0.073860 0.038464 
0.074575 0.035042 
0.074532 0.031283 
0.071864 0.024102 
0.067206 0.018745 
0.064064 0.014160 
0.064079 0.007632 
0.060582 0.000668 
0.058410 -0.002093 
0.057746 -0.003707 
0.054842 -0.005840 
0.049628 -0.008218 
0.046956 -0.010140 
0.042412 -0.013180 
0.037717 -0.015945 
0.038097 -0.016456 
0.031875 -0.021756 
0.029100 -0.022303 
0.024671 -0.023720 
0.017768 -0.027672 
0.014316 -0.030033 
0.006685 -0.037316 
0.001620 -0.040517 
-0.004225 -0.044831 
-0.008272 -0.050366 
-0.012862 -0.053674 
-0.016755 -0.056861 
-0.019128 -0.060738 
-0.022293 -0.065817 
-0.024834 -0.069151 
-0.026687 -0.071883 
-0.025801 -0.073633 
-0.030243 -0.076490 
-0.031925 -0.077513 
-0.035319 -0.080067 
-0.040058 -0.083212 
-0.042801 -0.084513 
-0.046841 -0.087138 
-0.049321 -0.086911 
-0.056474 -0.089974 
-0.058710 -0.091782 
-0.060354 -0.090797 
-0.065851 -0.092319 
-0.069995 -0.091113 
-0.073762 -0.090350 
-0.077968 -0.088227 
-0.080318 -0.082908 
-0.082523 -0.080800 
-0.085456 -0.079483 
-0.085621 -0.073748 
-0.088181 -0.067137 
-0.087688 -0.060387 
-0.087883 -0.053878 
-0.089654 -0.048739 
-0.090713 -0.041071 
-0.092387 -0.035007 
-0.091449 -0.029710 
-0.092373 -0.021855 
-0.092996 -0.017932 
-0.089890 -0.013092 
-0.088564 -0.003876 
-0.089021 0.000598 
-0.083932 0.005102 
-0.080984 0.011853 
-0.077761 0.016979 
-0.071766 0.024444 
-0.064950 0.029796 
-0.059074 0.038120 
-0.052877 0.047483 
-0.043081 0.049899 
-0.038615 0.056454 
-0.029015 0.063968 
-0.021095 0.068541 
-0.016817 0.074199 
-0.009120 0.076487 
-0.001819 0.077063 
0.004187 0.079925 
0.007727 0.080925 
0.015492 0.080958 
0.020064 0.080595 
0.024179 0.078375 
0.029476 0.079481 
0.035545 0.080172 
0.042850 0.079347 
0.048968 0.078065 
0.053332 0.076710 
0.057210 0.075704 
0.063727 0.074322 
0.066595 0.075413 
0.072509 0.073343 
0.077030 0.071887 
0.079663 0.071654 
0.083408 0.070410 
0.083393 0.071086 
0.082146 0.067701 
0.081677 0.065571 
0.081002 0.064789 
0.077893 0.062078 
0.077788 0.062348 
0.075562 0.060853 
0.072761 0.057110 
0.074402 0.055986 
0.075271 0.054325 
0.072973 0.049948 
0.073031 0.045457 
0.073486 0.042142 
0.072837 0.038444 
0.073139 0.033704 
0.070411 0.027754 
0.068874 0.020626 
0.066445 0.015635 
0.066231 0.012258 
0.063261 0.007148 
0.060838 0.001249 
0.059577 -0.002147 
0.054551 -0.006445 
0.053179 -0.010708 
0.049572 -0.011263 
0.048674 -0.013553 
0.044459 -0.015422 
0.040330 -0.017458 
0.037950 -0.020919 
0.030911 -0.021838 
0.027395 -0.023464 
0.023413 -0.027385 
0.017553 -0.031093 
0.010160 -0.035602 
0.004992 -0.042013 
0.001160 -0.045963 
-0.004182 -0.049865 
-0.009602 -0.055608 
-0.011958 -0.059121 
-0.013549 -0.062114 
-0.018094 -0.066281 
-0.021252 -0.069031 
-0.021760 -0.070320 
-0.023097 -0.073096 
-0.025264 -0.075612 
-0.026438 -0.077493 
-0.029950 -0.079717 
-0.030643 -0.080447 
-0.034042 -0.081635 
-0.038601 -0.084794 
-0.039983 -0.086397 
-0.047232 -0.086848 
-0.052717 -0.089619 
-0.056514 -0.091680 
-0.062479 -0.092822 
-0.065546 -0.093631 
-0.069193 -0.091564 
-0.074656 -0.090394 
-0.076142 -0.087796 
-0.077908 -0.084519 
-0.078801 -0.083154 
-0.081054 -0.078596 
-0.084020 -0.074419 
-0.083073 -0.069013 
-0.086152 -0.061685 
-0.087211 -0.053785 
-0.087876 -0.046195 
-0.090761 -0.041849 
-0.091343 -0.036109 
-0.090559 -0.031261 
-0.089581 -0.026560 
-0.088951 -0.019065 
-0.089403 -0.012458 
-0.088645 -0.007087 
-0.086098 -0.000989 
-0.085240 0.005386 
-0.078178 0.012784 
-0.070316 0.019292 
-0.066034 0.025987 
-0.062259 0.034332 
-0.055489 0.040727 
-0.046441 0.048989 
-0.040936 0.054187 
-0.032936 0.059262 
-0.028595 0.065821 
-0.023266 0.068148 
-0.013330 0.070642 
-0.007919 0.073251 
-0.002381 0.075475 
0.004183 0.075721 
0.011165 0.078144 
0.017475 0.079985 
0.023013 0.079378 
0.029891 0.078106 
0.034727 0.076316 
0.040820 0.075900 
0.048851 0.075956 
0.055284 0.076423 
0.058440 0.075901 
0.060233 0.077499 
0.068261 0.076133 
0.072028 0.074822 
0.074822 0.073825 
0.079732 0.072458 
0.080497 0.072095 
0.083259 0.070412 
0.082874 0.071082 
0.082754 0.068656 
0.081548 0.067807 
0.080066 0.064135 
0.079433 0.062657 
0.078639 0.062662 
0.078784 0.057895 
0.076666 0.057621 
0.076115 0.054439 
0.074009 0.051399 
0.074079 0.046416 
0.073965 0.043443 
0.073015 0.040470 
0.071448 0.032657 
0.069185 0.027446 
0.069399 0.020845 
0.067694 0.015568 
0.065997 0.009529 
0.064026 0.005018 
0.063296 0.001536 
0.060611 -0.001569 
0.059749 -0.003843 
0.057883 -0.008291 
0.052902 -0.010110 
0.053045 -0.011481 
0.051844 -0.013928 
0.047749 -0.016019 
0.041527 -0.018278 
0.036764 -0.020659 
0.033392 -0.021980 
0.028341 -0.025875 
0.023102 -0.029156 
0.017767 -0.032572 
0.013003 -0.037950 
0.008820 -0.041600 
0.002607 -0.046658 
-0.001723 -0.050222 
-0.006252 -0.056076 
-0.012560 -0.060217 
-0.011919 -0.062267 
-0.013557 -0.067271 
-0.014918 -0.069461 
-0.015795 -0.072447 
-0.019111 -0.074491 
-0.019814 -0.075482 
-0.024077 -0.078715 
-0.026785 -0.081120 
-0.028342 -0.082116 
-0.032868 -0.084751 
-0.038167 -0.088866 
-0.042356 -0.090748 
-0.047246 -0.091393 
-0.052444 -0.094212 
-0.056942 -0.095634 
-0.060795 -0.095177 
-0.065557 -0.096224 
-0.069252 -0.093852 
-0.068748 -0.090808 
-0.073720 -0.087349 
-0.075709 -0.083958 
-0.076319 -0.080362 
-0.080119 -0.073555 
-0.079058 -0.070530 
-0.081600 -0.063981 
-0.084430 -0.056647 
-0.085638 -0.053589 
-0.088643 -0.046889 
-0.090598 -0.041246 
-0.092143 -0.036340 
-0.092699 -0.031224 
-0.092494 -0.026869 
-0.092234 -0.020938 
-0.091488 -0.014349 
-0.089787 -0.009125 
-0.085847 -0.003235 
-0.082502 0.005028 
-0.077697 0.010072 
-0.070430 0.017120 
-0.064875 0.026998 
-0.058649 0.032896 
-0.052992 0.039903 
-0.045000 0.048263 
-0.038097 0.054133 
-0.033655 0.057004 
-0.024980 0.060863 
-0.018540 0.065693 
-0.013698 0.068725 
-0.007214 0.070185 
-0.000866 0.070472 
0.004881 0.072824 
0.010366 0.073274 
0.017429 0.072185 
0.024807 0.072520 
0.031495 0.073543 
0.037575 0.076339 
0.042619 0.076739 
0.047531 0.076115 
0.053634 0.076028 
0.060952 0.076117 
0.064859 0.077320 
0.068379 0.075777 
0.074008 0.074300 
0.076959 0.073812 
0.080371 0.071745 
0.080594 0.071413 
0.080128 0.070989 
0.079373 0.068849 
0.076197 0.067804 
0.076779 0.067177 
0.077024 0.065372 
0.077459 0.064143 
0.075993 0.062501 
0.074699 0.058987 
0.075483 0.055457 
0.073969 0.053562 
0.073356 0.051245 
0.073421 0.046318 
0.072899 0.043523 
0.072889 0.038707 
0.072380 0.032317 
0.070288 0.028306 
0.069848 0.021230 
0.068864 0.015026 
0.066009 0.010711 
0.064025 0.005977 
0.063660 0.002596 
0.060818 -0.000261 
0.057200 -0.004800 
0.057806 -0.006470 
0.055350 -0.006922 
0.050339 -0.009888 
0.046733 -0.011206 
0.043352 -0.012905 
0.038464 -0.015114 
0.035042 -0.019268 
0.031283 -0.022219 
0.024102 -0.026640 
0.018745 -0.033093 
0.014160 -0.035851 
0.007632 -0.040892 
0.000668 -0.044837 
-0.002093 -0.049542 
-0.003707 -0.053706 
-0.005840 -0.055206 
-0.008218 -0.058831 
-0.010140 -0.061894 
-0.013180 -0.064470 
-0.015945 -0.066548 
-0.016456 -0.070818 
-0.021756 -0.073580 
-0.022303 -0.076163 
-0.023720 -0.078475 
-0.027672 -0.077948 
-0.030033 -0.082193 
-0.037316 -0.085651 
-0.040517 -0.086857 
-0.044831 -0.089873 
-0.050366 -0.092353 
-0.053674 -0.091958 
-0.056861 -0.093256 
-0.060738 -0.093700 
-0.065817 -0.090259 
-0.069151 -0.092334 
-0.071883 -0.091447 
-0.073633 -0.087275 
-0.076490 -0.084197 
-0.077513 -0.078655 
-0.080067 -0.072671 
-0.083212 -0.065329 
-0.084513 -0.059912 
-0.087138 -0.053903 
-0.086911 -0.048815 
-0.089974 -0.044360 
-0.091782 -0.038586 
-0.090797 -0.033330 
-0.092319 -0.026979 
-0.091113 -0.022596 
-0.090350 -0.017020 
-0.088227 -0.011207 
-0.082908 -0.004724 
-0.080800 0.003090 
-0.079483 0.010608 
-0.073748 0.019380 
-0.067137 0.025285 
-0.060387 0.032663 
-0.053878 0.042014 
-0.048739 0.048311 
-0.041071 0.052604 
-0.035007 0.057035 
-0.029710 0.062583 
-0.021855 0.067497 
-0.017932 0.069687 
-0.013092 0.071722 
-0.003876 0.076661 
0.000598 0.076794 
0.005102 0.075321 
0.011853 0.078901 
0.016979 0.079353 
0.024444 0.078995 
0.029796 0.080207 
0.038120 0.079408 
0.047483 0.080874 
0.049899 0.080574 
0.056454 0.076729 
0.063968 0.077338 
0.068541 0.076808 
0.074199 0.074956 
0.076487 0.076196 
0.077063 0.074808 
0.079925 0.072678 
0.080925 0.071661 
0.080958 0.072069 
0.080595 0.072197 
0.078375 0.071172 
0.079481 0.071670 
0.080172 0.070707 
0.079347 0.069689 
0.078065 0.068064 
0.076710 0.064355 
0.075704 0.062052 
0.074322 0.057969 
0.075413 0.052930 
0.073343 0.049518 
0.071887 0.044644 
0.071654 0.039532 
0.070410 0.032707 
0.071086 0.026867 
0.067701 0.021995 
0.065571 0.015067 
0.064789 0.010504 
0.062078 0.005791 
0.062348 0.003398 
0.060853 0.000155 
0.057110 -0.003105 
0.055986 -0.002463 
0.054325 -0.005398 
0.049948 -0.007435 
0.045457 -0.008346 
0.042142 -0.011218 
0.038444 -0.015335 
0.033704 -0.016925 
0.027754 -0.020343 
0.020626 -0.027307 
0.015635 -0.030368 
0.012258 -0.034499 
0.007148 -0.038709 
0.001249 -0.043600 
-0.002147 -0.047504 
-0.006445 -0.050489 
-0.010708 -0.054582 
-0.011263 -0.056180 
-0.013553 -0.059297 
-0.015422 -0.061869 
-0.017458 -0.064881 
-0.020919 -0.067822 
-0.021838 -0.070560 
-0.023464 -0.075245 
-0.027385 -0.077749 
-0.031093 -0.079896 
-0.035602 -0.082291 
-0.042013 -0.085382 
-0.045963 -0.089567 
-0.049865 -0.092473 
-0.055608 -0.094059 
-0.059121 -0.094315 
-0.062114 -0.095400 
-0.066281 -0.096216 
-0.069031 -0.092865 
-0.070320 -0.091074 
-0.073096 -0.088931 
-0.075612 -0.083301 
-0.077493 -0.080585 
-0.079717 -0.076170 
-0.080447 -0.069193 
-0.081635 -0.063869 
-0.084794 -0.059685 
-0.086397 -0.054539 
-0.086848 -0.048469 
-0.089619 -0.044149 
-0.091680 -0.039173 
-0.092822 -0.033920 
-0.093631 -0.028770 
-0.091564 -0.024449 
-0.090394 -0.019224 
-0.087796 -0.010946 
-0.084519 -0.004943 
-0.083154 0.001972 
-0.078596 0.010628 
-0.074419 0.018395 
-0.069013 0.026252 
-0.061685 0.033661 
-0.053785 0.041916 
-0.046195 0.047872 
-0.041849 0.053633 
-0.036109 0.059172 
-0.031261 0.061890 
-0.026560 0.064931 
-0.019065 0.066086 
-0.012458 0.067490 
-0.007087 0.070047 
-0.000989 0.071788 
0.005386 0.072661 
0.012784 0.073770 
0.019292 0.073531 
0.025987 0.072635 
0.034332 0.075468 
0.040727 0.075987 
0.048989 0.076125 
0.054187 0.074750 
0.059262 0.073369 
0.065821 0.075003 
0.068148 0.072845 
0.070642 0.073591 
0.073251 0.072612 
0.075475 0.072135 
0.075721 0.072502 
0.078144 0.069250 
0.079985 0.072586 
0.079378 0.071508 
0.078106 0.067452 
0.076316 0.066112 
0.075900 0.064816 
0.075956 0.065042 
0.076423 0.061770 
0.075901 0.060611 
0.077499 0.058153 
0.076133 0.053119 
0.074822 0.050297 
0.073825 0.044383 
0.072458 0.038808 
0.072095 0.033587 
0.070412 0.027560 
0.071082 0.024721 
0.068656 0.019061 
0.067807 0.013745 
0.064135 0.012361 
0.062657 0.005997 
0.062662 0.001782 
0.057895 0.000022 
0.057621 -0.003514 
0.054439 -0.004257 
0.051399 -0.006061 
0.046416 -0.009211 
0.043443 -0.013762 
0.040470 -0.016719 
0.032657 -0.018812 
0.027446 -0.022632 
0.020845 -0.025101 
0.015568 -0.028085 
0.009529 -0.033134 
0.005018 -0.037477 
0.001536 -0.040057 
-0.001569 -0.045409 
-0.003843 -0.048898 
-0.008291 -0.051722 
-0.010110 -0.055138 
-0.011481 -0.055441 
-0.013928 -0.059861 
-0.016019 -0.064346 
-0.018278 -0.066096 
-0.020659 -0.069077 
-0.021980 -0.073106 
-0.025875 -0.075554 
-0.029156 -0.079196 
-0.032572 -0.086144 
-0.037950 -0.087736 
-0.041600 -0.088545 
-0.046658 -0.091639 
-0.050222 -0.093284 
-0.056076 -0.096222 
-0.060217 -0.097053 
-0.062267 -0.096383 
-0.067271 -0.096554 
-0.069461 -0.094668 
-0.072447 -0.090058 
-0.074491 -0.085934 
-0.075482 -0.083794 
-0.078715 -0.080449 
-0.081120 -0.076067 
-0.082116 -0.071305 
-0.084751 -0.067470 
-0.088866 -0.062368 
-0.090748 -0.056123 
-0.091393 -0.051370 
-0.094212 -0.046002 
-0.095634 -0.041731 
-0.095177 -0.035579 
-0.096224 -0.030820 
-0.093852 -0.025665 
-0.090808 -0.017916 
-0.087349 -0.013480 
-0.083958 -0.006289 
-0.080362 0.002985 
-0.073555 0.012386 
-0.070530 0.019774 
-0.063981 0.027621 
-0.056647 0.036332 
-0.053589 0.042338 
-0.046889 0.049187 
-0.041246 0.054161 
-0.036340 0.058681 
-0.031224 0.061603 
-0.026869 0.064360 
-0.020938 0.067468 
-0.014349 0.070151 
-0.009125 0.072974 
-0.003235 0.072039 
0.005028 0.072876 
0.010072 0.076036 
0.017120 0.078013 
0.026998 0.076903 
0.032896 0.076447 
0.039903 0.076652 
0.048263 0.075663 
0.054133 0.076831 
0.057004 0.075417 
0.060863 0.074287 
0.065693 0.074268 
0.068725 0.073930 
0.070185 0.074286 
0.070472 0.072194 
0.072824 0.071313 
0.073274 0.071324 
0.072185 0.070233 
0.072520 0.072059 
0.073543 0.071986 
0.076339 0.069107 
0.076739 0.068615 
0.076115 0.067561 
0.076028 0.066936 
0.076117 0.064496 
0.077320 0.061509 
0.075777 0.056941 
0.074300 0.050430 
0.073812 0.047471 
0.071745 0.040396 
0.071413 0.033853 
0.070989 0.028884 
0.068849 0.023172 
0.067804 0.018922 
0.067177 0.013109 
0.065372 0.008043 
0.064143 0.005422 
0.062501 0.006527 
0.058987 0.003629 
0.055457 -0.001124 
0.053562 -0.002619 
0.051245 -0.004598 
0.046318 -0.006930 
0.043523 -0.008940 
0.038707 -0.010628 
0.032317 -0.015818 
0.028306 -0.021583 
0.021230 -0.025169 
0.015026 -0.029783 
0.010711 -0.035054 
0.005977 -0.038324 
0.002596 -0.042033 
-0.000261 -0.045873 
-0.004800 -0.049374 
-0.006470 -0.053083 
-0.006922 -0.056020 
-0.009888 -0.058728 
-0.011206 -0.060369 
-0.012905 -0.063748 
-0.015114 -0.065488 
-0.019268 -0.068019 
-0.022219 -0.071689 
-0.026640 -0.075816 
-0.033093 -0.081878 
-0.035851 -0.085159 
-0.040892 -0.087743 
-0.044837 -0.089073 
-0.049542 -0.093062 
-0.053706 -0.095719 
-0.055206 -0.094678 
-0.058831 -0.095114 
-0.061894 -0.095397 
-0.064470 -0.094938 
-0.066548 -0.092114 
-0.070818 -0.089311 
-0.073580 -0.086231 
-0.076163 -0.081412 
-0.078475 -0.077676 
-0.077948 -0.073645 
-0.082193 -0.068004 
-0.085651 -0.064643 
-0.086857 -0.059143 
-0.089873 -0.053333 
-0.092353 -0.049931 
-0.091958 -0.044809 
-0.093256 -0.039522 
-0.093700 -0.033815 
-0.090259 -0.030076 
-0.092334 -0.022397 
-0.091447 -0.013497 
-0.087275 -0.007484 
-0.084197 0.001815 
-0.078655 0.009872 
-0.072671 0.016728 
-0.065329 0.024218 
-0.059912 0.030995 
-0.053903 0.038577 
-0.048815 0.044967 
-0.044360 0.051754 
-0.038586 0.057048 
-0.033330 0.058249 
-0.026979 0.062694 
-0.022596 0.067234 
-0.017020 0.071706 
-0.011207 0.073534 
-0.004724 0.074819 
0.003090 0.078560 
0.010608 0.078644 
0.019380 0.079520 
0.025285 0.079961 
0.032663 0.082272 
0.042014 0.081390 
0.048311 0.081225 
0.052604 0.082267 
0.057035 0.079519 
0.062583 0.080056 
0.067497 0.079030 
0.069687 0.078024 
0.071722 0.077004 
0.076661 0.076601 
0.076794 0.074380 
0.075321 0.074304 
0.078901 0.074949 
0.079353 0.072569 
0.078995 0.073627 
0.080207 0.074162 
0.079408 0.073860 
0.080874 0.071358 
0.080574 0.068398 
0.076729 0.064606 
0.077338 0.063153 
0.076808 0.059615 
0.074956 0.052084 
0.076196 0.046918 
0.074808 0.042071 
0.072678 0.037160 
0.071661 0.029841 
0.072069 0.023290 
0.072197 0.020214 
0.071172 0.019769 
0.071670 0.014635 
0.070707 0.010200 
0.069689 0.005930 
0.068064 0.003469 
0.064355 0.004129 
0.062052 -0.001172 
0.057969 -0.001874 
0.052930 -0.004598 
0.049518 -0.007149 
0.044644 -0.009332 
0.039532 -0.014568 
0.032707 -0.017432 
0.026867 -0.022848 
0.021995 -0.027076 
0.015067 -0.030854 
0.010504 -0.035295 
0.005791 -0.040846 
0.003398 -0.044197 
0.000155 -0.046650 
-0.003105 -0.050831 
-0.002463 -0.052806 
-0.005398 -0.055665 
-0.007435 -0.059364 
-0.008346 -0.061072 
-0.011218 -0.064176 
-0.015335 -0.067493 
-0.016925 -0.070791 
-0.020343 -0.073986 
-0.027307 -0.077099 
-0.030368 -0.084276 
-0.034499 -0.085957 
-0.038709 -0.089141 
-0.043600 -0.094175 
-0.047504 -0.094374 
-0.050489 -0.098184 
-0.054582 -0.098072 
-0.056180 -0.095175 
-0.059297 -0.095701 
-0.061869 -0.093500 
-0.064881 -0.088791 
-0.067822 -0.088418 
-0.070560 -0.084316 
-0.075245 -0.078398 
-0.077749 -0.075408 
-0.079896 -0.072617 
-0.082291 -0.070282 
-0.085382 -0.062956 
-0.089567 -0.060413 
-0.092473 -0.057872 
-0.094059 -0.050227 
-0.094315 -0.047193 
-0.095400 -0.043050 
-0.096216 -0.035372 
-0.092865 -0.027662 
-0.091074 -0.019549 
-0.088931 -0.012669 
-0.083301 -0.006025 
-0.080585 0.003040 
-0.076170 0.010874 
-0.069193 0.017437 
-0.063869 0.024065 
-0.059685 0.031669 
-0.054539 0.038957 
-0.048469 0.044241 
-0.044149 0.050074 
-0.039173 0.056029 
-0.033920 0.059371 
-0.028770 0.061255 
-0.024449 0.063981 
-0.019224 0.067629 
-0.010946 0.069781 
-0.004943 0.070157 
0.001972 0.073088 
0.010628 0.074840 
0.018395 0.073561 
0.026252 0.072090 
0.033661 0.074004 
0.041916 0.075092 
0.047872 0.074693 
0.053633 0.076141 
0.059172 0.074355 
0.061890 0.073871 
0.064931 0.072529 
0.066086 0.071369 
0.067490 0.071273 
0.070047 0.071190 
0.071788 0.072488 
0.072661 0.073006 
0.073770 0.075421 
0.073531 0.075620 
0.072635 0.073602 
0.075468 0.072705 
0.075987 0.073705 
0.076125 0.071473 
0.074750 0.068903 
0.073369 0.065112 
0.075003 0.059747 
0.072845 0.057317 
0.073591 0.049508 
0.072612 0.044361 
0.072135 0.039066 
0.072502 0.032322 
0.069250 0.029391 
0.072586 0.023848 
0.071508 0.019680 
0.067452 0.016339 
0.066112 0.013442 
0.064816 0.010950 
0.065042 0.007043 
0.061770 0.005598 
0.060611 0.005327 
0.058153 -0.001006 
0.053119 -0.003335 
0.050297 -0.001297 
0.044383 -0.007921 
0.038808 -0.012322 
0.033587 -0.015619 
0.027560 -0.020086 
0.024721 -0.022057 
0.019061 -0.026994 
0.013745 -0.030340 
0.012361 -0.032058 
0.005997 -0.036528 
0.001782 -0.041788 
0.000022 -0.044818 
-0.003514 -0.050101 
-0.004257 -0.051583 
-0.006061 -0.052297 
-0.009211 -0.058481 
-0.013762 -0.059368 
-0.016719 -0.063329 
-0.018812 -0.066758 
-0.022632 -0.070011 
-0.025101 -0.075664 
-0.028085 -0.078022 
-0.033134 -0.084257 
-0.037477 -0.089441 
-0.040057 -0.092227 
-0.045409 -0.094715 
-0.048898 -0.098608 
-0.051722 -0.098473 
-0.055138 -0.099395 
-0.055441 -0.099869 
-0.059861 -0.094586 
-0.064346 -0.093654 
-0.066096 -0.090599 
-0.069077 -0.088939 
-0.073106 -0.084622 
-0.075554 -0.079336 
-0.079196 -0.077348 
-0.086144 -0.072242 
-0.087736 -0.070054 
-0.088545 -0.068157 
-0.091639 -0.063765 
-0.093284 -0.058690 
-0.096222 -0.054566 
-0.097053 -0.048016 
-0.096383 -0.040622 
-0.096554 -0.033190 
-0.094668 -0.027295 
-0.090058 -0.020911 
-0.085934 -0.011402 
-0.083794 -0.005055 
-0.080449 0.002872 
-0.076067 0.010740 
-0.071305 0.017443 
-0.067470 0.025512 
-0.062368 0.033015 
-0.056123 0.039468 
-0.051370 0.044417 
-0.046002 0.048621 
-0.041731 0.054183 
-0.035579 0.059244 
-0.030820 0.063153 
-0.025665 0.064938 
-0.017916 0.064271 
-0.013480 0.067545 
-0.006289 0.069412 
0.002985 0.070867 
0.012386 0.073123 
0.019774 0.072388 
0.027621 0.071337 
0.036332 0.072289 
0.042338 0.073050 
0.049187 0.071195 
0.054161 0.072074 
0.058681 0.072006 
0.061603 0.071882 
0.064360 0.072739 
0.067468 0.072232 
0.070151 0.071305 
0.072974 0.071040 
0.072039 0.072672 
0.072876 0.074880 
0.076036 0.075722 
0.078013 0.073857 
0.076903 0.074541 
0.076447 0.072256 
0.076652 0.069234 
0.075663 0.068631 
0.076831 0.064761 
0.075417 0.060864 
0.074287 0.055935 
0.074268 0.051324 
0.073930 0.046057 
0.074286 0.039841 
0.072194 0.035541 
0.071313 0.030206 
0.071324 0.024785 
0.070233 0.021799 
0.072059 0.018571 
0.071986 0.016438 
0.069107 0.014788 
0.068615 0.012522 
0.067561 0.010784 
0.066936 0.007097 
0.064496 0.004188 
0.061509 0.003031 
0.056941 0.000226 
0.050430 -0.004956 
0.047471 -0.008421 
0.040396 -0.012137 
0.033853 -0.017116 
0.028884 -0.022214 
0.023172 -0.028149 
0.018922 -0.030362 
0.013109 -0.033076 
0.008043 -0.037794 
0.005422 -0.041358 
0.006527 -0.042899 
0.003629 -0.043307 
-0.001124 -0.048378 
-0.002619 -0.052931 
-0.004598 -0.054562 
-0.006930 -0.057874 
-0.008940 -0.059426 
-0.010628 -0.064482 
-0.015818 -0.070110 
-0.021583 -0.073620 
-0.025169 -0.078939 
-0.029783 -0.081820 
-0.035054 -0.085756 
-0.038324 -0.087878 
-0.042033 -0.091469 
-0.045873 -0.094001 
-0.049374 -0.095084 
-0.053083 -0.097375 
-0.056020 -0.093938 
-0.058728 -0.092439 
-0.060369 -0.090508 
-0.063748 -0.089262 
-0.065488 -0.086120 
-0.068019 -0.081097 
-0.071689 -0.078879 
-0.075816 -0.075933 
-0.081878 -0.075499 
-0.085159 -0.072244 
-0.087743 -0.067931 
-0.089073 -0.064064 
-0.093062 -0.058650 
-0.095719 -0.053269 
-0.094678 -0.049862 
-0.095114 -0.045868 
-0.095397 -0.037107 
-0.094938 -0.030331 
-0.092114 -0.025257 
-0.089311 -0.016882 
-0.086231 -0.008790 
-0.081412 -0.002134 
-0.077676 0.005993 
-0.073645 0.012837 
-0.068004 0.019969 
-0.064643 0.026764 
-0.059143 0.032128 
-0.053333 0.037778 
-0.049931 0.042058 
-0.044809 0.046505 
-0.039522 0.052437 
-0.033815 0.057134 
-0.030076 0.058021 
-0.022397 0.061825 
-0.013497 0.063827 
-0.007484 0.064990 
0.001815 0.069749 
0.009872 0.068683 
0.016728 0.071337 
0.024218 0.075657 
0.030995 0.072888 
0.038577 0.072197 
0.044967 0.073226 
0.051754 0.072712 
0.057048 0.071767 
0.058249 0.070943 
0.062694 0.070687 
0.067234 0.071155 
0.071706 0.072443 
0.073534 0.074066 
0.074819 0.073682 
0.078560 0.073411 
0.078644 0.077179 
0.079520 0.076689 
0.079961 0.075084 
0.082272 0.075258 
0.081390 0.072243 
0.081225 0.072253 
0.082267 0.069052 
0.079519 0.065316 
0.080056 0.063103 
0.079030 0.056762 
0.078024 0.051612 
0.077004 0.045449 
0.076601 0.038582 
0.074380 0.035308 
0.074304 0.032375 
0.074949 0.026505 
0.072569 0.024177 
0.073627 0.020849 
0.074162 0.017373 
0.073860 0.016552 
0.071358 0.011953 
0.068398 0.009670 
0.064606 0.007441 
0.063153 0.003992 
0.059615 0.000792 
0.052084 -0.002138 
0.046918 -0.005307 
0.042071 -0.008636 
0.037160 -0.013117 
0.029841 -0.016426 
0.023290 -0.019065 
0.020214 -0.027298 
0.019769 -0.030165 
0.014635 -0.033269 
0.010200 -0.038728 
0.005930 -0.042046 
0.003469 -0.044400 
0.004129 -0.044368 
-0.001172 -0.049272 
-0.001874 -0.052085 
-0.004598 -0.054700 
-0.007149 -0.058947 
-0.009332 -0.061006 
-0.014568 -0.066617 
-0.017432 -0.071184 
-0.022848 -0.072949 
-0.027076 -0.077953 
-0.030854 -0.083267 
-0.035295 -0.086458 
-0.040846 -0.089194 
-0.044197 -0.091490 
-0.046650 -0.093577 
-0.050831 -0.093654 
-0.052806 -0.094012 
-0.055665 -0.092627 
-0.059364 -0.092287 
-0.061072 -0.090501 
-0.064176 -0.087127 
-0.067493 -0.085873 
-0.070791 -0.080936 
-0.073986 -0.079812 
-0.077099 -0.077088 
-0.084276 -0.073678 
-0.085957 -0.072329 
-0.089141 -0.068469 
-0.094175 -0.065820 
-0.094374 -0.060325 
-0.098184 -0.054672 
-0.098072 -0.050857 
-0.095175 -0.046344 
-0.095701 -0.038595 
-0.093500 -0.032335 
-0.088791 -0.025620 
-0.088418 -0.015384 
-0.084316 -0.007927 
-0.078398 -0.000419 
-0.075408 0.008488 
-0.072617 0.014931 
-0.070282 0.021197 
-0.062956 0.029551 
-0.060413 0.034550 
-0.057872 0.040307 
-0.050227 0.046365 
-0.047193 0.050926 
-0.043050 0.055636 
-0.035372 0.059971 
-0.027662 0.064314 
-0.019549 0.066762 
-0.012669 0.068946 
-0.006025 0.070021 
0.003040 0.072469 
0.010874 0.073348 
0.017437 0.075168 
0.024065 0.073115 
0.031669 0.069680 
0.038957 0.071543 
0.044241 0.069802 
0.050074 0.071181 
0.056029 0.068689 
0.059371 0.068725 
0.061255 0.071011 
0.063981 0.068928 
0.067629 0.071726 
0.069781 0.072232 
0.070157 0.074095 
0.073088 0.073881 
0.074840 0.074389 
0.073561 0.076822 
0.072090 0.074476 
0.074004 0.073816 
0.075092 0.072830 
0.074693 0.070208 
0.076141 0.066089 
0.074355 0.062268 
0.073871 0.058616 
0.072529 0.053369 
0.071369 0.049383 
0.071273 0.045002 
0.071190 0.038731 
0.072488 0.034078 
0.073006 0.031191 
0.075421 0.027278 
0.075620 0.023309 
0.073602 0.021864 
0.072705 0.020080 
0.073705 0.016166 
0.071473 0.013129 
0.068903 0.010410 
0.065112 0.007965 
0.059747 0.005108 
0.057317 0.001016 
0.049508 -0.001896 
0.044361 -0.003742 
0.039066 -0.008154 
0.032322 -0.014278 
0.029391 -0.019028 
0.023848 -0.023072 
0.019680 -0.029007 
0.016339 -0.032367 
0.013442 -0.033017 
0.010950 -0.036405 
0.007043 -0.036978 
0.005598 -0.040269 
0.005327 -0.044458 
-0.001006 -0.045593 
-0.003335 -0.047979 
-0.001297 -0.049967 
-0.007921 -0.055518 
-0.012322 -0.061760 
-0.015619 -0.067115 
-0.020086 -0.071814 
-0.022057 -0.077805 
-0.026994 -0.080226 
-0.030340 -0.084094 
-0.032058 -0.091129 
-0.036528 -0.092503 
-0.041788 -0.096095 
-0.044818 -0.095652 
-0.050101 -0.096121 
-0.051583 -0.097243 
-0.052297 -0.093884 
-0.058481 -0.093218 
-0.059368 -0.091252 
-0.063329 -0.087267 
-0.066758 -0.084831 
-0.070011 -0.084660 
-0.075664 -0.081783 
-0.078022 -0.080124 
-0.084257 -0.077107 
-0.089441 -0.072908 
-0.092227 -0.069698 
-0.094715 -0.067111 
-0.098608 -0.063846 
-0.098473 -0.056883 
-0.099395 -0.051694 
-0.099869 -0.044326 
-0.094586 -0.038519 
-0.093654 -0.031776 
-0.090599 -0.024360 
-0.088939 -0.018020 
-0.084622 -0.010183 
-0.079336 -0.001828 
-0.077348 0.007709 
-0.072242 0.012630 
-0.070054 0.021319 
-0.068157 0.029728 
-0.063765 0.034175 
-0.058690 0.042205 
-0.054566 0.048968 
-0.048016 0.051705 
-0.040622 0.056683 
-0.033190 0.061878 
-0.027295 0.065086 
-0.020911 0.067051 
-0.011402 0.066872 
-0.005055 0.071218 
0.002872 0.070328 
0.010740 0.070591 
0.017443 0.073433 
0.025512 0.070822 
0.033015 0.070587 
0.039468 0.069029 
0.044417 0.069511 
0.048621 0.072217 
0.054183 0.072930 
0.059244 0.071445 
0.063153 0.072900 
0.064938 0.076053 
0.064271 0.076993 
0.067545 0.078281 
0.069412 0.079269 
0.070867 0.078638 
0.073123 0.079833 
0.072388 0.081941 
0.071337 0.076988 
0.072289 0.075856 
0.073050 0.074241 
0.071195 0.068103 
0.072074 0.067365 
0.072006 0.062966 
0.071882 0.056258 
0.072739 0.053566 
0.072232 0.048280 
0.071305 0.042258 
0.071040 0.038269 
0.072672 0.032147 
0.074880 0.029326 
0.075722 0.026817 
0.073857 0.023727 
0.074541 0.020897 
0.072256 0.018887 
0.069234 0.019157 
0.068631 0.015514 
0.064761 0.012206 
0.060864 0.009327 
0.055935 0.006804 
0.051324 0.001716 
0.046057 -0.003232 
0.039841 -0.006351 
0.035541 -0.012863 
0.030206 -0.016683 
0.024785 -0.021153 
0.021799 -0.025888 
0.018571 -0.028469 
0.016438 -0.030859 
0.014788 -0.032046 
0.012522 -0.035596 
0.010784 -0.039407 
0.007097 -0.041163 
0.004188 -0.042795 
0.003031 -0.044482 
0.000226 -0.049926 
-0.004956 -0.054385 
-0.008421 -0.058362 
-0.012137 -0.065118 
-0.017116 -0.068329 
-0.022214 -0.074337 
-0.028149 -0.080299 
-0.030362 -0.083900 
-0.033076 -0.088430 
-0.037794 -0.090067 
-0.041358 -0.091992 
-0.042899 -0.093480 
-0.043307 -0.092647 
-0.048378 -0.091594 
-0.052931 -0.092238 
-0.054562 -0.091005 
-0.057874 -0.088358 
-0.059426 -0.087944 
-0.064482 -0.085840 
-0.070110 -0.082761 
-0.073620 -0.081283 
-0.078939 -0.079548 
-0.081820 -0.076577 
-0.085756 -0.073588 
-0.087878 -0.068976 
-0.091469 -0.065434 
-0.094001 -0.063218 
-0.095084 -0.055510 
-0.097375 -0.050020 
-0.093938 -0.045715 
-0.092439 -0.038855 
-0.090508 -0.032309 
-0.089262 -0.024043 
-0.086120 -0.019813 
-0.081097 -0.010788 
-0.078879 -0.001376 
-0.075933 0.003267 
-0.075499 0.009673 
-0.072244 0.014942 
-0.067931 0.024013 
-0.064064 0.030255 
-0.058650 0.036384 
-0.053269 0.043240 
-0.049862 0.046482 
-0.045868 0.050689 
-0.037107 0.055463 
-0.030331 0.059059 
-0.025257 0.061045 
-0.016882 0.062370 
-0.008790 0.062911 
-0.002134 0.067478 
0.005993 0.067113 
0.012837 0.066466 
0.019969 0.067496 
0.026764 0.067036 
0.032128 0.069724 
0.037778 0.065802 
0.042058 0.066035 
0.046505 0.069143 
0.052437 0.068268 
0.057134 0.068327 
0.058021 0.069901 
0.061825 0.073270 
0.063827 0.075437 
0.064990 0.075719 
0.069749 0.076714 
0.068683 0.078645 
0.071337 0.076917 
0.075657 0.076630 
0.072888 0.075048 
0.072197 0.074553 
0.073226 0.072701 
0.072712 0.065215 
0.071767 0.062196 
0.070943 0.056791 
0.070687 0.052147 
0.071155 0.048215 
0.072443 0.042145 
0.074066 0.040001 
0.073682 0.035085 
0.073411 0.029830 
0.077179 0.027916 
0.076689 0.024872 
0.075084 0.022087 
0.075258 0.020787 
0.072243 0.019979 
0.072253 0.017472 
0.069052 0.012936 
0.065316 0.009778 
0.063103 0.007847 
0.056762 0.003647 
0.051612 -0.001797 
0.045449 -0.005121 
0.038582 -0.008666 
0.035308 -0.013867 
0.032375 -0.018842 
0.026505 -0.020625 
0.024177 -0.022827 
0.020849 -0.026018 
0.017373 -0.029355 
0.016552 -0.033803 
0.011953 -0.034185 
0.009670 -0.037967 
0.007441 -0.041546 
0.003992 -0.041139 
0.000792 -0.046589 
-0.002138 -0.052141 
-0.005307 -0.055072 
-0.008636 -0.061317 
-0.013117 -0.065417 
-0.016426 -0.068244 
-0.019065 -0.075145 
-0.027298 -0.080336 
-0.030165 -0.085974 
-0.033269 -0.088137 
-0.038728 -0.088774 
-0.042046 -0.092932 
-0.044400 -0.093147 
-0.044368 -0.089364 
-0.049272 -0.089553 
-0.052085 -0.092608 
-0.054700 -0.089223 
-0.058947 -0.086383 
-0.061006 -0.084602 
-0.066617 -0.082602 
-0.071184 -0.080284 
-0.072949 -0.078498 
-0.077953 -0.077750 
-0.083267 -0.073895 
-0.086458 -0.071547 
-0.089194 -0.068135 
-0.091490 -0.064254 
-0.093577 -0.060375 
-0.093654 -0.055720 
-0.094012 -0.048337 
-0.092627 -0.043686 
-0.092287 -0.039578 
-0.090501 -0.030945 
-0.087127 -0.023138 
-0.085873 -0.014201 
-0.080936 -0.008877 
-0.079812 -0.001788 
-0.077088 0.005703 
-0.073678 0.013759 
-0.072329 0.020997 
-0.068469 0.026934 
-0.065820 0.036669 
-0.060325 0.041266 
-0.054672 0.045879 
-0.050857 0.050282 
-0.046344 0.055781 
-0.038595 0.059770 
-0.032335 0.060951 
-0.025620 0.063624 
-0.015384 0.064785 
-0.007927 0.067969 
-0.000419 0.070015 
0.008488 0.070368 
0.014931 0.070949 
0.021197 0.071313 
0.029551 0.069267 
0.034550 0.068764 
0.040307 0.069788 
0.046365 0.069302 
0.050926 0.070759 
0.055636 0.071153 
0.059971 0.072437 
0.064314 0.073958 
0.066762 0.073731 
0.068946 0.075174 
0.070021 0.076214 
0.072469 0.076575 
0.073348 0.077420 
0.075168 0.077450 
0.073115 0.077654 
0.069680 0.074828 
0.071543 0.071312 
0.069802 0.067937 
0.071181 0.062720 
0.068689 0.060302 
0.068725 0.056217 
0.071011 0.051328 
0.068928 0.046156 
0.071726 0.040413 
0.072232 0.037330 
0.074095 0.034488 
0.073881 0.032908 
0.074389 0.031106 
0.076822 0.029736 
0.074476 0.027298 
0.073816 0.022184 
0.072830 0.020437 
0.070208 0.015960 
0.066089 0.010358 
0.062268 0.011644 
0.058616 0.007385 
0.053369 -0.000659 
0.049383 -0.003810 
0.045002 -0.007656 
0.038731 -0.011963 
0.034078 -0.015792 
0.031191 -0.020480 
0.027278 -0.022149 
0.023309 -0.023046 
0.021864 -0.027525 
0.020080 -0.029514 
0.016166 -0.031696 
0.013129 -0.035616 
0.010410 -0.037746 
0.007965 -0.041494 
0.005108 -0.045661 
0.001016 -0.048704 
-0.001896 -0.052362 
-0.003742 -0.057008 
-0.008154 -0.062491 
-0.014278 -0.068532 
-0.019028 -0.073020 
-0.023072 -0.077700 
-0.029007 -0.081958 
-0.032367 -0.084000 
-0.033017 -0.087383 
-0.036405 -0.090385 
-0.036978 -0.089816 
-0.040269 -0.090297 
-0.044458 -0.090658 
-0.045593 -0.090198 
-0.047979 -0.091402 
-0.049967 -0.089481 
-0.055518 -0.088795 
-0.061760 -0.087500 
-0.067115 -0.084418 
-0.071814 -0.082599 
-0.077805 -0.080914 
-0.080226 -0.079652 
-0.084094 -0.076692 
-0.091129 -0.073873 
-0.092503 -0.070217 
-0.096095 -0.068048 
-0.095652 -0.062206 
-0.096121 -0.054514 
-0.097243 -0.049946 
-0.093884 -0.044534 
-0.093218 -0.038796 
-0.091252 -0.028867 
-0.087267 -0.021281 
-0.084831 -0.015582 
-0.084660 -0.008016 
-0.081783 -0.001784 
-0.080124 0.006131 
-0.077107 0.013242 
-0.072908 0.018773 
-0.069698 0.027245 
-0.067111 0.034207 
-0.063846 0.040603 
-0.056883 0.047123 
-0.051694 0.049794 
-0.044326 0.056202 
-0.038519 0.060012 
-0.031776 0.061116 
-0.024360 0.065246 
-0.018020 0.065918 
-0.010183 0.067260 
-0.001828 0.068779 
0.007709 0.066964 
0.012630 0.068224 
0.021319 0.068126 
0.029728 0.066206 
0.034175 0.068974 
0.042205 0.068458 
0.048968 0.068489 
0.051705 0.069958 
0.056683 0.070467 
0.061878 0.071270 
0.065086 0.070988 
0.067051 0.074114 
0.066872 0.078384 
0.071218 0.080266 
0.070328 0.078950 
0.070591 0.079940 
0.073433 0.080300 
0.070822 0.078914 
0.070587 0.075329 
0.069029 0.070995 
0.069511 0.069046 
0.072217 0.063165 
0.072930 0.060055 
0.071445 0.056786 
0.072900 0.051618 
0.076053 0.046510 
0.076993 0.042995 
0.078281 0.041413 
0.079269 0.036517 
0.078638 0.034195 
0.079833 0.032422 
0.081941 0.029815 
0.076988 0.025323 
0.075856 0.021966 
0.074241 0.022713 
0.068103 0.018023 
0.067365 0.012916 
0.062966 0.010822 
0.056258 0.006327 
0.053566 0.001369 
0.048280 -0.003420 
0.042258 -0.007183 
0.038269 -0.011068 
0.032147 -0.015932 
0.029326 -0.020053 
0.026817 -0.021641 
0.023727 -0.024455 
0.020897 -0.028898 
0.018887 -0.028403 
0.019157 -0.031875 
0.015514 -0.036341 
0.012206 -0.038403 
0.009327 -0.043589 
0.006804 -0.047183 
0.001716 -0.050309 
-0.003232 -0.054974 
-0.006351 -0.060920 
-0.012863 -0.064978 
-0.016683 -0.069671 
-0.021153 -0.073502 
-0.025888 -0.078088 
-0.028469 -0.082485 
-0.030859 -0.082491 
-0.032046 -0.085760 
-0.035596 -0.088390 
-0.039407 -0.089223 
-0.041163 -0.089214 
-0.042795 -0.090006 
-0.044482 -0.091268 
-0.049926 -0.091160 
-0.054385 -0.090654 
-0.058362 -0.089219 
-0.065118 -0.089602 
-0.068329 -0.087121 
-0.074337 -0.085078 
-0.080299 -0.083750 
-0.083900 -0.079083 
-0.088430 -0.077849 
-0.090067 -0.076369 
-0.091992 -0.071147 
-0.093480 -0.067436 
-0.092647 -0.062428 
-0.091594 -0.056429 
-0.092238 -0.051535 
-0.091005 -0.045189 
-0.088358 -0.038329 
-0.087944 -0.031288 
-0.085840 -0.024100 
-0.082761 -0.013481 
-0.081283 -0.005923 
-0.079548 -0.000164 
-0.076577 0.010012 
-0.073588 0.016415 
-0.068976 0.023328 
-0.065434 0.028560 
-0.063218 0.032113 
-0.055510 0.038606 
-0.050020 0.043819 
-0.045715 0.050404 
-0.038855 0.054340 
-0.032309 0.056957 
-0.024043 0.059809 
-0.019813 0.061817 
-0.010788 0.064895 
-0.001376 0.064071 
0.003267 0.064763 
0.009673 0.065527 
0.014942 0.064659 
0.024013 0.067206 
0.030255 0.065269 
0.036384 0.064059 
0.043240 0.067870 
0.046482 0.067553 
0.050689 0.066825 
0.055463 0.070747 
0.059059 0.073994 
0.061045 0.075262 
0.062370 0.077832 
0.062911 0.079254 
0.067478 0.078959 
0.067113 0.079062 
0.066466 0.078597 
0.067496 0.077164 
0.067036 0.074888 
0.069724 0.072987 
0.065802 0.069904 
0.066035 0.065682 
0.069143 0.061441 
0.068268 0.056271 
0.068327 0.052197 
0.069901 0.048069 
0.073270 0.044721 
0.075437 0.040026 
0.075719 0.035706 
0.076714 0.034058 
0.078645 0.031273 
0.076917 0.028608 
0.076630 0.023189 
0.075048 0.021294 
0.074553 0.020587 
0.072701 0.016783 
0.065215 0.013425 
0.062196 0.007877 
0.056791 0.004407 
0.052147 0.000340 
0.048215 -0.003458 
0.042145 -0.007558 
0.040001 -0.010140 
0.035085 -0.011898 
0.029830 -0.016621 
0.027916 -0.017816 
0.024872 -0.021635 
0.022087 -0.023940 
0.020787 -0.025570 
0.019979 -0.029421 
0.017472 -0.030088 
0.012936 -0.033815 
0.009778 -0.038100 
0.007847 -0.042797 
0.003647 -0.047835 
-0.001797 -0.051665 
-0.005121 -0.055317 
-0.008666 -0.060118 
-0.013867 -0.066915 
-0.018842 -0.072191 
-0.020625 -0.077839 
-0.022827 -0.080293 
-0.026018 -0.082307 
-0.029355 -0.086283 
-0.033803 -0.087241 
-0.034185 -0.087123 
-0.037967 -0.087566 
-0.041546 -0.089814 
-0.041139 -0.087860 
-0.046589 -0.086294 
-0.052141 -0.088044 
-0.055072 -0.088256 
-0.061317 -0.087461 
-0.065417 -0.084955 
-0.068244 -0.084721 
-0.075145 -0.083371 
-0.080336 -0.082053 
-0.085974 -0.079163 
-0.088137 -0.074707 
-0.088774 -0.071536 
-0.092932 -0.066241 
-0.093147 -0.062499 
-0.089364 -0.057930 
-0.089553 -0.052787 
-0.092608 -0.046209 
-0.089223 -0.038091 
-0.086383 -0.031566 
-0.084602 -0.026303 
-0.082602 -0.017944 
-0.080284 -0.009918 
-0.078498 -0.004851 
-0.077750 0.003741 
-0.073895 0.009866 
-0.071547 0.016166 
-0.068135 0.022351 
-0.064254 0.030510 
-0.060375 0.038776 
-0.055720 0.042172 
-0.048337 0.047347 
-0.043686 0.050307 
-0.039578 0.055917 
-0.030945 0.057072 
-0.023138 0.058667 
-0.014201 0.065215 
-0.008877 0.063156 
-0.001788 0.064585 
0.005703 0.065447 
0.013759 0.063205 
0.020997 0.063722 
0.026934 0.064748 
0.036669 0.066330 
0.041266 0.064508 
0.045879 0.067044 
0.050282 0.069943 
0.055781 0.071307 
0.059770 0.073306 
0.060951 0.073566 
0.063624 0.077645 
0.064785 0.078325 
0.067969 0.079426 
0.070015 0.079178 
0.070368 0.077493 
0.070949 0.076613 
0.071313 0.072572 
0.069267 0.072363 
0.068764 0.067427 
0.069788 0.065941 
0.069302 0.063206 
0.070759 0.054996 
0.071153 0.053488 
0.072437 0.048175 
0.073958 0.044890 
0.073731 0.042366 
0.075174 0.038053 
0.076214 0.036772 
0.076575 0.032988 
0.077420 0.030155 
0.077450 0.029272 
0.077654 0.027513 
0.074828 0.024801 
0.071312 0.019107 
0.067937 0.015650 
0.062720 0.014661 
0.060302 0.010852 
0.056217 0.005408 
0.051328 0.000932 
0.046156 -0.001209 
0.040413 -0.007060 
0.037330 -0.010762 
0.034488 -0.013265 
0.032908 -0.016887 
0.031106 -0.019098 
0.029736 -0.022704 
0.027298 -0.023441 
0.022184 -0.026762 
0.020437 -0.031041 
0.015960 -0.034747 
0.010358 -0.036411 
0.011644 -0.039463 
0.007385 -0.044987 
-0.000659 -0.049262 
-0.003810 -0.055149 
-0.007656 -0.057743 
-0.011963 -0.062502 
-0.015792 -0.069308 
-0.020480 -0.074057 
-0.022149 -0.076565 
-0.023046 -0.079792 
-0.027525 -0.082562 
-0.029514 -0.083719 
-0.031696 -0.085903 
-0.035616 -0.087803 
-0.037746 -0.089608 
-0.041494 -0.088546 
-0.045661 -0.088766 
-0.048704 -0.089039 
-0.052362 -0.089628 
-0.057008 -0.088236 
-0.062491 -0.085490 
-0.068532 -0.085102 
-0.073020 -0.084098 
-0.077700 -0.081695 
-0.081958 -0.077853 
-0.084000 -0.076566 
-0.087383 -0.074376 
-0.090385 -0.071967 
-0.089816 -0.066690 
-0.090297 -0.061713 
-0.090658 -0.057808 
-0.090198 -0.051927 
-0.091402 -0.047404 
-0.089481 -0.039471 
-0.088795 -0.032596 
-0.087500 -0.026706 
-0.084418 -0.017895 
-0.082599 -0.008496 
-0.080914 -0.001291 
-0.079652 0.006787 
-0.076692 0.014307 
-0.073873 0.021254 
-0.070217 0.027721 
-0.068048 0.033104 
-0.062206 0.039540 
-0.054514 0.044024 
-0.049946 0.050419 
-0.044534 0.054703 
-0.038796 0.058315 
-0.028867 0.061446 
-0.021281 0.061610 
-0.015582 0.061483 
-0.008016 0.063857 
-0.001784 0.065127 
0.006131 0.063582 
0.013242 0.065431 
0.018773 0.064163 
0.027245 0.065174 
0.034207 0.065634 
0.040603 0.065702 
0.047123 0.068241 
0.049794 0.071752 
0.056202 0.076172 
0.060012 0.074159 
0.061116 0.075983 
0.065246 0.076877 
0.065918 0.076357 
0.067260 0.079401 
0.068779 0.079122 
0.066964 0.077830 
0.068224 0.078353 
0.068126 0.077494 
0.066206 0.074123 
0.068974 0.072438 
0.068458 0.069192 
0.068489 0.064373 
0.069958 0.061110 
0.070467 0.057427 
0.071270 0.052202 
0.070988 0.049340 
0.074114 0.046806 
0.078384 0.044876 
0.080266 0.043047 
0.078950 0.038828 
0.079940 0.035876 
0.080300 0.032764 
0.078914 0.028253 
0.075329 0.023945 
0.070995 0.022177 
0.069046 0.016443 
0.063165 0.011726 
0.060055 0.007690 
0.056786 0.004057 
0.051618 0.005030 
0.046510 0.000506 
0.042995 -0.001909 
0.041413 -0.004544 
0.036517 -0.010461 
0.034195 -0.012188 
0.032422 -0.013647 
0.029815 -0.019317 
0.025323 -0.022150 
0.021966 -0.023191 
0.022713 -0.027196 
0.018023 -0.030667 
0.012916 -0.037172 
0.010822 -0.041491 
0.006327 -0.046163 
0.001369 -0.050405 
-0.003420 -0.055178 
-0.007183 -0.060517 
-0.011068 -0.061166 
-0.015932 -0.065866 
-0.020053 -0.071075 
-0.021641 -0.075567 
-0.024455 -0.078210 
-0.028898 -0.080066 
-0.028403 -0.084022 
-0.031875 -0.086593 
-0.036341 -0.087138 
-0.038403 -0.086948 
-0.043589 -0.087363 
-0.047183 -0.087258 
-0.050309 -0.087413 
-0.054974 -0.086977 
-0.060920 -0.088258 
-0.064978 -0.089278 
-0.069671 -0.087805 
-0.073502 -0.085055 
-0.078088 -0.082179 
-0.082485 -0.078928 
-0.082491 -0.074836 
-0.085760 -0.072450 
-0.088390 -0.068611 
-0.089223 -0.063866 
-0.089214 -0.058645 
-0.090006 -0.052614 
-0.091268 -0.046861 
-0.091160 -0.041683 
-0.090654 -0.037170 
-0.089219 -0.029120 
-0.089602 -0.019120 
-0.087121 -0.014334 
-0.085078 -0.009279 
-0.083750 0.000480 
-0.079083 0.006030 
-0.077849 0.012820 
-0.076369 0.022591 
-0.071147 0.026955 
-0.067436 0.033968 
-0.062428 0.041827 
-0.056429 0.044179 
-0.051535 0.048670 
-0.045189 0.052050 
-0.038329 0.054426 
-0.031288 0.057504 
-0.024100 0.059765 
-0.013481 0.063007 
-0.005923 0.061696 
-0.000164 0.061254 
0.010012 0.061136 
0.016415 0.060365 
0.023328 0.062170 
0.028560 0.063804 
0.032113 0.066372 
0.038606 0.067538 
0.043819 0.068073 
0.050404 0.068833 
0.054340 0.073276 
0.056957 0.075400 
0.059809 0.074261 
0.061817 0.076412 
0.064895 0.077380 
0.064071 0.076998 
0.064763 0.075024 
0.065527 0.074998 
0.064659 0.073482 
0.067206 0.070024 
0.065269 0.068173 
0.064059 0.064312 
0.067870 0.061692 
0.067553 0.058733 
0.066825 0.055442 
0.070747 0.052062 
0.073994 0.047901 
0.075262 0.045798 
0.077832 0.043321 
0.079254 0.041362 
0.078959 0.040025 
0.079062 0.037708 
0.078597 0.034003 
0.077164 0.030930 
0.074888 0.029247 
0.072987 0.023900 
0.069904 0.017606 
0.065682 0.012328 
0.061441 0.008919 
0.056271 0.004712 
0.052197 0.000912 
0.048069 0.000226 
0.044721 -0.003394 
0.040026 -0.005771 
0.035706 -0.010104 
0.034058 -0.012472 
0.031273 -0.013120 
0.028608 -0.018030 
0.023189 -0.021939 
0.021294 -0.026952 
0.020587 -0.027443 
0.016783 -0.029741 
0.013425 -0.034919 
0.007877 -0.038684 
0.004407 -0.043688 
0.000340 -0.047610 
-0.003458 -0.054678 
-0.007558 -0.059124 
-0.010140 -0.062364 
-0.011898 -0.068618 
-0.016621 -0.072711 
-0.017816 -0.077241 
-0.021635 -0.081701 
-0.023940 -0.081974 
-0.025570 -0.084289 
-0.029421 -0.088007 
-0.030088 -0.086484 
-0.033815 -0.086785 
-0.038100 -0.089884 
-0.042797 -0.092009 
-0.047835 -0.091951 
-0.051665 -0.090831 
-0.055317 -0.089954 
-0.060118 -0.087377 
-0.066915 -0.087033 
-0.072191 -0.085544 
-0.077839 -0.084180 
-0.080293 -0.085432 
-0.082307 -0.082363 
-0.086283 -0.078952 
-0.087241 -0.074326 
-0.087123 -0.070111 
-0.087566 -0.067278 
-0.089814 -0.061506 
-0.087860 -0.054742 
-0.086294 -0.048101 
-0.088044 -0.042487 
-0.088256 -0.032802 
-0.087461 -0.025822 
-0.084955 -0.018910 
-0.084721 -0.010113 
-0.083371 -0.004298 
-0.082053 0.004787 
-0.079163 0.012557 
-0.074707 0.020458 
-0.071536 0.024866 
-0.066241 0.031559 
-0.062499 0.040229 
-0.057930 0.044177 
-0.052787 0.048346 
-0.046209 0.051041 
-0.038091 0.055410 
-0.031566 0.056491 
-0.026303 0.059329 
-0.017944 0.060841 
-0.009918 0.059667 
-0.004851 0.061221 
0.003741 0.061877 
0.009866 0.063553 
0.016166 0.063258 
0.022351 0.065760 
0.030510 0.065942 
0.038776 0.066369 
0.042172 0.070026 
0.047347 0.071105 
0.050307 0.073398 
0.055917 0.074925 
0.057072 0.074769 
0.058667 0.075954 
0.065215 0.078729 
0.063156 0.076983 
0.064585 0.077600 
0.065447 0.077261 
0.063205 0.072022 
0.063722 0.072458 
0.064748 0.072346 
0.066330 0.070138 
0.064508 0.068440 
0.067044 0.064293 
0.069943 0.060337 
0.071307 0.057122 
0.073306 0.051846 
0.073566 0.049718 
0.077645 0.048386 
0.078325 0.045588 
0.079426 0.045047 
0.079178 0.042164 
0.077493 0.038156 
0.076613 0.034775 
0.072572 0.030930 
0.072363 0.026967 
0.067427 0.022370 
0.065941 0.017586 
0.063206 0.014117 
0.054996 0.008595 
0.053488 0.002856 
0.048175 0.002770 
0.044890 0.000168 
0.042366 -0.005553 
0.038053 -0.007085 
0.036772 -0.009471 
0.032988 -0.012679 
0.030155 -0.015232 
0.029272 -0.018828 
0.027513 -0.021074 
0.024801 -0.024862 
0.019107 -0.028568 
0.015650 -0.034306 
0.014661 -0.037660 
0.010852 -0.039550 
0.005408 -0.047806 
0.000932 -0.050808 
-0.001209 -0.055311 
-0.007060 -0.060746 
-0.010762 -0.062654 
-0.013265 -0.068466 
-0.016887 -0.073470 
-0.019098 -0.077869 
-0.022704 -0.081382 
-0.023441 -0.083992 
-0.026762 -0.085603 
-0.031041 -0.087469 
-0.034747 -0.090305 
-0.036411 -0.091281 
-0.039463 -0.090601 
-0.044987 -0.090756 
-0.049262 -0.091849 
-0.055149 -0.092757 
-0.057743 -0.092761 
-0.062502 -0.090916 
-0.069308 -0.091046 
-0.074057 -0.089115 
-0.076565 -0.085700 
-0.079792 -0.084985 
-0.082562 -0.081407 
-0.083719 -0.076416 
-0.085903 -0.073494 
-0.087803 -0.069422 
-0.089608 -0.064768 
-0.088546 -0.061500 
-0.088766 -0.054645 
-0.089039 -0.046675 
-0.089628 -0.041602 
-0.088236 -0.034497 
-0.085490 -0.026063 
-0.085102 -0.019041 
-0.084098 -0.009746 
-0.081695 -0.001252 
-0.077853 0.004719 
-0.076566 0.012606 
-0.074376 0.020176 
-0.071967 0.026079 
-0.066690 0.031977 
-0.061713 0.037620 
-0.057808 0.041219 
-0.051927 0.046233 
-0.047404 0.050819 
-0.039471 0.053073 
-0.032596 0.053993 
-0.026706 0.053958 
-0.017895 0.055541 
-0.008496 0.054381 
-0.001291 0.057288 
0.006787 0.060056 
0.014307 0.059624 
0.021254 0.062510 
0.027721 0.063366 
0.033104 0.066574 
0.039540 0.068167 
0.044024 0.070525 
0.050419 0.074114 
0.054703 0.074402 
0.058315 0.077605 
0.061446 0.078879 
0.061610 0.079662 
0.061483 0.081084 
0.063857 0.081651 
0.065127 0.080564 
0.063582 0.078838 
0.065431 0.076519 
0.064163 0.072822 
0.065174 0.071809 
0.065634 0.068455 
0.065702 0.065613 
0.068241 0.063536 
0.071752 0.060878 
0.076172 0.059449 
0.074159 0.056172 
0.075983 0.052084 
0.076877 0.049156 
0.076357 0.048416 
0.079401 0.042855 
0.079122 0.039930 
0.077830 0.039096 
0.078353 0.032437 
0.077494 0.029500 
0.074123 0.026179 
0.072438 0.021179 
0.069192 0.015529 
0.064373 0.010086 
0.061110 0.009276 
0.057427 0.007821 
0.052202 0.003733 
0.049340 0.001237 
0.046806 0.000426 
0.044876 -0.002151 
0.043047 -0.006574 
0.038828 -0.010959 
0.035876 -0.011979 
0.032764 -0.015114 
0.028253 -0.019637 
0.023945 -0.021164 
0.022177 -0.027223 
0.016443 -0.031716 
0.011726 -0.035015 
0.007690 -0.040691 
0.004057 -0.043629 
0.005030 -0.048988 
0.000506 -0.054897 
-0.001909 -0.061323 
-0.004544 -0.067130 
-0.010461 -0.069541 
-0.012188 -0.072696 
-0.013647 -0.076402 
-0.019317 -0.080516 
-0.022150 -0.081578 
-0.023191 -0.083510 
-0.027196 -0.084252 
-0.030667 -0.084562 
-0.037172 -0.087715 
-0.041491 -0.086189 
-0.046163 -0.087027 
-0.050405 -0.088337 
-0.055178 -0.088162 
-0.060517 -0.088579 
-0.061166 -0.088059 
-0.065866 -0.087184 
-0.071075 -0.086161 
-0.075567 -0.084683 
-0.078210 -0.080514 
-0.080066 -0.079921 
-0.084022 -0.076923 
-0.086593 -0.071452 
-0.087138 -0.067781 
-0.086948 -0.063926 
-0.087363 -0.058288 
-0.087258 -0.049931 
-0.087413 -0.045456 
-0.086977 -0.039393 
-0.088258 -0.031497 
-0.089278 -0.023159 
-0.087805 -0.015332 
-0.085055 -0.008791 
-0.082179 -0.001154 
-0.078928 0.007254 
-0.074836 0.014087 
-0.072450 0.018076 
-0.068611 0.026591 
-0.063866 0.032908 
-0.058645 0.037518 
-0.052614 0.041636 
-0.046861 0.043700 
-0.041683 0.049240 
-0.037170 0.051846 
-0.029120 0.052004 
-0.019120 0.052582 
-0.014334 0.053041 
-0.009279 0.054257 
0.000480 0.056037 
0.006030 0.056892 
0.012820 0.058536 
0.022591 0.059858 
0.026955 0.061484 
0.033968 0.064829 
0.041827 0.067223 
0.044179 0.069848 
0.048670 0.073134 
0.052050 0.075152 
0.054426 0.076106 
0.057504 0.079285 
0.059765 0.076337 
0.063007 0.076292 
0.061696 0.079251 
0.061254 0.075813 
0.061136 0.075266 
0.060365 0.072498 
0.062170 0.070136 
0.063804 0.064807 
0.066372 0.062363 
0.067538 0.062460 
0.068073 0.058521 
0.068833 0.057700 
0.073276 0.054780 
0.075400 0.054721 
0.074261 0.051638 
0.076412 0.048983 
0.077380 0.048098 
0.076998 0.044743 
0.075024 0.041948 
0.074998 0.037153 
0.073482 0.032536 
0.070024 0.026440 
0.068173 0.024615 
0.064312 0.019687 
0.061692 0.015542 
0.058733 0.012655 
0.055442 0.008610 
0.052062 0.007644 
0.047901 0.002558 
0.045798 0.002003 
0.043321 -0.003150 
0.041362 -0.006529 
0.040025 -0.004966 
0.037708 -0.011709 
0.034003 -0.015804 
0.030930 -0.017371 
0.029247 -0.022829 
0.023900 -0.026901 
0.017606 -0.026813 
0.012328 -0.032405 
0.008919 -0.037025 
0.004712 -0.040630 
0.000912 -0.047864 
0.000226 -0.052366 
-0.003394 -0.056344 
-0.005771 -0.060366 
-0.010104 -0.065028 
-0.012472 -0.068726 
-0.013120 -0.073527 
-0.018030 -0.075055 
-0.021939 -0.077699 
-0.026952 -0.081479 
-0.027443 -0.081860 
-0.029741 -0.085837 
-0.034919 -0.087198 
-0.038684 -0.088896 
-0.043688 -0.088888 
-0.047610 -0.086915 
-0.054678 -0.088399 
-0.059124 -0.089332 
-0.062364 -0.088995 
-0.068618 -0.087783 
-0.072711 -0.088066 
-0.077241 -0.086307 
-0.081701 -0.083395 
-0.081974 -0.081315 
-0.084289 -0.079087 
-0.088007 -0.076560 
-0.086484 -0.072387 
-0.086785 -0.068340 
-0.089884 -0.063571 
-0.092009 -0.059286 
-0.091951 -0.056448 
-0.090831 -0.048902 
-0.089954 -0.038008 
-0.087377 -0.030653 
-0.087033 -0.024252 
-0.085544 -0.015937 
-0.084180 -0.007289 
-0.085432 0.002355 
-0.082363 0.011065 
-0.078952 0.015927 
-0.074326 0.022506 
-0.070111 0.027537 
-0.067278 0.032621 
-0.061506 0.040046 
-0.054742 0.042605 
-0.048101 0.046327 
-0.042487 0.047007 
-0.032802 0.048990 
-0.025822 0.052381 
-0.018910 0.052264 
-0.010113 0.054157 
-0.004298 0.052318 
0.004787 0.055658 
0.012557 0.058556 
0.020458 0.056319 
0.024866 0.059632 
0.031559 0.064458 
0.040229 0.068885 
0.044177 0.071618 
0.048346 0.072251 
0.051041 0.073847 
0.055410 0.077276 
0.056491 0.076605 
0.059329 0.076668 
0.060841 0.079363 
0.059667 0.075650 
0.061221 0.074664 
0.061877 0.076512 
0.063553 0.073033 
0.063258 0.069445 
0.065760 0.067082 
0.065942 0.066824 
0.066369 0.066641 
0.070026 0.064399 
0.071105 0.062920 
0.073398 0.060879 
0.074925 0.060199 
0.074769 0.057353 
0.075954 0.052211 
0.078729 0.049283 
0.076983 0.045920 
0.077600 0.041969 
0.077261 0.035847 
0.072022 0.031917 
0.072458 0.030063 
0.072346 0.024168 
0.070138 0.019735 
0.068440 0.017291 
0.064293 0.014955 
0.060337 0.012373 
0.057122 0.007450 
0.051846 0.005195 
0.049718 0.003117 
0.048386 0.000703 
0.045588 -0.001240 
0.045047 -0.004043 
0.042164 -0.004776 
0.038156 -0.008001 
0.034775 -0.009923 
0.030930 -0.012944 
0.026967 -0.018680 
0.022370 -0.022689 
0.017586 -0.027403 
0.014117 -0.031811 
0.008595 -0.036466 
0.002856 -0.042339 
0.002770 -0.049737 
0.000168 -0.052539 
-0.005553 -0.057057 
-0.007085 -0.063238 
-0.009471 -0.066995 
-0.012679 -0.072241 
-0.015232 -0.074920 
-0.018828 -0.079015 
-0.021074 -0.080290 
-0.024862 -0.082154 
-0.028568 -0.086119 
-0.034306 -0.085741 
-0.037660 -0.087056 
-0.039550 -0.089037 
-0.047806 -0.087551 
-0.050808 -0.087368 
-0.055311 -0.088133 
-0.060746 -0.088070 
-0.062654 -0.091063 
-0.068466 -0.088375 
-0.073470 -0.086316 
-0.077869 -0.086797 
-0.081382 -0.083918 
-0.083992 -0.081753 
-0.085603 -0.076979 
-0.087469 -0.074419 
-0.090305 -0.070403 
-0.091281 -0.065175 
-0.090601 -0.061410 
-0.090756 -0.054550 
-0.091849 -0.048123 
-0.092757 -0.042967 
-0.092761 -0.036250 
-0.090916 -0.028229 
-0.091046 -0.020159 
-0.089115 -0.013180 
-0.085700 -0.006137 
-0.084985 0.002724 
-0.081407 0.009056 
-0.076416 0.018186 
-0.073494 0.024998 
-0.069422 0.029577 
-0.064768 0.037890 
-0.061500 0.040994 
-0.054645 0.044111 
-0.046675 0.046968 
-0.041602 0.050645 
-0.034497 0.052355 
-0.026063 0.053475 
-0.019041 0.056826 
-0.009746 0.055153 
-0.001252 0.057808 
0.004719 0.058508 
0.012606 0.058390 
0.020176 0.061444 
0.026079 0.061706 
0.031977 0.066389 
0.037620 0.069390 
0.041219 0.069984 
0.046233 0.072198 
0.050819 0.073590 
0.053073 0.074083 
0.053993 0.074811 
0.053958 0.074667 
0.055541 0.072480 
0.054381 0.073252 
0.057288 0.071497 
0.060056 0.069860 
0.059624 0.071447 
0.062510 0.068795 
0.063366 0.067181 
0.066574 0.067707 
0.068167 0.065422 
0.070525 0.062737 
0.074114 0.062255 
0.074402 0.059035 
0.077605 0.056075 
0.078879 0.055415 
0.079662 0.052873 
0.081084 0.048137 
0.081651 0.044069 
0.080564 0.040863 
0.078838 0.035174 
0.076519 0.034154 
0.072822 0.031384 
0.071809 0.026276 
0.068455 0.023007 
0.065613 0.017499 
0.063536 0.014305 
0.060878 0.011805 
0.059449 0.008997 
0.056172 0.004960 
0.052084 0.003462 
0.049156 0.000340 
0.048416 -0.001293 
0.042855 -0.002131 
0.039930 -0.007991 
0.039096 -0.007882 
0.032437 -0.011759 
0.029500 -0.017857 
0.026179 -0.021655 
0.021179 -0.027447 
0.015529 -0.031122 
0.010086 -0.034264 
0.009276 -0.037937 
0.007821 -0.043328 
0.003733 -0.048345 
0.001237 -0.054210 
0.000426 -0.058246 
-0.002151 -0.060832 
-0.006574 -0.066283 
-0.010959 -0.070303 
-0.011979 -0.074412 
-0.015114 -0.078748 
-0.019637 -0.080033 
-0.021164 -0.081615 
-0.027223 -0.085014 
-0.031716 -0.087877 
-0.035015 -0.088162 
-0.040691 -0.087100 
-0.043629 -0.086520 
-0.048988 -0.087284 
-0.054897 -0.088463 
-0.061323 -0.087196 
-0.067130 -0.087045 
-0.069541 -0.087718 
-0.072696 -0.087717 
-0.076402 -0.086967 
-0.080516 -0.086866 
-0.081578 -0.085492 
-0.083510 -0.080225 
-0.084252 -0.075833 
-0.084562 -0.070863 
-0.087715 -0.066521 
-0.086189 -0.061202 
-0.087027 -0.055997 
-0.088337 -0.048622 
-0.088162 -0.039714 
-0.088579 -0.034056 
-0.088059 -0.025009 
-0.087184 -0.016773 
-0.086161 -0.008650 
-0.084683 0.000910 
-0.080514 0.009228 
-0.079921 0.015246 
-0.076923 0.022299 
-0.071452 0.029820 
-0.067781 0.033386 
-0.063926 0.038454 
-0.058288 0.043079 
-0.049931 0.045908 
-0.045456 0.047858 
-0.039393 0.048737 
-0.031497 0.048900 
-0.023159 0.050622 
-0.015332 0.051384 
-0.008791 0.052405 
-0.001154 0.055388 
0.007254 0.056384 
0.014087 0.059280 
0.018076 0.061393 
0.026591 0.064250 
0.032908 0.069505 
0.037518 0.072228 
0.041636 0.071995 
0.043700 0.075828 
0.049240 0.077767 
0.051846 0.075414 
0.052004 0.078856 
0.052582 0.077902 
0.053041 0.077415 
0.054257 0.080456 
0.056037 0.078543 
0.056892 0.076943 
0.058536 0.075706 
0.059858 0.073193 
0.061484 0.071686 
0.064829 0.071060 
0.067223 0.069083 
0.069848 0.067165 
0.073134 0.066175 
0.075152 0.061490 
0.076106 0.057019 
0.079285 0.056632 
0.076337 0.050843 
0.076292 0.047188 
0.079251 0.044827 
0.075813 0.038716 
0.075266 0.036382 
0.072498 0.032644 
0.070136 0.029604 
0.064807 0.026818 
0.062363 0.023061 
0.062460 0.018207 
0.058521 0.015160 
0.057700 0.012453 
0.054780 0.007654 
0.054721 0.007578 
0.051638 0.004701 
0.048983 0.000504 
0.048098 -0.000487 
0.044743 -0.003821 
0.041948 -0.007401 
0.037153 -0.009701 
0.032536 -0.014743 
0.026440 -0.016997 
0.024615 -0.020430 
0.019687 -0.027168 
0.015542 -0.031343 
0.012655 -0.038642 
0.008610 -0.043317 
0.007644 -0.046421 
0.002558 -0.050973 
0.002003 -0.055734 
-0.003150 -0.058809 
-0.006529 -0.062863 
-0.004966 -0.068874 
-0.011709 -0.071916 
-0.015804 -0.077744 
-0.017371 -0.080358 
-0.022829 -0.081874 
-0.026901 -0.084898 
-0.026813 -0.086422 
-0.032405 -0.088025 
-0.037025 -0.087535 
-0.040630 -0.086736 
-0.047864 -0.087144 
-0.052366 -0.090383 
-0.056344 -0.092030 
-0.060366 -0.091286 
-0.065028 -0.090420 
-0.068726 -0.089032 
-0.073527 -0.088130 
-0.075055 -0.086173 
-0.077699 -0.083598 
-0.081479 -0.082514 
-0.081860 -0.079220 
-0.085837 -0.075240 
-0.087198 -0.071130 
-0.088896 -0.065912 
-0.088888 -0.062224 
-0.086915 -0.054492 
-0.088399 -0.046985 
-0.089332 -0.041606 
-0.088995 -0.033093 
-0.087783 -0.023089 
-0.088066 -0.015896 
-0.086307 -0.008188 
-0.083395 -0.000374 
-0.081315 0.006963 
-0.079087 0.015433 
-0.076560 0.018798 
-0.072387 0.026133 
-0.068340 0.032638 
-0.063571 0.035625 
-0.059286 0.037232 
-0.056448 0.038314 
-0.048902 0.042172 
-0.038008 0.040660 
-0.030653 0.042954 
-0.024252 0.046369 
-0.015937 0.047963 
-0.007289 0.050323 
0.002355 0.053248 
0.011065 0.055039 
0.015927 0.056906 
0.022506 0.063146 
0.027537 0.063160 
0.032621 0.064758 
0.040046 0.069303 
0.042605 0.070036 
0.046327 0.070633 
0.047007 0.072891 
0.048990 0.075598 
0.052381 0.074680 
0.052264 0.072067 
0.054157 0.071889 
0.052318 0.073895 
0.055658 0.072487 
0.058556 0.070925 
0.056319 0.069925 
0.059632 0.067618 
0.064458 0.066107 
0.068885 0.063954 
0.071618 0.063119 
0.072251 0.062947 
0.073847 0.058182 
0.077276 0.053175 
0.076605 0.052251 
0.076668 0.050330 
0.079363 0.047136 
0.075650 0.043106 
0.074664 0.041595 
0.076512 0.039177 
0.073033 0.033434 
0.069445 0.030186 
0.067082 0.026853 
0.066824 0.023887 
0.066641 0.021531 
0.064399 0.018230 
0.062920 0.014328 
0.060879 0.011519 
0.060199 0.009570 
0.057353 0.005731 
0.052211 0.002637 
0.049283 0.001406 
0.045920 -0.002039 
0.041969 -0.005846 
0.035847 -0.008606 
0.031917 -0.012018 
0.030063 -0.015565 
0.024168 -0.019905 
0.019735 -0.023286 
0.017291 -0.026989 
0.014955 -0.031171 
0.012373 -0.036865 
0.007450 -0.042159 
0.005195 -0.045887 
0.003117 -0.050527 
0.000703 -0.055752 
-0.001240 -0.062475 
-0.004043 -0.064713 
-0.004776 -0.067898 
-0.008001 -0.072471 
-0.009923 -0.074722 
-0.012944 -0.078159 
-0.018680 -0.080456 
-0.022689 -0.083016 
-0.027403 -0.082600 
-0.031811 -0.084109 
-0.036466 -0.085295 
-0.042339 -0.083738 
-0.049737 -0.086107 
-0.052539 -0.086603 
-0.057057 -0.089485 
-0.063238 -0.090974 
-0.066995 -0.088710 
-0.072241 -0.089445 
-0.074920 -0.088568 
-0.079015 -0.089218 
-0.080290 -0.085996 
-0.082154 -0.079848 
-0.086119 -0.078677 
-0.085741 -0.075400 
-0.087056 -0.069097 
-0.089037 -0.062942 
-0.087551 -0.059082 
-0.087368 -0.051024 
-0.088133 -0.044011 
-0.088070 -0.040438 
-0.091063 -0.031836 
-0.088375 -0.024239 
-0.086316 -0.014373 
-0.086797 -0.003990 
-0.083918 0.003485 
-0.081753 0.010140 
-0.076979 0.016610 
-0.074419 0.022746 
-0.070403 0.026460 
-0.065175 0.031130 
-0.061410 0.034370 
-0.054550 0.036198 
-0.048123 0.039981 
-0.042967 0.043646 
-0.036250 0.045619 
-0.028229 0.047086 
-0.020159 0.047018 
-0.013180 0.048208 
-0.006137 0.050283 
0.002724 0.053493 
0.009056 0.057610 
0.018186 0.058214 
0.024998 0.061161 
0.029577 0.064916 
0.037890 0.068695 
0.040994 0.069104 
0.044111 0.067700 
0.046968 0.070867 
0.050645 0.074240 
0.052355 0.074960 
0.053475 0.073016 
0.056826 0.073091 
0.055153 0.072967 
0.057808 0.073702 
0.058508 0.073984 
0.058390 0.072707 
0.061444 0.069920 
0.061706 0.068337 
0.066389 0.070299 
0.069390 0.066834 
0.069984 0.064148 
0.072198 0.064226 
0.073590 0.062784 
0.074083 0.058507 
0.074811 0.054463 
0.074667 0.051113 
0.072480 0.046746 
0.073252 0.044296 
0.071497 0.041137 
0.069860 0.038795 
0.071447 0.034741 
0.068795 0.030347 
0.067181 0.028411 
0.067707 0.026146 
0.065422 0.022488 
0.062737 0.020038 
0.062255 0.017166 
0.059035 0.012809 
0.056075 0.010024 
0.055415 0.004852 
0.052873 0.000883 
0.048137 0.001008 
0.044069 0.000048 
0.040863 -0.003832 
0.035174 -0.005207 
0.034154 -0.010110 
0.031384 -0.015755 
0.026276 -0.018054 
0.023007 -0.025470 
0.017499 -0.028083 
0.014305 -0.032016 
0.011805 -0.038817 
0.008997 -0.043010 
0.004960 -0.049069 
0.003462 -0.052764 
0.000340 -0.056384 
-0.001293 -0.060217 
-0.002131 -0.064452 
-0.007991 -0.068463 
-0.007882 -0.071119 
-0.011759 -0.074938 
-0.017857 -0.076938 
-0.021655 -0.078622 
-0.027447 -0.082179 
-0.031122 -0.083286 
-0.034264 -0.085341 
-0.037937 -0.086642 
-0.043328 -0.087971 
-0.048345 -0.091018 
-0.054210 -0.088935 
-0.058246 -0.090185 
-0.060832 -0.092767 
-0.066283 -0.091207 
-0.070303 -0.089778 
-0.074412 -0.089466 
-0.078748 -0.087828 
-0.080033 -0.083458 
-0.081615 -0.081962 
-0.085014 -0.078957 
-0.087877 -0.073392 
-0.088162 -0.068787 
-0.087100 -0.063398 
