0.027603 -0.009897 
0.024570 -0.012244 
0.023599 -0.015489 
0.021412 -0.018633 
0.018741 -0.021480 
0.015743 -0.023818 
0.013003 -0.025020 
0.011497 -0.023843 
0.009174 -0.023581 
0.006338 -0.021980 
0.004684 -0.021362 
0.004835 -0.020230 
0.004340 -0.017256 
0.002979 -0.016337 
-0.000176 -0.014183 
-0.001724 -0.010728 
-0.003754 -0.010153 
-0.007312 -0.008917 
-0.010414 -0.007300 
-0.013237 -0.007867 
-0.017395 -0.006040 
-0.021064 -0.007874 
-0.021778 -0.005383 
-0.024683 -0.003124 
-0.026001 -0.004901 
-0.025724 -0.001935 
-0.025352 -0.001036 
-0.025103 0.001660 
-0.022750 0.002313 
-0.019771 0.005526 
-0.017852 0.010602 
-0.014007 0.013547 
-0.011593 0.016099 
-0.007702 0.015859 
-0.005610 0.021128 
-0.004359 0.024863 
-0.003404 0.026788 
-0.002170 0.029571 
-0.000640 0.030255 
-0.000791 0.031426 
0.000668 0.031516 
-0.000574 0.031948 
0.000523 0.031851 
0.003298 0.029864 
0.004687 0.027359 
0.004834 0.024702 
0.006630 0.023119 
0.010834 0.021775 
0.013933 0.017199 
0.017509 0.014370 
0.019575 0.013760 
0.022861 0.009139 
0.024957 0.006596 
0.027912 0.004238 
0.029426 -0.000577 
0.029573 -0.002701 
0.032921 -0.006481 
0.033342 -0.010141 
0.033333 -0.014193 
0.032535 -0.018661 
0.031415 -0.020405 
0.029028 -0.023668 
0.025926 -0.026540 
0.023165 -0.029101 
0.020360 -0.031561 
0.019089 -0.032825 
0.015259 -0.033839 
0.010844 -0.034264 
0.008082 -0.033321 
0.004502 -0.033199 
0.000133 -0.034071 
-0.001496 -0.032913 
-0.004266 -0.033065 
-0.008270 -0.033599 
-0.011250 -0.031329 
-0.015236 -0.029344 
-0.018127 -0.028773 
-0.020735 -0.025997 
-0.024303 -0.022384 
-0.027604 -0.018198 
-0.028900 -0.014225 
-0.032139 -0.010467 
-0.034797 -0.005961 
-0.035585 -0.001939 
-0.034582 0.005083 
-0.034211 0.009521 
-0.035395 0.013008 
-0.031293 0.017675 
-0.031612 0.021189 
-0.030862 0.024401 
-0.028375 0.024827 
-0.028642 0.025833 
-0.025173 0.026079 
-0.024284 0.025177 
-0.021918 0.024751 
-0.018038 0.024830 
-0.015186 0.024017 
-0.012189 0.021968 
-0.008878 0.021063 
-0.004653 0.019900 
-0.000665 0.018061 
0.003808 0.017172 
0.009591 0.017167 
0.015159 0.016458 
0.019109 0.014477 
0.022737 0.012687 
0.022716 0.012893 
0.025647 0.010201 
0.029480 0.006007 
0.028964 0.002891 
0.027455 -0.001408 
0.025076 -0.005564 
0.025374 -0.009980 
0.023632 -0.013356 
0.020818 -0.016401 
0.019308 -0.019480 
0.017054 -0.021416 
0.014176 -0.022321 
0.012375 -0.023771 
0.010442 -0.023359 
0.008920 -0.021675 
0.008397 -0.021651 
0.005667 -0.018916 
0.005486 -0.017987 
0.005013 -0.018101 
0.003711 -0.015393 
0.001471 -0.014622 
-0.001294 -0.011756 
-0.004163 -0.009509 
-0.007154 -0.010192 
-0.008873 -0.008792 
-0.014616 -0.007542 
-0.018841 -0.006192 
-0.021084 -0.006624 
-0.022678 -0.005538 
-0.024455 -0.004360 
-0.025977 -0.003417 
-0.024826 -0.001127 
-0.024990 -0.001805 
-0.024743 0.001659 
-0.021274 0.003922 
-0.017578 0.006957 
-0.014917 0.010468 
-0.011198 0.012700 
-0.010273 0.017093 
-0.007975 0.019965 
-0.005270 0.025425 
-0.005002 0.026439 
-0.003760 0.029144 
-0.002292 0.031625 
-0.002310 0.031206 
-0.003004 0.032632 
-0.001317 0.031003 
-0.002264 0.032064 
-0.001273 0.031612 
0.000689 0.032039 
0.002552 0.030803 
0.005434 0.025730 
0.008086 0.025122 
0.012046 0.023526 
0.013433 0.021129 
0.017707 0.018877 
0.020519 0.014511 
0.022792 0.011877 
0.026859 0.008468 
0.028813 0.004224 
0.031032 0.001045 
0.033576 -0.002775 
0.035538 -0.005350 
0.035410 -0.009442 
0.034926 -0.013297 
0.032796 -0.017989 
0.031621 -0.021545 
0.029431 -0.023612 
0.026402 -0.027510 
0.024870 -0.029100 
0.021431 -0.031487 
0.019307 -0.031681 
0.017358 -0.031265 
0.012813 -0.032326 
0.009830 -0.034116 
0.008592 -0.033876 
0.005750 -0.032839 
0.003055 -0.035682 
-0.000795 -0.034976 
-0.003607 -0.034627 
-0.007953 -0.032418 
-0.014409 -0.029926 
-0.016289 -0.030625 
-0.018709 -0.027133 
-0.023881 -0.023915 
-0.027497 -0.019154 
-0.029612 -0.014346 
-0.032639 -0.010596 
-0.034306 -0.004620 
-0.034850 -0.000621 
-0.034329 0.004077 
-0.034407 0.008616 
-0.034125 0.013535 
-0.033043 0.018302 
-0.033296 0.020308 
-0.031574 0.023471 
-0.029574 0.025121 
-0.028187 0.025247 
-0.028227 0.023598 
-0.024625 0.023150 
-0.021813 0.023033 
-0.020668 0.020135 
-0.015569 0.020331 
-0.011893 0.021112 
-0.007800 0.019059 
-0.003663 0.016837 
0.001375 0.017287 
0.003944 0.016758 
0.008808 0.016125 
0.015599 0.014535 
0.017276 0.013820 
0.021407 0.014158 
0.024156 0.010034 
0.025674 0.008276 
0.027478 0.006089 
0.027861 0.002019 
0.028342 -0.003011 
0.026941 -0.008097 
0.025229 -0.011416 
0.024053 -0.014618 
0.021929 -0.016860 
0.019808 -0.019534 
0.017377 -0.022205 
0.015163 -0.023521 
0.014417 -0.023233 
0.012800 -0.023938 
0.012030 -0.022912 
0.011123 -0.022889 
0.008929 -0.021452 
0.007094 -0.018168 
0.006505 -0.017670 
0.005433 -0.014865 
0.001022 -0.013896 
-0.002034 -0.012244 
-0.005792 -0.009543 
-0.009598 -0.009128 
-0.011720 -0.009645 
-0.016905 -0.007803 
-0.019402 -0.005626 
-0.022066 -0.006981 
-0.026230 -0.005553 
-0.026153 -0.003952 
-0.025577 -0.003529 
-0.024974 -0.002742 
-0.025301 -0.001110 
-0.022592 0.002201 
-0.019375 0.005174 
-0.018844 0.007351 
-0.015619 0.010823 
-0.014499 0.015234 
-0.011965 0.018441 
-0.008481 0.021173 
-0.007624 0.024212 
-0.006976 0.028800 
-0.006399 0.030308 
-0.005252 0.031463 
-0.005157 0.033799 
-0.002899 0.032905 
-0.001773 0.032872 
-0.001531 0.033094 
0.000061 0.032120 
0.001381 0.030615 
0.003892 0.029446 
0.005031 0.028611 
0.007728 0.026859 
0.010300 0.025076 
0.012236 0.023254 
0.016150 0.019813 
0.020067 0.017055 
0.022650 0.015298 
0.025797 0.009971 
0.030499 0.006323 
0.030800 0.004476 
0.031898 -0.000723 
0.033325 -0.005236 
0.033922 -0.010035 
0.034785 -0.013813 
0.031906 -0.016059 
0.030284 -0.020287 
0.028718 -0.021843 
0.029658 -0.023865 
0.027787 -0.027631 
0.022357 -0.028153 
0.019212 -0.029514 
0.016285 -0.031439 
0.014430 -0.031534 
0.010132 -0.032208 
0.008393 -0.033501 
0.005713 -0.032499 
0.000938 -0.031566 
-0.001890 -0.032604 
-0.005411 -0.032162 
-0.009568 -0.031928 
-0.013025 -0.030558 
-0.015321 -0.027226 
-0.019290 -0.025180 
-0.021840 -0.022974 
-0.026550 -0.018247 
-0.028618 -0.013223 
-0.028813 -0.009459 
-0.031920 -0.004031 
-0.031473 0.000629 
-0.032858 0.005279 
-0.033980 0.009900 
-0.032747 0.014334 
-0.032478 0.018183 
-0.031679 0.020194 
-0.030675 0.023730 
-0.030018 0.023274 
-0.027767 0.022491 
-0.026408 0.021959 
-0.025407 0.022344 
-0.022612 0.022474 
-0.020079 0.018973 
-0.016369 0.020540 
-0.011204 0.020490 
-0.006647 0.020388 
-0.001731 0.018888 
0.004393 0.017473 
0.007057 0.019835 
0.012540 0.020059 
0.017782 0.020134 
0.020743 0.016779 
0.024917 0.014407 
0.025787 0.010763 
0.027846 0.007525 
0.028152 0.006078 
0.030237 0.001288 
0.031132 -0.003220 
0.028430 -0.006798 
0.027257 -0.011643 
0.024600 -0.016197 
0.022075 -0.016171 
0.019773 -0.019247 
0.018545 -0.022275 
0.018161 -0.022953 
0.016726 -0.023520 
0.014984 -0.021853 
0.015768 -0.020884 
0.013955 -0.020704 
0.012856 -0.019704 
0.011766 -0.016718 
0.008541 -0.016467 
0.008237 -0.015871 
0.004248 -0.014613 
-0.000453 -0.013794 
-0.005665 -0.013105 
-0.009897 -0.013318 
-0.012244 -0.012874 
-0.015489 -0.011439 
-0.018633 -0.009512 
-0.021480 -0.009230 
-0.023818 -0.007788 
-0.025020 -0.007750 
-0.023843 -0.005988 
-0.023581 -0.002810 
-0.021980 -0.001006 
-0.021362 0.001312 
-0.020230 0.003772 
-0.017256 0.006218 
-0.016337 0.010046 
-0.014183 0.015689 
-0.010728 0.017630 
-0.010153 0.021873 
-0.008917 0.024729 
-0.007300 0.025643 
-0.007867 0.028979 
-0.006040 0.029772 
-0.007874 0.029901 
-0.005383 0.030887 
-0.003124 0.031514 
-0.004901 0.030361 
-0.001935 0.030860 
-0.001036 0.030184 
0.001660 0.030330 
0.002313 0.029329 
0.005526 0.026527 
0.010602 0.025236 
0.013547 0.022515 
0.016099 0.020757 
0.015859 0.016710 
0.021128 0.013152 
0.024863 0.009717 
0.026788 0.006489 
0.029571 0.003490 
0.030255 -0.002302 
0.031426 -0.006131 
0.031516 -0.008340 
0.031948 -0.012164 
0.031851 -0.016417 
0.029864 -0.018463 
0.027359 -0.021149 
0.024702 -0.022947 
0.023119 -0.025527 
0.021775 -0.028768 
0.017199 -0.028795 
0.014370 -0.030976 
0.013760 -0.032602 
0.009139 -0.032621 
0.006596 -0.034394 
0.004238 -0.033976 
-0.000577 -0.034980 
-0.002701 -0.035246 
-0.006481 -0.033255 
-0.010141 -0.033642 
-0.014193 -0.030531 
-0.018661 -0.028027 
-0.020405 -0.026015 
-0.023668 -0.022397 
-0.026540 -0.019386 
-0.029101 -0.013870 
-0.031561 -0.006950 
-0.032825 -0.002015 
-0.033839 0.002983 
-0.034264 0.009488 
-0.033321 0.011675 
-0.033199 0.014866 
-0.034071 0.018109 
-0.032913 0.020762 
-0.033065 0.022285 
-0.033599 0.023087 
-0.031329 0.024932 
-0.029344 0.022717 
-0.028773 0.023074 
-0.025997 0.021894 
-0.022384 0.022286 
-0.018198 0.023127 
-0.014225 0.022497 
-0.010467 0.024118 
-0.005961 0.022710 
-0.001939 0.022492 
0.005083 0.022123 
0.009521 0.021342 
0.013008 0.020018 
0.017675 0.018814 
0.021189 0.014506 
0.024401 0.011260 
0.024827 0.009847 
0.025833 0.004209 
0.026079 0.000736 
0.025177 -0.003094 
0.024751 -0.007481 
0.024830 -0.011205 
0.024017 -0.012921 
0.021968 -0.016727 
0.021063 -0.020236 
0.019900 -0.020306 
0.018061 -0.022575 
0.017172 -0.022091 
0.017167 -0.021310 
0.016458 -0.021406 
0.014477 -0.020828 
0.012687 -0.020236 
0.012893 -0.018052 
0.010201 -0.015315 
0.006007 -0.014888 
0.002891 -0.014231 
-0.001408 -0.012929 
-0.005564 -0.012252 
-0.009980 -0.010720 
-0.013356 -0.010976 
-0.016401 -0.009796 
-0.019480 -0.009645 
-0.021416 -0.010426 
-0.022321 -0.009792 
-0.023771 -0.009679 
-0.023359 -0.006639 
-0.021675 -0.004289 
-0.021651 -0.003688 
-0.018916 0.000276 
-0.017987 0.005050 
-0.018101 0.007355 
-0.015393 0.010572 
-0.014622 0.014446 
-0.011756 0.017103 
-0.009509 0.020041 
-0.010192 0.023668 
-0.008792 0.025213 
-0.007542 0.026341 
-0.006192 0.028788 
-0.006624 0.029654 
-0.005538 0.030800 
-0.004360 0.031584 
-0.003417 0.031266 
-0.001127 0.031158 
-0.001805 0.030940 
0.001659 0.029839 
0.003922 0.028702 
0.006957 0.027690 
0.010468 0.025091 
0.012700 0.022038 
0.017093 0.020092 
0.019965 0.016820 
0.025425 0.012886 
0.026439 0.010344 
0.029144 0.006028 
0.031625 0.003208 
0.031206 -0.001665 
0.032632 -0.006932 
0.031003 -0.008640 
0.032064 -0.012670 
0.031612 -0.016272 
0.032039 -0.020264 
0.030803 -0.021985 
0.025730 -0.023587 
0.025122 -0.027226 
0.023526 -0.028830 
0.021129 -0.030649 
0.018877 -0.031870 
0.014511 -0.031899 
0.011877 -0.032541 
0.008468 -0.034092 
0.004224 -0.035359 
0.001045 -0.035787 
-0.002775 -0.035542 
-0.005350 -0.036853 
-0.009442 -0.034691 
-0.013297 -0.032581 
-0.017989 -0.031800 
-0.021545 -0.027416 
-0.023612 -0.023152 
-0.027510 -0.017476 
-0.029100 -0.014177 
-0.031487 -0.009267 
-0.031681 -0.002649 
-0.031265 0.002862 
-0.032326 0.008413 
-0.034116 0.011988 
-0.033876 0.014997 
-0.032839 0.016950 
-0.035682 0.019061 
-0.034976 0.019270 
-0.034627 0.019497 
-0.032418 0.019398 
-0.029926 0.020154 
-0.030625 0.019596 
-0.027133 0.019466 
-0.023915 0.021794 
-0.019154 0.020536 
-0.014346 0.020370 
-0.010596 0.020364 
-0.004620 0.021656 
-0.000621 0.022528 
0.004077 0.022030 
0.008616 0.020276 
0.013535 0.018172 
0.018302 0.015734 
0.020308 0.012524 
0.023471 0.011689 
0.025121 0.005828 
0.025247 0.001795 
0.023598 -0.001634 
0.023150 -0.006746 
0.023033 -0.008396 
0.020135 -0.012098 
0.020331 -0.016542 
0.021112 -0.019009 
0.019059 -0.020892 
0.016837 -0.022655 
0.017287 -0.022433 
0.016758 -0.023724 
0.016125 -0.023227 
0.014535 -0.023104 
0.013820 -0.023290 
0.014158 -0.019652 
0.010034 -0.019070 
0.008276 -0.018254 
0.006089 -0.016414 
0.002019 -0.015610 
-0.003011 -0.014547 
-0.008097 -0.013372 
-0.011416 -0.013121 
-0.014618 -0.012944 
-0.016860 -0.013213 
-0.019534 -0.013863 
-0.022205 -0.011732 
-0.023521 -0.010261 
-0.023233 -0.009832 
-0.023938 -0.007564 
-0.022912 -0.005561 
-0.022889 -0.003876 
-0.021452 -0.000248 
-0.018168 0.002867 
-0.017670 0.005858 
-0.014865 0.009859 
-0.013896 0.014143 
-0.012244 0.018597 
-0.009543 0.020141 
-0.009128 0.021450 
-0.009645 0.024271 
-0.007803 0.025769 
-0.005626 0.026676 
-0.006981 0.027322 
-0.005553 0.029320 
-0.003952 0.030231 
-0.003529 0.029923 
-0.002742 0.031240 
-0.001110 0.030257 
0.002201 0.030334 
0.005174 0.029501 
0.007351 0.027783 
0.010823 0.026217 
0.015234 0.022910 
0.018441 0.020849 
0.021173 0.016991 
0.024212 0.014976 
0.028800 0.010416 
0.030308 0.006436 
0.031463 0.004471 
0.033799 -0.001347 
0.032905 -0.005194 
0.032872 -0.008210 
0.033094 -0.010167 
0.032120 -0.014618 
0.030615 -0.017181 
0.029446 -0.018721 
0.028611 -0.023234 
0.026859 -0.023664 
0.025076 -0.024112 
0.023254 -0.028377 
0.019813 -0.031091 
0.017055 -0.030447 
0.015298 -0.032483 
0.009971 -0.033225 
0.006323 -0.033261 
0.004476 -0.035971 
-0.000723 -0.035475 
-0.005236 -0.034267 
-0.010035 -0.034168 
-0.013813 -0.031778 
-0.016059 -0.030219 
-0.020287 -0.028031 
-0.021843 -0.022067 
-0.023865 -0.016013 
-0.027631 -0.011262 
-0.028153 -0.007439 
-0.029514 -0.001046 
-0.031439 0.003341 
-0.031534 0.006958 
-0.032208 0.011391 
-0.033501 0.013332 
-0.032499 0.015415 
-0.031566 0.016903 
-0.032604 0.018057 
-0.032162 0.017506 
-0.031928 0.018944 
-0.030558 0.019397 
-0.027226 0.019685 
-0.025180 0.020506 
-0.022974 0.021097 
-0.018247 0.024309 
-0.013223 0.023804 
-0.009459 0.023414 
-0.004031 0.023330 
0.000629 0.022501 
0.005279 0.021034 
0.009900 0.019025 
0.014334 0.017635 
0.018183 0.015926 
0.020194 0.012509 
0.023730 0.009442 
0.023274 0.006718 
0.022491 0.001357 
0.021959 -0.001597 
0.022344 -0.006386 
0.022474 -0.009209 
0.018973 -0.012545 
0.020540 -0.016006 
0.020490 -0.016229 
0.020388 -0.020273 
0.018888 -0.021406 
0.017473 -0.021905 
0.019835 -0.020720 
0.020059 -0.020628 
0.020134 -0.021371 
0.016779 -0.019136 
0.014407 -0.018227 
0.010763 -0.016877 
0.007525 -0.016576 
0.006078 -0.016376 
0.001288 -0.015917 
-0.003220 -0.014295 
-0.006798 -0.013875 
-0.011643 -0.014658 
-0.016197 -0.014557 
-0.016171 -0.014376 
-0.019247 -0.014120 
-0.022275 -0.013009 
-0.022953 -0.011566 
-0.023520 -0.011407 
-0.021853 -0.008467 
-0.020884 -0.005603 
-0.020704 -0.002414 
-0.019704 0.001217 
-0.016718 0.003083 
-0.016467 0.007024 
-0.015871 0.011723 
-0.014613 0.014680 
-0.013794 0.015375 
-0.013105 0.017650 
-0.013318 0.021075 
-0.012874 0.022917 
-0.011439 0.025568 
-0.009512 0.028363 
-0.009230 0.029060 
-0.007788 0.028455 
-0.007750 0.029534 
-0.005988 0.029792 
-0.002810 0.029486 
-0.001006 0.030768 
0.001312 0.029322 
0.003772 0.028761 
0.006218 0.026741 
0.010046 0.023796 
0.015689 0.022664 
0.017630 0.018559 
0.021873 0.016557 
0.024729 0.013542 
0.025643 0.009697 
0.028979 0.006461 
0.029772 0.002926 
0.029901 -0.001040 
0.030887 -0.004684 
0.031514 -0.005741 
0.030361 -0.010212 
0.030860 -0.013376 
0.030184 -0.016196 
0.030330 -0.019137 
0.029329 -0.020966 
0.026527 -0.022583 
0.025236 -0.023871 
0.022515 -0.027399 
0.020757 -0.028511 
0.016710 -0.031036 
0.013152 -0.033915 
0.009717 -0.036015 
0.006489 -0.037168 
0.003490 -0.036729 
-0.002302 -0.038785 
-0.006131 -0.039390 
-0.008340 -0.036930 
-0.012164 -0.033915 
-0.016417 -0.030877 
-0.018463 -0.026672 
-0.021149 -0.022266 
-0.022947 -0.017294 
-0.025527 -0.011656 
-0.028768 -0.005555 
-0.028795 0.000026 
-0.030976 0.003964 
-0.032602 0.006132 
-0.032621 0.009703 
-0.034394 0.013433 
-0.033976 0.013482 
-0.034980 0.015270 
-0.035246 0.016647 
-0.033255 0.017759 
-0.033642 0.019028 
-0.030531 0.018084 
-0.028027 0.018808 
-0.026015 0.020952 
-0.022397 0.022103 
-0.019386 0.023148 
-0.013870 0.023538 
-0.006950 0.022645 
-0.002015 0.023939 
0.002983 0.024345 
0.009488 0.023711 
0.011675 0.022640 
0.014866 0.020229 
0.018109 0.017608 
0.020762 0.013406 
0.022285 0.009227 
0.023087 0.006133 
0.024932 0.002871 
0.022717 -0.001010 
0.023074 -0.003394 
0.021894 -0.006658 
0.022286 -0.011124 
0.023127 -0.014206 
0.022497 -0.016416 
0.024118 -0.017487 
0.022710 -0.018135 
0.022492 -0.019743 
0.022123 -0.018790 
0.021342 -0.017478 
0.020018 -0.018397 
0.018814 -0.016755 
0.014506 -0.016539 
0.011260 -0.015704 
0.009847 -0.015090 
0.004209 -0.015419 
0.000736 -0.013662 
-0.003094 -0.013301 
-0.007481 -0.013534 
-0.011205 -0.013114 
-0.012921 -0.011846 
-0.016727 -0.012878 
-0.020236 -0.012178 
-0.020306 -0.011774 
-0.022575 -0.010039 
-0.022091 -0.006504 
-0.021310 -0.006330 
-0.021406 -0.001783 
-0.020828 0.000893 
-0.020236 0.002383 
-0.018052 0.006994 
-0.015315 0.009390 
-0.014888 0.011562 
-0.014231 0.014372 
-0.012929 0.017234 
-0.012252 0.021391 
-0.010720 0.023625 
-0.010976 0.024192 
-0.009796 0.026547 
-0.009645 0.027796 
-0.010426 0.029881 
-0.009792 0.031881 
-0.009679 0.032989 
-0.006639 0.032241 
-0.004289 0.032270 
-0.003688 0.033489 
0.000276 0.029985 
0.005050 0.029047 
0.007355 0.029228 
0.010572 0.027278 
0.014446 0.024747 
0.017103 0.022426 
0.020041 0.019390 
0.023668 0.013955 
0.025213 0.011241 
0.026341 0.008560 
0.028788 0.005113 
0.029654 -0.000212 
0.030800 -0.004973 
0.031584 -0.004896 
0.031266 -0.007597 
0.031158 -0.011265 
0.030940 -0.013860 
0.029839 -0.016200 
0.028702 -0.018289 
0.027690 -0.022307 
0.025091 -0.024108 
0.022038 -0.026816 
0.020092 -0.030252 
0.016820 -0.031584 
0.012886 -0.034527 
0.010344 -0.036816 
0.006028 -0.037734 
0.003208 -0.037627 
-0.001665 -0.038381 
-0.006932 -0.038209 
-0.008640 -0.035611 
-0.012670 -0.033817 
-0.016272 -0.029727 
-0.020264 -0.024757 
-0.021985 -0.020901 
-0.023587 -0.016609 
-0.027226 -0.011018 
-0.028830 -0.005325 
-0.030649 -0.002179 
-0.031870 0.000944 
-0.031899 0.004663 
-0.032541 0.006746 
-0.034092 0.009922 
-0.035359 0.013038 
-0.035787 0.013048 
-0.035542 0.015051 
-0.036853 0.017116 
-0.034691 0.018211 
-0.032581 0.018881 
-0.031800 0.019093 
-0.027416 0.022089 
-0.023152 0.022640 
-0.017476 0.023737 
-0.014177 0.024508 
-0.009267 0.023323 
-0.002649 0.023916 
0.002862 0.024063 
0.008413 0.023957 
0.011988 0.022460 
0.014997 0.020285 
0.016950 0.015463 
0.019061 0.013655 
0.019270 0.011808 
0.019497 0.006752 
0.019398 0.004259 
0.020154 -0.000363 
0.019596 -0.002583 
0.019466 -0.007860 
0.021794 -0.012267 
0.020536 -0.012943 
0.020370 -0.017970 
0.020364 -0.017903 
0.021656 -0.017039 
0.022528 -0.017798 
0.022030 -0.017162 
0.020276 -0.016540 
0.018172 -0.014923 
0.015734 -0.014102 
0.012524 -0.014502 
0.011689 -0.014813 
0.005828 -0.014207 
0.001795 -0.013630 
-0.001634 -0.013152 
-0.006746 -0.012234 
-0.008396 -0.011880 
-0.012098 -0.013873 
-0.016542 -0.013744 
-0.019009 -0.011874 
-0.020892 -0.010960 
-0.022655 -0.009157 
-0.022433 -0.007768 
-0.023724 -0.006966 
-0.023227 -0.004600 
-0.023104 -0.001498 
-0.023290 -0.000541 
-0.019652 0.003499 
-0.019070 0.007056 
-0.018254 0.008839 
-0.016414 0.013312 
-0.015610 0.016965 
-0.014547 0.019725 
-0.013372 0.021433 
-0.013121 0.025505 
-0.012944 0.027697 
-0.013213 0.028735 
-0.013863 0.030756 
-0.011732 0.030875 
-0.010261 0.032910 
-0.009832 0.034020 
-0.007564 0.034993 
-0.005561 0.034831 
-0.003876 0.035141 
-0.000248 0.034854 
0.002867 0.031863 
0.005858 0.030111 
0.009859 0.027543 
0.014143 0.026004 
0.018597 0.022869 
0.020141 0.020186 
0.021450 0.017806 
0.024271 0.012714 
0.025769 0.009815 
0.026676 0.006653 
0.027322 0.002827 
0.029320 -0.001428 
0.030231 -0.003952 
0.029923 -0.006277 
0.031240 -0.011055 
0.030257 -0.012439 
0.030334 -0.014150 
0.029501 -0.018730 
0.027783 -0.021618 
0.026217 -0.024515 
0.022910 -0.029071 
0.020849 -0.030710 
0.016991 -0.031946 
0.014976 -0.036278 
0.010416 -0.037225 
0.006436 -0.038062 
0.004471 -0.040343 
-0.001347 -0.037832 
-0.005194 -0.035785 
-0.008210 -0.035697 
-0.010167 -0.031358 
-0.014618 -0.026284 
-0.017181 -0.023066 
-0.018721 -0.018784 
-0.023234 -0.015696 
-0.023664 -0.012153 
-0.024112 -0.007463 
-0.028377 -0.003521 
-0.031091 0.000113 
-0.030447 0.002246 
-0.032483 0.005102 
-0.033225 0.008109 
-0.033261 0.009509 
-0.035971 0.010158 
-0.035475 0.012224 
-0.034267 0.015134 
-0.034168 0.015621 
-0.031778 0.017078 
-0.030219 0.019740 
-0.028031 0.020704 
-0.022067 0.021872 
-0.016013 0.023948 
-0.011262 0.025039 
-0.007439 0.024070 
-0.001046 0.022950 
0.003341 0.022846 
0.006958 0.022649 
0.011391 0.022032 
0.013332 0.019172 
0.015415 0.016799 
0.016903 0.014761 
0.018057 0.010174 
0.017506 0.006366 
0.018944 0.001950 
0.019397 -0.001128 
0.019685 -0.005831 
0.020506 -0.010603 
0.021097 -0.012157 
0.024309 -0.015674 
0.023804 -0.015429 
0.023414 -0.017315 
0.023330 -0.020228 
0.022501 -0.019310 
0.021034 -0.019566 
0.019025 -0.018148 
0.017635 -0.018104 
0.015926 -0.017452 
0.012509 -0.016311 
0.009442 -0.016995 
0.006718 -0.015971 
0.001357 -0.016027 
-0.001597 -0.016792 
-0.006386 -0.015700 
-0.009209 -0.015453 
-0.012545 -0.015836 
-0.016006 -0.015567 
-0.016229 -0.015012 
-0.020273 -0.015018 
-0.021406 -0.013661 
-0.021905 -0.009991 
-0.020720 -0.009003 
-0.020628 -0.007056 
-0.021371 -0.003733 
-0.019136 -0.000621 
-0.018227 0.001622 
-0.016877 0.003946 
-0.016576 0.008047 
-0.016376 0.010243 
-0.015917 0.014998 
-0.014295 0.016698 
-0.013875 0.018637 
-0.014658 0.022156 
-0.014557 0.022254 
-0.014376 0.026133 
-0.014120 0.028532 
-0.013009 0.030778 
-0.011566 0.032716 
-0.011407 0.034209 
-0.008467 0.035437 
-0.005603 0.034065 
-0.002414 0.033499 
0.001217 0.032053 
0.003083 0.032100 
0.007024 0.030166 
0.011723 0.026768 
0.014680 0.025369 
0.015375 0.021825 
0.017650 0.018168 
0.021075 0.014780 
0.022917 0.010826 
0.025568 0.009267 
0.028363 0.006164 
0.029060 0.001314 
0.028455 -0.000944 
0.029534 -0.002650 
0.029792 -0.004473 
0.029486 -0.009918 
0.030768 -0.012233 
0.029322 -0.011368 
0.028761 -0.015851 
0.026741 -0.019522 
0.023796 -0.023185 
0.022664 -0.026300 
0.018559 -0.029236 
0.016557 -0.033689 
0.013542 -0.037571 
0.009697 -0.039300 
0.006461 -0.038775 
0.002926 -0.038829 
-0.001040 -0.036772 
-0.004684 -0.036993 
-0.005741 -0.035553 
-0.010212 -0.031235 
-0.013376 -0.028110 
-0.016196 -0.022445 
-0.019137 -0.018770 
-0.020966 -0.014082 
-0.022583 -0.009697 
-0.023871 -0.006769 
-0.027399 -0.004400 
-0.028511 -0.000980 
-0.031036 0.003122 
-0.033915 0.003901 
-0.036015 0.008030 
-0.037168 0.008411 
-0.036729 0.009655 
-0.038785 0.013358 
-0.039390 0.013244 
-0.036930 0.015557 
-0.033915 0.016265 
-0.030877 0.019280 
-0.026672 0.021711 
-0.022266 0.022369 
-0.017294 0.023973 
-0.011656 0.024100 
-0.005555 0.024980 
0.000026 0.023328 
0.003964 0.022567 
0.006132 0.023135 
0.009703 0.022009 
0.013433 0.019830 
0.013482 0.016408 
0.015270 0.012460 
0.016647 0.008181 
0.017759 0.003156 
0.019028 -0.000202 
0.018084 -0.001404 
0.018808 -0.005490 
0.020952 -0.009617 
0.022103 -0.012656 
0.023148 -0.015222 
0.023538 -0.016238 
0.022645 -0.016227 
0.023939 -0.015424 
0.024345 -0.017570 
0.023711 -0.017829 
0.022640 -0.016545 
0.020229 -0.017690 
0.017608 -0.016445 
0.013406 -0.014610 
0.009227 -0.016566 
0.006133 -0.018577 
0.002871 -0.016366 
-0.001010 -0.017431 
-0.003394 -0.018588 
-0.006658 -0.017672 
-0.011124 -0.019075 
-0.014206 -0.016619 
-0.016416 -0.016348 
-0.017487 -0.016447 
-0.018135 -0.014127 
-0.019743 -0.012768 
-0.018790 -0.010445 
-0.017478 -0.008229 
-0.018397 -0.004427 
-0.016755 -0.002172 
-0.016539 0.000196 
-0.015704 0.003780 
-0.015090 0.006911 
-0.015419 0.009208 
-0.013662 0.011721 
-0.013301 0.014821 
-0.013534 0.016930 
-0.013114 0.019385 
-0.011846 0.021324 
-0.012878 0.025704 
-0.012178 0.027324 
-0.011774 0.029100 
-0.010039 0.032532 
-0.006504 0.032315 
-0.006330 0.034178 
-0.001783 0.032889 
0.000893 0.031737 
0.002383 0.033567 
0.006994 0.031808 
0.009390 0.029747 
0.011562 0.026939 
0.014372 0.023952 
0.017234 0.022108 
0.021391 0.015991 
0.023625 0.012879 
0.024192 0.011664 
0.026547 0.007110 
0.027796 0.005276 
0.029881 0.001835 
0.031881 0.000337 
0.032989 -0.000853 
0.032241 -0.002571 
0.032270 -0.005311 
0.033489 -0.010407 
0.029985 -0.011408 
0.029047 -0.014807 
0.029228 -0.019205 
0.027278 -0.023274 
0.024747 -0.027414 
0.022426 -0.031784 
0.019390 -0.033749 
0.013955 -0.036285 
0.011241 -0.039971 
0.008560 -0.037896 
0.005113 -0.038826 
-0.000212 -0.037938 
-0.004973 -0.036745 
-0.004896 -0.034226 
-0.007597 -0.028354 
-0.011265 -0.026247 
-0.013860 -0.021928 
-0.016200 -0.018028 
-0.018289 -0.013924 
-0.022307 -0.011162 
-0.024108 -0.008638 
-0.026816 -0.004763 
-0.030252 -0.002533 
-0.031584 0.000971 
-0.034527 0.003275 
-0.036816 0.005094 
-0.037734 0.007647 
-0.037627 0.010486 
-0.038381 0.011270 
-0.038209 0.012617 
-0.035611 0.016102 
-0.033817 0.018146 
-0.029727 0.020748 
-0.024757 0.020970 
-0.020901 0.021415 
-0.016609 0.024477 
-0.011018 0.024562 
-0.005325 0.024629 
-0.002179 0.025770 
0.000944 0.025514 
0.004663 0.024422 
0.006746 0.021655 
0.009922 0.018956 
0.013038 0.016163 
0.013048 0.012429 
0.015051 0.009689 
0.017116 0.005429 
0.018211 0.001031 
0.018881 -0.001970 
0.019093 -0.006080 
0.022089 -0.009825 
0.022640 -0.011798 
0.023737 -0.012953 
0.024508 -0.015444 
0.023323 -0.016421 
0.023916 -0.015490 
0.024063 -0.015318 
0.023957 -0.015713 
0.022460 -0.016897 
0.020285 -0.016447 
0.015463 -0.015732 
0.013655 -0.014891 
0.011808 -0.016355 
0.006752 -0.018908 
0.004259 -0.017509 
-0.000363 -0.018344 
-0.002583 -0.018361 
-0.007860 -0.016176 
-0.012267 -0.016784 
-0.012943 -0.017082 
-0.017970 -0.014645 
-0.017903 -0.013689 
-0.017039 -0.014476 
-0.017798 -0.010203 
-0.017162 -0.008158 
-0.016540 -0.007862 
-0.014923 -0.004555 
-0.014102 -0.002785 
-0.014502 -0.000121 
-0.014813 0.002653 
-0.014207 0.006878 
-0.013630 0.009549 
-0.013152 0.011902 
-0.012234 0.014535 
-0.011880 0.015730 
-0.013873 0.020974 
-0.013744 0.023495 
-0.011874 0.025187 
-0.010960 0.027631 
-0.009157 0.030409 
-0.007768 0.032192 
-0.006966 0.032256 
-0.004600 0.034420 
-0.001498 0.033191 
-0.000541 0.033214 
0.003499 0.032538 
0.007056 0.031551 
0.008839 0.030964 
0.013312 0.027159 
0.016965 0.023546 
0.019725 0.020049 
0.021433 0.018007 
0.025505 0.014079 
0.027697 0.011544 
0.028735 0.009336 
0.030756 0.006778 
0.030875 0.006441 
0.032910 0.004215 
0.034020 -0.000069 
0.034993 -0.003290 
0.034831 -0.005623 
0.035141 -0.009569 
0.034854 -0.013200 
0.031863 -0.019245 
0.030111 -0.022495 
0.027543 -0.025516 
0.026004 -0.030407 
0.022869 -0.032666 
0.020186 -0.036708 
0.017806 -0.038556 
0.012714 -0.038907 
0.009815 -0.039749 
0.006653 -0.040223 
0.002827 -0.038431 
-0.001428 -0.036020 
-0.003952 -0.032500 
-0.006277 -0.027989 
-0.011055 -0.025691 
-0.012439 -0.022254 
-0.014150 -0.018808 
-0.018730 -0.015275 
-0.021618 -0.011194 
-0.024515 -0.007570 
-0.029071 -0.005604 
-0.030710 -0.003447 
-0.031946 -0.001228 
-0.036278 0.001298 
-0.037225 0.003724 
-0.038062 0.005559 
-0.040343 0.008913 
-0.037832 0.010637 
-0.035785 0.012708 
-0.035697 0.015698 
-0.031358 0.017097 
-0.026284 0.017683 
-0.023066 0.021573 
-0.018784 0.023146 
-0.015696 0.023787 
-0.012153 0.026230 
-0.007463 0.025360 
-0.003521 0.026587 
0.000113 0.025560 
0.002246 0.023416 
0.005102 0.021255 
0.008109 0.018366 
0.009509 0.014872 
0.010158 0.011039 
0.012224 0.009170 
0.015134 0.002809 
0.015621 -0.002015 
0.017078 -0.003332 
0.019740 -0.005537 
0.020704 -0.007899 
0.021872 -0.010212 
0.023948 -0.012464 
0.025039 -0.012989 
0.024070 -0.014503 
0.022950 -0.015653 
0.022846 -0.013789 
0.022649 -0.015895 
0.022032 -0.016038 
0.019172 -0.016217 
0.016799 -0.017894 
0.014761 -0.016961 
0.010174 -0.018122 
0.006366 -0.018484 
0.001950 -0.018875 
-0.001128 -0.018776 
-0.005831 -0.018604 
-0.010603 -0.019047 
-0.012157 -0.018285 
-0.015674 -0.017846 
-0.015429 -0.016268 
-0.017315 -0.015228 
-0.020228 -0.013397 
-0.019310 -0.011426 
-0.019566 -0.009131 
-0.018148 -0.006689 
-0.018104 -0.007270 
-0.017452 -0.002984 
-0.016311 0.000788 
-0.016995 0.002680 
-0.015971 0.006025 
-0.016027 0.008162 
-0.016792 0.013406 
-0.015700 0.016211 
-0.015453 0.016953 
-0.015836 0.018829 
-0.015567 0.022920 
-0.015012 0.025737 
-0.015018 0.028715 
-0.013661 0.032421 
-0.009991 0.032804 
-0.009003 0.035734 
-0.007056 0.035301 
-0.003733 0.035690 
-0.000621 0.036437 
0.001622 0.033312 
0.003946 0.030931 
0.008047 0.027612 
0.010243 0.025546 
0.014998 0.022276 
0.016698 0.019826 
0.018637 0.018148 
0.022156 0.014803 
0.022254 0.013478 
0.026133 0.013056 
0.028532 0.010569 
0.030778 0.007754 
0.032716 0.004745 
0.034209 0.003374 
0.035437 -0.000003 
0.034065 -0.004523 
0.033499 -0.005752 
0.032053 -0.012436 
0.032100 -0.017072 
0.030166 -0.021195 
0.026768 -0.025827 
0.025369 -0.028255 
0.021825 -0.033799 
0.018168 -0.034975 
0.014780 -0.036541 
0.010826 -0.038360 
0.009267 -0.038495 
0.006164 -0.037835 
0.001314 -0.035807 
-0.000944 -0.034011 
-0.002650 -0.030331 
-0.004473 -0.027619 
-0.009918 -0.025615 
-0.012233 -0.021273 
-0.011368 -0.016863 
-0.015851 -0.015251 
-0.019522 -0.010508 
-0.023185 -0.006460 
-0.026300 -0.005227 
-0.029236 -0.001443 
-0.033689 0.000653 
-0.037571 0.002209 
-0.039300 0.004471 
-0.038775 0.007478 
-0.038829 0.010346 
-0.036772 0.012582 
-0.036993 0.015472 
-0.035553 0.017633 
-0.031235 0.020045 
-0.028110 0.022473 
-0.022445 0.024665 
-0.018770 0.026504 
-0.014082 0.027911 
-0.009697 0.028443 
-0.006769 0.027784 
-0.004400 0.027858 
-0.000980 0.027467 
0.003122 0.025955 
0.003901 0.023015 
0.008030 0.019388 
0.008411 0.014715 
0.009655 0.010105 
0.013358 0.008717 
0.013244 0.005248 
0.015557 0.001492 
0.016265 -0.002080 
0.019280 -0.006208 
0.021711 -0.007137 
0.022369 -0.010048 
0.023973 -0.012801 
0.024100 -0.013686 
0.024980 -0.014818 
0.023328 -0.014668 
0.022567 -0.015229 
0.023135 -0.015672 
0.022009 -0.015632 
0.019830 -0.016441 
0.016408 -0.015590 
0.012460 -0.016249 
0.008181 -0.017945 
0.003156 -0.017456 
-0.000202 -0.018106 
-0.001404 -0.017555 
-0.005490 -0.016764 
-0.009617 -0.017170 
-0.012656 -0.016666 
-0.015222 -0.016206 
-0.016238 -0.017161 
-0.016227 -0.015394 
-0.015424 -0.012192 
-0.017570 -0.011323 
-0.017829 -0.008522 
-0.016545 -0.007952 
-0.017690 -0.006180 
-0.016445 -0.003233 
-0.014610 -0.000965 
-0.016566 0.002409 
-0.018577 0.003664 
-0.016366 0.008759 
-0.017431 0.011739 
-0.018588 0.013363 
-0.017672 0.017198 
-0.019075 0.019200 
-0.016619 0.021784 
-0.016348 0.024855 
-0.016447 0.029079 
-0.014127 0.029712 
-0.012768 0.030032 
-0.010445 0.032153 
-0.008229 0.033173 
-0.004427 0.034032 
-0.002172 0.031636 
0.000196 0.031189 
0.003780 0.030261 
0.006911 0.026542 
0.009208 0.025875 
0.011721 0.024431 
0.014821 0.022338 
0.016930 0.019722 
0.019385 0.015359 
0.021324 0.013062 
0.025704 0.012668 
0.027324 0.011046 
0.029100 0.007566 
0.032532 0.005336 
0.032315 0.003795 
0.034178 0.000028 
0.032889 -0.003880 
0.031737 -0.007897 
0.033567 -0.013118 
0.031808 -0.017130 
0.029747 -0.021002 
0.026939 -0.025626 
0.023952 -0.029708 
0.022108 -0.033969 
0.015991 -0.036925 
0.012879 -0.037094 
0.011664 -0.037029 
0.007110 -0.036836 
0.005276 -0.035985 
0.001835 -0.035347 
0.000337 -0.032723 
-0.000853 -0.029442 
-0.002571 -0.026849 
-0.005311 -0.023397 
-0.010407 -0.019517 
-0.011408 -0.016624 
-0.014807 -0.014295 
-0.019205 -0.011757 
-0.023274 -0.008942 
-0.027414 -0.006480 
-0.031784 -0.004764 
-0.033749 -0.001949 
-0.036285 0.000014 
-0.039971 0.003679 
-0.037896 0.007582 
-0.038826 0.008837 
-0.037938 0.011088 
-0.036745 0.013200 
-0.034226 0.015543 
-0.028354 0.017504 
-0.026247 0.020860 
-0.021928 0.024147 
-0.018028 0.025629 
-0.013924 0.025788 
-0.011162 0.025707 
-0.008638 0.026744 
-0.004763 0.025522 
-0.002533 0.023916 
0.000971 0.022724 
0.003275 0.020712 
0.005094 0.017282 
0.007647 0.015356 
0.010486 0.011034 
0.011270 0.006061 
0.012617 0.004345 
0.016102 -0.000906 
0.018146 -0.003728 
0.020748 -0.005198 
0.020970 -0.007066 
0.021415 -0.007859 
0.024477 -0.009938 
0.024562 -0.011031 
0.024629 -0.012411 
0.025770 -0.013216 
0.025514 -0.012755 
0.024422 -0.014250 
0.021655 -0.015957 
0.018956 -0.015021 
0.016163 -0.016047 
0.012429 -0.016380 
0.009689 -0.015537 
0.005429 -0.017931 
0.001031 -0.018579 
-0.001970 -0.017977 
-0.006080 -0.018458 
-0.009825 -0.017374 
-0.011798 -0.016542 
-0.012953 -0.016821 
-0.015444 -0.016078 
-0.016421 -0.014798 
-0.015490 -0.013255 
-0.015318 -0.011070 
-0.015713 -0.009017 
-0.016897 -0.008241 
-0.016447 -0.006164 
-0.015732 -0.004060 
-0.014891 -0.001030 
-0.016355 0.001678 
-0.018908 0.002645 
-0.017509 0.007595 
-0.018344 0.010897 
-0.018361 0.014063 
-0.016176 0.017522 
-0.016784 0.019813 
-0.017082 0.024051 
-0.014645 0.027235 
-0.013689 0.030255 
-0.014476 0.030768 
-0.010203 0.030835 
-0.008158 0.033537 
-0.007862 0.034133 
-0.004555 0.031182 
-0.002785 0.030045 
-0.000121 0.030205 
0.002653 0.028404 
0.006878 0.026626 
0.009549 0.024838 
0.011902 0.023004 
0.014535 0.021156 
0.015730 0.018565 
0.020974 0.016839 
0.023495 0.015794 
0.025187 0.013338 
0.027631 0.012133 
0.030409 0.009417 
0.032192 0.005932 
0.032256 0.003074 
0.034420 -0.000512 
0.033191 -0.004297 
0.033214 -0.010547 
0.032538 -0.014118 
0.031551 -0.018422 
0.030964 -0.024367 
0.027159 -0.028201 
0.023546 -0.031891 
0.020049 -0.034289 
0.018007 -0.037421 
0.014079 -0.039377 
0.011544 -0.037950 
0.009336 -0.038116 
0.006778 -0.037437 
0.006441 -0.035027 
0.004215 -0.035411 
-0.000069 -0.033023 
-0.003290 -0.030017 
-0.005623 -0.026999 
-0.009569 -0.024296 
-0.013200 -0.022169 
-0.019245 -0.017839 
-0.022495 -0.016206 
-0.025516 -0.013643 
-0.030407 -0.011409 
-0.032666 -0.009000 
-0.036708 -0.005838 
-0.038556 -0.003048 
-0.038907 0.000146 
-0.039749 0.001595 
-0.040223 0.004225 
-0.038431 0.008337 
-0.036020 0.011883 
-0.032500 0.014748 
-0.027989 0.017591 
-0.025691 0.018167 
-0.022254 0.022272 
-0.018808 0.024868 
-0.015275 0.023600 
-0.011194 0.025971 
-0.007570 0.025269 
-0.005604 0.023856 
-0.003447 0.023012 
-0.001228 0.020941 
0.001298 0.018245 
0.003724 0.015220 
0.005559 0.011638 
0.008913 0.007560 
0.010637 0.006010 
0.012708 0.003249 
0.015698 -0.001690 
0.017097 -0.003790 
0.017683 -0.004983 
0.021573 -0.007159 
0.023146 -0.008344 
0.023787 -0.011593 
0.026230 -0.012369 
0.025360 -0.011983 
0.026587 -0.013543 
0.025560 -0.012765 
0.023416 -0.013340 
0.021255 -0.014330 
0.018366 -0.015282 
0.014872 -0.016464 
0.011039 -0.016122 
0.009170 -0.016536 
0.002809 -0.017702 
-0.002015 -0.018122 
-0.003332 -0.018144 
-0.005537 -0.017159 
-0.007899 -0.017789 
-0.010212 -0.018135 
-0.012464 -0.016506 
-0.012989 -0.016563 
-0.014503 -0.014191 
-0.015653 -0.011482 
-0.013789 -0.010107 
-0.015895 -0.009443 
-0.016038 -0.008280 
-0.016217 -0.004204 
-0.017894 -0.002563 
-0.016961 -0.000698 
-0.018122 0.003883 
-0.018484 0.005367 
-0.018875 0.006723 
-0.018776 0.010514 
-0.018604 0.014227 
-0.019047 0.019414 
-0.018285 0.022618 
-0.017846 0.026001 
-0.016268 0.029041 
-0.015228 0.031318 
-0.013397 0.036125 
-0.011426 0.036079 
-0.009131 0.035508 
-0.006689 0.036338 
-0.007270 0.035500 
-0.002984 0.034227 
0.000788 0.034094 
0.002680 0.032893 
0.006025 0.027867 
0.008162 0.027017 
0.013406 0.025302 
0.016211 0.021542 
0.016953 0.022858 
0.018829 0.022020 
0.022920 0.019518 
0.025737 0.018692 
0.028715 0.016041 
0.032421 0.012971 
0.032804 0.009548 
0.035734 0.005533 
0.035301 0.002503 
0.035690 -0.001678 
0.036437 -0.007600 
0.033312 -0.012125 
0.030931 -0.015705 
0.027612 -0.020916 
0.025546 -0.025904 
0.022276 -0.028791 
0.019826 -0.031194 
0.018148 -0.033599 
0.014803 -0.033643 
0.013478 -0.034853 
0.013056 -0.035438 
0.010569 -0.033045 
0.007754 -0.032276 
0.004745 -0.030527 
0.003374 -0.028626 
-0.000003 -0.027008 
-0.004523 -0.023697 
-0.005752 -0.020040 
-0.012436 -0.018085 
-0.017072 -0.015635 
-0.021195 -0.013535 
-0.025827 -0.012447 
-0.028255 -0.008908 
-0.033799 -0.007583 
-0.034975 -0.005417 
-0.036541 -0.000632 
-0.038360 0.002272 
-0.038495 0.003888 
-0.037835 0.008631 
-0.035807 0.011759 
-0.034011 0.011835 
-0.030331 0.016400 
-0.027619 0.017817 
-0.025615 0.019609 
-0.021273 0.023315 
-0.016863 0.023859 
-0.015251 0.025870 
-0.010508 0.026679 
-0.006460 0.026489 
-0.005227 0.025856 
-0.001443 0.022986 
0.000653 0.021552 
0.002209 0.019684 
0.004471 0.014589 
0.007478 0.011676 
0.010346 0.008199 
0.012582 0.003636 
0.015472 0.001231 
0.017633 0.000114 
0.020045 -0.001541 
0.022473 -0.003964 
0.024665 -0.005513 
0.026504 -0.008867 
0.027911 -0.009201 
0.028443 -0.010176 
0.027784 -0.012979 
0.027858 -0.013684 
0.027467 -0.015119 
0.025955 -0.014391 
0.023015 -0.015132 
0.019388 -0.017842 
0.014715 -0.019591 
0.010105 -0.019169 
0.008717 -0.019511 
0.005248 -0.020775 
0.001492 -0.021168 
-0.002080 -0.022284 
-0.006208 -0.021367 
-0.007137 -0.020974 
-0.010048 -0.020311 
-0.012801 -0.019254 
-0.013686 -0.018307 
-0.014818 -0.016155 
-0.014668 -0.014674 
-0.015229 -0.014139 
-0.015672 -0.013027 
-0.015632 -0.010308 
-0.016441 -0.007613 
-0.015590 -0.004805 
-0.016249 -0.004183 
-0.017945 -0.001304 
-0.017456 0.003003 
-0.018106 0.004106 
-0.017555 0.008559 
-0.016764 0.013507 
-0.017170 0.016753 
-0.016666 0.020983 
-0.016206 0.024207 
-0.017161 0.027099 
-0.015394 0.030310 
-0.012192 0.031063 
-0.011323 0.031593 
-0.008522 0.031760 
-0.007952 0.031296 
-0.006180 0.032052 
-0.003233 0.031162 
-0.000965 0.030579 
0.002409 0.028743 
0.003664 0.027249 
0.008759 0.026699 
0.011739 0.025217 
0.013363 0.024690 
0.017198 0.022772 
0.019200 0.021652 
0.021784 0.020858 
0.024855 0.019893 
0.029079 0.017097 
0.029712 0.013000 
0.030032 0.009948 
0.032153 0.005716 
0.033173 0.002073 
0.034032 -0.002252 
0.031636 -0.007489 
0.031189 -0.011858 
0.030261 -0.015646 
0.026542 -0.021472 
0.025875 -0.025612 
0.024431 -0.027931 
0.022338 -0.032855 
0.019722 -0.034232 
0.015359 -0.034832 
0.013062 -0.036298 
0.012668 -0.034978 
0.011046 -0.034035 
0.007566 -0.034287 
0.005336 -0.031634 
0.003795 -0.027960 
0.000028 -0.027205 
-0.003880 -0.023804 
-0.007897 -0.020284 
-0.013118 -0.019595 
-0.017130 -0.017280 
-0.021002 -0.013724 
-0.025626 -0.011256 
-0.029708 -0.009019 
-0.033969 -0.007432 
-0.036925 -0.006317 
-0.037094 -0.001329 
-0.037029 0.001991 
-0.036836 0.003689 
-0.035985 0.006310 
-0.035347 0.009646 
-0.032723 0.014278 
-0.029442 0.016506 
-0.026849 0.021640 
-0.023397 0.024359 
-0.019517 0.024676 
-0.016624 0.026345 
-0.014295 0.027013 
-0.011757 0.028764 
-0.008942 0.027317 
-0.006480 0.025944 
-0.004764 0.022551 
-0.001949 0.020723 
0.000014 0.019228 
0.003679 0.014367 
0.007582 0.013270 
0.008837 0.009739 
0.011088 0.006411 
0.013200 0.003153 
0.015543 0.000416 
0.017504 -0.000009 
0.020860 -0.002301 
0.024147 -0.004900 
0.025629 -0.006473 
0.025788 -0.006737 
0.025707 -0.008644 
0.026744 -0.008409 
0.025522 -0.008972 
0.023916 -0.011780 
0.022724 -0.012388 
0.020712 -0.013609 
0.017282 -0.015499 
0.015356 -0.016213 
0.011034 -0.015824 
0.006061 -0.016754 
0.004345 -0.018501 
-0.000906 -0.019419 
-0.003728 -0.017978 
-0.005198 -0.018048 
-0.007066 -0.017266 
-0.007859 -0.014892 
-0.009938 -0.016413 
-0.011031 -0.016082 
-0.012411 -0.015744 
-0.013216 -0.014570 
-0.012755 -0.011439 
-0.014250 -0.011187 
-0.015957 -0.010520 
-0.015021 -0.007382 
-0.016047 -0.004399 
-0.016380 -0.003660 
-0.015537 -0.000624 
-0.017931 0.003562 
-0.018579 0.007067 
-0.017977 0.011718 
-0.018458 0.014567 
-0.017374 0.018339 
-0.016542 0.021918 
-0.016821 0.023865 
-0.016078 0.028294 
-0.014798 0.030569 
-0.013255 0.030445 
-0.011070 0.032745 
-0.009017 0.031802 
-0.008241 0.030123 
-0.006164 0.031078 
-0.004060 0.028685 
-0.001030 0.028657 
0.001678 0.027991 
0.002645 0.025866 
0.007595 0.026595 
0.010897 0.025296 
0.014063 0.025612 
0.017522 0.024083 
0.019813 0.023385 
0.024051 0.022268 
0.027235 0.019267 
0.030255 0.019915 
0.030768 0.014075 
0.030835 0.009406 
0.033537 0.007038 
0.034133 -0.000289 
0.031182 -0.004607 
0.030045 -0.008019 
0.030205 -0.013331 
0.028404 -0.018540 
0.026626 -0.023423 
0.024838 -0.026686 
0.023004 -0.030102 
0.021156 -0.033997 
0.018565 -0.034057 
0.016839 -0.034560 
0.015794 -0.036322 
0.013338 -0.035758 
0.012133 -0.034814 
0.009417 -0.033598 
0.005932 -0.031155 
0.003074 -0.028588 
-0.000512 -0.026678 
-0.004297 -0.023841 
-0.010547 -0.022536 
-0.014118 -0.020962 
-0.018422 -0.018430 
-0.024367 -0.016480 
-0.028201 -0.013566 
-0.031891 -0.011180 
-0.034289 -0.008683 
-0.037421 -0.005043 
-0.039377 -0.001262 
-0.037950 0.000606 
-0.038116 0.004389 
-0.037437 0.007833 
-0.035027 0.009651 
-0.035411 0.013848 
-0.033023 0.015367 
-0.030017 0.019502 
-0.026999 0.025489 
-0.024296 0.025963 
-0.022169 0.027232 
-0.017839 0.028255 
-0.016206 0.026475 
-0.013643 0.025523 
-0.011409 0.024995 
-0.009000 0.023598 
-0.005838 0.020816 
-0.003048 0.018105 
0.000146 0.016404 
0.001595 0.013940 
0.004225 0.010207 
0.008337 0.007139 
0.011883 0.003515 
0.014748 0.001248 
0.017591 0.000798 
0.018167 -0.003514 
0.022272 -0.005578 
0.024868 -0.005166 
0.023600 -0.006213 
0.025971 -0.007451 
0.025269 -0.009184 
0.023856 -0.009810 
0.023012 -0.011245 
0.020941 -0.012485 
0.018245 -0.013193 
0.015220 -0.014303 
0.011638 -0.016578 
0.007560 -0.017424 
0.006010 -0.017781 
0.003249 -0.018691 
-0.001690 -0.017624 
-0.003790 -0.017267 
-0.004983 -0.016237 
-0.007159 -0.016822 
-0.008344 -0.016624 
-0.011593 -0.015324 
-0.012369 -0.014081 
-0.011983 -0.013766 
-0.013543 -0.014884 
-0.012765 -0.011879 
-0.013340 -0.010828 
-0.014330 -0.010300 
-0.015282 -0.006944 
-0.016464 -0.003791 
-0.016122 -0.002493 
-0.016536 0.001245 
-0.017702 0.006964 
-0.018122 0.008985 
-0.018144 0.011893 
-0.017159 0.016372 
-0.017789 0.020805 
-0.018135 0.022651 
-0.016506 0.025613 
-0.016563 0.027815 
-0.014191 0.028840 
-0.011482 0.031425 
-0.010107 0.031758 
-0.009443 0.032698 
-0.008280 0.030934 
-0.004204 0.029848 
-0.002563 0.030315 
-0.000698 0.029213 
0.003883 0.028653 
0.005367 0.028611 
0.006723 0.027483 
0.010514 0.026045 
0.014227 0.026509 
0.019414 0.024599 
0.022618 0.024135 
0.026001 0.021779 
0.029041 0.018600 
0.031318 0.017746 
0.036125 0.013345 
0.036079 0.010360 
0.035508 0.005341 
0.036338 -0.000946 
0.035500 -0.005435 
0.034227 -0.010431 
0.034094 -0.013760 
0.032893 -0.018423 
0.027867 -0.022539 
0.027017 -0.025400 
0.025302 -0.030107 
0.021542 -0.032193 
0.022858 -0.033601 
0.022020 -0.035788 
0.019518 -0.035641 
0.018692 -0.034750 
0.016041 -0.032375 
0.012971 -0.030336 
0.009548 -0.029243 
0.005533 -0.028204 
0.002503 -0.026440 
-0.001678 -0.024202 
-0.007600 -0.022162 
-0.012125 -0.020499 
-0.015705 -0.019456 
-0.020916 -0.015436 
-0.025904 -0.014043 
-0.028791 -0.013209 
-0.031194 -0.009308 
-0.033599 -0.007612 
-0.033643 -0.004319 
-0.034853 -0.000450 
-0.035438 0.002223 
-0.033045 0.006504 
-0.032276 0.010423 
-0.030527 0.013322 
-0.028626 0.018102 
-0.027008 0.021625 
-0.023697 0.023450 
-0.020040 0.025518 
-0.018085 0.025117 
-0.015635 0.024206 
-0.013535 0.024614 
-0.012447 0.025217 
-0.008908 0.024370 
-0.007583 0.022075 
-0.005417 0.019017 
-0.000632 0.017474 
0.002272 0.016212 
0.003888 0.013782 
0.008631 0.010683 
0.011759 0.006769 
0.011835 0.005739 
0.016400 0.003730 
0.017817 0.000007 
0.019609 -0.002456 
0.023315 -0.003313 
0.023859 -0.003927 
0.025870 -0.005782 
0.026679 -0.006878 
0.026489 -0.009058 
0.025856 -0.010584 
0.022986 -0.013214 
0.021552 -0.014927 
0.019684 -0.013888 
0.014589 -0.015479 
0.011676 -0.016038 
0.008199 -0.016948 
0.003636 -0.018965 
0.001231 -0.018337 
0.000114 -0.018387 
-0.001541 -0.019483 
-0.003964 -0.018923 
-0.005513 -0.017722 
-0.008867 -0.016790 
-0.009201 -0.017099 
-0.010176 -0.016637 
-0.012979 -0.015196 
-0.013684 -0.015290 
-0.015119 -0.014534 
-0.014391 -0.013038 
-0.015132 -0.012175 
-0.017842 -0.010676 
-0.019591 -0.007119 
-0.019169 -0.003710 
-0.019511 0.000755 
-0.020775 0.004246 
-0.021168 0.006790 
-0.022284 0.010759 
-0.021367 0.013705 
-0.020974 0.020280 
-0.020311 0.022781 
-0.019254 0.023977 
-0.018307 0.027759 
-0.016155 0.028017 
-0.014674 0.029803 
-0.014139 0.029567 
-0.013027 0.029099 
-0.010308 0.029069 
-0.007613 0.028592 
-0.004805 0.029043 
-0.004183 0.029599 
-0.001304 0.029351 
0.003003 0.028681 
0.004106 0.029535 
0.008559 0.027818 
0.013507 0.026563 
0.016753 0.026684 
0.020983 0.025718 
0.024207 0.023125 
0.027099 0.021353 
0.030310 0.017739 
0.031063 0.012658 
0.031593 0.009632 
0.031760 0.003964 
0.031296 0.000381 
0.032052 -0.004545 
0.031162 -0.009917 
0.030579 -0.014464 
0.028743 -0.020061 
0.027249 -0.023349 
0.026699 -0.027316 
0.025217 -0.029068 
0.024690 -0.032302 
0.022772 -0.034525 
0.021652 -0.033982 
0.020858 -0.035020 
0.019893 -0.034197 
0.017097 -0.033083 
0.013000 -0.032876 
0.009948 -0.032150 
0.005716 -0.029909 
0.002073 -0.027878 
-0.002252 -0.025978 
-0.007489 -0.023380 
-0.011858 -0.021647 
-0.015646 -0.019918 
-0.021472 -0.016696 
-0.025612 -0.013889 
-0.027931 -0.013263 
-0.032855 -0.011758 
-0.034232 -0.008513 
-0.034832 -0.006508 
-0.036298 -0.002482 
-0.034978 0.004622 
-0.034035 0.009040 
-0.034287 0.010614 
-0.031634 0.012926 
-0.027960 0.018045 
-0.027205 0.021781 
-0.023804 0.025010 
-0.020284 0.027272 
-0.019595 0.026136 
-0.017280 0.026309 
-0.013724 0.026520 
-0.011256 0.026094 
-0.009019 0.024728 
-0.007432 0.023096 
-0.006317 0.020949 
-0.001329 0.018484 
0.001991 0.015042 
0.003689 0.012559 
0.006310 0.011203 
0.009646 0.008128 
0.014278 0.007620 
0.016506 0.004224 
0.021640 0.000961 
0.024359 -0.000444 
0.024676 -0.002048 
0.026345 -0.003785 
0.027013 -0.006323 
0.028764 -0.005119 
0.027317 -0.007177 
0.025944 -0.009764 
0.022551 -0.011782 
0.020723 -0.013631 
0.019228 -0.014145 
0.014367 -0.016249 
0.013270 -0.017001 
0.009739 -0.016850 
0.006411 -0.016870 
0.003153 -0.018499 
0.000416 -0.017645 
-0.000009 -0.017584 
-0.002301 -0.017430 
-0.004900 -0.017218 
-0.006473 -0.019761 
-0.006737 -0.017879 
-0.008644 -0.016683 
-0.008409 -0.017091 
-0.008972 -0.017578 
-0.011780 -0.016825 
-0.012388 -0.014872 
-0.013609 -0.013153 
-0.015499 -0.009863 
-0.016213 -0.008004 
-0.015824 -0.004473 
-0.016754 -0.000702 
-0.018501 0.001960 
-0.019419 0.006151 
-0.017978 0.009978 
-0.018048 0.014368 
-0.017266 0.018338 
-0.014892 0.021838 
-0.016413 0.024205 
-0.016082 0.024823 
-0.015744 0.027343 
-0.014570 0.028528 
-0.011439 0.027684 
-0.011187 0.027516 
-0.010520 0.027352 
-0.007382 0.028262 
-0.004399 0.028876 
-0.003660 0.027623 
-0.000624 0.027368 
0.003562 0.029487 
0.007067 0.029425 
0.011718 0.028088 
0.014567 0.027221 
0.018339 0.026944 
0.021918 0.025667 
0.023865 0.022547 
0.028294 0.020214 
0.030569 0.017052 
0.030445 0.014801 
0.032745 0.008654 
0.031802 0.002623 
0.030123 -0.000182 
0.031078 -0.006404 
0.028685 -0.012043 
0.028657 -0.015530 
0.027991 -0.017834 
0.025866 -0.023324 
0.026595 -0.027313 
0.025296 -0.028813 
0.025612 -0.031537 
0.024083 -0.033099 
0.023385 -0.033323 
0.022268 -0.032620 
0.019267 -0.033649 
0.019915 -0.034189 
0.014075 -0.033362 
0.009406 -0.031412 
0.007038 -0.031212 
-0.000289 -0.029395 
-0.004607 -0.028605 
-0.008019 -0.028088 
-0.013331 -0.023190 
-0.018540 -0.022424 
-0.023423 -0.019775 
-0.026686 -0.017873 
-0.030102 -0.016146 
-0.033997 -0.011656 
-0.034057 -0.009399 
-0.034560 -0.005467 
-0.036322 -0.000688 
-0.035758 0.002308 
-0.034814 0.005685 
-0.033598 0.011192 
-0.031155 0.015103 
-0.028588 0.019160 
-0.026678 0.019647 
-0.023841 0.021889 
-0.022536 0.024630 
-0.020962 0.023212 
-0.018430 0.026326 
-0.016480 0.025415 
-0.013566 0.024524 
-0.011180 0.023588 
-0.008683 0.020578 
-0.005043 0.019260 
-0.001262 0.016061 
0.000606 0.014873 
0.004389 0.011448 
0.007833 0.007702 
0.009651 0.007690 
0.013848 0.006378 
0.015367 0.002889 
0.019502 0.001272 
0.025489 0.000834 
0.025963 -0.002280 
0.027232 -0.004904 
0.028255 -0.005510 
0.026475 -0.006816 
0.025523 -0.008477 
0.024995 -0.010136 
0.023598 -0.012938 
0.020816 -0.014391 
0.018105 -0.014324 
0.016404 -0.014982 
0.013940 -0.015693 
0.010207 -0.016736 
0.007139 -0.018409 
0.003515 -0.018543 
0.001248 -0.018312 
0.000798 -0.018669 
-0.003514 -0.019309 
-0.005578 -0.019925 
-0.005166 -0.018578 
-0.006213 -0.018466 
-0.007451 -0.018746 
-0.009184 -0.017705 
-0.009810 -0.018562 
-0.011245 -0.017890 
-0.012485 -0.015704 
-0.013193 -0.015039 
-0.014303 -0.011130 
-0.016578 -0.006992 
-0.017424 -0.003625 
-0.017781 0.001410 
-0.018691 0.004437 
-0.017624 0.008330 
-0.017267 0.012379 
-0.016237 0.016187 
-0.016822 0.019029 
-0.016624 0.020912 
-0.015324 0.022750 
-0.014081 0.024749 
-0.013766 0.027284 
-0.014884 0.025585 
-0.011879 0.025978 
-0.010828 0.027862 
-0.010300 0.028486 
-0.006944 0.029844 
-0.003791 0.029053 
-0.002493 0.028844 
0.001245 0.029589 
0.006964 0.029456 
0.008985 0.029030 
0.011893 0.029685 
0.016372 0.028311 
0.020805 0.027269 
0.022651 0.027581 
0.025613 0.024647 
0.027815 0.020479 
0.028840 0.016987 
0.031425 0.012995 
0.031758 0.008179 
0.032698 0.004244 
0.030934 -0.001113 
0.029848 -0.007139 
0.030315 -0.010889 
0.029213 -0.015166 
0.028653 -0.021439 
0.028611 -0.024437 
0.027483 -0.026685 
0.026045 -0.031268 
0.026509 -0.032477 
0.024599 -0.032287 
0.024135 -0.032379 
0.021779 -0.031738 
0.018600 -0.031504 
0.017746 -0.032905 
0.013345 -0.032142 
0.010360 -0.030513 
0.005341 -0.029084 
-0.000946 -0.027338 
-0.005435 -0.027088 
-0.010431 -0.025381 
-0.013760 -0.024891 
-0.018423 -0.024008 
-0.022539 -0.023439 
-0.025400 -0.020311 
-0.030107 -0.017479 
-0.032193 -0.015700 
-0.033601 -0.008735 
-0.035788 -0.005843 
-0.035641 -0.002328 
-0.034750 0.003869 
-0.032375 0.007654 
-0.030336 0.009745 
-0.029243 0.013009 
-0.028204 0.016356 
-0.026440 0.018649 
-0.024202 0.020822 
-0.022162 0.021395 
-0.020499 0.024661 
-0.019456 0.024221 
-0.015436 0.023123 
-0.014043 0.024178 
-0.013209 0.022073 
-0.009308 0.020584 
-0.007612 0.018544 
-0.004319 0.015952 
-0.000450 0.014635 
0.002223 0.012240 
0.006504 0.009510 
0.010423 0.007900 
0.013322 0.004499 
0.018102 0.003696 
0.021625 0.002697 
0.023450 0.000685 
0.025518 -0.001053 
0.025117 -0.004800 
0.024206 -0.006715 
0.024614 -0.009071 
0.025217 -0.009075 
0.024370 -0.009536 
0.022075 -0.011843 
0.019017 -0.013814 
0.017474 -0.015589 
0.016212 -0.015602 
0.013782 -0.015923 
0.010683 -0.016132 
0.006769 -0.016555 
0.005739 -0.016574 
0.003730 -0.016937 
0.000007 -0.017713 
-0.002456 -0.019163 
-0.003313 -0.018668 
-0.003927 -0.018807 
-0.005782 -0.019816 
-0.006878 -0.019633 
-0.009058 -0.020069 
-0.010584 -0.017924 
-0.013214 -0.018238 
-0.014927 -0.016021 
-0.013888 -0.012164 
-0.015479 -0.009774 
-0.016038 -0.005937 
-0.016948 -0.003037 
-0.018965 0.002541 
-0.018337 0.006824 
-0.018387 0.010505 
-0.019483 0.013772 
-0.018923 0.017359 
-0.017722 0.020198 
-0.016790 0.019642 
-0.017099 0.020833 
-0.016637 0.021788 
-0.015196 0.023553 
-0.015290 0.025285 
-0.014534 0.025684 
-0.013038 0.026293 
-0.012175 0.027179 
-0.010676 0.028731 
-0.007119 0.029843 
-0.003710 0.030383 
0.000755 0.030861 
0.004246 0.030234 
0.006790 0.028958 
0.010759 0.030786 
0.013705 0.030521 
0.020280 0.027655 
0.022781 0.027698 
0.023977 0.027186 
0.027759 0.023610 
0.028017 0.018501 
0.029803 0.014371 
0.029567 0.011116 
0.029099 0.006390 
0.029069 -0.000022 
0.028592 -0.004568 
0.029043 -0.008611 
0.029599 -0.014251 
0.029351 -0.019355 
0.028681 -0.023172 
0.029535 -0.025227 
0.027818 -0.028134 
0.026563 -0.029970 
0.026684 -0.030333 
0.025718 -0.032005 
0.023125 -0.032436 
0.021353 -0.032813 
0.017739 -0.031617 
0.012658 -0.030104 
0.009632 -0.031500 
0.003964 -0.029669 
0.000381 -0.028555 
-0.004545 -0.029490 
-0.009917 -0.027159 
-0.014464 -0.025429 
-0.020061 -0.023897 
-0.023349 -0.021780 
-0.027316 -0.019125 
-0.029068 -0.017288 
-0.032302 -0.014147 
-0.034525 -0.009370 
-0.033982 -0.006050 
-0.035020 -0.001205 
-0.034197 0.001770 
-0.033083 0.007238 
-0.032876 0.012849 
-0.032150 0.014390 
-0.029909 0.017998 
-0.027878 0.020176 
-0.025978 0.021327 
-0.023380 0.022555 
-0.021647 0.025170 
-0.019918 0.025815 
-0.016696 0.024293 
-0.013889 0.024110 
-0.013263 0.021443 
-0.011758 0.019337 
-0.008513 0.018150 
-0.006508 0.016552 
-0.002482 0.014764 
0.004622 0.012233 
0.009040 0.010577 
0.010614 0.009434 
0.012926 0.007894 
0.018045 0.005989 
0.021781 0.002985 
0.025010 0.001557 
0.027272 -0.000043 
0.026136 -0.002944 
0.026309 -0.005319 
0.026520 -0.009858 
0.026094 -0.010044 
0.024728 -0.010678 
0.023096 -0.012933 
0.020949 -0.012166 
0.018484 -0.014734 
0.015042 -0.015625 
0.012559 -0.015383 
0.011203 -0.016518 
0.008128 -0.016351 
0.007620 -0.016282 
0.004224 -0.017742 
0.000961 -0.018765 
-0.000444 -0.020183 
-0.002048 -0.021278 
-0.003785 -0.021006 
-0.006323 -0.021703 
-0.005119 -0.022414 
-0.007177 -0.023083 
-0.009764 -0.021006 
-0.011782 -0.019490 
-0.013631 -0.016573 
-0.014145 -0.012735 
-0.016249 -0.010436 
-0.017001 -0.006304 
-0.016850 -0.002548 
-0.016870 0.001933 
-0.018499 0.004885 
-0.017645 0.007866 
-0.017584 0.011808 
-0.017430 0.015960 
-0.017218 0.016795 
-0.019761 0.018508 
-0.017879 0.022565 
-0.016683 0.023210 
-0.017091 0.025074 
-0.017578 0.024796 
-0.016825 0.025646 
-0.014872 0.027281 
-0.013153 0.028776 
-0.009863 0.030165 
-0.008004 0.031653 
-0.004473 0.032294 
-0.000702 0.031682 
0.001960 0.035390 
0.006151 0.034558 
0.009978 0.035460 
0.014368 0.034897 
0.018338 0.031629 
0.021838 0.030973 
0.024205 0.026692 
0.024823 0.024151 
0.027343 0.020357 
0.028528 0.016174 
0.027684 0.011872 
0.027516 0.006671 
0.027352 0.001578 
0.028262 -0.002817 
0.028876 -0.007710 
0.027623 -0.012160 
0.027368 -0.014285 
0.029487 -0.019772 
0.029425 -0.023266 
0.028088 -0.024865 
0.027221 -0.027491 
0.026944 -0.029796 
0.025667 -0.029737 
0.022547 -0.028992 
0.020214 -0.029985 
0.017052 -0.030056 
0.014801 -0.028721 
0.008654 -0.027100 
0.002623 -0.027704 
-0.000182 -0.027230 
-0.006404 -0.027003 
-0.012043 -0.025490 
-0.015530 -0.023073 
-0.017834 -0.022197 
-0.023324 -0.020346 
-0.027313 -0.019342 
-0.028813 -0.016432 
-0.031537 -0.011474 
-0.033099 -0.008715 
-0.033323 -0.005656 
-0.032620 0.001378 
-0.033649 0.004105 
-0.034189 0.007544 
-0.033362 0.013568 
-0.031412 0.016043 
-0.031212 0.020774 
-0.029395 0.023023 
-0.028605 0.025120 
-0.028088 0.025978 
-0.023190 0.025211 
-0.022424 0.026590 
-0.019775 0.026149 
-0.017873 0.025649 
-0.016146 0.022557 
-0.011656 0.020576 
-0.009399 0.021474 
-0.005467 0.020023 
-0.000688 0.017106 
0.002308 0.015385 
0.005685 0.014851 
0.011192 0.012196 
0.015103 0.008586 
0.019160 0.006841 
0.019647 0.004673 
0.021889 0.001163 
0.024630 0.000243 
0.023212 -0.000886 
0.026326 -0.004303 
0.025415 -0.006656 
0.024524 -0.008870 
0.023588 -0.009975 
0.020578 -0.010759 
0.019260 -0.012298 
0.016061 -0.013749 
0.014873 -0.015191 
0.011448 -0.015291 
0.007702 -0.016076 
0.007690 -0.017461 
0.006378 -0.017331 
0.002889 -0.017227 
0.001272 -0.018337 
0.000834 -0.019728 
-0.002280 -0.021059 
-0.004904 -0.020622 
-0.005510 -0.021027 
-0.006816 -0.023687 
-0.008477 -0.022156 
-0.010136 -0.021047 
-0.012938 -0.020261 
-0.014391 -0.016798 
-0.014324 -0.014235 
-0.014982 -0.009821 
-0.015693 -0.006093 
-0.016736 -0.004321 
-0.018409 -0.000298 
-0.018543 0.004113 
-0.018312 0.006368 
-0.018669 0.011270 
-0.019309 0.014763 
-0.019925 0.014499 
-0.018578 0.016045 
-0.018466 0.017850 
-0.018746 0.019744 
-0.017705 0.021508 
-0.018562 0.021813 
-0.017890 0.020250 
-0.015704 0.021619 
-0.015039 0.024079 
-0.011130 0.026605 
-0.006992 0.028204 
-0.003625 0.028494 
0.001410 0.031854 
0.004437 0.031110 
0.008330 0.031812 
0.012379 0.031531 
0.016187 0.030002 
0.019029 0.031419 
0.020912 0.027804 
0.022750 0.025539 
0.024749 0.021874 
0.027284 0.017290 
0.025585 0.014192 
0.025978 0.008387 
0.027862 0.002719 
0.028486 -0.002081 
0.029844 -0.006636 
0.029053 -0.011941 
0.028844 -0.015623 
0.029589 -0.018487 
0.029456 -0.021723 
0.029030 -0.024098 
0.029685 -0.026346 
0.028311 -0.028637 
0.027269 -0.030312 
0.027581 -0.031141 
0.024647 -0.031153 
0.020479 -0.031527 
0.016987 -0.032680 
0.012995 -0.032929 
0.008179 -0.033903 
0.004244 -0.033617 
-0.001113 -0.031724 
-0.007139 -0.030830 
-0.010889 -0.030739 
-0.015166 -0.030176 
-0.021439 -0.027589 
-0.024437 -0.026387 
-0.026685 -0.022741 
-0.031268 -0.017990 
-0.032477 -0.016132 
-0.032287 -0.011445 
-0.032379 -0.007274 
-0.031738 -0.003168 
-0.031504 0.001577 
-0.032905 0.005427 
-0.032142 0.009027 
-0.030513 0.012920 
-0.029084 0.016845 
-0.027338 0.017604 
-0.027088 0.020044 
-0.025381 0.021051 
-0.024891 0.020977 
-0.024008 0.022257 
-0.023439 0.022490 
-0.020311 0.022076 
-0.017479 0.019396 
-0.015700 0.019421 
-0.008735 0.017899 
-0.005843 0.016350 
-0.002328 0.016330 
0.003869 0.013792 
0.007654 0.011461 
0.009745 0.008642 
0.013009 0.007111 
0.016356 0.005246 
0.018649 0.003514 
0.020822 0.000755 
0.021395 -0.002113 
0.024661 -0.003859 
0.024221 -0.006294 
0.023123 -0.007527 
0.024178 -0.009037 
0.022073 -0.010037 
0.020584 -0.010874 
0.018544 -0.011659 
0.015952 -0.012269 
0.014635 -0.013039 
0.012240 -0.014416 
0.009510 -0.015351 
0.007900 -0.015213 
0.004499 -0.017137 
0.003696 -0.019244 
0.002697 -0.019966 
0.000685 -0.021947 
-0.001053 -0.022909 
-0.004800 -0.022899 
-0.006715 -0.024751 
-0.009071 -0.022414 
-0.009075 -0.020605 
-0.009536 -0.021809 
-0.011843 -0.018562 
-0.013814 -0.013826 
-0.015589 -0.010836 
-0.015602 -0.008131 
-0.015923 -0.004280 
-0.016132 -0.002102 
-0.016555 0.000584 
-0.016574 0.005032 
-0.016937 0.008360 
-0.017713 0.011056 
-0.019163 0.013586 
-0.018668 0.015682 
-0.018807 0.017139 
-0.019816 0.018693 
-0.019633 0.019958 
-0.020069 0.021671 
-0.017924 0.023709 
-0.018238 0.025027 
-0.016021 0.026049 
-0.012164 0.027797 
-0.009774 0.027799 
-0.005937 0.028905 
-0.003037 0.031976 
0.002541 0.033260 
0.006824 0.033507 
0.010505 0.032867 
0.013772 0.035042 
0.017359 0.033641 
0.020198 0.031085 
0.019642 0.031459 
0.020833 0.027407 
0.021788 0.023139 
0.023553 0.018808 
0.025285 0.014623 
0.025684 0.010935 
0.026293 0.006267 
0.027179 0.000595 
0.028731 -0.004452 
0.029843 -0.007408 
0.030383 -0.012578 
0.030861 -0.016400 
0.030234 -0.018436 
0.028958 -0.022025 
0.030786 -0.024525 
0.030521 -0.026584 
0.027655 -0.026711 
0.027698 -0.027008 
0.027186 -0.029925 
0.023610 -0.029984 
0.018501 -0.029790 
0.014371 -0.031222 
0.011116 -0.031658 
0.006390 -0.031096 
-0.000022 -0.030762 
-0.004568 -0.031010 
-0.008611 -0.028769 
-0.014251 -0.027283 
-0.019355 -0.026369 
-0.023172 -0.023586 
-0.025227 -0.022127 
-0.028134 -0.019602 
-0.029970 -0.015179 
-0.030333 -0.010243 
-0.032005 -0.005685 
-0.032436 -0.003399 
-0.032813 0.001263 
-0.031617 0.007189 
-0.030104 0.011188 
-0.031500 0.015073 
-0.029669 0.016209 
-0.028555 0.019163 
-0.029490 0.022788 
-0.027159 0.021612 
-0.025429 0.022558 
-0.023897 0.024340 
-0.021780 0.023116 
-0.019125 0.022935 
-0.017288 0.021360 
-0.014147 0.019639 
-0.009370 0.019754 
-0.006050 0.017619 
-0.001205 0.017150 
0.001770 0.015842 
0.007238 0.013154 
0.012849 0.011936 
0.014390 0.008603 
0.017998 0.006421 
0.020176 0.003550 
0.021327 0.000711 
0.022555 -0.001293 
0.025170 -0.004900 
0.025815 -0.005212 
0.024293 -0.007198 
0.024110 -0.010000 
0.021443 -0.008714 
0.019337 -0.009662 
0.018150 -0.011691 
0.016552 -0.011632 
0.014764 -0.011099 
0.012233 -0.013131 
0.010577 -0.014359 
0.009434 -0.015004 
0.007894 -0.017427 
0.005989 -0.017706 
0.002985 -0.020135 
0.001557 -0.022533 
-0.000043 -0.024186 
-0.002944 -0.025846 
-0.005319 -0.025100 
-0.009858 -0.023787 
-0.010044 -0.022429 
-0.010678 -0.021488 
-0.012933 -0.018481 
-0.012166 -0.016013 
-0.014734 -0.011830 
-0.015625 -0.007800 
-0.015383 -0.006137 
-0.016518 -0.001346 
-0.016351 0.003240 
-0.016282 0.006170 
-0.017742 0.008180 
-0.018765 0.009481 
-0.020183 0.011434 
-0.021278 0.015231 
-0.021006 0.016567 
-0.021703 0.016438 
-0.022414 0.018500 
-0.023083 0.020184 
-0.021006 0.021518 
-0.019490 0.022974 
-0.016573 0.025121 
-0.012735 0.027160 
-0.010436 0.028674 
-0.006304 0.030752 
-0.002548 0.032773 
0.001933 0.033764 
0.004885 0.036415 
0.007866 0.036245 
0.011808 0.034929 
0.015960 0.035540 
0.016795 0.033662 
0.018508 0.030928 
0.022565 0.025791 
0.023210 0.023440 
0.025074 0.019503 
0.024796 0.013326 
0.025646 0.009443 
0.027281 0.003585 
0.028776 0.001143 
0.030165 -0.002453 
0.031653 -0.007981 
0.032294 -0.011708 
0.031682 -0.015826 
0.035390 -0.018105 
0.034558 -0.020282 
0.035460 -0.022728 
0.034897 -0.023462 
0.031629 -0.025372 
0.030973 -0.026025 
0.026692 -0.026170 
0.024151 -0.027773 
0.020357 -0.027772 
0.016174 -0.028979 
0.011872 -0.030784 
0.006671 -0.031128 
0.001578 -0.028887 
-0.002817 -0.029207 
-0.007710 -0.029366 
-0.012160 -0.027256 
-0.014285 -0.025845 
-0.019772 -0.022924 
-0.023266 -0.021194 
-0.024865 -0.017077 
-0.027491 -0.015079 
-0.029796 -0.010615 
-0.029737 -0.004194 
-0.028992 -0.001602 
-0.029985 0.003029 
-0.030056 0.006441 
-0.028721 0.010997 
-0.027100 0.014046 
-0.027704 0.016068 
-0.027230 0.017962 
-0.027003 0.019117 
-0.025490 0.020254 
-0.023073 0.020405 
-0.022197 0.021623 
-0.020346 0.021511 
-0.019342 0.021195 
-0.016432 0.020594 
-0.011474 0.019934 
-0.008715 0.019551 
-0.005656 0.018933 
0.001378 0.016173 
0.004105 0.015239 
0.007544 0.014667 
0.013568 0.010582 
0.016043 0.008304 
0.020774 0.006401 
0.023023 0.004447 
0.025120 0.000044 
0.025978 -0.002170 
0.025211 -0.003664 
0.026590 -0.005838 
0.026149 -0.004639 
0.025649 -0.007211 
0.022557 -0.009332 
0.020576 -0.009478 
0.021474 -0.010415 
0.020023 -0.011594 
0.017106 -0.012155 
0.015385 -0.013211 
0.014851 -0.014892 
0.012196 -0.015292 
0.008586 -0.017076 
0.006841 -0.018620 
0.004673 -0.019571 
0.001163 -0.021120 
0.000243 -0.024918 
-0.000886 -0.025809 
-0.004303 -0.023585 
-0.006656 -0.024644 
-0.008870 -0.023394 
-0.009975 -0.021003 
-0.010759 -0.019218 
-0.012298 -0.016094 
-0.013749 -0.012827 
-0.015191 -0.010039 
-0.015291 -0.006935 
-0.016076 -0.002120 
-0.017461 -0.000173 
-0.017331 0.001967 
-0.017227 0.006959 
-0.018337 0.009133 
-0.019728 0.010689 
-0.021059 0.012886 
-0.020622 0.012844 
-0.021027 0.014157 
-0.023687 0.016612 
-0.022156 0.017703 
-0.021047 0.020289 
-0.020261 0.021746 
-0.016798 0.023387 
-0.014235 0.025738 
-0.009821 0.027464 
-0.006093 0.029426 
-0.004321 0.029735 
-0.000298 0.031855 
0.004113 0.034553 
0.006368 0.034557 
0.011270 0.032853 
0.014763 0.033398 
0.014499 0.031624 
0.016045 0.027171 
0.017850 0.024515 
0.019744 0.020123 
0.021508 0.016963 
0.021813 0.011290 
0.020250 0.006798 
0.021619 0.002963 
0.024079 -0.003156 
0.026605 -0.006366 
0.028204 -0.010348 
0.028494 -0.013290 
0.031854 -0.016363 
0.031110 -0.018206 
0.031812 -0.021313 
0.031531 -0.024311 
0.030002 -0.024299 
0.031419 -0.026418 
0.027804 -0.027185 
0.025539 -0.028986 
0.021874 -0.030758 
0.017290 -0.030646 
0.014192 -0.031881 
0.008387 -0.032665 
0.002719 -0.032766 
-0.002081 -0.034352 
-0.006636 -0.034525 
-0.011941 -0.030885 
-0.015623 -0.027794 
-0.018487 -0.028049 
-0.021723 -0.026968 
-0.024098 -0.021567 
-0.026346 -0.017076 
-0.028637 -0.014867 
-0.030312 -0.011319 
-0.031141 -0.005353 
-0.031153 -0.001867 
-0.031527 0.001773 
-0.032680 0.006167 
-0.032929 0.009217 
-0.033903 0.011721 
-0.033617 0.012353 
-0.031724 0.016140 
-0.030830 0.017197 
-0.030739 0.017026 
-0.030176 0.019091 
-0.027589 0.020680 
-0.026387 0.021523 
-0.022741 0.020523 
-0.017990 0.019860 
-0.016132 0.017965 
-0.011445 0.019577 
-0.007274 0.017843 
-0.003168 0.014880 
0.001577 0.015530 
0.005427 0.012437 
0.009027 0.009807 
0.012920 0.006942 
0.016845 0.005723 
0.017604 0.003863 
0.020044 0.000455 
0.021051 -0.001889 
0.020977 -0.003941 
0.022257 -0.004164 
0.022490 -0.004361 
0.022076 -0.005185 
0.019396 -0.006037 
0.019421 -0.006025 
0.017899 -0.006929 
0.016350 -0.008181 
0.016330 -0.010448 
0.013792 -0.012251 
0.011461 -0.012766 
0.008642 -0.015322 
0.007111 -0.018551 
0.005246 -0.020178 
0.003514 -0.021460 
0.000755 -0.022877 
-0.002113 -0.021952 
-0.003859 -0.022870 
-0.006294 -0.022679 
-0.007527 -0.022098 
-0.009037 -0.021112 
-0.010037 -0.016593 
-0.010874 -0.014910 
-0.011659 -0.012709 
-0.012269 -0.010027 
-0.013039 -0.007062 
-0.014416 -0.004860 
-0.015351 -0.002688 
-0.015213 0.000327 
-0.017137 0.003465 
-0.019244 0.007759 
-0.019966 0.007828 
-0.021947 0.008904 
-0.022909 0.012814 
-0.022899 0.015353 
-0.024751 0.014678 
-0.022414 0.017100 
-0.020605 0.020268 
-0.021809 0.022178 
-0.018562 0.027017 
-0.013826 0.027138 
-0.010836 0.029689 
-0.008131 0.030802 
-0.004280 0.032833 
-0.002102 0.036898 
0.000584 0.034919 
0.005032 0.036759 
0.008360 0.037460 
0.011056 0.035656 
0.013586 0.033903 
0.015682 0.032940 
0.017139 0.030328 
0.018693 0.026039 
0.019958 0.022411 
0.021671 0.017759 
0.023709 0.015862 
0.025027 0.011614 
0.026049 0.006951 
0.027797 0.002432 
0.027799 -0.003055 
0.028905 -0.005211 
0.031976 -0.008959 
0.033260 -0.014365 
0.033507 -0.016320 
0.032867 -0.017836 
0.035042 -0.020751 
0.033641 -0.021637 
0.031085 -0.023383 
0.031459 -0.026140 
0.027407 -0.027600 
0.023139 -0.029437 
0.018808 -0.031408 
0.014623 -0.031677 
0.010935 -0.032887 
0.006267 -0.033992 
0.000595 -0.033299 
-0.004452 -0.032951 
-0.007408 -0.032889 
-0.012578 -0.031246 
-0.016400 -0.026692 
-0.018436 -0.024795 
-0.022025 -0.022477 
-0.024525 -0.018744 
-0.026584 -0.013871 
-0.026711 -0.007977 
-0.027008 -0.004768 
-0.029925 -0.000627 
-0.029984 0.002413 
-0.029790 0.007809 
-0.031222 0.011705 
-0.031658 0.012607 
-0.031096 0.015866 
-0.030762 0.016685 
-0.031010 0.018174 
-0.028769 0.020185 
-0.027283 0.020618 
-0.026369 0.021473 
-0.023586 0.022292 
-0.022127 0.021987 
-0.019602 0.020800 
-0.015179 0.020847 
-0.010243 0.021209 
-0.005685 0.019486 
-0.003399 0.016751 
0.001263 0.013596 
0.007189 0.011899 
0.011188 0.010586 
0.015073 0.007160 
0.016209 0.004824 
0.019163 0.002404 
0.022788 0.000471 
0.021612 -0.002860 
0.022558 -0.005179 
0.024340 -0.003663 
0.023116 -0.006889 
0.022935 -0.008775 
0.021360 -0.007772 
0.019639 -0.009553 
0.019754 -0.009928 
0.017619 -0.010833 
0.017150 -0.011798 
0.015842 -0.013412 
0.013154 -0.015863 
0.011936 -0.016673 
0.008603 -0.020088 
0.006421 -0.022334 
0.003550 -0.023783 
0.000711 -0.025454 
-0.001293 -0.024791 
-0.004900 -0.025717 
-0.005212 -0.024917 
-0.007198 -0.023515 
-0.010000 -0.023375 
-0.008714 -0.020652 
-0.009662 -0.018158 
-0.011691 -0.016193 
-0.011632 -0.013281 
-0.011099 -0.010939 
-0.013131 -0.006078 
-0.014359 -0.002771 
-0.015004 -0.001720 
-0.017427 0.001980 
-0.017706 0.004291 
-0.020135 0.006512 
-0.022533 0.007513 
-0.024186 0.008880 
-0.025846 0.010824 
-0.025100 0.011617 
-0.023787 0.014713 
-0.022429 0.017926 
-0.021488 0.020473 
-0.018481 0.022957 
-0.016013 0.026481 
-0.011830 0.027561 
-0.007800 0.029290 
-0.006137 0.033131 
-0.001346 0.034043 
0.003240 0.035261 
0.006170 0.036350 
0.008180 0.035950 
0.009481 0.035569 
0.011434 0.033836 
0.015231 0.031375 
0.016567 0.029503 
0.016438 0.025618 
0.018500 0.021883 
0.020184 0.017140 
0.021518 0.013838 
0.022974 0.010546 
0.025121 0.005171 
0.027160 0.003733 
0.028674 -0.001239 
0.030752 -0.005647 
0.032773 -0.007561 
0.033764 -0.010416 
0.036415 -0.012509 
0.036245 -0.015964 
0.034929 -0.019007 
0.035540 -0.021519 
0.033662 -0.021381 
0.030928 -0.023447 
0.025791 -0.027089 
0.023440 -0.027809 
0.019503 -0.030203 
0.013326 -0.031418 
0.009443 -0.030775 
0.003585 -0.031896 
0.001143 -0.031342 
-0.002453 -0.031197 
-0.007981 -0.030798 
-0.011708 -0.027687 
-0.015826 -0.026290 
-0.018105 -0.023441 
-0.020282 -0.020124 
-0.022728 -0.017121 
-0.023462 -0.012285 
-0.025372 -0.007794 
-0.026025 -0.004904 
-0.026170 -0.000533 
-0.027773 0.003851 
-0.027772 0.006902 
-0.028979 0.010756 
-0.030784 0.012669 
-0.031128 0.016745 
-0.028887 0.018324 
-0.029207 0.019582 
-0.029366 0.022152 
-0.027256 0.020709 
-0.025845 0.021949 
-0.022924 0.022054 
-0.021194 0.021508 
-0.017077 0.022167 
-0.015079 0.020595 
-0.010615 0.018865 
-0.004194 0.018497 
-0.001602 0.015928 
0.003029 0.012456 
0.006441 0.011116 
0.010997 0.009086 
0.014046 0.007185 
0.016068 0.005045 
0.017962 0.002612 
0.019117 0.000895 
0.020254 0.000048 
0.020405 -0.001150 
0.021623 -0.002832 
0.021511 -0.004847 
0.021195 -0.006047 
0.020594 -0.006442 
0.019934 -0.006461 
0.019551 -0.007649 
0.018933 -0.011098 
0.016173 -0.012149 
0.015239 -0.014477 
0.014667 -0.017441 
0.010582 -0.017993 
0.008304 -0.019042 
0.006401 -0.022141 
0.004447 -0.024111 
0.000044 -0.024082 
-0.002170 -0.024978 
-0.003664 -0.024817 
-0.005838 -0.024247 
-0.004639 -0.022952 
-0.007211 -0.021486 
-0.009332 -0.019377 
-0.009478 -0.018241 
-0.010415 -0.015526 
-0.011594 -0.011329 
-0.012155 -0.008592 
-0.013211 -0.004973 
-0.014892 -0.003555 
-0.015292 -0.000716 
-0.017076 0.001664 
-0.018620 0.004361 
-0.019571 0.006707 
-0.021120 0.006867 
-0.024918 0.008602 
-0.025809 0.009361 
-0.023585 0.013138 
-0.024644 0.015926 
-0.023394 0.016439 
-0.021003 0.018638 
-0.019218 0.021206 
-0.016094 0.025152 
-0.012827 0.028710 
-0.010039 0.030953 
-0.006935 0.032132 
-0.002120 0.033879 
-0.000173 0.036451 
0.001967 0.036890 
0.006959 0.035635 
0.009133 0.034764 
0.010689 0.033629 
0.012886 0.030971 
0.012844 0.028675 
0.014157 0.026688 
0.016612 0.023010 
0.017703 0.019896 
0.020289 0.015616 
0.021746 0.011279 
0.023387 0.008223 
0.025738 0.002370 
0.027464 -0.002542 
0.029426 -0.004058 
0.029735 -0.007041 
0.031855 -0.010982 
0.034553 -0.012948 
0.034557 -0.015666 
0.032853 -0.017111 
0.033398 -0.019516 
0.031624 -0.023231 
0.027171 -0.024597 
0.024515 -0.026849 
0.020123 -0.028438 
0.016963 -0.030094 
0.011290 -0.032042 
0.006798 -0.032957 
0.002963 -0.033669 
-0.003156 -0.033208 
-0.006366 -0.031121 
-0.010348 -0.030746 
-0.013290 -0.030394 
-0.016363 -0.026274 
-0.018206 -0.022695 
-0.021313 -0.020226 
-0.024311 -0.016017 
-0.024299 -0.011918 
-0.026418 -0.009309 
-0.027185 -0.004842 
-0.028986 -0.001161 
-0.030758 0.002877 
-0.030646 0.006410 
-0.031881 0.006842 
-0.032665 0.010149 
-0.032766 0.014216 
-0.034352 0.017493 
-0.034525 0.020116 
-0.030885 0.021933 
-0.027794 0.022855 
-0.028049 0.024441 
-0.026968 0.024207 
-0.021567 0.022926 
-0.017076 0.025254 
-0.014867 0.024832 
-0.011319 0.022756 
-0.005353 0.020515 
-0.001867 0.018158 
0.001773 0.015554 
0.006167 0.012129 
0.009217 0.011596 
0.011721 0.009897 
0.012353 0.007124 
0.016140 0.005642 
0.017197 0.002858 
0.017026 0.002235 
0.019091 0.002623 
0.020680 0.000542 
0.021523 -0.000615 
0.020523 -0.000587 
0.019860 -0.002800 
0.017965 -0.006014 
0.019577 -0.006075 
0.017843 -0.008218 
0.014880 -0.009342 
0.015530 -0.010087 
0.012437 -0.015222 
0.009807 -0.016795 
0.006942 -0.019293 
0.005723 -0.020602 
0.003863 -0.019715 
0.000455 -0.023045 
-0.001889 -0.024765 
-0.003941 -0.023025 
-0.004164 -0.022496 
-0.004361 -0.021087 
-0.005185 -0.019167 
-0.006037 -0.018002 
-0.006025 -0.014310 
-0.006929 -0.013647 
-0.008181 -0.010682 
-0.010448 -0.007130 
-0.012251 -0.006425 
-0.012766 -0.003241 
-0.015322 -0.001486 
-0.018551 0.001065 
-0.020178 0.002147 
-0.021460 0.004938 
-0.022877 0.006936 
-0.021952 0.008396 
-0.022870 0.013816 
-0.022679 0.013323 
-0.022098 0.014864 
-0.021112 0.019083 
-0.016593 0.020493 
-0.014910 0.022747 
-0.012709 0.025107 
-0.010027 0.029238 
-0.007062 0.032312 
-0.004860 0.033305 
-0.002688 0.035059 
0.000327 0.037157 
0.003465 0.037313 
0.007759 0.036454 
0.007828 0.034956 
0.008904 0.033015 
0.012814 0.032226 
0.015353 0.029629 
0.014678 0.025866 
0.017100 0.021947 
0.020268 0.017857 
0.022178 0.013651 
0.027017 0.010841 
0.027138 0.007906 
0.029689 0.002658 
0.030802 -0.000464 
0.032833 -0.004129 
0.036898 -0.007168 
0.034919 -0.009053 
0.036759 -0.013128 
0.037460 -0.015305 
0.035656 -0.016646 
0.033903 -0.020276 
0.032940 -0.023268 
0.030328 -0.025144 
0.026039 -0.028120 
0.022411 -0.029169 
0.017759 -0.029975 
0.015862 -0.032087 
0.011614 -0.034074 
0.006951 -0.036151 
0.002432 -0.035533 
-0.003055 -0.033304 
-0.005211 -0.031965 
-0.008959 -0.030522 
-0.014365 -0.027093 
-0.016320 -0.024012 
-0.017836 -0.021066 
-0.020751 -0.016250 
-0.021637 -0.013738 
-0.023383 -0.010587 
-0.026140 -0.005874 
-0.027600 -0.002742 
-0.029437 0.001553 
-0.031408 0.004021 
-0.031677 0.006684 
-0.032887 0.010512 
-0.033992 0.012743 
-0.033299 0.014071 
-0.032951 0.015662 
-0.032889 0.019392 
-0.031246 0.020549 
-0.026692 0.021645 
-0.024795 0.021975 
-0.022477 0.021683 
-0.018744 0.021748 
-0.013871 0.020014 
-0.007977 0.019095 
-0.004768 0.016286 
-0.000627 0.014647 
0.002413 0.013566 
0.007809 0.012747 
0.011705 0.010112 
0.012607 0.007061 
0.015866 0.004954 
0.016685 0.001877 
0.018174 0.002149 
0.020185 0.001704 
0.020618 -0.000083 
0.021473 -0.002879 
0.022292 -0.002638 
0.021987 -0.004488 
0.020800 -0.006608 
0.020847 -0.004985 
0.021209 -0.009119 
0.019486 -0.011731 
0.016751 -0.013378 
0.013596 -0.017151 
0.011899 -0.020420 
0.010586 -0.021852 
0.007160 -0.023041 
0.004824 -0.026102 
0.002404 -0.027463 
0.000471 -0.026476 
-0.002860 -0.026945 
-0.005179 -0.027577 
-0.003663 -0.025146 
-0.006889 -0.024285 
-0.008775 -0.021091 
-0.007772 -0.017799 
-0.009553 -0.016699 
-0.009928 -0.014346 
-0.010833 -0.012963 
-0.011798 -0.009963 
-0.013412 -0.007340 
-0.015863 -0.005622 
-0.016673 -0.002462 
-0.020088 -0.001174 
-0.022334 -0.000371 
-0.023783 0.002330 
-0.025454 0.003362 
-0.024791 0.005089 
-0.025717 0.008145 
-0.024917 0.010498 
-0.023515 0.012316 
-0.023375 0.015647 
-0.020652 0.020217 
-0.018158 0.023751 
-0.016193 0.026781 
-0.013281 0.028753 
-0.010939 0.033533 
-0.006078 0.036085 
-0.002771 0.037413 
-0.001720 0.038832 
0.001980 0.037861 
0.004291 0.037670 
0.006512 0.034700 
0.007513 0.033485 
0.008880 0.031035 
0.010824 0.027446 
0.011617 0.026793 
0.014713 0.023684 
0.017926 0.018292 
0.020473 0.014896 
0.022957 0.013461 
0.026481 0.009438 
0.027561 0.005250 
0.029290 0.001886 
0.033131 -0.001462 
0.034043 -0.005309 
0.035261 -0.007010 
0.036350 -0.009030 
0.035950 -0.013472 
0.035569 -0.015052 
0.033836 -0.017779 
0.031375 -0.020778 
0.029503 -0.022911 
0.025618 -0.026973 
0.021883 -0.031295 
0.017140 -0.030923 
0.013838 -0.031667 
0.010546 -0.035189 
0.005171 -0.032711 
0.003733 -0.031777 
-0.001239 -0.031370 
-0.005647 -0.030903 
-0.007561 -0.029453 
-0.010416 -0.024755 
-0.012509 -0.024040 
-0.015964 -0.021154 
-0.019007 -0.018278 
-0.021519 -0.015637 
-0.021381 -0.009978 
-0.023447 -0.006260 
-0.027089 -0.003466 
-0.027809 -0.000024 
-0.030203 0.003572 
-0.031418 0.006720 
-0.030775 0.010538 
-0.031896 0.012470 
-0.031342 0.015816 
-0.031197 0.018360 
-0.030798 0.018908 
-0.027687 0.020999 
-0.026290 0.020285 
-0.023441 0.022458 
-0.020124 0.022866 
-0.017121 0.020586 
-0.012285 0.019480 
-0.007794 0.017502 
-0.004904 0.017621 
-0.000533 0.014408 
0.003851 0.012849 
0.006902 0.011509 
0.010756 0.008298 
0.012669 0.008602 
0.016745 0.006180 
0.018324 0.004719 
0.019582 0.003487 
0.022152 0.001492 
0.020709 0.001610 
0.021949 0.000280 
0.022054 -0.000679 
0.021508 -0.002804 
0.022167 -0.005222 
0.020595 -0.005815 
0.018865 -0.008689 
0.018497 -0.012114 
0.015928 -0.012957 
0.012456 -0.015417 
0.011116 -0.018916 
0.009086 -0.020816 
0.007185 -0.022049 
0.005045 -0.023202 
0.002612 -0.025764 
0.000895 -0.025577 
0.000048 -0.026751 
-0.001150 -0.028358 
-0.002832 -0.024887 
-0.004847 -0.023478 
-0.006047 -0.020698 
-0.006442 -0.018558 
-0.006461 -0.017319 
-0.007649 -0.013765 
-0.011098 -0.012486 
-0.012149 -0.009137 
-0.014477 -0.007122 
-0.017441 -0.004777 
-0.017993 -0.001437 
-0.019042 -0.001247 
-0.022141 0.001709 
-0.024111 0.003785 
-0.024082 0.005191 
-0.024978 0.006819 
-0.024817 0.009042 
-0.024247 0.012354 
-0.022952 0.014558 
-0.021486 0.018907 
-0.019377 0.020522 
-0.018241 0.022789 
-0.015526 0.027155 
-0.011329 0.029622 
-0.008592 0.032944 
-0.004973 0.034964 
-0.003555 0.037053 
-0.000716 0.037946 
0.001664 0.037096 
0.004361 0.036490 
0.006707 0.035176 
0.006867 0.032943 
0.008602 0.030041 
0.009361 0.028229 
0.013138 0.025517 
0.015926 0.022366 
0.016439 0.020188 
0.018638 0.016109 
0.021206 0.012628 
0.025152 0.010315 
0.028710 0.007356 
0.030953 0.004937 
0.032132 0.000781 
0.033879 -0.003925 
0.036451 -0.006636 
0.036890 -0.008800 
0.035635 -0.012079 
0.034764 -0.016330 
0.033629 -0.020214 
0.030971 -0.022881 
0.028675 -0.024532 
0.026688 -0.026144 
0.023010 -0.029053 
0.019896 -0.031991 
0.015616 -0.031976 
0.011279 -0.033266 
0.008223 -0.034620 
0.002370 -0.033100 
-0.002542 -0.031039 
-0.004058 -0.028155 
-0.007041 -0.026339 
-0.010982 -0.025392 
-0.012948 -0.022551 
-0.015666 -0.019503 
-0.017111 -0.017623 
-0.019516 -0.013411 
-0.023231 -0.009759 
-0.024597 -0.006154 
-0.026849 -0.002976 
-0.028438 -0.000191 
-0.030094 0.004390 
-0.032042 0.006375 
-0.032957 0.010522 
-0.033669 0.014519 
-0.033208 0.017687 
-0.031121 0.020478 
-0.030746 0.020821 
-0.030394 0.024141 
-0.026274 0.024949 
-0.022695 0.023042 
-0.020226 0.022566 
-0.016017 0.020154 
-0.011918 0.019105 
-0.009309 0.018378 
-0.004842 0.015654 
-0.001161 0.014033 
0.002877 0.011903 
0.006410 0.012038 
0.006842 0.010888 
0.010149 0.008844 
0.014216 0.008180 
0.017493 0.007155 
0.020116 0.006538 
0.021933 0.004582 
0.022855 0.004215 
0.024441 0.001439 
0.024207 0.000192 
0.022926 -0.001503 
0.025254 -0.004332 
0.024832 -0.006167 
0.022756 -0.008465 
0.020515 -0.008535 
0.018158 -0.013367 
0.015554 -0.015896 
0.012129 -0.018167 
0.011596 -0.020024 
0.009897 -0.021133 
0.007124 -0.024257 
0.005642 -0.024815 
0.002858 -0.025931 
0.002235 -0.024811 
0.002623 -0.023956 
0.000542 -0.021594 
-0.000615 -0.020679 
-0.000587 -0.019262 
-0.002800 -0.016505 
-0.006014 -0.016492 
-0.006075 -0.013318 
-0.008218 -0.010967 
-0.009342 -0.011363 
-0.010087 -0.010168 
-0.015222 -0.006243 
-0.016795 -0.005923 
-0.019293 -0.003946 
-0.020602 -0.000552 
-0.019715 -0.000354 
-0.023045 0.002658 
-0.024765 0.005853 
-0.023025 0.008723 
-0.022496 0.011309 
-0.021087 0.013720 
-0.019167 0.017031 
-0.018002 0.021697 
-0.014310 0.024732 
-0.013647 0.027088 
-0.010682 0.030166 
-0.007130 0.032442 
-0.006425 0.034673 
-0.003241 0.034423 
-0.001486 0.035950 
0.001065 0.036375 
0.002147 0.035843 
0.004938 0.036333 
0.006936 0.032698 
0.008396 0.031057 
0.013816 0.028736 
0.013323 0.025343 
0.014864 0.024093 
0.019083 0.018180 
0.020493 0.013907 
0.022747 0.014137 
0.025107 0.011048 
0.029238 0.007809 
0.032312 0.004713 
0.033305 -0.000690 
0.035059 -0.003087 
0.037157 -0.005497 
0.037313 -0.009281 
0.036454 -0.011852 
0.034956 -0.015816 
0.033015 -0.020679 
0.032226 -0.023067 
0.029629 -0.024514 
0.025866 -0.029353 
0.021947 -0.031245 
0.017857 -0.033239 
0.013651 -0.035028 
0.010841 -0.033552 
0.007906 -0.035082 
0.002658 -0.033816 
-0.000464 -0.032701 
-0.004129 -0.030728 
-0.007168 -0.027629 
-0.009053 -0.025750 
-0.013128 -0.022864 
-0.015305 -0.021010 
-0.016646 -0.016400 
-0.020276 -0.013301 
-0.023268 -0.011889 
-0.025144 -0.008644 
-0.028120 -0.004207 
-0.029169 -0.000665 
-0.029975 0.002690 
-0.032087 0.007373 
-0.034074 0.010503 
-0.036151 0.012536 
-0.035533 0.014342 
-0.033304 0.017540 
-0.031965 0.020093 
-0.030522 0.022268 
-0.027093 0.022226 
-0.024012 0.020006 
-0.021066 0.020730 
-0.016250 0.020790 
-0.013738 0.019170 
-0.010587 0.018405 
-0.005874 0.015804 
-0.002742 0.013444 
0.001553 0.013649 
0.004021 0.011057 
0.006684 0.009722 
0.010512 0.008398 
0.012743 0.006190 
0.014071 0.007073 
0.015662 0.005288 
0.019392 0.004455 
0.020549 0.004238 
0.021645 0.003134 
0.021975 0.001618 
0.021683 -0.001253 
0.021748 -0.002201 
0.020014 -0.004683 
0.019095 -0.007073 
0.016286 -0.010451 
0.014647 -0.013450 
0.013566 -0.014442 
0.012747 -0.018298 
0.010112 -0.020060 
0.007061 -0.021530 
0.004954 -0.023835 
0.001877 -0.024914 
0.002149 -0.024362 
0.001704 -0.024060 
-0.000083 -0.023684 
-0.002879 -0.020836 
-0.002638 -0.020670 
-0.004488 -0.018851 
-0.006608 -0.016924 
-0.004985 -0.014482 
-0.009119 -0.010959 
-0.011731 -0.011768 
-0.013378 -0.011086 
-0.017151 -0.009236 
-0.020420 -0.007192 
-0.021852 -0.005092 
-0.023041 -0.003817 
-0.026102 -0.001275 
-0.027463 0.001324 
-0.026476 0.003054 
-0.026945 0.006448 
-0.027577 0.008975 
-0.025146 0.011517 
-0.024285 0.015246 
-0.021091 0.018806 
-0.017799 0.023816 
-0.016699 0.026232 
-0.014346 0.028580 
-0.012963 0.031106 
-0.009963 0.034500 
-0.007340 0.036533 
-0.005622 0.036028 
-0.002462 0.036613 
-0.001174 0.036396 
-0.000371 0.038198 
0.002330 0.036377 
0.003362 0.033116 
0.005089 0.032490 
0.008145 0.029094 
0.010498 0.025813 
0.012316 0.024786 
0.015647 0.020601 
0.020217 0.016311 
0.023751 0.015532 
0.026781 0.012225 
0.028753 0.008862 
0.033533 0.005231 
0.036085 0.002534 
0.037413 -0.000031 
0.038832 -0.005164 
0.037861 -0.008792 
0.037670 -0.012880 
0.034700 -0.016365 
0.033485 -0.019226 
0.031035 -0.022976 
0.027446 -0.025428 
0.026793 -0.028169 
0.023684 -0.030021 
0.018292 -0.030986 
0.014896 -0.033748 
0.013461 -0.033827 
0.009438 -0.033102 
0.005250 -0.033463 
0.001886 -0.032539 
-0.001462 -0.031002 
-0.005309 -0.030094 
-0.007010 -0.028163 
-0.009030 -0.024323 
-0.013472 -0.022157 
-0.015052 -0.019318 
-0.017779 -0.015901 
-0.020778 -0.011030 
-0.022911 -0.008167 
-0.026973 -0.005722 
-0.031295 -0.002338 
-0.030923 0.000166 
-0.031667 0.006791 
-0.035189 0.009417 
-0.032711 0.012059 
-0.031777 0.014638 
-0.031370 0.015480 
-0.030903 0.018775 
-0.029453 0.019996 
-0.024755 0.020333 
-0.024040 0.019666 
-0.021154 0.019449 
-0.018278 0.017897 
-0.015637 0.017841 
-0.009978 0.017283 
-0.006260 0.015060 
-0.003466 0.015350 
-0.000024 0.012928 
0.003572 0.010093 
0.006720 0.008768 
0.010538 0.007732 
0.012470 0.007752 
0.015816 0.006621 
0.018360 0.004994 
0.018908 0.005031 
0.020999 0.003411 
0.020285 0.002220 
0.022458 0.000297 
0.022866 -0.001772 
0.020586 -0.002125 
0.019480 -0.005612 
0.017502 -0.009095 
0.017621 -0.013644 
0.014408 -0.014232 
0.012849 -0.015554 
0.011509 -0.019958 
0.008298 -0.019553 
0.008602 -0.022727 
0.006180 -0.023970 
0.004719 -0.023969 
0.003487 -0.025732 
0.001492 -0.024163 
0.001610 -0.023233 
0.000280 -0.021304 
-0.000679 -0.019930 
-0.002804 -0.018757 
-0.005222 -0.016605 
-0.005815 -0.016439 
-0.008689 -0.015076 
