-0.000824 0.039641 
-0.001623 0.036529 
-0.001788 0.033595 
0.002968 0.030507 
0.006744 0.026388 
0.010695 0.023671 
0.014469 0.019940 
0.020608 0.014975 
0.026661 0.012607 
0.031542 0.009132 
0.037852 0.005113 
0.040817 0.002159 
0.045492 0.000306 
0.049261 -0.001703 
0.050227 -0.004055 
0.050234 -0.006180 
0.048927 -0.008089 
0.046900 -0.009114 
0.043561 -0.008295 
0.040366 -0.008554 
0.035652 -0.010796 
0.030608 -0.011036 
0.026503 -0.011302 
0.021004 -0.011024 
0.017087 -0.009368 
0.013749 -0.009419 
0.007919 -0.009041 
0.005230 -0.009070 
0.002236 -0.009465 
-0.000355 -0.009131 
-0.000797 -0.010482 
-0.004325 -0.010951 
-0.006678 -0.012241 
-0.008926 -0.014699 
-0.011580 -0.017187 
-0.011618 -0.019021 
-0.012391 -0.021591 
-0.014383 -0.024630 
-0.013737 -0.024950 
-0.013952 -0.028674 
-0.015673 -0.030320 
-0.014886 -0.030135 
-0.014707 -0.030860 
-0.014358 -0.031087 
-0.012404 -0.031554 
-0.012615 -0.029132 
-0.012346 -0.028342 
-0.010214 -0.026361 
-0.011405 -0.024050 
-0.013726 -0.021628 
-0.015211 -0.019732 
-0.016120 -0.018838 
-0.017881 -0.017371 
-0.020318 -0.017507 
-0.022040 -0.016632 
-0.023547 -0.017225 
-0.025082 -0.017029 
-0.028290 -0.017768 
-0.029755 -0.018087 
-0.031376 -0.016126 
-0.032983 -0.015896 
-0.032941 -0.014448 
-0.032725 -0.012180 
-0.031520 -0.008701 
-0.029983 -0.003892 
-0.030217 0.000248 
-0.029403 0.004759 
-0.024502 0.010455 
-0.023588 0.013984 
-0.021642 0.018058 
-0.018332 0.021646 
-0.017475 0.022781 
-0.015045 0.025427 
-0.013210 0.025249 
-0.012066 0.023350 
-0.012056 0.020190 
-0.011631 0.016056 
-0.011800 0.013470 
-0.010528 0.009358 
-0.009709 0.006244 
-0.009312 0.001906 
-0.007258 -0.002159 
-0.004504 -0.001954 
-0.000503 -0.003554 
0.001902 -0.004475 
0.006869 -0.004259 
0.011435 -0.004047 
0.016100 -0.003082 
0.020100 -0.001580 
0.021988 -0.000754 
0.025859 -0.001528 
0.026412 0.000244 
0.027046 -0.001251 
0.027468 -0.004460 
0.024577 -0.006440 
0.022746 -0.008132 
0.018859 -0.009458 
0.012921 -0.011595 
0.008656 -0.012561 
0.004433 -0.013393 
0.001302 -0.011463 
-0.002278 -0.009747 
-0.005156 -0.006344 
-0.006887 -0.002051 
-0.007567 0.002886 
-0.005475 0.008702 
-0.005996 0.012183 
-0.005343 0.019703 
-0.002749 0.025688 
-0.001988 0.030455 
-0.001530 0.035824 
0.000174 0.039162 
0.000263 0.041124 
-0.000661 0.042267 
-0.000743 0.043007 
-0.002571 0.043750 
-0.002957 0.043869 
-0.004067 0.040048 
-0.003528 0.038990 
-0.002349 0.037292 
-0.001781 0.035011 
0.000632 0.033193 
0.003459 0.028296 
0.008539 0.026168 
0.011835 0.022544 
0.016374 0.018725 
0.022868 0.016476 
0.029322 0.013114 
0.034868 0.008819 
0.038136 0.005194 
0.041757 0.002985 
0.044692 -0.000397 
0.047188 -0.003239 
0.047287 -0.006271 
0.045469 -0.008357 
0.045960 -0.009669 
0.044383 -0.010761 
0.039471 -0.010732 
0.038042 -0.010929 
0.034043 -0.010202 
0.028626 -0.010398 
0.025978 -0.011181 
0.021018 -0.010930 
0.018206 -0.008612 
0.014258 -0.007424 
0.008842 -0.007449 
0.006731 -0.007806 
0.003812 -0.010072 
0.000372 -0.009636 
-0.001576 -0.011008 
-0.004870 -0.012554 
-0.007205 -0.013858 
-0.007947 -0.016207 
-0.010797 -0.018275 
-0.012715 -0.021983 
-0.013015 -0.023411 
-0.012702 -0.026251 
-0.013069 -0.026912 
-0.013945 -0.028887 
-0.014426 -0.031050 
-0.014236 -0.029892 
-0.013548 -0.031389 
-0.013625 -0.029176 
-0.013522 -0.028193 
-0.013808 -0.026798 
-0.012916 -0.023129 
-0.012357 -0.022409 
-0.013765 -0.021508 
-0.014631 -0.019014 
-0.016106 -0.017313 
-0.018237 -0.016972 
-0.019214 -0.016364 
-0.020396 -0.017765 
-0.023028 -0.017935 
-0.025576 -0.018131 
-0.026710 -0.018696 
-0.028913 -0.017218 
-0.031418 -0.016978 
-0.031567 -0.016577 
-0.031562 -0.014686 
-0.031321 -0.011899 
-0.033015 -0.007421 
-0.032205 -0.002472 
-0.028969 0.002534 
-0.028262 0.008239 
-0.025179 0.012906 
-0.024074 0.017384 
-0.023005 0.020301 
-0.019509 0.022991 
-0.018504 0.026034 
-0.016975 0.026825 
-0.015385 0.026700 
-0.014750 0.025508 
-0.013531 0.022482 
-0.015071 0.019008 
-0.015078 0.015977 
-0.012952 0.011463 
-0.013964 0.008806 
-0.011513 0.006476 
-0.010083 0.002433 
-0.008948 0.000920 
-0.004191 0.000792 
-0.000369 -0.000243 
0.003923 -0.001524 
0.008349 -0.002176 
0.013271 -0.001981 
0.016650 -0.000572 
0.021552 0.000449 
0.024093 0.001480 
0.025131 0.000204 
0.027181 -0.001633 
0.025191 -0.002728 
0.023719 -0.005362 
0.019523 -0.007840 
0.015840 -0.009905 
0.012250 -0.011596 
0.007697 -0.013046 
0.004400 -0.011444 
-0.000938 -0.011805 
-0.003176 -0.010993 
-0.004772 -0.006672 
-0.007309 -0.004359 
-0.007573 0.000626 
-0.005687 0.005517 
-0.006395 0.010577 
-0.007438 0.016372 
-0.005503 0.021346 
-0.005067 0.027146 
-0.003103 0.031879 
-0.002054 0.035728 
-0.003573 0.038312 
-0.004344 0.039060 
-0.005821 0.040656 
-0.006594 0.041527 
-0.006773 0.040749 
-0.008124 0.041138 
-0.007723 0.039021 
-0.007582 0.036735 
-0.006702 0.036222 
-0.002636 0.033102 
-0.001124 0.029530 
0.002028 0.026957 
0.007172 0.022981 
0.011077 0.018471 
0.016936 0.014657 
0.023727 0.011781 
0.030302 0.009585 
0.035212 0.005876 
0.038346 0.002645 
0.040979 -0.000381 
0.043605 -0.003191 
0.045729 -0.005419 
0.046200 -0.007710 
0.044486 -0.008504 
0.043072 -0.008605 
0.041058 -0.009023 
0.036887 -0.010419 
0.033984 -0.011663 
0.030299 -0.012604 
0.025277 -0.011146 
0.022515 -0.009994 
0.020006 -0.010544 
0.015449 -0.009868 
0.012056 -0.009829 
0.009081 -0.009533 
0.004554 -0.009680 
0.001030 -0.007813 
-0.000709 -0.008334 
-0.003220 -0.012754 
-0.005473 -0.014073 
-0.007503 -0.016515 
-0.009786 -0.018068 
-0.008534 -0.019366 
-0.010661 -0.022594 
-0.011644 -0.024487 
-0.009093 -0.026605 
-0.011735 -0.028965 
-0.012628 -0.030628 
-0.010963 -0.030304 
-0.010224 -0.030322 
-0.010408 -0.029183 
-0.010287 -0.028073 
-0.009661 -0.027571 
-0.009168 -0.024875 
-0.011359 -0.022635 
-0.012059 -0.020252 
-0.011326 -0.020239 
-0.015047 -0.019316 
-0.015361 -0.018010 
-0.017809 -0.018769 
-0.019975 -0.019273 
-0.019856 -0.019493 
-0.023345 -0.019461 
-0.024247 -0.020212 
-0.026585 -0.020324 
-0.029619 -0.021209 
-0.030847 -0.017861 
-0.031487 -0.015590 
-0.033009 -0.014157 
-0.032014 -0.010419 
-0.029898 -0.007264 
-0.031093 -0.000545 
-0.027834 0.004121 
-0.026099 0.010130 
-0.024979 0.013931 
-0.020286 0.017323 
-0.019787 0.021583 
-0.018213 0.024223 
-0.016625 0.027036 
-0.016505 0.024482 
-0.013925 0.025033 
-0.014211 0.023024 
-0.015262 0.018586 
-0.014041 0.016172 
-0.013671 0.012704 
-0.013440 0.010032 
-0.012669 0.006243 
-0.012136 0.005038 
-0.009428 0.001973 
-0.005435 -0.000952 
-0.001324 0.001105 
0.002701 0.000132 
0.007648 -0.001775 
0.013832 0.000497 
0.016220 0.000468 
0.020519 -0.001453 
0.024289 -0.001521 
0.025774 -0.002041 
0.027300 -0.004172 
0.026119 -0.005790 
0.026328 -0.007336 
0.023496 -0.010601 
0.019812 -0.011911 
0.014752 -0.013500 
0.010103 -0.015321 
0.007734 -0.015644 
0.002317 -0.014124 
-0.001712 -0.012829 
-0.002324 -0.011278 
-0.001722 -0.007328 
-0.005430 -0.003569 
-0.007262 0.001910 
-0.005398 0.005627 
-0.002830 0.011084 
-0.001755 0.016854 
-0.003528 0.020828 
-0.002345 0.026014 
-0.000684 0.028577 
-0.001225 0.033281 
-0.003951 0.037274 
-0.004047 0.039146 
-0.005273 0.040292 
-0.008535 0.039597 
-0.010331 0.039384 
-0.010578 0.038964 
-0.007787 0.038702 
-0.008433 0.037214 
-0.007734 0.034224 
-0.003336 0.030357 
-0.000958 0.027791 
0.003363 0.025441 
0.011287 0.021349 
0.018045 0.018551 
0.024049 0.014365 
0.028099 0.009993 
0.032078 0.007932 
0.036993 0.005065 
0.039647 0.001684 
0.043886 -0.001448 
0.045624 -0.003201 
0.044819 -0.004453 
0.043989 -0.006567 
0.044227 -0.008388 
0.043618 -0.009197 
0.039641 -0.009413 
0.036529 -0.009448 
0.033595 -0.009454 
0.030507 -0.009416 
0.026388 -0.010519 
0.023671 -0.011750 
0.019940 -0.008565 
0.014975 -0.008033 
0.012607 -0.010294 
0.009132 -0.008289 
0.005113 -0.008428 
0.002159 -0.010063 
0.000306 -0.010084 
-0.001703 -0.012486 
-0.004055 -0.013996 
-0.006180 -0.015402 
-0.008089 -0.020118 
-0.009114 -0.021955 
-0.008295 -0.023728 
-0.008554 -0.025611 
-0.010796 -0.027478 
-0.011036 -0.030532 
-0.011302 -0.030981 
-0.011024 -0.030950 
-0.009368 -0.030253 
-0.009419 -0.030857 
-0.009041 -0.028436 
-0.009070 -0.025169 
-0.009465 -0.023694 
-0.009131 -0.021842 
-0.010482 -0.021410 
-0.010951 -0.019327 
-0.012241 -0.017728 
-0.014699 -0.018516 
-0.017187 -0.020975 
-0.019021 -0.021457 
-0.021591 -0.023104 
-0.024630 -0.024548 
-0.024950 -0.025421 
-0.028674 -0.026080 
-0.030320 -0.024598 
-0.030135 -0.023340 
-0.030860 -0.018113 
-0.031087 -0.014910 
-0.031554 -0.010313 
-0.029132 -0.004567 
-0.028342 0.000588 
-0.026361 0.005771 
-0.024050 0.008675 
-0.021628 0.015747 
-0.019732 0.019605 
-0.018838 0.020807 
-0.017371 0.023212 
-0.017507 0.023514 
-0.016632 0.021332 
-0.017225 0.020780 
-0.017029 0.018360 
-0.017768 0.013165 
-0.018087 0.011775 
-0.016126 0.008937 
-0.015896 0.006185 
-0.014448 0.003493 
-0.012180 0.002143 
-0.008701 0.002514 
-0.003892 0.000496 
0.000248 0.001052 
0.004759 0.002839 
0.010455 0.001729 
0.013984 0.001982 
0.018058 0.002672 
0.021646 0.000928 
0.022781 -0.000156 
0.025427 -0.002680 
0.025249 -0.005247 
0.023350 -0.007489 
0.020190 -0.010782 
0.016056 -0.013261 
0.013470 -0.014324 
0.009358 -0.015339 
0.006244 -0.017421 
0.001906 -0.016739 
-0.002159 -0.014804 
-0.001954 -0.012609 
-0.003554 -0.008486 
-0.004475 -0.005218 
-0.004259 -0.001800 
-0.004047 0.004352 
-0.003082 0.010541 
-0.001580 0.017481 
-0.000754 0.022117 
-0.001528 0.025410 
0.000244 0.031011 
-0.001251 0.033147 
-0.004460 0.036441 
-0.006440 0.040646 
-0.008132 0.042441 
-0.009458 0.042084 
-0.011595 0.040575 
-0.012561 0.041272 
-0.013393 0.040155 
-0.011463 0.038128 
-0.009747 0.037290 
-0.006344 0.035068 
-0.002051 0.032072 
0.002886 0.028887 
0.008702 0.024745 
0.012183 0.021919 
0.019703 0.018021 
0.025688 0.015175 
0.030455 0.012781 
0.035824 0.006779 
0.039162 0.005622 
0.041124 0.005422 
0.042267 0.001183 
0.043007 -0.001826 
0.043750 -0.003673 
0.043869 -0.004848 
0.040048 -0.004965 
0.038990 -0.007337 
0.037292 -0.008653 
0.035011 -0.008473 
0.033193 -0.009147 
0.028296 -0.007791 
0.026168 -0.007687 
0.022544 -0.006231 
0.018725 -0.005785 
0.016476 -0.005768 
0.013114 -0.004130 
0.008819 -0.004768 
0.005194 -0.005819 
0.002985 -0.007052 
-0.000397 -0.007573 
-0.003239 -0.011529 
-0.006271 -0.014727 
-0.008357 -0.016948 
-0.009669 -0.020939 
-0.010761 -0.023018 
-0.010732 -0.025757 
-0.010929 -0.027835 
-0.010202 -0.028211 
-0.010398 -0.028275 
-0.011181 -0.029550 
-0.010930 -0.028778 
-0.008612 -0.027303 
-0.007424 -0.026162 
-0.007449 -0.023538 
-0.007806 -0.021333 
-0.010072 -0.019430 
-0.009636 -0.017879 
-0.011008 -0.016856 
-0.012554 -0.018234 
-0.013858 -0.018864 
-0.016207 -0.019701 
-0.018275 -0.021780 
-0.021983 -0.022457 
-0.023411 -0.022762 
-0.026251 -0.024319 
-0.026912 -0.024985 
-0.028887 -0.022240 
-0.031050 -0.020877 
-0.029892 -0.018698 
-0.031389 -0.013466 
-0.029176 -0.008370 
-0.028193 -0.003549 
-0.026798 0.001747 
-0.023129 0.006445 
-0.022409 0.012930 
-0.021508 0.017227 
-0.019014 0.019010 
-0.017313 0.024182 
-0.016972 0.024423 
-0.016364 0.024335 
-0.017765 0.025008 
-0.017935 0.022458 
-0.018131 0.018889 
-0.018696 0.015807 
-0.017218 0.015151 
-0.016978 0.011907 
-0.016577 0.009925 
-0.014686 0.007942 
-0.011899 0.006581 
-0.007421 0.007395 
-0.002472 0.008217 
0.002534 0.008664 
0.008239 0.007836 
0.012906 0.009848 
0.017384 0.010787 
0.020301 0.009941 
0.022991 0.008508 
0.026034 0.007034 
0.026825 0.003801 
0.026700 -0.000566 
0.025508 -0.002453 
0.022482 -0.005681 
0.019008 -0.009549 
0.015977 -0.012177 
0.011463 -0.013923 
0.008806 -0.015016 
0.006476 -0.014541 
0.002433 -0.012837 
0.000920 -0.010934 
0.000792 -0.008573 
-0.000243 -0.004606 
-0.001524 -0.000806 
-0.002176 0.004729 
-0.001981 0.010458 
-0.000572 0.014648 
0.000449 0.020847 
0.001480 0.024369 
0.000204 0.029282 
-0.001633 0.032023 
-0.002728 0.034380 
-0.005362 0.039773 
-0.007840 0.040496 
-0.009905 0.040539 
-0.011596 0.039855 
-0.013046 0.040451 
-0.011444 0.039791 
-0.011805 0.039084 
-0.010993 0.038695 
-0.006672 0.035783 
-0.004359 0.033492 
0.000626 0.030148 
0.005517 0.027585 
0.010577 0.024619 
0.016372 0.021213 
0.021346 0.016804 
0.027146 0.012490 
0.031879 0.008810 
0.035728 0.006362 
0.038312 0.003787 
0.039060 -0.000534 
0.040656 -0.002305 
0.041527 -0.004260 
0.040749 -0.006118 
0.041138 -0.008661 
0.039021 -0.008777 
0.036735 -0.008657 
0.036222 -0.010200 
0.033102 -0.008616 
0.029530 -0.009040 
0.026957 -0.008187 
0.022981 -0.006613 
0.018471 -0.006469 
0.014657 -0.007005 
0.011781 -0.006939 
0.009585 -0.006132 
0.005876 -0.008589 
0.002645 -0.009352 
-0.000381 -0.011478 
-0.003191 -0.014469 
-0.005419 -0.015677 
-0.007710 -0.019962 
-0.008504 -0.021917 
-0.008605 -0.023535 
-0.009023 -0.027478 
-0.010419 -0.028576 
-0.011663 -0.029876 
-0.012604 -0.031098 
-0.011146 -0.030375 
-0.009994 -0.029777 
-0.010544 -0.026795 
-0.009868 -0.025527 
-0.009829 -0.026500 
-0.009533 -0.024676 
-0.009680 -0.022707 
-0.007813 -0.021420 
-0.008334 -0.022382 
-0.012754 -0.022174 
-0.014073 -0.022808 
-0.016515 -0.024904 
-0.018068 -0.024004 
-0.019366 -0.026913 
-0.022594 -0.029395 
-0.024487 -0.028739 
-0.026605 -0.027217 
-0.028965 -0.026115 
-0.030628 -0.024717 
-0.030304 -0.019990 
-0.030322 -0.016265 
-0.029183 -0.012360 
-0.028073 -0.006844 
-0.027571 -0.001201 
-0.024875 0.004011 
-0.022635 0.009890 
-0.020252 0.013291 
-0.020239 0.016408 
-0.019316 0.020384 
-0.018010 0.020361 
-0.018769 0.020522 
-0.019273 0.020103 
-0.019493 0.018954 
-0.019461 0.016100 
-0.020212 0.014512 
-0.020324 0.013271 
-0.021209 0.008928 
-0.017861 0.008370 
-0.015590 0.007404 
-0.014157 0.006043 
-0.010419 0.006207 
-0.007264 0.005422 
-0.000545 0.005711 
0.004121 0.005766 
0.010130 0.006901 
0.013931 0.008385 
0.017323 0.006735 
0.021583 0.005179 
0.024223 0.003400 
0.027036 0.000886 
0.024482 -0.001518 
0.025033 -0.005259 
0.023024 -0.007377 
0.018586 -0.009684 
0.016172 -0.013764 
0.012704 -0.015225 
0.010032 -0.015140 
0.006243 -0.016910 
0.005038 -0.015876 
0.001973 -0.013831 
-0.000952 -0.013653 
0.001105 -0.009235 
0.000132 -0.003396 
-0.001775 -0.000121 
0.000497 0.003861 
0.000468 0.009368 
-0.001453 0.013624 
-0.001521 0.018343 
-0.002041 0.022959 
-0.004172 0.026212 
-0.005790 0.028759 
-0.007336 0.032937 
-0.010601 0.036517 
-0.011911 0.037862 
-0.013500 0.040349 
-0.015321 0.038371 
-0.015644 0.038630 
-0.014124 0.040448 
-0.012829 0.038086 
-0.011278 0.036252 
-0.007328 0.033881 
-0.003569 0.030434 
0.001910 0.028231 
0.005627 0.027931 
0.011084 0.022514 
0.016854 0.018570 
0.020828 0.016341 
0.026014 0.012074 
0.028577 0.009106 
0.033281 0.004970 
0.037274 0.003140 
0.039146 0.001404 
0.040292 -0.001216 
0.039597 -0.004146 
0.039384 -0.005699 
0.038964 -0.005262 
0.038702 -0.006158 
0.037214 -0.007897 
0.034224 -0.007477 
0.030357 -0.006118 
0.027791 -0.006688 
0.025441 -0.005915 
0.021349 -0.004530 
0.018551 -0.004249 
0.014365 -0.004684 
0.009993 -0.003991 
0.007932 -0.003961 
0.005065 -0.006488 
0.001684 -0.008894 
-0.001448 -0.010683 
-0.003201 -0.013485 
-0.004453 -0.016339 
-0.006567 -0.020155 
-0.008388 -0.023339 
-0.009197 -0.023328 
-0.009413 -0.026121 
-0.009448 -0.027093 
-0.009454 -0.026848 
-0.009416 -0.026323 
-0.010519 -0.025133 
-0.011750 -0.025677 
-0.008565 -0.022758 
-0.008033 -0.021473 
-0.010294 -0.021184 
-0.008289 -0.020053 
-0.008428 -0.018371 
-0.010063 -0.018495 
-0.010084 -0.020080 
-0.012486 -0.020624 
-0.013996 -0.023157 
-0.015402 -0.024273 
-0.020118 -0.024967 
-0.021955 -0.025242 
-0.023728 -0.025823 
-0.025611 -0.026186 
-0.027478 -0.024882 
-0.030532 -0.023346 
-0.030981 -0.021214 
-0.030950 -0.017626 
-0.030253 -0.011651 
-0.030857 -0.007748 
-0.028436 -0.002610 
-0.025169 0.003873 
-0.023694 0.006801 
-0.021842 0.011896 
-0.021410 0.017274 
-0.019327 0.017733 
-0.017728 0.018328 
-0.018516 0.020700 
-0.020975 0.020661 
-0.021457 0.018092 
-0.023104 0.017318 
-0.024548 0.015753 
-0.025421 0.012687 
-0.026080 0.011735 
-0.024598 0.009497 
-0.023340 0.009275 
-0.018113 0.009223 
-0.014910 0.007504 
-0.010313 0.007919 
-0.004567 0.007953 
0.000588 0.008152 
0.005771 0.006807 
0.008675 0.006830 
0.015747 0.007757 
0.019605 0.005193 
0.020807 0.002679 
0.023212 0.000829 
0.023514 -0.001377 
0.021332 -0.005260 
0.020780 -0.008562 
0.018360 -0.010385 
0.013165 -0.013758 
0.011775 -0.015494 
0.008937 -0.015191 
0.006185 -0.017019 
0.003493 -0.018119 
0.002143 -0.016210 
0.002514 -0.013754 
0.000496 -0.010075 
0.001052 -0.006810 
0.002839 -0.004513 
0.001729 0.000270 
0.001982 0.005295 
0.002672 0.009475 
0.000928 0.015233 
-0.000156 0.019543 
-0.002680 0.022518 
-0.005247 0.027701 
-0.007489 0.031260 
-0.010782 0.034432 
-0.013261 0.037076 
-0.014324 0.037556 
-0.015339 0.040170 
-0.017421 0.040579 
-0.016739 0.039220 
-0.014804 0.037500 
-0.012609 0.036641 
-0.008486 0.035572 
-0.005218 0.031298 
-0.001800 0.029541 
0.004352 0.027152 
0.010541 0.024670 
0.017481 0.022947 
0.022117 0.020449 
0.025410 0.017304 
0.031011 0.013341 
0.033147 0.009691 
0.036441 0.005905 
0.040646 0.005510 
0.042441 0.002791 
0.042084 -0.000717 
0.040575 -0.002730 
0.041272 -0.004634 
0.040155 -0.004814 
0.038128 -0.005815 
0.037290 -0.004448 
0.035068 -0.005297 
0.032072 -0.004639 
0.028887 -0.002038 
0.024745 -0.002516 
0.021919 -0.001045 
0.018021 -0.000468 
0.015175 -0.000872 
0.012781 -0.003641 
0.006779 -0.005098 
0.005622 -0.004881 
0.005422 -0.008286 
0.001183 -0.010507 
-0.001826 -0.013104 
-0.003673 -0.017039 
-0.004848 -0.020765 
-0.004965 -0.023496 
-0.007337 -0.025847 
-0.008653 -0.027214 
-0.008473 -0.026464 
-0.009147 -0.026869 
-0.007791 -0.027238 
-0.007687 -0.026340 
-0.006231 -0.023511 
-0.005785 -0.022079 
-0.005768 -0.020102 
-0.004130 -0.017884 
-0.004768 -0.019384 
-0.005819 -0.019175 
-0.007052 -0.019995 
-0.007573 -0.020883 
-0.011529 -0.020863 
-0.014727 -0.023261 
-0.016948 -0.026977 
-0.020939 -0.028191 
-0.023018 -0.028342 
-0.025757 -0.030461 
-0.027835 -0.028722 
-0.028211 -0.026537 
-0.028275 -0.024209 
-0.029550 -0.020952 
-0.028778 -0.017099 
-0.027303 -0.010546 
-0.026162 -0.005357 
-0.023538 -0.000533 
-0.021333 0.004297 
-0.019430 0.007991 
-0.017879 0.011422 
-0.016856 0.014459 
-0.018234 0.015237 
-0.018864 0.015913 
-0.019701 0.016599 
-0.021780 0.015554 
-0.022457 0.014278 
-0.022762 0.012167 
-0.024319 0.008936 
-0.024985 0.007821 
-0.022240 0.009683 
-0.020877 0.009497 
-0.018698 0.009094 
-0.013466 0.008664 
-0.008370 0.007912 
-0.003549 0.008687 
0.001747 0.009253 
0.006445 0.008507 
0.012930 0.007729 
0.017227 0.007039 
0.019010 0.004287 
0.024182 0.002759 
0.024423 0.000142 
0.024335 -0.001990 
0.025008 -0.004032 
0.022458 -0.008805 
0.018889 -0.011572 
0.015807 -0.014027 
0.015151 -0.017179 
0.011907 -0.019007 
0.009925 -0.018649 
0.007942 -0.018876 
0.006581 -0.017263 
0.007395 -0.015398 
0.008217 -0.013210 
0.008664 -0.008890 
0.007836 -0.005978 
0.009848 -0.000032 
0.010787 0.003839 
0.009941 0.006768 
0.008508 0.012707 
0.007034 0.017338 
0.003801 0.023036 
-0.000566 0.027531 
-0.002453 0.030655 
-0.005681 0.034031 
-0.009549 0.035759 
-0.012177 0.037867 
-0.013923 0.040141 
-0.015016 0.040935 
-0.014541 0.040234 
-0.012837 0.039803 
-0.010934 0.039452 
-0.008573 0.037845 
-0.004606 0.037018 
-0.000806 0.033838 
0.004729 0.032551 
0.010458 0.032035 
0.014648 0.027740 
0.020847 0.024474 
0.024369 0.019680 
0.029282 0.017140 
0.032023 0.015000 
0.034380 0.010824 
0.039773 0.008556 
0.040496 0.005313 
0.040539 0.001088 
0.039855 -0.000540 
0.040451 -0.001604 
0.039791 -0.004315 
0.039084 -0.003725 
0.038695 -0.003938 
0.035783 -0.005505 
0.033492 -0.003963 
0.030148 -0.001913 
0.027585 -0.001878 
0.024619 0.000046 
0.021213 0.002242 
0.016804 0.000498 
0.012490 0.000129 
0.008810 -0.001115 
0.006362 -0.002780 
0.003787 -0.005341 
-0.000534 -0.008539 
-0.002305 -0.012665 
-0.004260 -0.017070 
-0.006118 -0.018993 
-0.008661 -0.022998 
-0.008777 -0.025285 
-0.008657 -0.027265 
-0.010200 -0.026789 
-0.008616 -0.026426 
-0.009040 -0.027372 
-0.008187 -0.023770 
-0.006613 -0.021726 
-0.006469 -0.020220 
-0.007005 -0.018975 
-0.006939 -0.018765 
-0.006132 -0.018968 
-0.008589 -0.018510 
-0.009352 -0.018992 
-0.011478 -0.020341 
-0.014469 -0.022538 
-0.015677 -0.026115 
-0.019962 -0.027816 
-0.021917 -0.030534 
-0.023535 -0.031172 
-0.027478 -0.031749 
-0.028576 -0.032093 
-0.029876 -0.030669 
-0.031098 -0.028689 
-0.030375 -0.023816 
-0.029777 -0.018600 
-0.026795 -0.011395 
-0.025527 -0.006645 
-0.026500 -0.002354 
-0.024676 0.004495 
-0.022707 0.008639 
-0.021420 0.011531 
-0.022382 0.015223 
-0.022174 0.016844 
-0.022808 0.014979 
-0.024904 0.015133 
-0.024004 0.014010 
-0.026913 0.012883 
-0.029395 0.012129 
-0.028739 0.010141 
-0.027217 0.010904 
-0.026115 0.008338 
-0.024717 0.008658 
-0.019990 0.010426 
-0.016265 0.008555 
-0.012360 0.009968 
-0.006844 0.011205 
-0.001201 0.011778 
0.004011 0.011099 
0.009890 0.009892 
0.013291 0.009454 
0.016408 0.007776 
0.020384 0.005691 
0.020361 0.002495 
0.020522 -0.001546 
0.020103 -0.004573 
0.018954 -0.008083 
0.016100 -0.012582 
0.014512 -0.014764 
0.013271 -0.017701 
0.008928 -0.019844 
0.008370 -0.019853 
0.007404 -0.019213 
0.006043 -0.017969 
0.006207 -0.017763 
0.005422 -0.014887 
0.005711 -0.011559 
0.005766 -0.008683 
0.006901 -0.005327 
0.008385 -0.000536 
0.006735 0.003352 
0.005179 0.006783 
0.003400 0.012471 
0.000886 0.016331 
-0.001518 0.021211 
-0.005259 0.023503 
-0.007377 0.027095 
-0.009684 0.031866 
-0.013764 0.033194 
-0.015225 0.036163 
-0.015140 0.036706 
-0.016910 0.037706 
-0.015876 0.039292 
-0.013831 0.039247 
-0.013653 0.037890 
-0.009235 0.036782 
-0.003396 0.035439 
-0.000121 0.032302 
0.003861 0.030486 
0.009368 0.027140 
0.013624 0.024079 
0.018343 0.019923 
0.022959 0.015959 
0.026212 0.013006 
0.028759 0.008998 
0.032937 0.007003 
0.036517 0.002869 
0.037862 -0.000148 
0.040349 -0.001771 
0.038371 -0.003577 
0.038630 -0.003706 
0.040448 -0.005572 
0.038086 -0.005833 
0.036252 -0.004174 
0.033881 -0.002866 
0.030434 -0.001936 
0.028231 -0.000650 
0.027931 -0.000488 
0.022514 -0.001766 
0.018570 -0.000876 
0.016341 -0.002030 
0.012074 -0.002849 
0.009106 -0.004673 
0.004970 -0.008267 
0.003140 -0.009085 
0.001404 -0.014923 
-0.001216 -0.017945 
-0.004146 -0.018158 
-0.005699 -0.022641 
-0.005262 -0.024929 
-0.006158 -0.025709 
-0.007897 -0.025502 
-0.007477 -0.026516 
-0.006118 -0.025506 
-0.006688 -0.023567 
-0.005915 -0.023187 
-0.004530 -0.020486 
-0.004249 -0.019953 
-0.004684 -0.020611 
-0.003991 -0.020330 
-0.003961 -0.020093 
-0.006488 -0.020588 
-0.008894 -0.022312 
-0.010683 -0.024964 
-0.013485 -0.027796 
-0.016339 -0.030254 
-0.020155 -0.033359 
-0.023339 -0.033361 
-0.023328 -0.031716 
-0.026121 -0.031734 
-0.027093 -0.030536 
-0.026848 -0.027941 
-0.026323 -0.022927 
-0.025133 -0.017868 
-0.025677 -0.013879 
-0.022758 -0.007808 
-0.021473 -0.002618 
-0.021184 0.002931 
-0.020053 0.007605 
-0.018371 0.009987 
-0.018495 0.013376 
-0.020080 0.014235 
-0.020624 0.014349 
-0.023157 0.015232 
-0.024273 0.014364 
-0.024967 0.014113 
-0.025242 0.013782 
-0.025823 0.012181 
-0.026186 0.012384 
-0.024882 0.012077 
-0.023346 0.010977 
-0.021214 0.011576 
-0.017626 0.012767 
-0.011651 0.013423 
-0.007748 0.012197 
-0.002610 0.013682 
0.003873 0.014136 
0.006801 0.012268 
0.011896 0.011418 
0.017274 0.008848 
0.017733 0.006971 
0.018328 0.004935 
0.020700 0.001953 
0.020661 -0.002112 
0.018092 -0.006715 
0.017318 -0.010974 
0.015753 -0.011494 
0.012687 -0.013182 
0.011735 -0.016760 
0.009497 -0.017595 
0.009275 -0.019437 
0.009223 -0.017393 
0.007504 -0.017433 
0.007919 -0.017009 
0.007953 -0.013816 
0.008152 -0.011092 
0.006807 -0.006696 
0.006830 -0.003765 
0.007757 0.001019 
0.005193 0.004483 
0.002679 0.010193 
0.000829 0.015424 
-0.001377 0.019037 
-0.005260 0.023666 
-0.008562 0.026238 
-0.010385 0.029962 
-0.013758 0.032911 
-0.015494 0.034774 
-0.015191 0.035783 
-0.017019 0.038767 
-0.018119 0.039489 
-0.016210 0.039133 
-0.013754 0.038923 
-0.010075 0.037138 
-0.006810 0.036195 
-0.004513 0.034259 
0.000270 0.033550 
0.005295 0.030695 
0.009475 0.027669 
0.015233 0.023644 
0.019543 0.019472 
0.022518 0.016007 
0.027701 0.012491 
0.031260 0.010487 
0.034432 0.005294 
0.037076 0.001848 
0.037556 0.000399 
0.040170 -0.001466 
0.040579 -0.002544 
0.039220 -0.002347 
0.037500 -0.002160 
0.036641 -0.001148 
0.035572 -0.000733 
0.031298 -0.000293 
0.029541 0.002648 
0.027152 0.003166 
0.024670 0.002941 
0.022947 0.001870 
0.020449 0.001169 
0.017304 -0.001048 
0.013341 -0.003271 
0.009691 -0.005590 
0.005905 -0.010184 
0.005510 -0.011354 
0.002791 -0.014606 
-0.000717 -0.017923 
-0.002730 -0.018560 
-0.004634 -0.020466 
-0.004814 -0.022090 
-0.005815 -0.022011 
-0.004448 -0.022277 
-0.005297 -0.021638 
-0.004639 -0.021468 
-0.002038 -0.021437 
-0.002516 -0.018706 
-0.001045 -0.017754 
-0.000468 -0.016938 
-0.000872 -0.019066 
-0.003641 -0.019657 
-0.005098 -0.020141 
-0.004881 -0.024470 
-0.008286 -0.025507 
-0.010507 -0.028133 
-0.013104 -0.029913 
-0.017039 -0.031308 
-0.020765 -0.033201 
-0.023496 -0.032759 
-0.025847 -0.031717 
-0.027214 -0.029658 
-0.026464 -0.026671 
-0.026869 -0.023887 
-0.027238 -0.021007 
-0.026340 -0.015022 
-0.023511 -0.010185 
-0.022079 -0.005788 
-0.020102 -0.000821 
-0.017884 0.003310 
-0.019384 0.006979 
-0.019175 0.008938 
-0.019995 0.011513 
-0.020883 0.012155 
-0.020863 0.012724 
-0.023261 0.012825 
-0.026977 0.010983 
-0.028191 0.012365 
-0.028342 0.012750 
-0.030461 0.011231 
-0.028722 0.010702 
-0.026537 0.010204 
-0.024209 0.011379 
-0.020952 0.011541 
-0.017099 0.010116 
-0.010546 0.010331 
-0.005357 0.010796 
-0.000533 0.011705 
0.004297 0.011595 
0.007991 0.009369 
0.011422 0.007408 
0.014459 0.005384 
0.015237 0.002879 
0.015913 -0.000485 
0.016599 -0.003633 
0.015554 -0.006860 
0.014278 -0.009548 
0.012167 -0.011520 
0.008936 -0.016438 
0.007821 -0.018912 
0.009683 -0.019048 
0.009497 -0.020964 
0.009094 -0.021294 
0.008664 -0.021461 
0.007912 -0.021316 
0.008687 -0.018439 
0.009253 -0.015216 
0.008507 -0.013328 
0.007729 -0.007701 
0.007039 -0.002418 
0.004287 0.001167 
0.002759 0.006347 
0.000142 0.009350 
-0.001990 0.015484 
-0.004032 0.019957 
-0.008805 0.022720 
-0.011572 0.026445 
-0.014027 0.027673 
-0.017179 0.031353 
-0.019007 0.033154 
-0.018649 0.034394 
-0.018876 0.035964 
-0.017263 0.036698 
-0.015398 0.037712 
-0.013210 0.037814 
-0.008890 0.038275 
-0.005978 0.035641 
-0.000032 0.033088 
0.003839 0.030325 
0.006768 0.027098 
0.012707 0.026616 
0.017338 0.022348 
0.023036 0.016943 
0.027531 0.014421 
0.030655 0.010617 
0.034031 0.006782 
0.035759 0.004408 
0.037867 0.001420 
0.040141 -0.001352 
0.040935 -0.001706 
0.040234 -0.001632 
0.039803 -0.001596 
0.039452 -0.000108 
0.037845 0.001692 
0.037018 0.002403 
0.033838 0.002050 
0.032551 0.003041 
0.032035 0.004157 
0.027740 0.004191 
0.024474 0.003560 
0.019680 0.001358 
0.017140 -0.002133 
0.015000 -0.005522 
0.010824 -0.007813 
0.008556 -0.010650 
0.005313 -0.014792 
0.001088 -0.018448 
-0.000540 -0.019968 
-0.001604 -0.023167 
-0.004315 -0.023623 
-0.003725 -0.021815 
-0.003938 -0.022886 
-0.005505 -0.021496 
-0.003963 -0.020922 
-0.001913 -0.018621 
-0.001878 -0.016337 
0.000046 -0.016434 
0.002242 -0.016312 
0.000498 -0.016072 
0.000129 -0.016343 
-0.001115 -0.019960 
-0.002780 -0.020839 
-0.005341 -0.025273 
-0.008539 -0.029439 
-0.012665 -0.030274 
-0.017070 -0.034113 
-0.018993 -0.035428 
-0.022998 -0.036785 
-0.025285 -0.036723 
-0.027265 -0.035636 
-0.026789 -0.032155 
-0.026426 -0.026643 
-0.027372 -0.023080 
-0.023770 -0.019161 
-0.021726 -0.013260 
-0.020220 -0.007016 
-0.018975 -0.003777 
-0.018765 0.000245 
-0.018968 0.004932 
-0.018510 0.007036 
-0.018992 0.008442 
-0.020341 0.011057 
-0.022538 0.010933 
-0.026115 0.010983 
-0.027816 0.010229 
-0.030534 0.008230 
-0.031172 0.009989 
-0.031749 0.009066 
-0.032093 0.010145 
-0.030669 0.011076 
-0.028689 0.011021 
-0.023816 0.013700 
-0.018600 0.014139 
-0.011395 0.014401 
-0.006645 0.014461 
-0.002354 0.015134 
0.004495 0.015022 
0.008639 0.013702 
0.011531 0.011553 
0.015223 0.009841 
0.016844 0.007567 
0.014979 0.003301 
0.015133 0.000352 
0.014010 -0.003263 
0.012883 -0.005898 
0.012129 -0.008052 
0.010141 -0.012645 
0.010904 -0.015152 
0.008338 -0.015763 
0.008658 -0.018644 
0.010426 -0.019746 
0.008555 -0.019582 
0.009968 -0.019351 
0.011205 -0.016841 
0.011778 -0.014653 
0.011099 -0.012008 
0.009892 -0.007881 
0.009454 -0.003540 
0.007776 -0.000769 
0.005691 0.004270 
0.002495 0.010653 
-0.001546 0.014648 
-0.004573 0.018497 
-0.008083 0.022329 
-0.012582 0.025585 
-0.014764 0.028635 
-0.017701 0.032145 
-0.019844 0.032930 
-0.019853 0.035336 
-0.019213 0.038962 
-0.017969 0.037447 
-0.017763 0.037734 
-0.014887 0.039723 
-0.011559 0.038006 
-0.008683 0.037652 
-0.005327 0.038107 
-0.000536 0.035370 
0.003352 0.032720 
0.006783 0.029835 
0.012471 0.025636 
0.016331 0.021407 
0.021211 0.019541 
0.023503 0.014755 
0.027095 0.008969 
0.031866 0.007847 
0.033194 0.004397 
0.036163 0.002885 
0.036706 0.001633 
0.037706 -0.000126 
0.039292 0.001352 
0.039247 0.000365 
0.037890 0.000417 
0.036782 0.002965 
0.035439 0.003452 
0.032302 0.003857 
0.030486 0.005963 
0.027140 0.004933 
0.024079 0.002314 
0.019923 0.000407 
0.015959 -0.002265 
0.013006 -0.005084 
0.008998 -0.007759 
0.007003 -0.011033 
0.002869 -0.016522 
-0.000148 -0.021305 
-0.001771 -0.022761 
-0.003577 -0.023952 
-0.003706 -0.025463 
-0.005572 -0.024386 
-0.005833 -0.023674 
-0.004174 -0.023027 
-0.002866 -0.021777 
-0.001936 -0.019448 
-0.000650 -0.017372 
-0.000488 -0.017817 
-0.001766 -0.016501 
-0.000876 -0.017271 
-0.002030 -0.019025 
-0.002849 -0.021844 
-0.004673 -0.026048 
-0.008267 -0.028770 
-0.009085 -0.032152 
-0.014923 -0.034371 
-0.017945 -0.036416 
-0.018158 -0.038884 
-0.022641 -0.040249 
-0.024929 -0.039146 
-0.025709 -0.038226 
-0.025502 -0.033933 
-0.026516 -0.029385 
-0.025506 -0.026114 
-0.023567 -0.018751 
-0.023187 -0.015278 
-0.020486 -0.009653 
-0.019953 -0.003720 
-0.020611 -0.001482 
-0.020330 0.003193 
-0.020093 0.005487 
-0.020588 0.005938 
-0.022312 0.006564 
-0.024964 0.007227 
-0.027796 0.007288 
-0.030254 0.007960 
-0.033359 0.007548 
-0.033361 0.005947 
-0.031716 0.007405 
-0.031734 0.007933 
-0.030536 0.008360 
-0.027941 0.010528 
-0.022927 0.011303 
-0.017868 0.012541 
-0.013879 0.013859 
-0.007808 0.015429 
-0.002618 0.016442 
0.002931 0.014556 
0.007605 0.013923 
0.009987 0.013576 
0.013376 0.011795 
0.014235 0.009515 
0.014349 0.005452 
0.015232 0.001515 
0.014364 -0.000924 
0.014113 -0.003748 
0.013782 -0.007229 
0.012181 -0.009791 
0.012384 -0.012442 
0.012077 -0.015259 
0.010977 -0.016133 
0.011576 -0.015806 
0.012767 -0.016953 
0.013423 -0.017320 
0.012197 -0.015504 
0.013682 -0.013325 
0.014136 -0.010076 
0.012268 -0.007196 
0.011418 -0.005140 
0.008848 -0.002036 
0.006971 0.002807 
0.004935 0.008000 
0.001953 0.011848 
-0.002112 0.015458 
-0.006715 0.019266 
-0.010974 0.022529 
-0.011494 0.026534 
-0.013182 0.029611 
-0.016760 0.031612 
-0.017595 0.035393 
-0.019437 0.037495 
-0.017393 0.038177 
-0.017433 0.039978 
-0.017009 0.041848 
-0.013816 0.041620 
-0.011092 0.040021 
-0.006696 0.039614 
-0.003765 0.036963 
0.001019 0.034501 
0.004483 0.032664 
0.010193 0.027815 
0.015424 0.023655 
0.019037 0.020114 
0.023666 0.015630 
0.026238 0.011623 
0.029962 0.009300 
0.032911 0.007016 
0.034774 0.004873 
0.035783 0.004453 
0.038767 0.003434 
0.039489 0.002992 
0.039133 0.004673 
0.038923 0.005964 
0.037138 0.006387 
0.036195 0.007174 
0.034259 0.006699 
0.033550 0.006351 
0.030695 0.006009 
0.027669 0.003855 
0.023644 0.002724 
0.019472 0.000110 
0.016007 -0.002606 
0.012491 -0.005197 
0.010487 -0.009666 
0.005294 -0.012782 
0.001848 -0.015141 
0.000399 -0.016568 
-0.001466 -0.018401 
-0.002544 -0.019925 
-0.002347 -0.020464 
-0.002160 -0.019479 
-0.001148 -0.017526 
-0.000733 -0.017861 
-0.000293 -0.017480 
0.002648 -0.016309 
0.003166 -0.016215 
0.002941 -0.016548 
0.001870 -0.017622 
0.001169 -0.019703 
-0.001048 -0.020672 
-0.003271 -0.023011 
-0.005590 -0.028043 
-0.010184 -0.032042 
-0.011354 -0.033963 
-0.014606 -0.034615 
-0.017923 -0.036757 
-0.018560 -0.036639 
-0.020466 -0.035929 
-0.022090 -0.036235 
-0.022011 -0.033063 
-0.022277 -0.029860 
-0.021638 -0.026429 
-0.021468 -0.021292 
-0.021437 -0.015922 
-0.018706 -0.010004 
-0.017754 -0.004870 
-0.016938 -0.002454 
-0.019066 -0.000908 
-0.019657 0.001233 
-0.020141 0.004036 
-0.024470 0.004725 
-0.025507 0.005022 
-0.028133 0.006170 
-0.029913 0.005016 
-0.031308 0.006527 
-0.033201 0.007675 
-0.032759 0.009156 
-0.031717 0.011456 
-0.029658 0.010420 
-0.026671 0.011567 
-0.023887 0.013230 
-0.021007 0.014875 
-0.015022 0.016074 
-0.010185 0.016866 
-0.005788 0.018036 
-0.000821 0.017683 
0.003310 0.016724 
0.006979 0.014434 
0.008938 0.011970 
0.011513 0.009730 
0.012155 0.007800 
0.012724 0.003688 
0.012825 0.000409 
0.010983 -0.000889 
0.012365 -0.006341 
0.012750 -0.009551 
0.011231 -0.011142 
0.010702 -0.014667 
0.010204 -0.017003 
0.011379 -0.018968 
0.011541 -0.019124 
0.010116 -0.017818 
0.010331 -0.017042 
0.010796 -0.017259 
0.011705 -0.015380 
0.011595 -0.011938 
0.009369 -0.007367 
0.007408 -0.003872 
0.005384 -0.002090 
0.002879 0.003319 
-0.000485 0.007470 
-0.003633 0.011890 
-0.006860 0.015104 
-0.009548 0.017546 
-0.011520 0.022125 
-0.016438 0.025097 
-0.018912 0.029840 
-0.019048 0.031917 
-0.020964 0.034101 
-0.021294 0.036737 
-0.021461 0.037723 
-0.021316 0.039438 
-0.018439 0.040489 
-0.015216 0.040578 
-0.013328 0.037644 
-0.007701 0.036816 
-0.002418 0.033919 
0.001167 0.029732 
0.006347 0.027851 
0.009350 0.023450 
0.015484 0.018946 
0.019957 0.014781 
0.022720 0.011441 
0.026445 0.008228 
0.027673 0.006625 
0.031353 0.004954 
0.033154 0.002550 
0.034394 0.003161 
0.035964 0.003424 
0.036698 0.004158 
0.037712 0.005489 
0.037814 0.005966 
0.038275 0.007627 
0.035641 0.008211 
0.033088 0.007386 
0.030325 0.006173 
0.027098 0.004650 
0.026616 0.002608 
0.022348 0.000312 
0.016943 -0.002601 
0.014421 -0.007058 
0.010617 -0.009793 
0.006782 -0.013559 
0.004408 -0.015702 
0.001420 -0.017014 
-0.001352 -0.020316 
-0.001706 -0.019696 
-0.001632 -0.019837 
-0.001596 -0.019215 
-0.000108 -0.017227 
0.001692 -0.015994 
0.002403 -0.015984 
0.002050 -0.015359 
0.003041 -0.014123 
0.004157 -0.016229 
0.004191 -0.017033 
0.003560 -0.019976 
0.001358 -0.021232 
-0.002133 -0.023570 
-0.005522 -0.028725 
-0.007813 -0.029463 
-0.010650 -0.032562 
-0.014792 -0.034611 
-0.018448 -0.037332 
-0.019968 -0.038881 
-0.023167 -0.037007 
-0.023623 -0.036868 
-0.021815 -0.033840 
-0.022886 -0.031915 
-0.021496 -0.028542 
-0.020922 -0.022751 
-0.018621 -0.019816 
-0.016337 -0.015962 
-0.016434 -0.011812 
-0.016312 -0.007511 
-0.016072 -0.004596 
-0.016343 -0.002736 
-0.019960 -0.000096 
-0.020839 0.001359 
-0.025273 0.003472 
-0.029439 0.004036 
-0.030274 0.004312 
-0.034113 0.007239 
-0.035428 0.007195 
-0.036785 0.007000 
-0.036723 0.009644 
-0.035636 0.010101 
-0.032155 0.011132 
-0.026643 0.011983 
-0.023080 0.011979 
-0.019161 0.013339 
-0.013260 0.013110 
-0.007016 0.014991 
-0.003777 0.016237 
0.000245 0.013904 
0.004932 0.013408 
0.007036 0.012985 
0.008442 0.010567 
0.011057 0.008543 
0.010933 0.005135 
0.010983 0.000857 
0.010229 -0.002024 
0.008230 -0.005150 
0.009989 -0.008079 
0.009066 -0.013156 
0.010145 -0.016278 
0.011076 -0.017406 
0.011021 -0.020100 
0.013700 -0.020413 
0.014139 -0.021600 
0.014401 -0.023036 
0.014461 -0.020107 
0.015134 -0.016754 
0.015022 -0.015592 
0.013702 -0.012031 
0.011553 -0.007695 
0.009841 -0.002789 
0.007567 0.000999 
0.003301 0.003733 
0.000352 0.007997 
-0.003263 0.011079 
-0.005898 0.015140 
-0.008052 0.018172 
-0.012645 0.022529 
-0.015152 0.025621 
-0.015763 0.028662 
-0.018644 0.032095 
-0.019746 0.033417 
-0.019582 0.037560 
-0.019351 0.038692 
-0.016841 0.040152 
-0.014653 0.041064 
-0.012008 0.040440 
-0.007881 0.039004 
-0.003540 0.036006 
-0.000769 0.034697 
0.004270 0.031503 
0.010653 0.027359 
0.014648 0.023334 
0.018497 0.020005 
0.022329 0.015409 
0.025585 0.012008 
0.028635 0.009762 
0.032145 0.007870 
0.032930 0.007140 
0.035336 0.005819 
0.038962 0.006459 
0.037447 0.007521 
0.037734 0.007845 
0.039723 0.008231 
0.038006 0.011056 
0.037652 0.011237 
0.038107 0.010244 
0.035370 0.010546 
0.032720 0.007816 
0.029835 0.006153 
0.025636 0.004152 
0.021407 -0.000287 
0.019541 -0.003978 
0.014755 -0.006471 
0.008969 -0.010585 
0.007847 -0.013078 
0.004397 -0.015091 
0.002885 -0.016678 
0.001633 -0.017250 
-0.000126 -0.018211 
0.001352 -0.016072 
0.000365 -0.015593 
0.000417 -0.014534 
0.002965 -0.013495 
0.003452 -0.013360 
0.003857 -0.012526 
0.005963 -0.012809 
0.004933 -0.013252 
0.002314 -0.016322 
0.000407 -0.018014 
-0.002265 -0.021796 
-0.005084 -0.026922 
-0.007759 -0.029047 
-0.011033 -0.033426 
-0.016522 -0.036072 
-0.021305 -0.036541 
-0.022761 -0.037645 
