0.002177 -0.004173 
0.000344 -0.005829 
-0.002177 -0.007181 
-0.004188 -0.008813 
-0.005584 -0.009586 
-0.007214 -0.011257 
-0.008292 -0.013627 
-0.008710 -0.014302 
-0.008099 -0.015729 
-0.008051 -0.016456 
-0.007832 -0.016525 
-0.006636 -0.016950 
-0.004120 -0.016075 
-0.002616 -0.014585 
-0.002350 -0.012729 
-0.001769 -0.010806 
-0.002637 -0.008772 
-0.002681 -0.005810 
-0.003001 -0.002799 
-0.003079 -0.000155 
-0.003240 0.001698 
-0.006032 0.002475 
-0.007827 0.003397 
-0.007517 0.003571 
-0.009067 0.002523 
-0.011052 0.000578 
-0.011646 0.000431 
-0.014263 -0.001129 
-0.015587 -0.004260 
-0.015690 -0.004687 
-0.016350 -0.006867 
-0.015074 -0.007878 
-0.013842 -0.009213 
-0.013403 -0.010332 
-0.011597 -0.008940 
-0.007982 -0.009121 
-0.005252 -0.008144 
-0.003641 -0.007686 
-0.001375 -0.006999 
-0.000047 -0.004984 
0.001689 -0.004601 
0.003794 -0.005064 
0.004413 -0.003475 
0.005417 -0.002127 
0.004649 -0.002440 
0.003840 -0.002079 
0.003197 -0.001741 
0.000901 -0.001891 
-0.000798 -0.002774 
-0.003778 -0.002468 
-0.007153 -0.003695 
-0.009137 -0.006122 
-0.010370 -0.007796 
-0.010430 -0.010630 
-0.009909 -0.012860 
-0.011803 -0.014685 
-0.011589 -0.017078 
-0.008806 -0.018436 
-0.007965 -0.018014 
-0.005742 -0.018270 
-0.003211 -0.017392 
-0.002270 -0.016130 
-0.001768 -0.014362 
-0.001364 -0.010180 
-0.002209 -0.006616 
-0.002491 -0.003268 
-0.002573 0.000378 
-0.003064 0.004394 
-0.004573 0.007860 
-0.006452 0.011026 
-0.006244 0.013129 
-0.008129 0.015660 
-0.009344 0.019024 
-0.010762 0.020440 
-0.012833 0.021061 
-0.012962 0.020807 
-0.013125 0.021822 
-0.013768 0.021676 
-0.015718 0.019701 
-0.016095 0.019070 
-0.014584 0.018156 
-0.012786 0.016277 
-0.011297 0.014771 
-0.007564 0.014165 
-0.003968 0.012581 
-0.001881 0.011836 
0.001596 0.010591 
0.005181 0.009336 
0.009825 0.010263 
0.014522 0.010195 
0.018544 0.009866 
0.020090 0.010720 
0.021168 0.012675 
0.023715 0.013418 
0.024140 0.015036 
0.023249 0.016416 
0.023203 0.016069 
0.022642 0.016998 
0.021014 0.015198 
0.020192 0.014069 
0.019631 0.013831 
0.018820 0.011828 
0.016686 0.009757 
0.014209 0.007367 
0.012828 0.005899 
0.012367 0.003549 
0.011627 0.001656 
0.010400 -0.000040 
0.010535 -0.000399 
0.010843 -0.001256 
0.011030 -0.004232 
0.011272 -0.004588 
0.012260 -0.004624 
0.012824 -0.004514 
0.012293 -0.004233 
0.013623 -0.003461 
0.014993 -0.003657 
0.014392 -0.003238 
0.015327 -0.001947 
0.014783 -0.002729 
0.012282 -0.001461 
0.012091 -0.001547 
0.010034 -0.001185 
0.008390 -0.001242 
0.007163 -0.002882 
0.003875 -0.002123 
0.000776 -0.003696 
-0.001550 -0.004438 
-0.002745 -0.005961 
-0.004796 -0.009184 
-0.006184 -0.009613 
-0.006594 -0.011674 
-0.006408 -0.013639 
-0.006450 -0.014518 
-0.006851 -0.016328 
-0.006800 -0.015849 
-0.006154 -0.016101 
-0.004797 -0.016850 
-0.005176 -0.014981 
-0.004332 -0.013286 
-0.002825 -0.010377 
-0.002746 -0.007642 
-0.002836 -0.004826 
-0.003528 -0.000880 
-0.004120 -0.000154 
-0.004454 0.001293 
-0.004521 0.003659 
-0.005673 0.003210 
-0.008130 0.003989 
-0.010171 0.002778 
-0.011952 0.000279 
-0.013589 0.000327 
-0.013920 -0.001294 
-0.015429 -0.002147 
-0.016650 -0.003245 
-0.016004 -0.004690 
-0.016884 -0.005665 
-0.015299 -0.006712 
-0.012721 -0.006877 
-0.012308 -0.008144 
-0.010163 -0.007819 
-0.007465 -0.008031 
-0.005948 -0.007646 
-0.003554 -0.007245 
-0.000029 -0.007741 
0.002241 -0.006815 
0.003254 -0.005585 
0.004084 -0.003455 
0.005092 -0.004302 
0.005050 -0.003821 
0.004175 -0.002034 
0.003468 -0.002089 
0.001662 -0.001561 
-0.000581 -0.001470 
-0.003029 -0.003072 
-0.005230 -0.005309 
-0.007053 -0.006179 
-0.008845 -0.008410 
-0.010558 -0.010102 
-0.010775 -0.013145 
-0.009426 -0.016255 
-0.009002 -0.017538 
-0.008486 -0.019598 
-0.007276 -0.018958 
-0.005617 -0.018903 
-0.005034 -0.018524 
-0.003234 -0.015715 
-0.002324 -0.014117 
-0.003872 -0.011830 
-0.001960 -0.007813 
-0.002619 -0.005279 
-0.003734 -0.001917 
-0.003413 0.001493 
-0.004579 0.003316 
-0.004313 0.006947 
-0.006603 0.011244 
-0.008316 0.015063 
-0.009233 0.016711 
-0.010393 0.018750 
-0.011331 0.020281 
-0.014483 0.020690 
-0.016016 0.021344 
-0.016388 0.020256 
-0.016586 0.020291 
-0.016212 0.019599 
-0.014970 0.018446 
-0.014840 0.017274 
-0.014480 0.015193 
-0.009997 0.013020 
-0.006606 0.011118 
-0.003586 0.010815 
0.000318 0.010308 
0.004005 0.008889 
0.008160 0.008577 
0.010901 0.009707 
0.014299 0.009767 
0.017081 0.010960 
0.020238 0.012572 
0.023003 0.013409 
0.022125 0.015369 
0.021668 0.016165 
0.021428 0.015556 
0.021325 0.015174 
0.021289 0.015589 
0.020635 0.015094 
0.018443 0.013918 
0.015754 0.012089 
0.016023 0.009880 
0.013896 0.007607 
0.011358 0.005632 
0.011508 0.004101 
0.008971 0.002716 
0.008438 0.001161 
0.009516 -0.002245 
0.008733 -0.002639 
0.009013 -0.002797 
0.008616 -0.003889 
0.010491 -0.003604 
0.011579 -0.004509 
0.010571 -0.004076 
0.012324 -0.004982 
0.013372 -0.005012 
0.014552 -0.003514 
0.014401 -0.003378 
0.013994 -0.002457 
0.013562 -0.002260 
0.011409 -0.001966 
0.009609 -0.001153 
0.007126 -0.001649 
0.005736 -0.002686 
0.003497 -0.003475 
0.000904 -0.004436 
-0.001417 -0.005723 
-0.003822 -0.007270 
-0.004989 -0.007716 
-0.006705 -0.009640 
-0.007710 -0.012361 
-0.007139 -0.013187 
-0.007361 -0.014772 
-0.007328 -0.015613 
-0.005213 -0.017154 
-0.005714 -0.018745 
-0.005539 -0.017835 
-0.004347 -0.015833 
-0.004582 -0.012885 
-0.003141 -0.011064 
-0.003099 -0.009230 
-0.003093 -0.005728 
-0.003650 -0.003439 
-0.003792 -0.001598 
-0.003819 0.001377 
-0.006189 0.002418 
-0.007104 0.002502 
-0.008350 0.002810 
-0.010131 0.003605 
-0.011193 0.003401 
-0.012705 0.000943 
-0.014770 -0.000050 
-0.016245 -0.001841 
-0.016677 -0.002657 
-0.017481 -0.002744 
-0.017744 -0.005053 
-0.016982 -0.005777 
-0.016739 -0.006921 
-0.015309 -0.006821 
-0.012605 -0.006141 
-0.011330 -0.007557 
-0.008917 -0.006930 
-0.005530 -0.006735 
-0.002474 -0.007054 
0.000334 -0.006412 
0.001819 -0.005771 
0.003683 -0.003972 
0.004358 -0.003460 
0.004066 -0.002304 
0.003699 0.000160 
0.001776 0.000885 
0.000252 0.000877 
-0.001791 0.000427 
-0.003930 0.000333 
-0.005087 -0.000658 
-0.007027 -0.002917 
-0.007326 -0.005364 
-0.007381 -0.008617 
-0.008682 -0.011456 
-0.007801 -0.014110 
-0.007010 -0.016622 
-0.007141 -0.017296 
-0.005548 -0.018130 
-0.004487 -0.019143 
-0.004748 -0.017755 
-0.004239 -0.016795 
-0.003359 -0.016171 
-0.002406 -0.014634 
-0.002040 -0.011845 
-0.002117 -0.007870 
-0.001660 -0.004466 
-0.002092 -0.000926 
-0.003425 0.001516 
-0.004292 0.005213 
-0.004430 0.009252 
-0.004627 0.012381 
-0.005964 0.016466 
-0.009134 0.018611 
-0.010810 0.020147 
-0.010740 0.021375 
-0.013106 0.021423 
-0.014681 0.021131 
-0.014901 0.021602 
-0.015704 0.021163 
-0.015569 0.019272 
-0.015210 0.017194 
-0.013435 0.015350 
-0.009870 0.014711 
-0.006433 0.011833 
-0.003120 0.010059 
0.000325 0.009805 
0.004761 0.009420 
0.009053 0.010148 
0.011646 0.010070 
0.014390 0.011260 
0.017054 0.012516 
0.019823 0.013698 
0.022042 0.014423 
0.022515 0.015274 
0.023247 0.017246 
0.023607 0.018029 
0.022564 0.017931 
0.021798 0.018356 
0.021623 0.017436 
0.020363 0.014169 
0.019381 0.013666 
0.017499 0.011983 
0.015534 0.009020 
0.014514 0.008269 
0.012040 0.006206 
0.011606 0.003739 
0.011037 0.001391 
0.010578 0.000060 
0.011321 -0.000752 
0.010887 -0.001551 
0.011103 -0.002910 
0.011300 -0.003658 
0.012724 -0.002988 
0.014211 -0.002437 
0.015900 -0.002378 
0.017186 -0.002820 
0.015866 -0.001072 
0.016259 -0.000803 
0.016650 -0.002172 
0.015356 -0.001047 
0.014904 -0.000324 
0.012596 -0.001414 
0.009786 -0.001363 
0.007629 -0.000506 
0.004279 -0.001345 
0.002454 -0.001933 
0.000366 -0.002735 
-0.001700 -0.004812 
-0.002232 -0.006831 
-0.003348 -0.008892 
-0.004274 -0.011962 
-0.004462 -0.013028 
-0.004843 -0.013698 
-0.006349 -0.016901 
-0.006406 -0.017480 
-0.005843 -0.016891 
-0.005449 -0.017004 
-0.004266 -0.015574 
-0.003627 -0.012777 
-0.002286 -0.011257 
-0.001672 -0.008848 
-0.001932 -0.005526 
-0.001362 -0.004100 
-0.001555 -0.001518 
-0.002658 -0.000281 
-0.004173 0.000668 
-0.005829 0.002145 
-0.007181 0.002865 
-0.008813 0.002591 
-0.009586 0.001100 
-0.011257 0.000933 
-0.013627 0.001028 
-0.014302 0.000059 
-0.015729 -0.001416 
-0.016456 -0.000927 
-0.016525 -0.003075 
-0.016950 -0.004599 
-0.016075 -0.003769 
-0.014585 -0.006190 
-0.012729 -0.006595 
-0.010806 -0.007602 
-0.008772 -0.008981 
-0.005810 -0.007958 
-0.002799 -0.007508 
-0.000155 -0.007371 
0.001698 -0.006037 
0.002475 -0.004498 
0.003397 -0.002800 
0.003571 -0.001268 
0.002523 -0.001622 
0.000578 0.000166 
0.000431 0.001616 
-0.001129 0.001262 
-0.004260 0.000327 
-0.004687 -0.000880 
-0.006867 -0.002593 
-0.007878 -0.006046 
-0.009213 -0.007839 
-0.010332 -0.010236 
-0.008940 -0.013292 
-0.009121 -0.015645 
-0.008144 -0.018063 
-0.007686 -0.020210 
-0.006999 -0.021039 
-0.004984 -0.020779 
-0.004601 -0.020037 
-0.005064 -0.018478 
-0.003475 -0.017895 
-0.002127 -0.014950 
-0.002440 -0.011836 
-0.002079 -0.009371 
-0.001741 -0.004644 
-0.001891 -0.001817 
-0.002774 0.000675 
-0.002468 0.005503 
-0.003695 0.010111 
-0.006122 0.013453 
-0.007796 0.015965 
-0.010630 0.017004 
-0.012860 0.018927 
-0.014685 0.020783 
-0.017078 0.020454 
-0.018436 0.019461 
-0.018014 0.017995 
-0.018270 0.017147 
-0.017392 0.015148 
-0.016130 0.013501 
-0.014362 0.012806 
-0.010180 0.010625 
-0.006616 0.009765 
-0.003268 0.008452 
0.000378 0.008036 
0.004394 0.009745 
0.007860 0.009151 
0.011026 0.009707 
0.013129 0.011891 
0.015660 0.013299 
0.019024 0.014339 
0.020440 0.015394 
0.021061 0.017091 
0.020807 0.017665 
0.021822 0.017982 
0.021676 0.017600 
0.019701 0.016236 
0.019070 0.015660 
0.018156 0.013405 
0.016277 0.010108 
0.014771 0.009917 
0.014165 0.009364 
0.012581 0.006421 
0.011836 0.004317 
0.010591 0.001875 
0.009336 0.000912 
0.010263 -0.000319 
0.010195 -0.002248 
0.009866 -0.002119 
0.010720 -0.002526 
0.012675 -0.001327 
0.013418 -0.001600 
0.015036 -0.003111 
0.016416 -0.001612 
0.016069 -0.002254 
0.016998 -0.002582 
0.015198 -0.000316 
0.014069 -0.000199 
0.013831 -0.000354 
0.011828 0.000479 
0.009757 0.000402 
0.007367 -0.000173 
0.005899 -0.000048 
0.003549 -0.000494 
0.001656 -0.003115 
-0.000040 -0.004881 
-0.000399 -0.006462 
-0.001256 -0.009018 
-0.004232 -0.010788 
-0.004588 -0.012598 
-0.004624 -0.014802 
-0.004514 -0.016796 
-0.004233 -0.017303 
-0.003461 -0.016442 
-0.003657 -0.015812 
-0.003238 -0.014621 
-0.001947 -0.012291 
-0.002729 -0.011099 
-0.001461 -0.008946 
-0.001547 -0.006760 
-0.001185 -0.005507 
-0.001242 -0.003397 
-0.002882 -0.002761 
-0.002123 -0.000832 
-0.003696 0.000768 
-0.004438 0.000477 
-0.005961 0.000355 
-0.009184 0.000329 
-0.009613 -0.000294 
-0.011674 -0.001133 
-0.013639 -0.000985 
-0.014518 -0.002139 
-0.016328 -0.002446 
-0.015849 -0.003502 
-0.016101 -0.004753 
-0.016850 -0.004489 
-0.014981 -0.006086 
-0.013286 -0.007712 
-0.010377 -0.008328 
-0.007642 -0.008958 
-0.004826 -0.009171 
-0.000880 -0.008338 
-0.000154 -0.008561 
0.001293 -0.006789 
0.003659 -0.005570 
0.003210 -0.004970 
0.003989 -0.001260 
0.002778 -0.000961 
0.000279 -0.000583 
0.000327 -0.000096 
-0.001294 -0.000057 
-0.002147 0.000842 
-0.003245 -0.001309 
-0.004690 -0.003643 
-0.005665 -0.005730 
-0.006712 -0.007943 
-0.006877 -0.010518 
-0.008144 -0.012800 
-0.007819 -0.015791 
-0.008031 -0.018731 
-0.007646 -0.018557 
-0.007245 -0.020266 
-0.007741 -0.021741 
-0.006815 -0.021043 
-0.005585 -0.021161 
-0.003455 -0.019078 
-0.004302 -0.017270 
-0.003821 -0.016016 
-0.002034 -0.012207 
-0.002089 -0.008647 
-0.001561 -0.004607 
-0.001470 0.000684 
-0.003072 0.003991 
-0.005309 0.007237 
-0.006179 0.011767 
-0.008410 0.014769 
-0.010102 0.017388 
-0.013145 0.019189 
-0.016255 0.020123 
-0.017538 0.020497 
-0.019598 0.019547 
-0.018958 0.019092 
-0.018903 0.017483 
-0.018524 0.015542 
-0.015715 0.014335 
-0.014117 0.012412 
-0.011830 0.011613 
-0.007813 0.010613 
-0.005279 0.008275 
-0.001917 0.008123 
0.001493 0.009293 
0.003316 0.010149 
0.006947 0.010737 
0.011244 0.011574 
0.015063 0.013479 
0.016711 0.014347 
0.018750 0.015246 
0.020281 0.015961 
0.020690 0.017143 
0.021344 0.018208 
0.020256 0.017795 
0.020291 0.017534 
0.019599 0.016154 
0.018446 0.014685 
0.017274 0.012557 
0.015193 0.010379 
0.013020 0.008202 
0.011118 0.006428 
0.010815 0.003930 
0.010308 0.001293 
0.008889 0.000964 
0.008577 -0.000804 
0.009707 -0.001038 
0.009767 -0.001827 
0.010960 -0.003032 
0.012572 -0.003094 
0.013409 -0.004295 
0.015369 -0.003720 
0.016165 -0.003286 
0.015556 -0.002504 
0.015174 -0.002716 
0.015589 -0.003093 
0.015094 -0.001550 
0.013918 -0.000283 
0.012089 0.001044 
0.009880 0.000984 
0.007607 0.000557 
0.005632 0.000241 
0.004101 -0.001441 
0.002716 -0.002977 
0.001161 -0.005485 
-0.002245 -0.006736 
-0.002639 -0.007185 
-0.002797 -0.011893 
-0.003889 -0.014436 
-0.003604 -0.014541 
-0.004509 -0.015572 
-0.004076 -0.016729 
-0.004982 -0.016316 
-0.005012 -0.014232 
-0.003514 -0.014099 
-0.003378 -0.012213 
-0.002457 -0.011298 
-0.002260 -0.009280 
-0.001966 -0.006120 
-0.001153 -0.006306 
-0.001649 -0.003749 
-0.002686 -0.001772 
-0.003475 -0.001491 
-0.004436 -0.001418 
-0.005723 -0.001215 
-0.007270 0.000742 
-0.007716 0.001480 
-0.009640 0.001403 
-0.012361 0.001127 
-0.013187 0.000524 
-0.014772 0.000532 
-0.015613 -0.000999 
-0.017154 -0.002295 
-0.018745 -0.002790 
-0.017835 -0.005113 
-0.015833 -0.005843 
-0.012885 -0.006615 
-0.011064 -0.007823 
-0.009230 -0.007464 
-0.005728 -0.008101 
-0.003439 -0.008520 
-0.001598 -0.006274 
0.001377 -0.004540 
0.002418 -0.004486 
0.002502 -0.003051 
0.002810 -0.001943 
0.003605 -0.000454 
0.003401 0.000970 
0.000943 0.001463 
-0.000050 0.001343 
-0.001841 0.000514 
-0.002657 -0.000457 
-0.002744 -0.001821 
-0.005053 -0.002832 
-0.005777 -0.004814 
-0.006921 -0.006669 
-0.006821 -0.009854 
-0.006141 -0.012470 
-0.007557 -0.013713 
-0.006930 -0.016282 
-0.006735 -0.018677 
-0.007054 -0.019809 
-0.006412 -0.019137 
-0.005771 -0.019749 
-0.003972 -0.019209 
-0.003460 -0.017706 
-0.002304 -0.015715 
0.000160 -0.012301 
0.000885 -0.009355 
0.000877 -0.005592 
0.000427 -0.001989 
0.000333 0.002349 
-0.000658 0.006715 
-0.002917 0.010924 
-0.005364 0.013408 
-0.008617 0.015404 
-0.011456 0.019377 
-0.014110 0.020374 
-0.016622 0.020421 
-0.017296 0.021572 
-0.018130 0.020429 
-0.019143 0.018422 
-0.017755 0.016944 
-0.016795 0.014668 
-0.016171 0.013166 
-0.014634 0.012290 
-0.011845 0.011050 
-0.007870 0.010481 
-0.004466 0.009751 
-0.000926 0.008913 
0.001516 0.010324 
0.005213 0.011445 
0.009252 0.011642 
0.012381 0.014251 
0.016466 0.016180 
0.018611 0.017138 
0.020147 0.017950 
0.021375 0.019668 
0.021423 0.020805 
0.021131 0.019323 
0.021602 0.018829 
0.021163 0.018180 
0.019272 0.017170 
0.017194 0.015678 
0.015350 0.012985 
0.014711 0.010950 
0.011833 0.009379 
0.010059 0.006839 
0.009805 0.005830 
0.009420 0.004420 
0.010148 0.000973 
0.010070 -0.000179 
0.011260 -0.001371 
0.012516 -0.002192 
0.013698 -0.003211 
0.014423 -0.003176 
0.015274 -0.002191 
0.017246 -0.002937 
0.018029 -0.001975 
0.017931 -0.000907 
0.018356 0.000354 
0.017436 0.000735 
0.014169 0.000801 
0.013666 0.001314 
0.011983 0.001482 
0.009020 0.002164 
0.008269 0.001272 
0.006206 -0.000258 
0.003739 -0.001895 
0.001391 -0.003299 
0.000060 -0.006249 
-0.000752 -0.009265 
-0.001551 -0.011228 
-0.002910 -0.014405 
-0.003658 -0.015760 
-0.002988 -0.016182 
-0.002437 -0.017767 
-0.002378 -0.017684 
-0.002820 -0.015470 
-0.001072 -0.014233 
-0.000803 -0.013480 
-0.002172 -0.012247 
-0.001047 -0.009532 
-0.000324 -0.007251 
-0.001414 -0.007150 
-0.001363 -0.005255 
-0.000506 -0.004180 
-0.001345 -0.003382 
-0.001933 -0.000955 
-0.002735 -0.001219 
-0.004812 -0.001353 
-0.006831 0.000517 
-0.008892 0.000881 
-0.011962 -0.000282 
-0.013028 -0.000775 
-0.013698 -0.000896 
-0.016901 -0.001994 
-0.017480 -0.002028 
-0.016891 -0.002720 
-0.017004 -0.005046 
-0.015574 -0.006299 
-0.012777 -0.007721 
-0.011257 -0.007862 
-0.008848 -0.008289 
-0.005526 -0.008826 
-0.004100 -0.007339 
-0.001518 -0.007130 
-0.000281 -0.006901 
0.000668 -0.005323 
0.002145 -0.003620 
0.002865 -0.002559 
0.002591 -0.001352 
0.001100 -0.000501 
0.000933 0.000452 
0.001028 0.001134 
0.000059 0.000143 
-0.001416 -0.000016 
-0.000927 -0.001611 
-0.003075 -0.003071 
-0.004599 -0.002942 
-0.003769 -0.006597 
-0.006190 -0.009958 
-0.006595 -0.010607 
-0.007602 -0.013567 
-0.008981 -0.015978 
-0.007958 -0.018037 
-0.007508 -0.019980 
-0.007371 -0.019769 
-0.006037 -0.022112 
-0.004498 -0.022958 
-0.002800 -0.021320 
-0.001268 -0.019419 
-0.001622 -0.016030 
0.000166 -0.013366 
0.001616 -0.009704 
0.001262 -0.005327 
0.000327 -0.001733 
-0.000880 0.002019 
-0.002593 0.007956 
-0.006046 0.012201 
-0.007839 0.013992 
-0.010236 0.016824 
-0.013292 0.017560 
-0.015645 0.017947 
-0.018063 0.018546 
-0.020210 0.018191 
-0.021039 0.017232 
-0.020779 0.015822 
-0.020037 0.014629 
-0.018478 0.013197 
-0.017895 0.011993 
-0.014950 0.010997 
-0.011836 0.010011 
-0.009371 0.008573 
-0.004644 0.009096 
-0.001817 0.010965 
0.000675 0.010812 
0.005503 0.011841 
0.010111 0.014920 
0.013453 0.014748 
0.015965 0.016067 
0.017004 0.019237 
0.018927 0.018815 
0.020783 0.019457 
0.020454 0.018620 
0.019461 0.018249 
0.017995 0.018355 
0.017147 0.016713 
0.015148 0.014843 
0.013501 0.012566 
0.012806 0.012716 
0.010625 0.010310 
0.009765 0.009075 
0.008452 0.007245 
0.008036 0.004152 
0.009745 0.003496 
0.009151 0.000902 
0.009707 0.000360 
0.011891 -0.000974 
0.013299 -0.002224 
0.014339 -0.002027 
0.015394 -0.003473 
0.017091 -0.002915 
0.017665 -0.000394 
0.017982 -0.000146 
0.017600 0.001180 
0.016236 0.002563 
0.015660 0.001990 
0.013405 0.005463 
0.010108 0.004945 
0.009917 0.003099 
0.009364 0.004677 
0.006421 0.002496 
0.004317 -0.000632 
0.001875 -0.002092 
0.000912 -0.005411 
-0.000319 -0.009644 
-0.002248 -0.011128 
-0.002119 -0.012885 
-0.002526 -0.013962 
-0.001327 -0.015197 
-0.001600 -0.015519 
-0.003111 -0.014895 
-0.001612 -0.014034 
-0.002254 -0.012305 
-0.002582 -0.013208 
-0.000316 -0.011739 
-0.000199 -0.010097 
-0.000354 -0.008685 
0.000479 -0.006740 
0.000402 -0.006252 
-0.000173 -0.004405 
-0.000048 -0.003045 
-0.000494 -0.001931 
-0.003115 -0.000623 
-0.004881 0.000479 
-0.006462 0.000382 
-0.009018 0.000506 
-0.010788 0.001577 
-0.012598 0.001405 
-0.014802 0.001101 
-0.016796 0.000240 
-0.017303 -0.001915 
-0.016442 -0.002303 
-0.015812 -0.003480 
-0.014621 -0.005416 
-0.012291 -0.005377 
-0.011099 -0.007671 
-0.008946 -0.008090 
-0.006760 -0.007561 
-0.005507 -0.007255 
-0.003397 -0.005166 
-0.002761 -0.005796 
-0.000832 -0.005240 
0.000768 -0.003338 
0.000477 -0.002153 
0.000355 -0.001580 
0.000329 -0.000665 
-0.000294 0.000701 
-0.001133 0.000733 
-0.000985 0.001035 
-0.002139 -0.000093 
-0.002446 -0.001137 
-0.003502 -0.001293 
-0.004753 -0.003081 
-0.004489 -0.004862 
-0.006086 -0.006592 
-0.007712 -0.009968 
-0.008328 -0.012916 
-0.008958 -0.014931 
-0.009171 -0.017989 
-0.008338 -0.018887 
-0.008561 -0.019758 
-0.006789 -0.021983 
-0.005570 -0.022497 
-0.004970 -0.022459 
-0.001260 -0.020414 
-0.000961 -0.018066 
-0.000583 -0.015920 
-0.000096 -0.012654 
-0.000057 -0.008702 
0.000842 -0.004013 
-0.001309 0.000292 
-0.003643 0.004413 
-0.005730 0.007143 
-0.007943 0.010302 
-0.010518 0.013282 
-0.012800 0.014753 
-0.015791 0.016442 
-0.018731 0.016580 
-0.018557 0.016074 
-0.020266 0.015618 
-0.021741 0.014315 
-0.021043 0.012454 
-0.021161 0.010733 
-0.019078 0.009204 
-0.017270 0.007857 
-0.016016 0.007480 
-0.012207 0.006899 
-0.008647 0.006734 
-0.004607 0.008012 
0.000684 0.008572 
0.003991 0.009344 
0.007237 0.011200 
0.011767 0.011884 
0.014769 0.013056 
0.017388 0.015823 
0.019189 0.016733 
0.020123 0.016771 
0.020497 0.017405 
0.019547 0.016203 
0.019092 0.016234 
0.017483 0.016439 
0.015542 0.014627 
0.014335 0.013427 
0.012412 0.011053 
0.011613 0.009708 
0.010613 0.008736 
0.008275 0.006018 
0.008123 0.004461 
0.009293 0.002036 
0.010149 -0.000282 
0.010737 -0.000578 
0.011574 -0.002293 
0.013479 -0.003685 
0.014347 -0.003922 
0.015246 -0.004771 
0.015961 -0.003734 
0.017143 -0.002364 
0.018208 -0.000998 
0.017795 0.000786 
0.017534 0.000813 
0.016154 0.002236 
0.014685 0.004034 
0.012557 0.003745 
0.010379 0.003544 
0.008202 0.001785 
0.006428 0.001057 
0.003930 -0.000166 
0.001293 -0.004474 
0.000964 -0.005540 
-0.000804 -0.008335 
-0.001038 -0.011309 
-0.001827 -0.011903 
-0.003032 -0.015271 
-0.003094 -0.015978 
-0.004295 -0.016025 
-0.003720 -0.016505 
-0.003286 -0.015233 
-0.002504 -0.014330 
-0.002716 -0.013864 
-0.003093 -0.013486 
-0.001550 -0.010685 
-0.000283 -0.009253 
0.001044 -0.009375 
0.000984 -0.007472 
0.000557 -0.006991 
0.000241 -0.006075 
-0.001441 -0.003109 
-0.002977 -0.002333 
-0.005485 -0.002703 
-0.006736 -0.001369 
-0.007185 -0.001133 
-0.011893 -0.000528 
-0.014436 -0.000131 
-0.014541 -0.001036 
-0.015572 -0.001149 
-0.016729 -0.002807 
-0.016316 -0.003072 
-0.014232 -0.004338 
-0.014099 -0.006300 
-0.012213 -0.006811 
-0.011298 -0.006755 
-0.009280 -0.007114 
-0.006120 -0.008868 
-0.006306 -0.007267 
-0.003749 -0.007186 
-0.001772 -0.005825 
-0.001491 -0.004632 
-0.001418 -0.004069 
-0.001215 -0.002732 
0.000742 -0.002838 
0.001480 0.000821 
0.001403 -0.000142 
0.001127 -0.000420 
0.000524 0.000611 
0.000532 0.000750 
-0.000999 0.000692 
-0.002295 -0.002153 
-0.002790 -0.002036 
-0.005113 -0.004073 
-0.005843 -0.006140 
-0.006615 -0.008805 
-0.007823 -0.010936 
-0.007464 -0.011940 
-0.008101 -0.014935 
-0.008520 -0.017224 
-0.006274 -0.019669 
-0.004540 -0.020682 
-0.004486 -0.021831 
-0.003051 -0.022195 
-0.001943 -0.020780 
-0.000454 -0.018824 
0.000970 -0.016925 
0.001463 -0.013133 
0.001343 -0.009168 
0.000514 -0.006121 
-0.000457 -0.001868 
-0.001821 0.001550 
-0.002832 0.006937 
-0.004814 0.011493 
-0.006669 0.013399 
-0.009854 0.015565 
-0.012470 0.016537 
-0.013713 0.017020 
-0.016282 0.017697 
-0.018677 0.016883 
-0.019809 0.015707 
-0.019137 0.015369 
-0.019749 0.013999 
-0.019209 0.011053 
-0.017706 0.009223 
-0.015715 0.009702 
-0.012301 0.008892 
-0.009355 0.009440 
-0.005592 0.011473 
-0.001989 0.010157 
0.002349 0.011102 
0.006715 0.014183 
0.010924 0.014791 
0.013408 0.016550 
0.015404 0.018589 
0.019377 0.019560 
0.020374 0.018936 
0.020421 0.018584 
0.021572 0.020093 
0.020429 0.019695 
0.018422 0.019748 
0.016944 0.019041 
0.014668 0.018035 
0.013166 0.017141 
0.012290 0.014146 
0.011050 0.012030 
0.010481 0.010225 
0.009751 0.008386 
0.008913 0.006268 
0.010324 0.004365 
0.011445 0.001977 
0.011642 -0.001230 
0.014251 -0.002033 
0.016180 -0.001180 
0.017138 -0.001063 
0.017950 -0.000611 
0.019668 0.000237 
0.020805 0.001276 
0.019323 0.002676 
0.018829 0.004750 
0.018180 0.005636 
0.017170 0.006178 
0.015678 0.008328 
0.012985 0.006485 
0.010950 0.005231 
0.009379 0.003982 
0.006839 0.000563 
0.005830 -0.001793 
0.004420 -0.004585 
0.000973 -0.006275 
-0.000179 -0.009066 
-0.001371 -0.010529 
-0.002192 -0.011649 
-0.003211 -0.013026 
-0.003176 -0.013779 
-0.002191 -0.013546 
-0.002937 -0.012311 
-0.001975 -0.011891 
-0.000907 -0.011939 
0.000354 -0.013516 
0.000735 -0.011345 
0.000801 -0.009255 
0.001314 -0.008443 
0.001482 -0.007483 
0.002164 -0.006734 
0.001272 -0.004292 
-0.000258 -0.003639 
-0.001895 -0.002134 
-0.003299 -0.000380 
-0.006249 0.000331 
-0.009265 0.000418 
-0.011228 0.000280 
-0.014405 0.000591 
-0.015760 0.000381 
-0.016182 -0.000386 
-0.017767 -0.001495 
-0.017684 -0.003308 
-0.015470 -0.004725 
-0.014233 -0.005286 
-0.013480 -0.006837 
-0.012247 -0.007569 
-0.009532 -0.007277 
-0.007251 -0.007754 
-0.007150 -0.008158 
-0.005255 -0.006079 
-0.004180 -0.005709 
-0.003382 -0.005654 
-0.000955 -0.003786 
-0.001219 -0.003021 
-0.001353 -0.002061 
0.000517 -0.001352 
0.000881 0.001180 
-0.000282 0.001392 
-0.000775 0.000999 
-0.000896 0.001804 
-0.001994 0.002180 
-0.002028 0.001489 
-0.002720 -0.001787 
-0.005046 -0.002166 
-0.006299 -0.003468 
-0.007721 -0.005860 
-0.007862 -0.009113 
-0.008289 -0.011488 
-0.008826 -0.013100 
-0.007339 -0.017020 
-0.007130 -0.018185 
-0.006901 -0.020465 
-0.005323 -0.021933 
-0.003620 -0.021261 
-0.002559 -0.020596 
-0.001352 -0.019385 
-0.000501 -0.017908 
0.000452 -0.013717 
0.001134 -0.010040 
0.000143 -0.007498 
-0.000016 -0.003466 
-0.001611 0.000381 
-0.003071 0.003753 
-0.002942 0.007652 
-0.006597 0.009939 
-0.009958 0.013314 
-0.010607 0.015908 
-0.013567 0.015644 
-0.015978 0.017652 
-0.018037 0.016985 
-0.019980 0.014786 
-0.019769 0.014528 
-0.022112 0.013310 
-0.022958 0.012200 
-0.021320 0.010864 
-0.019419 0.009176 
-0.016030 0.008698 
-0.013366 0.010337 
-0.009704 0.010575 
-0.005327 0.010158 
-0.001733 0.012011 
0.002019 0.012910 
0.007956 0.014152 
0.012201 0.016483 
0.013992 0.017274 
0.016824 0.017539 
0.017560 0.018897 
0.017947 0.019711 
0.018546 0.019986 
0.018191 0.021038 
0.017232 0.020331 
0.015822 0.019561 
0.014629 0.018839 
0.013197 0.016770 
0.011993 0.016388 
0.010997 0.015378 
0.010011 0.012374 
0.008573 0.009401 
0.009096 0.006821 
0.010965 0.004581 
0.010812 0.003097 
0.011841 0.001192 
0.014920 -0.001109 
0.014748 -0.001410 
0.016067 -0.000190 
0.019237 -0.000706 
0.018815 -0.000753 
0.019457 0.002896 
0.018620 0.004327 
0.018249 0.006853 
0.018355 0.008155 
0.016713 0.006778 
0.014843 0.008826 
0.012566 0.007072 
0.012716 0.005392 
0.010310 0.003961 
0.009075 0.002292 
0.007245 0.000591 
0.004152 -0.003246 
0.003496 -0.004910 
0.000902 -0.007021 
0.000360 -0.007875 
-0.000974 -0.009854 
-0.002224 -0.011503 
-0.002027 -0.012351 
-0.003473 -0.013530 
-0.002915 -0.012169 
-0.000394 -0.012304 
-0.000146 -0.012511 
0.001180 -0.011020 
0.002563 -0.009820 
0.001990 -0.009516 
0.005463 -0.007977 
0.004945 -0.006938 
0.003099 -0.005395 
0.004677 -0.003811 
0.002496 -0.003380 
-0.000632 -0.001071 
-0.002092 0.000534 
-0.005411 0.000804 
-0.009644 0.000866 
-0.011128 0.001068 
-0.012885 -0.000069 
-0.013962 -0.000143 
-0.015197 -0.000431 
-0.015519 -0.002073 
-0.014895 -0.002615 
-0.014034 -0.003755 
-0.012305 -0.004896 
-0.013208 -0.006487 
-0.011739 -0.006100 
-0.010097 -0.005981 
-0.008685 -0.007627 
-0.006740 -0.007502 
-0.006252 -0.006802 
-0.004405 -0.005692 
-0.003045 -0.004535 
-0.001931 -0.003639 
-0.000623 -0.002125 
0.000479 -0.001199 
0.000382 -0.000687 
0.000506 0.000474 
0.001577 0.000371 
0.001405 0.000899 
0.001101 0.001790 
0.000240 0.000826 
-0.001915 0.000750 
-0.002303 0.000773 
-0.003480 -0.001323 
-0.005416 -0.004256 
-0.005377 -0.006560 
-0.007671 -0.008715 
-0.008090 -0.011905 
-0.007561 -0.015120 
-0.007255 -0.017248 
-0.005166 -0.019736 
-0.005796 -0.021706 
-0.005240 -0.022328 
-0.003338 -0.023433 
-0.002153 -0.023063 
-0.001580 -0.021216 
-0.000665 -0.020937 
0.000701 -0.019128 
0.000733 -0.016221 
0.001035 -0.012662 
-0.000093 -0.007599 
-0.001137 -0.003773 
-0.001293 0.000254 
-0.003081 0.003504 
-0.004862 0.006749 
-0.006592 0.010571 
-0.009968 0.012617 
-0.012916 0.013102 
-0.014931 0.013899 
-0.017989 0.014015 
-0.018887 0.012970 
-0.019758 0.012881 
-0.021983 0.011992 
-0.022497 0.011045 
-0.022459 0.009732 
-0.020414 0.008205 
-0.018066 0.007676 
-0.015920 0.008282 
-0.012654 0.008889 
-0.008702 0.010058 
-0.004013 0.010655 
0.000292 0.011455 
0.004413 0.013517 
0.007143 0.011964 
0.010302 0.014010 
0.013282 0.016245 
0.014753 0.016299 
0.016442 0.017972 
0.016580 0.018262 
0.016074 0.019173 
0.015618 0.018664 
0.014315 0.019124 
0.012454 0.019615 
0.010733 0.018552 
0.009204 0.016847 
0.007857 0.014752 
0.007480 0.012234 
0.006899 0.008668 
0.006734 0.005733 
0.008012 0.004215 
0.008572 0.002170 
0.009344 -0.001084 
0.011200 -0.002319 
0.011884 -0.003102 
0.013056 -0.001857 
0.015823 -0.001547 
0.016733 -0.000652 
0.016771 0.002536 
0.017405 0.003554 
0.016203 0.005077 
0.016234 0.006439 
0.016439 0.007585 
0.014627 0.006786 
0.013427 0.005409 
0.011053 0.003967 
0.009708 0.003412 
0.008736 0.002058 
0.006018 -0.001349 
0.004461 -0.003119 
0.002036 -0.005015 
-0.000282 -0.005675 
-0.000578 -0.008323 
-0.002293 -0.010521 
-0.003685 -0.011653 
-0.003922 -0.013449 
-0.004771 -0.013017 
-0.003734 -0.014618 
-0.002364 -0.014375 
-0.000998 -0.012599 
0.000786 -0.013767 
0.000813 -0.013244 
0.002236 -0.011348 
0.004034 -0.010205 
0.003745 -0.008684 
0.003544 -0.006815 
0.001785 -0.004539 
0.001057 -0.002440 
-0.000166 -0.001136 
-0.004474 -0.000083 
-0.005540 0.001006 
-0.008335 0.000125 
-0.011309 -0.000665 
-0.011903 0.000216 
-0.015271 -0.000071 
-0.015978 -0.000259 
-0.016025 -0.001477 
-0.016505 -0.003607 
-0.015233 -0.004717 
-0.014330 -0.004958 
-0.013864 -0.004856 
-0.013486 -0.005558 
-0.010685 -0.006491 
-0.009253 -0.006947 
-0.009375 -0.006009 
-0.007472 -0.005589 
-0.006991 -0.006109 
-0.006075 -0.005727 
-0.003109 -0.004581 
-0.002333 -0.003291 
-0.002703 -0.001818 
-0.001369 0.000107 
-0.001133 -0.000580 
-0.000528 0.000045 
-0.000131 0.002318 
-0.001036 0.002015 
-0.001149 0.003082 
-0.002807 0.001385 
-0.003072 -0.000106 
-0.004338 -0.000050 
-0.006300 -0.002666 
-0.006811 -0.004823 
-0.006755 -0.007223 
-0.007114 -0.009058 
-0.008868 -0.012878 
-0.007267 -0.014280 
-0.007186 -0.016200 
-0.005825 -0.019748 
-0.004632 -0.020556 
-0.004069 -0.023396 
-0.002732 -0.022227 
-0.002838 -0.021503 
0.000821 -0.021141 
-0.000142 -0.018177 
-0.000420 -0.016158 
0.000611 -0.012517 
0.000750 -0.008569 
0.000692 -0.004827 
-0.002153 -0.001207 
-0.002036 0.003949 
-0.004073 0.007239 
-0.006140 0.009279 
-0.008805 0.012540 
-0.010936 0.013912 
-0.011940 0.014704 
-0.014935 0.014989 
-0.017224 0.014593 
-0.019669 0.014219 
-0.020682 0.013100 
-0.021831 0.012533 
-0.022195 0.012049 
-0.020780 0.011021 
-0.018824 0.011193 
-0.016925 0.010944 
-0.013133 0.010767 
-0.009168 0.011205 
-0.006121 0.011455 
-0.001868 0.011324 
0.001550 0.012490 
0.006937 0.013933 
0.011493 0.014482 
0.013399 0.016234 
0.015565 0.017889 
0.016537 0.019878 
0.017020 0.020081 
0.017697 0.020752 
0.016883 0.022488 
0.015707 0.022889 
0.015369 0.022538 
0.013999 0.020214 
0.011053 0.018812 
0.009223 0.017475 
0.009702 0.014501 
0.008892 0.011006 
0.009440 0.008477 
0.011473 0.006589 
0.010157 0.003730 
0.011102 0.000480 
0.014183 0.000188 
0.014791 0.000566 
0.016550 -0.000780 
0.018589 0.000280 
0.019560 0.002231 
0.018936 0.004163 
0.018584 0.004718 
0.020093 0.005990 
0.019695 0.008123 
0.019748 0.008158 
0.019041 0.009014 
0.018035 0.008302 
0.017141 0.006416 
0.014146 0.005094 
0.012030 0.003684 
0.010225 0.003201 
0.008386 0.000953 
0.006268 -0.002617 
0.004365 -0.005015 
0.001977 -0.007010 
-0.001230 -0.008612 
-0.002033 -0.010780 
-0.001180 -0.012409 
-0.001063 -0.013142 
-0.000611 -0.013787 
0.000237 -0.014090 
0.001276 -0.014894 
0.002676 -0.014729 
0.004750 -0.013885 
0.005636 -0.013931 
0.006178 -0.012283 
0.008328 -0.008943 
0.006485 -0.007649 
0.005231 -0.005446 
0.003982 -0.004320 
0.000563 -0.003465 
-0.001793 -0.001331 
-0.004585 -0.001460 
-0.006275 0.000347 
-0.009066 -0.000033 
-0.010529 -0.000475 
-0.011649 -0.000121 
-0.013026 -0.001854 
-0.013779 -0.002268 
-0.013546 -0.003286 
-0.012311 -0.004203 
-0.011891 -0.006706 
-0.011939 -0.007712 
-0.013516 -0.006730 
-0.011345 -0.007603 
-0.009255 -0.008365 
-0.008443 -0.008029 
-0.007483 -0.007092 
-0.006734 -0.006272 
-0.004292 -0.005271 
-0.003639 -0.005471 
-0.002134 -0.004316 
-0.000380 -0.001887 
0.000331 -0.001498 
0.000418 -0.000925 
0.000280 -0.000141 
0.000591 0.001115 
0.000381 0.001954 
-0.000386 0.000953 
-0.001495 0.001653 
-0.003308 0.001390 
-0.004725 -0.001227 
-0.005286 -0.002621 
-0.006837 -0.004225 
-0.007569 -0.006193 
-0.007277 -0.008643 
-0.007754 -0.012320 
-0.008158 -0.015006 
-0.006079 -0.016771 
-0.005709 -0.019364 
-0.005654 -0.021534 
-0.003786 -0.022639 
-0.003021 -0.022765 
-0.002061 -0.022789 
-0.001352 -0.022103 
0.001180 -0.020033 
0.001392 -0.016920 
0.000999 -0.013435 
0.001804 -0.010666 
0.002180 -0.005777 
0.001489 -0.002546 
-0.001787 0.000390 
-0.002166 0.004952 
-0.003468 0.006701 
-0.005860 0.008536 
-0.009113 0.010009 
-0.011488 0.010941 
-0.013100 0.012258 
-0.017020 0.013153 
-0.018185 0.012264 
-0.020465 0.011227 
-0.021933 0.011006 
-0.021261 0.010814 
-0.020596 0.011218 
-0.019385 0.010018 
-0.017908 0.009711 
-0.013717 0.010562 
-0.010040 0.009711 
-0.007498 0.009698 
-0.003466 0.011533 
0.000381 0.011105 
0.003753 0.011276 
0.007652 0.013765 
0.009939 0.015357 
0.013314 0.016847 
0.015908 0.018135 
0.015644 0.019959 
0.017652 0.020307 
0.016985 0.020745 
0.014786 0.021869 
0.014528 0.021726 
0.013310 0.020788 
0.012200 0.019013 
0.010864 0.017099 
0.009176 0.014238 
0.008698 0.011963 
0.010337 0.008957 
0.010575 0.005587 
0.010158 0.002929 
0.012011 0.001111 
0.012910 0.000012 
0.014152 -0.000741 
0.016483 0.000015 
0.017274 0.000549 
0.017539 0.001466 
0.018897 0.002343 
0.019711 0.003980 
0.019986 0.004257 
0.021038 0.005360 
0.020331 0.007695 
0.019561 0.006877 
0.018839 0.007700 
0.016770 0.006584 
0.016388 0.005052 
0.015378 0.004968 
0.012374 0.002759 
0.009401 0.000819 
0.006821 -0.001431 
0.004581 -0.002888 
0.003097 -0.005054 
0.001192 -0.008336 
-0.001109 -0.010049 
-0.001410 -0.010932 
-0.000190 -0.012570 
-0.000706 -0.014316 
-0.000753 -0.014842 
0.002896 -0.014726 
0.004327 -0.014742 
0.006853 -0.014602 
0.008155 -0.013572 
0.006778 -0.011581 
0.008826 -0.009396 
0.007072 -0.007473 
0.005392 -0.005406 
0.003961 -0.004238 
0.002292 -0.001781 
0.000591 0.000134 
-0.003246 -0.000477 
-0.004910 0.000123 
-0.007021 0.000153 
-0.007875 0.000059 
-0.009854 -0.000540 
-0.011503 -0.001586 
-0.012351 -0.001486 
-0.013530 -0.003735 
-0.012169 -0.005591 
-0.012304 -0.005539 
-0.012511 -0.006313 
-0.011020 -0.006691 
-0.009820 -0.007380 
-0.009516 -0.007151 
-0.007977 -0.006953 
-0.006938 -0.007213 
-0.005395 -0.006104 
-0.003811 -0.006150 
-0.003380 -0.004958 
-0.001071 -0.003514 
0.000534 -0.002117 
0.000804 -0.000090 
0.000866 0.000848 
0.001068 0.001513 
-0.000069 0.001879 
-0.000143 0.002870 
-0.000431 0.003699 
-0.002073 0.004063 
-0.002615 0.001892 
-0.003755 0.000220 
-0.004896 -0.000631 
-0.006487 -0.002362 
-0.006100 -0.003895 
-0.005981 -0.007285 
-0.007627 -0.010027 
-0.007502 -0.013358 
-0.006802 -0.016364 
-0.005692 -0.018545 
-0.004535 -0.020778 
-0.003639 -0.021973 
-0.002125 -0.022388 
-0.001199 -0.022481 
-0.000687 -0.021790 
0.000474 -0.020032 
0.000371 -0.018825 
0.000899 -0.015635 
0.001790 -0.012676 
0.000826 -0.010212 
0.000750 -0.006702 
0.000773 -0.002789 
-0.001323 0.000424 
-0.004256 0.002612 
-0.006560 0.005517 
-0.008715 0.007061 
-0.011905 0.008385 
-0.015120 0.010695 
-0.017248 0.012522 
-0.019736 0.011219 
-0.021706 0.010730 
-0.022328 0.011712 
-0.023433 0.010269 
-0.023063 0.009644 
-0.021216 0.009874 
-0.020937 0.008763 
-0.019128 0.007802 
-0.016221 0.008109 
-0.012662 0.007145 
-0.007599 0.006747 
-0.003773 0.007706 
0.000254 0.009661 
0.003504 0.010811 
0.006749 0.012319 
0.010571 0.015366 
0.012617 0.016523 
0.013102 0.018843 
0.013899 0.020399 
0.014015 0.021008 
0.012970 0.021456 
0.012881 0.021913 
0.011992 0.021137 
0.011045 0.018490 
0.009732 0.017556 
0.008205 0.015089 
0.007676 0.011880 
0.008282 0.008905 
0.008889 0.005811 
0.010058 0.004109 
0.010655 0.002678 
0.011455 0.000076 
0.013517 -0.000611 
0.011964 -0.000544 
0.014010 -0.000429 
0.016245 0.001798 
0.016299 0.001552 
0.017972 0.002160 
0.018262 0.003011 
0.019173 0.004429 
0.018664 0.006596 
0.019124 0.006173 
0.019615 0.007148 
0.018552 0.006457 
0.016847 0.005663 
0.014752 0.004355 
0.012234 0.002103 
0.008668 0.002639 
0.005733 0.000492 
0.004215 -0.001807 
0.002170 -0.002802 
-0.001084 -0.006020 
-0.002319 -0.008491 
-0.003102 -0.010701 
-0.001857 -0.012717 
-0.001547 -0.014834 
-0.000652 -0.016713 
0.002536 -0.015515 
0.003554 -0.016088 
0.005077 -0.016799 
0.006439 -0.014807 
0.007585 -0.013679 
0.006786 -0.011741 
0.005409 -0.009650 
0.003967 -0.006661 
0.003412 -0.004084 
0.002058 -0.003849 
-0.001349 -0.003344 
-0.003119 -0.003017 
-0.005015 -0.001666 
-0.005675 -0.000732 
-0.008323 -0.000883 
-0.010521 -0.001111 
-0.011653 -0.001683 
-0.013449 -0.002027 
-0.013017 -0.003452 
-0.014618 -0.004085 
-0.014375 -0.004780 
-0.012599 -0.006266 
-0.013767 -0.006384 
-0.013244 -0.007401 
-0.011348 -0.008296 
-0.010205 -0.007663 
-0.008684 -0.007820 
-0.006815 -0.008403 
-0.004539 -0.007132 
-0.002440 -0.004397 
-0.001136 -0.003373 
-0.000083 -0.002864 
0.001006 -0.001513 
0.000125 0.000328 
-0.000665 0.002778 
0.000216 0.002970 
-0.000071 0.003202 
-0.000259 0.004263 
-0.001477 0.004185 
-0.003607 0.003455 
-0.004717 0.002155 
-0.004958 0.000715 
-0.004856 -0.001767 
-0.005558 -0.003763 
-0.006491 -0.005758 
-0.006947 -0.009672 
-0.006009 -0.013995 
-0.005589 -0.015529 
-0.006109 -0.017387 
-0.005727 -0.020385 
-0.004581 -0.021726 
-0.003291 -0.023259 
-0.001818 -0.022591 
0.000107 -0.022805 
-0.000580 -0.021943 
0.000045 -0.018498 
0.002318 -0.016275 
0.002015 -0.012989 
0.003082 -0.010259 
0.001385 -0.006891 
-0.000106 -0.003969 
-0.000050 -0.001528 
-0.002666 0.001200 
-0.004823 0.003090 
-0.007223 0.006078 
-0.009058 0.007545 
-0.012878 0.008037 
-0.014280 0.010619 
-0.016200 0.011973 
-0.019748 0.011463 
-0.020556 0.011606 
-0.023396 0.010752 
-0.022227 0.010953 
-0.021503 0.011130 
-0.021141 0.009821 
-0.018177 0.009513 
-0.016158 0.008581 
-0.012517 0.008478 
-0.008569 0.009278 
-0.004827 0.009067 
-0.001207 0.009864 
0.003949 0.012364 
0.007239 0.013870 
0.009279 0.016462 
0.012540 0.019941 
0.013912 0.020461 
0.014704 0.021964 
0.014989 0.024100 
0.014593 0.024154 
0.014219 0.023866 
0.013100 0.022148 
0.012533 0.020649 
0.012049 0.019036 
0.011021 0.015420 
0.011193 0.014052 
0.010944 0.011697 
0.010767 0.007937 
0.011205 0.006453 
0.011455 0.004557 
0.011324 0.003191 
0.012490 0.002444 
0.013933 0.001827 
0.014482 0.002053 
0.016234 0.002643 
0.017889 0.002447 
0.019878 0.003487 
0.020081 0.004395 
0.020752 0.004762 
0.022488 0.007161 
0.022889 0.007269 
0.022538 0.008032 
0.020214 0.008659 
0.018812 0.007429 
0.017475 0.007228 
0.014501 0.005906 
0.011006 0.004770 
0.008477 0.003715 
0.006589 0.002288 
0.003730 -0.000489 
0.000480 -0.003812 
0.000188 -0.006614 
0.000566 -0.009956 
-0.000780 -0.012116 
0.000280 -0.014584 
0.002231 -0.016896 
0.004163 -0.016699 
0.004718 -0.016448 
0.005990 -0.016088 
0.008123 -0.015029 
0.008158 -0.013733 
0.009014 -0.011578 
0.008302 -0.009935 
0.006416 -0.007816 
0.005094 -0.006199 
0.003684 -0.003929 
0.003201 -0.002065 
0.000953 -0.002860 
-0.002617 -0.001061 
-0.005015 -0.000531 
-0.007010 -0.001199 
-0.008612 -0.000991 
-0.010780 -0.002253 
-0.012409 -0.003292 
-0.013142 -0.004357 
-0.013787 -0.004159 
-0.014090 -0.005867 
-0.014894 -0.008042 
-0.014729 -0.008093 
-0.013885 -0.009021 
-0.013931 -0.009847 
-0.012283 -0.010029 
-0.008943 -0.009099 
-0.007649 -0.008890 
-0.005446 -0.007939 
-0.004320 -0.007068 
-0.003465 -0.006822 
-0.001331 -0.004807 
-0.001460 -0.003316 
0.000347 -0.000877 
-0.000033 0.000232 
-0.000475 0.002081 
-0.000121 0.003732 
-0.001854 0.002481 
-0.002268 0.003565 
-0.003286 0.004079 
-0.004203 0.003587 
-0.006706 0.001401 
-0.007712 -0.000981 
-0.006730 -0.002473 
-0.007603 -0.005372 
-0.008365 -0.008385 
-0.008029 -0.011904 
-0.007092 -0.014766 
-0.006272 -0.017466 
-0.005271 -0.019672 
-0.005471 -0.021742 
-0.004316 -0.022412 
-0.001887 -0.022210 
-0.001498 -0.021985 
-0.000925 -0.020688 
-0.000141 -0.019528 
0.001115 -0.016659 
0.001954 -0.014461 
0.000953 -0.012944 
0.001653 -0.010064 
0.001390 -0.006471 
-0.001227 -0.003672 
-0.002621 -0.001405 
-0.004225 0.000609 
-0.006193 0.002543 
-0.008643 0.004990 
-0.012320 0.006441 
-0.015006 0.008452 
-0.016771 0.009118 
-0.019364 0.009580 
-0.021534 0.010074 
-0.022639 0.010328 
-0.022765 0.010580 
-0.022789 0.009632 
-0.022103 0.009008 
-0.020033 0.008453 
-0.016920 0.008501 
-0.013435 0.006728 
-0.010666 0.007003 
-0.005777 0.008461 
-0.002546 0.010057 
0.000390 0.011791 
0.004952 0.011857 
0.006701 0.014252 
0.008536 0.016843 
0.010009 0.019909 
0.010941 0.020635 
0.012258 0.022336 
0.013153 0.023667 
0.012264 0.023139 
0.011227 0.023406 
0.011006 0.020929 
0.010814 0.020160 
0.011218 0.017904 
0.010018 0.015628 
0.009711 0.013011 
0.010562 0.010408 
0.009711 0.008361 
0.009698 0.005102 
0.011533 0.005226 
0.011105 0.003464 
0.011276 0.002877 
0.013765 0.004103 
0.015357 0.003996 
0.016847 0.003673 
0.018135 0.003080 
0.019959 0.004180 
0.020307 0.005846 
0.020745 0.007132 
0.021869 0.007577 
0.021726 0.008115 
0.020788 0.008693 
0.019013 0.008917 
0.017099 0.009162 
0.014238 0.008494 
0.011963 0.006536 
0.008957 0.005093 
0.005587 0.003160 
0.002929 0.000623 
0.001111 -0.002724 
0.000012 -0.005966 
-0.000741 -0.007969 
0.000015 -0.010802 
0.000549 -0.012434 
0.001466 -0.014658 
0.002343 -0.015240 
0.003980 -0.015138 
0.004257 -0.015270 
0.005360 -0.013924 
0.007695 -0.013076 
0.006877 -0.011249 
0.007700 -0.010816 
0.006584 -0.008246 
0.005052 -0.005706 
0.004968 -0.004286 
0.002759 -0.001834 
0.000819 -0.001176 
-0.001431 -0.000727 
-0.002888 -0.000081 
-0.005054 0.001035 
-0.008336 0.000111 
-0.010049 -0.000572 
-0.010932 -0.001201 
-0.012570 -0.003262 
-0.014316 -0.004461 
-0.014842 -0.005374 
-0.014726 -0.006353 
-0.014742 -0.007581 
-0.014602 -0.008520 
-0.013572 -0.009384 
-0.011581 -0.009372 
-0.009396 -0.010716 
-0.007473 -0.011346 
-0.005406 -0.009184 
-0.004238 -0.007520 
-0.001781 -0.006931 
0.000134 -0.006251 
-0.000477 -0.004184 
0.000123 -0.002196 
0.000153 -0.000332 
0.000059 0.000788 
-0.000540 0.002008 
-0.001586 0.003647 
-0.001486 0.003918 
-0.003735 0.003419 
-0.005591 0.002601 
-0.005539 0.001943 
-0.006313 0.000277 
-0.006691 -0.002917 
-0.007380 -0.005837 
-0.007151 -0.008366 
-0.006953 -0.011880 
-0.007213 -0.015132 
-0.006104 -0.017742 
-0.006150 -0.019578 
-0.004958 -0.021319 
-0.003514 -0.023002 
-0.002117 -0.022804 
-0.000090 -0.022276 
0.000848 -0.021201 
0.001513 -0.020180 
0.001879 -0.018993 
0.002870 -0.016184 
0.003699 -0.014043 
0.004063 -0.013187 
0.001892 -0.010502 
0.000220 -0.006923 
-0.000631 -0.005461 
-0.002362 -0.002929 
-0.003895 -0.000300 
-0.007285 0.000684 
-0.010027 0.003376 
-0.013358 0.005604 
-0.016364 0.005894 
-0.018545 0.007313 
-0.020778 0.007759 
-0.021973 0.007360 
-0.022388 0.007488 
-0.022481 0.006208 
-0.021790 0.006311 
-0.020032 0.006182 
-0.018825 0.004544 
-0.015635 0.004536 
-0.012676 0.005026 
-0.010212 0.005415 
-0.006702 0.006529 
-0.002789 0.008359 
0.000424 0.010230 
0.002612 0.012402 
0.005517 0.014962 
0.007061 0.017049 
0.008385 0.018538 
0.010695 0.019428 
0.012522 0.020405 
0.011219 0.021220 
0.010730 0.020495 
0.011712 0.018617 
0.010269 0.016662 
0.009644 0.015826 
0.009874 0.013935 
0.008763 0.011141 
0.007802 0.009365 
0.008109 0.007566 
0.007145 0.005768 
0.006747 0.003123 
0.007706 0.003286 
0.009661 0.002621 
0.010811 0.001026 
0.012319 0.002357 
0.015366 0.000938 
0.016523 0.002046 
0.018843 0.004337 
0.020399 0.004091 
0.021008 0.005504 
0.021456 0.006562 
0.021913 0.006410 
0.021137 0.007781 
0.018490 0.008282 
0.017556 0.006657 
0.015089 0.007241 
0.011880 0.005864 
0.008905 0.004043 
0.005811 0.003320 
0.004109 0.000290 
0.002678 -0.001482 
0.000076 -0.003645 
-0.000611 -0.006425 
-0.000544 -0.008667 
-0.000429 -0.012058 
0.001798 -0.013944 
0.001552 -0.014224 
0.002160 -0.015436 
0.003011 -0.016622 
0.004429 -0.016425 
0.006596 -0.014919 
0.006173 -0.013627 
0.007148 -0.011524 
0.006457 -0.010485 
0.005663 -0.009072 
0.004355 -0.005984 
0.002103 -0.004819 
0.002639 -0.002447 
0.000492 -0.000913 
-0.001807 0.000415 
-0.002802 0.000314 
-0.006020 -0.000015 
-0.008491 0.001219 
-0.010701 -0.000249 
-0.012717 -0.000755 
-0.014834 -0.003239 
-0.016713 -0.005294 
-0.015515 -0.006344 
-0.016088 -0.007775 
-0.016799 -0.007739 
-0.014807 -0.009418 
-0.013679 -0.010380 
-0.011741 -0.010042 
-0.009650 -0.009647 
-0.006661 -0.009458 
-0.004084 -0.008154 
-0.003849 -0.007767 
-0.003344 -0.006134 
-0.003017 -0.003856 
-0.001666 -0.003201 
-0.000732 -0.000367 
-0.000883 0.001119 
-0.001111 0.002642 
-0.001683 0.004656 
-0.002027 0.005814 
-0.003452 0.006300 
-0.004085 0.006180 
-0.004780 0.004799 
-0.006266 0.002006 
-0.006384 0.000522 
-0.007401 -0.002941 
-0.008296 -0.006631 
-0.007663 -0.009985 
-0.007820 -0.013019 
-0.008403 -0.014923 
-0.007132 -0.018091 
-0.004397 -0.019840 
-0.003373 -0.021436 
-0.002864 -0.022638 
-0.001513 -0.021820 
0.000328 -0.020260 
0.002778 -0.019669 
0.002970 -0.018935 
0.003202 -0.016214 
0.004263 -0.014806 
0.004185 -0.013298 
0.003455 -0.011489 
0.002155 -0.008751 
0.000715 -0.004882 
-0.001767 -0.003487 
-0.003763 -0.000888 
-0.005758 0.002380 
-0.009672 0.003546 
-0.013995 0.005289 
-0.015529 0.007810 
-0.017387 0.008412 
-0.020385 0.008993 
-0.021726 0.009316 
-0.023259 0.008133 
-0.022591 0.008510 
-0.022805 0.007702 
-0.021943 0.007354 
-0.018498 0.006556 
-0.016275 0.005348 
-0.012989 0.007183 
-0.010259 0.008229 
-0.006891 0.009433 
-0.003969 0.010463 
-0.001528 0.012832 
0.001200 0.015595 
0.003090 0.016947 
0.006078 0.019392 
0.007545 0.020613 
0.008037 0.021913 
0.010619 0.023504 
0.011973 0.023124 
0.011463 0.021963 
0.011606 0.021162 
0.010752 0.020180 
0.010953 0.017976 
0.011130 0.015591 
0.009821 0.014531 
0.009513 0.012704 
0.008581 0.010713 
0.008478 0.008757 
0.009278 0.007122 
0.009067 0.007068 
0.009864 0.005311 
0.012364 0.004433 
0.013870 0.004251 
0.016462 0.004020 
0.019941 0.005016 
0.020461 0.004832 
0.021964 0.005340 
0.024100 0.007699 
0.024154 0.008793 
0.023866 0.008880 
0.022148 0.009443 
0.020649 0.009757 
0.019036 0.011147 
0.015420 0.009961 
0.014052 0.008829 
0.011697 0.008565 
0.007937 0.006245 
0.006453 0.003833 
0.004557 0.000611 
0.003191 -0.000225 
0.002444 -0.002577 
0.001827 -0.006072 
0.002053 -0.009404 
0.002643 -0.012614 
0.002447 -0.012822 
0.003487 -0.013220 
0.004395 -0.014166 
0.004762 -0.014869 
0.007161 -0.014344 
0.007269 -0.014172 
0.008032 -0.012919 
0.008659 -0.010832 
0.007429 -0.008614 
0.007228 -0.006949 
0.005906 -0.004946 
0.004770 -0.001636 
0.003715 -0.000274 
0.002288 0.000510 
-0.000489 0.000133 
-0.003812 0.000926 
-0.006614 0.000044 
-0.009956 -0.001290 
-0.012116 -0.001841 
-0.014584 -0.003725 
-0.016896 -0.004552 
-0.016699 -0.006827 
-0.016448 -0.007752 
-0.016088 -0.009346 
-0.015029 -0.010627 
-0.013733 -0.011530 
-0.011578 -0.012674 
-0.009935 -0.011673 
-0.007816 -0.011548 
-0.006199 -0.011101 
-0.003929 -0.010431 
-0.002065 -0.007966 
-0.002860 -0.005851 
-0.001061 -0.004564 
-0.000531 -0.001123 
-0.001199 0.001460 
-0.000991 0.003069 
-0.002253 0.004993 
-0.003292 0.005511 
-0.004357 0.005524 
-0.004159 0.005543 
-0.005867 0.004812 
-0.008042 0.003475 
-0.008093 -0.000097 
-0.009021 -0.003105 
-0.009847 -0.006574 
-0.010029 -0.010614 
-0.009099 -0.013053 
-0.008890 -0.015691 
-0.007939 -0.017701 
-0.007068 -0.020049 
-0.006822 -0.021897 
-0.004807 -0.022253 
-0.003316 -0.022383 
-0.000877 -0.022339 
0.000232 -0.021269 
0.002081 -0.020230 
0.003732 -0.019322 
0.002481 -0.016922 
0.003565 -0.014544 
0.004079 -0.012523 
0.003587 -0.010394 
0.001401 -0.008127 
-0.000981 -0.005103 
-0.002473 -0.002450 
-0.005372 -0.000585 
-0.008385 0.001370 
-0.011904 0.002556 
-0.014766 0.003773 
-0.017466 0.005575 
-0.019672 0.006457 
-0.021742 0.006480 
-0.022412 0.006582 
-0.022210 0.005789 
-0.021985 0.005039 
-0.020688 0.004819 
-0.019528 0.004833 
-0.016659 0.005640 
-0.014461 0.005170 
-0.012944 0.006500 
-0.010064 0.007796 
-0.006471 0.009059 
-0.003672 0.011949 
-0.001405 0.014033 
0.000609 0.016316 
0.002543 0.017330 
0.004990 0.019491 
0.006441 0.019818 
0.008452 0.020901 
0.009118 0.022720 
0.009580 0.021109 
0.010074 0.020524 
0.010328 0.018233 
0.010580 0.016466 
0.009632 0.016297 
0.009008 0.015327 
0.008453 0.013132 
0.008501 0.011600 
0.006728 0.009706 
0.007003 0.008392 
0.008461 0.008614 
0.010057 0.005937 
0.011791 0.004940 
0.011857 0.004692 
0.014252 0.005208 
0.016843 0.005613 
0.019909 0.004874 
0.020635 0.006399 
0.022336 0.007087 
0.023667 0.007189 
0.023139 0.007942 
0.023406 0.008637 
0.020929 0.009757 
0.020160 0.010958 
0.017904 0.010272 
0.015628 0.010450 
0.013011 0.009200 
0.010408 0.007046 
0.008361 0.005436 
0.005102 0.002736 
0.005226 0.001585 
0.003464 -0.002470 
0.002877 -0.005154 
0.004103 -0.007080 
0.003996 -0.010652 
0.003673 -0.011811 
0.003080 -0.012868 
0.004180 -0.013482 
0.005846 -0.014106 
0.007132 -0.013653 
0.007577 -0.012872 
0.008115 -0.012134 
0.008693 -0.011207 
0.008917 -0.009589 
0.009162 -0.006514 
0.008494 -0.004480 
0.006536 -0.003466 
0.005093 -0.002127 
0.003160 -0.000256 
0.000623 0.001321 
-0.002724 0.001885 
-0.005966 0.000321 
-0.007969 0.000407 
-0.010802 0.000689 
-0.012434 -0.001366 
-0.014658 -0.002720 
-0.015240 -0.005442 
-0.015138 -0.006729 
-0.015270 -0.007215 
-0.013924 -0.009126 
-0.013076 -0.009898 
-0.011249 -0.011784 
-0.010816 -0.012941 
-0.008246 -0.012373 
-0.005706 -0.011246 
-0.004286 -0.009883 
-0.001834 -0.009362 
-0.001176 -0.006794 
-0.000727 -0.004280 
-0.000081 -0.001291 
0.001035 0.002185 
0.000111 0.003324 
-0.000572 0.005797 
-0.001201 0.007062 
-0.003262 0.007442 
-0.004461 0.006732 
-0.005374 0.004641 
-0.006353 0.003826 
-0.007581 0.001267 
-0.008520 -0.000823 
-0.009384 -0.004595 
-0.009372 -0.009417 
-0.010716 -0.011507 
-0.011346 -0.014557 
-0.009184 -0.016328 
-0.007520 -0.017722 
-0.006931 -0.019911 
-0.006251 -0.019959 
-0.004184 -0.021129 
-0.002196 -0.022216 
-0.000332 -0.021301 
0.000788 -0.020340 
0.002008 -0.018680 
0.003647 -0.017489 
0.003918 -0.016227 
0.003419 -0.014182 
0.002601 -0.012281 
0.001943 -0.009598 
0.000277 -0.006632 
-0.002917 -0.003932 
-0.005837 -0.000461 
-0.008366 0.001799 
-0.011880 0.002065 
-0.015132 0.003247 
-0.017742 0.004377 
-0.019578 0.005188 
-0.021319 0.005684 
-0.023002 0.005006 
-0.022804 0.003027 
-0.022276 0.002355 
-0.021201 0.003755 
-0.020180 0.003075 
-0.018993 0.003449 
-0.016184 0.004243 
-0.014043 0.004720 
-0.013187 0.006828 
-0.010502 0.009144 
-0.006923 0.011543 
-0.005461 0.012292 
-0.002929 0.014583 
-0.000300 0.017065 
0.000684 0.017797 
0.003376 0.018728 
0.005604 0.019044 
0.005894 0.018988 
0.007313 0.018906 
0.007759 0.018656 
0.007360 0.018220 
0.007488 0.018253 
0.006208 0.016601 
0.006311 0.015470 
0.006182 0.013989 
0.004544 0.012093 
0.004536 0.010790 
0.005026 0.007681 
0.005415 0.006645 
0.006529 0.006214 
0.008359 0.006454 
0.010230 0.005590 
0.012402 0.004174 
0.014962 0.004060 
0.017049 0.004761 
0.018538 0.006029 
0.019428 0.004886 
0.020405 0.007057 
0.021220 0.008225 
0.020495 0.008842 
0.018617 0.010514 
0.016662 0.009422 
0.015826 0.008990 
0.013935 0.008800 
0.011141 0.009584 
0.009365 0.007112 
0.007566 0.005368 
0.005768 0.004022 
0.003123 0.001714 
0.003286 0.001018 
0.002621 -0.002958 
0.001026 -0.005746 
0.002357 -0.009123 
0.000938 -0.012010 
0.002046 -0.012445 
0.004337 -0.013073 
0.004091 -0.013428 
0.005504 -0.014169 
0.006562 -0.013754 
0.006410 -0.014112 
0.007781 -0.012856 
0.008282 -0.009742 
0.006657 -0.007564 
0.007241 -0.005566 
0.005864 -0.004456 
0.004043 -0.003307 
0.003320 -0.001580 
0.000290 -0.000255 
-0.001482 0.000736 
-0.003645 0.001451 
-0.006425 0.000541 
-0.008667 0.000151 
-0.012058 0.000053 
-0.013944 -0.001489 
-0.014224 -0.002440 
-0.015436 -0.004398 
-0.016622 -0.006524 
-0.016425 -0.007936 
-0.014919 -0.009926 
-0.013627 -0.011302 
-0.011524 -0.012310 
-0.010485 -0.012902 
-0.009072 -0.012480 
-0.005984 -0.010398 
-0.004819 -0.009251 
-0.002447 -0.007729 
-0.000913 -0.003565 
0.000415 -0.000011 
0.000314 0.002663 
-0.000015 0.003957 
0.001219 0.006281 
-0.000249 0.008345 
-0.000755 0.008615 
-0.003239 0.007893 
-0.005294 0.006098 
-0.006344 0.005062 
-0.007775 0.002497 
-0.007739 0.000086 
-0.009418 -0.003205 
-0.010380 -0.006086 
-0.010042 -0.008565 
-0.009647 -0.012499 
-0.009458 -0.013987 
-0.008154 -0.015995 
-0.007767 -0.018315 
-0.006134 -0.019919 
-0.003856 -0.020384 
-0.003201 -0.020514 
-0.000367 -0.020877 
0.001119 -0.020515 
0.002642 -0.020469 
0.004656 -0.019017 
0.005814 -0.017222 
0.006300 -0.015100 
0.006180 -0.012187 
0.004799 -0.009928 
0.002006 -0.007370 
0.000522 -0.004590 
-0.002941 -0.002596 
-0.006631 0.001088 
-0.009985 0.002445 
-0.013019 0.001916 
-0.014923 0.003522 
-0.018091 0.003462 
-0.019840 0.003684 
-0.021436 0.002741 
-0.022638 0.002794 
-0.021820 0.003200 
-0.020260 0.002122 
-0.019669 0.003079 
-0.018935 0.002389 
-0.016214 0.003711 
-0.014806 0.006074 
-0.013298 0.006853 
-0.011489 0.009660 
-0.008751 0.012082 
-0.004882 0.012870 
-0.003487 0.014976 
-0.000888 0.017448 
0.002380 0.018313 
0.003546 0.019798 
0.005289 0.019770 
0.007810 0.019408 
0.008412 0.021232 
0.008993 0.021123 
0.009316 0.020328 
0.008133 0.018981 
0.008510 0.016969 
0.007702 0.017136 
0.007354 0.015105 
0.006556 0.013376 
0.005348 0.012870 
0.007183 0.010347 
0.008229 0.009346 
0.009433 0.007520 
0.010463 0.006526 
0.012832 0.006727 
0.015595 0.005581 
0.016947 0.005738 
0.019392 0.006044 
0.020613 0.005964 
0.021913 0.006692 
0.023504 0.007926 
0.023124 0.009115 
0.021963 0.009058 
0.021162 0.009174 
0.020180 0.011001 
0.017976 0.011010 
0.015591 0.011309 
0.014531 0.010589 
0.012704 0.007675 
0.010713 0.007204 
0.008757 0.005617 
0.007122 0.002519 
0.007068 0.000097 
0.005311 -0.002024 
0.004433 -0.005230 
0.004251 -0.007251 
0.004020 -0.008932 
0.005016 -0.011775 
0.004832 -0.012320 
0.005340 -0.013061 
0.007699 -0.013156 
0.008793 -0.013416 
0.008880 -0.013493 
0.009443 -0.010781 
0.009757 -0.009022 
0.011147 -0.008593 
0.009961 -0.007089 
0.008829 -0.004902 
0.008565 -0.003475 
0.006245 -0.001403 
0.003833 0.000309 
0.000611 0.000280 
-0.000225 0.000978 
-0.002577 0.002022 
-0.006072 0.001151 
-0.009404 0.000711 
-0.012614 0.000582 
-0.012822 -0.001677 
-0.013220 -0.003702 
-0.014166 -0.005269 
-0.014869 -0.007192 
-0.014344 -0.009225 
-0.014172 -0.011678 
-0.012919 -0.012301 
-0.010832 -0.011290 
-0.008614 -0.012416 
-0.006949 -0.012117 
-0.004946 -0.009479 
-0.001636 -0.007435 
-0.000274 -0.004464 
0.000510 -0.001972 
0.000133 0.000808 
0.000926 0.003626 
0.000044 0.005965 
-0.001290 0.007379 
-0.001841 0.007886 
-0.003725 0.009324 
-0.004552 0.007396 
-0.006827 0.005049 
-0.007752 0.004092 
-0.009346 0.000562 
-0.010627 -0.002146 
-0.011530 -0.005454 
-0.012674 -0.008751 
-0.011673 -0.009516 
-0.011548 -0.011758 
-0.011101 -0.014689 
-0.010431 -0.017728 
-0.007966 -0.019991 
-0.005851 -0.020908 
-0.004564 -0.021703 
-0.001123 -0.021859 
0.001460 -0.022574 
0.003069 -0.021968 
0.004993 -0.020378 
0.005511 -0.018528 
0.005524 -0.015842 
0.005543 -0.014333 
0.004812 -0.012370 
0.003475 -0.009562 
-0.000097 -0.007098 
-0.003105 -0.005070 
-0.006574 -0.003019 
-0.010614 0.000056 
-0.013053 0.000714 
-0.015691 -0.000209 
-0.017701 0.000654 
-0.020049 0.000314 
-0.021897 -0.000379 
-0.022253 -0.000619 
-0.022383 -0.001122 
-0.022339 -0.000261 
-0.021269 0.001291 
-0.020230 0.001179 
-0.019322 0.001618 
-0.016922 0.004180 
-0.014544 0.005738 
-0.012523 0.008646 
-0.010394 0.010763 
-0.008127 0.012007 
-0.005103 0.014970 
-0.002450 0.016237 
-0.000585 0.017554 
0.001370 0.018146 
0.002556 0.017794 
0.003773 0.019214 
0.005575 0.019887 
0.006457 0.018488 
0.006480 0.018716 
0.006582 0.018804 
0.005789 0.017037 
0.005039 0.016062 
0.004819 0.014893 
0.004833 0.013873 
0.005640 0.012301 
0.005170 0.010474 
0.006500 0.009301 
0.007796 0.008950 
0.009059 0.008776 
0.011949 0.006904 
0.014033 0.006090 
0.016316 0.006963 
0.017330 0.006287 
0.019491 0.005294 
0.019818 0.006967 
0.020901 0.008502 
0.022720 0.008335 
0.021109 0.009165 
0.020524 0.010077 
0.018233 0.009452 
0.016466 0.010015 
0.016297 0.010891 
0.015327 0.010279 
0.013132 0.009458 
0.011600 0.008057 
0.009706 0.006274 
0.008392 0.003609 
0.008614 0.001485 
0.005937 -0.001112 
0.004940 -0.004390 
0.004692 -0.006039 
0.005208 -0.008047 
0.005613 -0.010098 
0.004874 -0.011367 
0.006399 -0.012203 
0.007087 -0.012590 
0.007189 -0.012141 
0.007942 -0.011709 
0.008637 -0.011754 
0.009757 -0.010909 
0.010958 -0.008908 
0.010272 -0.007621 
0.010450 -0.006465 
0.009200 -0.004316 
0.007046 -0.002595 
0.005436 -0.000113 
0.002736 0.000741 
0.001585 0.001422 
-0.002470 0.003587 
-0.005154 0.003171 
-0.007080 0.002024 
-0.010652 0.001335 
-0.011811 -0.000042 
-0.012868 -0.002246 
-0.013482 -0.004679 
-0.014106 -0.007926 
-0.013653 -0.009509 
-0.012872 -0.010217 
-0.012134 -0.013088 
-0.011207 -0.012569 
-0.009589 -0.011480 
-0.006514 -0.011929 
-0.004480 -0.009235 
-0.003466 -0.006625 
-0.002127 -0.004289 
-0.000256 -0.000844 
0.001321 0.000555 
0.001885 0.002283 
0.000321 0.005596 
0.000407 0.006841 
0.000689 0.008375 
-0.001366 0.008467 
-0.002720 0.007731 
-0.005442 0.008610 
-0.006729 0.005680 
-0.007215 0.004163 
-0.009126 0.002382 
-0.009898 -0.002010 
-0.011784 -0.004440 
-0.012941 -0.007240 
-0.012373 -0.009574 
-0.011246 -0.013037 
-0.009883 -0.014544 
-0.009362 -0.016316 
-0.006794 -0.018646 
-0.004280 -0.019149 
-0.001291 -0.021413 
0.002185 -0.021146 
0.003324 -0.021109 
0.005797 -0.019814 
0.007062 -0.017785 
0.007442 -0.015995 
0.006732 -0.012380 
0.004641 -0.010448 
0.003826 -0.007914 
0.001267 -0.006171 
-0.000823 -0.004213 
-0.004595 -0.002220 
-0.009417 -0.001580 
-0.011507 -0.000636 
-0.014557 0.000287 
-0.016328 -0.000569 
-0.017722 -0.001235 
-0.019911 -0.000966 
-0.019959 -0.001523 
-0.021129 0.000145 
-0.022216 -0.000663 
-0.021301 -0.001357 
-0.020340 0.000503 
-0.018680 0.001623 
-0.017489 0.003366 
-0.016227 0.004370 
-0.014182 0.006251 
-0.012281 0.008900 
-0.009598 0.010652 
-0.006632 0.011596 
-0.003932 0.013955 
-0.000461 0.015624 
0.001799 0.016905 
0.002065 0.017820 
0.003247 0.017870 
0.004377 0.019647 
0.005188 0.018886 
0.005684 0.018875 
0.005006 0.019228 
0.003027 0.017955 
0.002355 0.017351 
0.003755 0.015090 
0.003075 0.013637 
0.003449 0.012210 
0.004243 0.009982 
0.004720 0.010270 
0.006828 0.008922 
0.009144 0.006020 
0.011543 0.006015 
0.012292 0.006075 
0.014583 0.006151 
0.017065 0.006018 
0.017797 0.006332 
0.018728 0.006425 
0.019044 0.006936 
0.018988 0.008721 
0.018906 0.009126 
0.018656 0.010840 
0.018220 0.010577 
0.018253 0.009964 
0.016601 0.010559 
0.015470 0.010563 
0.013989 0.010204 
0.012093 0.008344 
0.010790 0.006878 
0.007681 0.003983 
0.006645 0.002074 
0.006214 -0.000434 
0.006454 -0.003642 
0.005590 -0.004964 
0.004174 -0.006899 
0.004060 -0.008074 
0.004761 -0.009884 
0.006029 -0.011474 
0.004886 -0.011490 
0.007057 -0.011956 
0.008225 -0.012303 
0.008842 -0.011288 
0.010514 -0.010443 
0.009422 -0.009625 
0.008990 -0.008141 
0.008800 -0.006799 
0.009584 -0.004771 
0.007112 -0.002285 
0.005368 -0.000617 
0.004022 0.000771 
0.001714 0.002735 
0.001018 0.003133 
-0.002958 0.002765 
-0.005746 0.002109 
-0.009123 0.001217 
-0.012010 0.000010 
-0.012445 -0.001834 
-0.013073 -0.003113 
-0.013428 -0.006179 
-0.014169 -0.008934 
-0.013754 -0.010609 
-0.014112 -0.012070 
-0.012856 -0.012168 
-0.009742 -0.011443 
-0.007564 -0.010500 
-0.005566 -0.009227 
-0.004456 -0.007236 
-0.003307 -0.005234 
-0.001580 -0.002227 
-0.000255 -0.000297 
0.000736 0.002544 
0.001451 0.005231 
0.000541 0.006314 
0.000151 0.008840 
0.000053 0.008173 
-0.001489 0.008053 
-0.002440 0.008700 
-0.004398 0.007228 
-0.006524 0.005559 
-0.007936 0.003532 
-0.009926 0.001358 
-0.011302 -0.001999 
-0.012310 -0.003680 
-0.012902 -0.007262 
-0.012480 -0.010915 
-0.010398 -0.012159 
-0.009251 -0.015194 
-0.007729 -0.017603 
-0.003565 -0.020226 
-0.000011 -0.021147 
0.002663 -0.021761 
0.003957 -0.022876 
0.006281 -0.021567 
0.008345 -0.019656 
0.008615 -0.017459 
0.007893 -0.015080 
0.006098 -0.011950 
0.005062 -0.010194 
0.002497 -0.007303 
0.000086 -0.003974 
-0.003205 -0.003713 
-0.006086 -0.002264 
-0.008565 -0.001722 
-0.012499 -0.001400 
-0.013987 -0.000796 
-0.015995 -0.002492 
-0.018315 -0.002635 
-0.019919 -0.002220 
-0.020384 -0.002461 
-0.020514 -0.002916 
-0.020877 -0.002883 
-0.020515 -0.000866 
-0.020469 -0.000406 
-0.019017 0.000941 
-0.017222 0.002961 
-0.015100 0.003685 
-0.012187 0.007538 
-0.009928 0.009694 
-0.007370 0.011048 
-0.004590 0.013451 
-0.002596 0.014063 
0.001088 0.015918 
0.002445 0.017580 
0.001916 0.019400 
0.003522 0.020056 
0.003462 0.019104 
0.003684 0.018776 
0.002741 0.018517 
0.002794 0.018959 
0.003200 0.017369 
0.002122 0.015540 
0.003079 0.014814 
0.002389 0.012931 
0.003711 0.011772 
0.006074 0.010520 
0.006853 0.009044 
0.009660 0.009065 
0.012082 0.008004 
0.012870 0.006548 
0.014976 0.006782 
0.017448 0.006953 
0.018313 0.006773 
0.019798 0.006643 
0.019770 0.007906 
0.019408 0.008960 
0.021232 0.009859 
0.021123 0.010263 
0.020328 0.009878 
0.018981 0.012180 
0.016969 0.012523 
0.017136 0.010658 
0.015105 0.009263 
0.013376 0.008575 
0.012870 0.008273 
0.010347 0.006087 
0.009346 0.003794 
0.007520 0.002096 
0.006526 -0.000507 
0.006727 -0.003881 
0.005581 -0.004937 
0.005738 -0.006641 
0.006044 -0.008035 
0.005964 -0.007824 
0.006692 -0.009900 
0.007926 -0.010750 
0.009115 -0.011433 
0.009058 -0.011796 
0.009174 -0.010897 
0.011001 -0.010154 
0.011010 -0.008692 
0.011309 -0.006835 
0.010589 -0.004773 
0.007675 -0.002717 
0.007204 -0.001137 
0.005617 0.000864 
0.002519 0.002801 
0.000097 0.003066 
-0.002024 0.004502 
-0.005230 0.004081 
-0.007251 0.003079 
-0.008932 0.001683 
-0.011775 -0.001931 
-0.012320 -0.002782 
-0.013061 -0.004948 
-0.013156 -0.006849 
-0.013416 -0.008613 
-0.013493 -0.010998 
-0.010781 -0.010972 
-0.009022 -0.010671 
-0.008593 -0.010684 
-0.007089 -0.009873 
-0.004902 -0.006562 
-0.003475 -0.004915 
-0.001403 -0.003212 
0.000309 -0.001235 
0.000280 0.000700 
0.000978 0.004736 
0.002022 0.006484 
0.001151 0.007581 
0.000711 0.008290 
0.000582 0.008757 
-0.001677 0.009500 
-0.003702 0.008329 
-0.005269 0.006632 
-0.007192 0.005652 
-0.009225 0.003542 
-0.011678 0.000246 
-0.012301 -0.002145 
-0.011290 -0.004963 
-0.012416 -0.009026 
-0.012117 -0.012474 
-0.009479 -0.014509 
-0.007435 -0.018009 
-0.004464 -0.021211 
-0.001972 -0.021906 
0.000808 -0.022703 
0.003626 -0.022690 
0.005965 -0.021663 
0.007379 -0.020313 
0.007886 -0.018285 
0.009324 -0.015648 
0.007396 -0.012398 
0.005049 -0.008881 
0.004092 -0.006994 
0.000562 -0.005640 
-0.002146 -0.003660 
-0.005454 -0.003273 
-0.008751 -0.003103 
-0.009516 -0.001871 
-0.011758 -0.001039 
-0.014689 -0.002225 
-0.017728 -0.002455 
-0.019991 -0.002108 
-0.020908 -0.003465 
-0.021703 -0.002409 
-0.021859 -0.001851 
-0.022574 -0.001941 
-0.021968 0.000422 
-0.020378 0.001639 
-0.018528 0.003067 
-0.015842 0.005138 
-0.014333 0.006971 
-0.012370 0.009353 
-0.009562 0.010847 
-0.007098 0.013770 
-0.005070 0.016244 
-0.003019 0.016860 
0.000056 0.018626 
0.000714 0.019311 
-0.000209 0.020693 
0.000654 0.021887 
0.000314 0.020568 
-0.000379 0.019999 
-0.000619 0.019248 
-0.001122 0.017825 
-0.000261 0.016908 
0.001291 0.016074 
0.001179 0.014481 
0.001618 0.012733 
0.004180 0.011433 
0.005738 0.010191 
0.008646 0.008559 
0.010763 0.008132 
0.012007 0.008827 
0.014970 0.007938 
0.016237 0.008285 
0.017554 0.008751 
0.018146 0.008962 
0.017794 0.010317 
0.019214 0.010098 
0.019887 0.011759 
0.018488 0.013078 
0.018716 0.011973 
0.018804 0.013006 
0.017037 0.013277 
0.016062 0.011723 
0.014893 0.011275 
0.013873 0.010228 
0.012301 0.008368 
0.010474 0.006805 
0.009301 0.004111 
0.008950 0.002279 
0.008776 0.001425 
0.006904 -0.000342 
0.006090 -0.002232 
0.006963 -0.004515 
0.006287 -0.005940 
0.005294 -0.007689 
0.006967 -0.009759 
0.008502 -0.010681 
0.008335 -0.011677 
0.009165 -0.011075 
0.010077 -0.010732 
0.009452 -0.010710 
0.010015 -0.009100 
0.010891 -0.007627 
0.010279 -0.005365 
0.009458 -0.002995 
0.008057 -0.000681 
0.006274 0.001220 
0.003609 0.001891 
0.001485 0.002793 
-0.001112 0.003178 
-0.004390 0.003519 
-0.006039 0.003178 
-0.008047 0.001371 
-0.010098 0.000069 
-0.011367 -0.001612 
-0.012203 -0.004455 
-0.012590 -0.006359 
-0.012141 -0.007419 
-0.011709 -0.009793 
-0.011754 -0.010721 
-0.010909 -0.009906 
-0.008908 -0.010011 
-0.007621 -0.009024 
-0.006465 -0.007575 
-0.004316 -0.004969 
-0.002595 -0.002470 
-0.000113 -0.001105 
0.000741 0.001256 
0.001422 0.002257 
0.003587 0.004619 
0.003171 0.005920 
0.002024 0.006433 
0.001335 0.009649 
-0.000042 0.009245 
-0.002246 0.007945 
-0.004679 0.007256 
-0.007926 0.005993 
-0.009509 0.004386 
-0.010217 0.002107 
-0.013088 0.000496 
-0.012569 -0.002831 
-0.011480 -0.006709 
-0.011929 -0.010403 
-0.009235 -0.013943 
-0.006625 -0.017279 
-0.004289 -0.019235 
-0.000844 -0.021081 
0.000555 -0.022771 
0.002283 -0.020938 
0.005596 -0.020580 
0.006841 -0.019354 
0.008375 -0.016999 
0.008467 -0.016793 
0.007731 -0.013885 
0.008610 -0.010938 
0.005680 -0.009303 
0.004163 -0.006349 
0.002382 -0.005704 
-0.002010 -0.005475 
-0.004440 -0.003558 
-0.007240 -0.003787 
-0.009574 -0.003636 
-0.013037 -0.003680 
-0.014544 -0.003749 
-0.016316 -0.003878 
-0.018646 -0.005407 
-0.019149 -0.005087 
-0.021413 -0.004151 
-0.021146 -0.003005 
-0.021109 -0.002787 
-0.019814 -0.002010 
-0.017785 -0.000506 
-0.015995 0.001309 
-0.012380 0.003709 
-0.010448 0.005890 
-0.007914 0.008799 
-0.006171 0.010889 
-0.004213 0.013678 
-0.002220 0.014960 
-0.001580 0.017259 
-0.000636 0.018924 
0.000287 0.017886 
-0.000569 0.020075 
-0.001235 0.020329 
-0.000966 0.019810 
-0.001523 0.019474 
0.000145 0.017443 
-0.000663 0.016514 
-0.001357 0.015811 
0.000503 0.014605 
0.001623 0.012379 
0.003366 0.010195 
0.004370 0.008991 
0.006251 0.008734 
0.008900 0.007856 
0.010652 0.006351 
0.011596 0.006535 
0.013955 0.006813 
0.015624 0.007189 
0.016905 0.008240 
0.017820 0.008723 
0.017870 0.010825 
0.019647 0.012415 
0.018886 0.012305 
0.018875 0.012098 
0.019228 0.011540 
0.017955 0.012231 
0.017351 0.011948 
0.015090 0.010572 
0.013637 0.008937 
0.012210 0.007066 
0.009982 0.005984 
0.010270 0.004568 
0.008922 0.002935 
0.006020 0.001125 
0.006015 -0.000876 
0.006075 -0.003002 
0.006151 -0.004728 
0.006018 -0.006104 
0.006332 -0.008577 
0.006425 -0.010812 
0.006936 -0.011322 
0.008721 -0.012611 
0.009126 -0.013240 
0.010840 -0.012980 
0.010577 -0.012834 
0.009964 -0.010764 
0.010559 -0.009151 
0.010563 -0.007051 
0.010204 -0.004330 
0.008344 -0.002373 
0.006878 -0.000471 
0.003983 0.000833 
0.002074 0.001786 
-0.000434 0.002577 
-0.003642 0.002755 
-0.004964 0.001932 
-0.006899 -0.000307 
-0.008074 -0.003084 
-0.009884 -0.004093 
-0.011474 -0.006554 
-0.011490 -0.008950 
-0.011956 -0.009936 
-0.012303 -0.010936 
-0.011288 -0.010976 
-0.010443 -0.012166 
-0.009625 -0.012106 
-0.008141 -0.011953 
-0.006799 -0.010450 
-0.004771 -0.008241 
-0.002285 -0.007946 
-0.000617 -0.005478 
0.000771 -0.003137 
0.002735 -0.001741 
0.003133 0.000754 
0.002765 0.003502 
0.002109 0.005038 
0.001217 0.006608 
0.000010 0.007483 
-0.001834 0.007437 
-0.003113 0.007743 
-0.006179 0.007889 
-0.008934 0.006795 
-0.010609 0.002750 
-0.012070 -0.000301 
-0.012168 -0.002692 
-0.011443 -0.006901 
-0.010500 -0.011620 
-0.009227 -0.014608 
-0.007236 -0.017134 
-0.005234 -0.019865 
-0.002227 -0.020915 
-0.000297 -0.023018 
0.002544 -0.022441 
0.005231 -0.021515 
0.006314 -0.021467 
0.008840 -0.019309 
0.008173 -0.018217 
0.008053 -0.015524 
0.008700 -0.013019 
0.007228 -0.010601 
0.005559 -0.009282 
0.003532 -0.009232 
0.001358 -0.006849 
-0.001999 -0.006022 
-0.003680 -0.005186 
-0.007262 -0.004934 
-0.010915 -0.005633 
-0.012159 -0.005432 
-0.015194 -0.006137 
-0.017603 -0.005600 
-0.020226 -0.004675 
-0.021147 -0.005488 
-0.021761 -0.006110 
-0.022876 -0.004203 
-0.021567 -0.003254 
-0.019656 -0.003044 
-0.017459 -0.000314 
-0.015080 0.001429 
-0.011950 0.004087 
-0.010194 0.006965 
-0.007303 0.009256 
-0.003974 0.012113 
-0.003713 0.013567 
-0.002264 0.016332 
-0.001722 0.016889 
-0.001400 0.016816 
-0.000796 0.018821 
-0.002492 0.019468 
-0.002635 0.019349 
-0.002220 0.018065 
-0.002461 0.018561 
-0.002916 0.017341 
-0.002883 0.014695 
-0.000866 0.013905 
-0.000406 0.011996 
0.000941 0.010740 
0.002961 0.008748 
0.003685 0.007706 
0.007538 0.007476 
0.009694 0.007239 
0.011048 0.007235 
0.013451 0.006645 
0.014063 0.007692 
0.015918 0.007844 
0.017580 0.009407 
0.019400 0.011665 
0.020056 0.012168 
0.019104 0.012571 
0.018776 0.012706 
0.018517 0.013469 
0.018959 0.012260 
0.017369 0.011304 
0.015540 0.012079 
0.014814 0.010580 
0.012931 0.009128 
0.011772 0.008121 
0.010520 0.006355 
0.009044 0.005387 
0.009065 0.003726 
0.008004 0.001623 
0.006548 -0.001612 
0.006782 -0.004001 
0.006953 -0.004742 
0.006773 -0.007177 
0.006643 -0.009048 
0.007906 -0.011026 
0.008960 -0.011640 
0.009859 -0.012175 
0.010263 -0.012676 
0.009878 -0.010851 
0.012180 -0.010026 
0.012523 -0.008325 
0.010658 -0.006653 
0.009263 -0.003800 
0.008575 -0.001931 
0.008273 -0.001720 
0.006087 0.001288 
0.003794 0.002229 
0.002096 0.001882 
-0.000507 0.001700 
-0.003881 0.001109 
-0.004937 0.000611 
-0.006641 -0.002196 
-0.008035 -0.004271 
-0.007824 -0.005104 
-0.009900 -0.007441 
-0.010750 -0.008463 
-0.011433 -0.009237 
-0.011796 -0.010943 
-0.010897 -0.011443 
-0.010154 -0.011948 
-0.008692 -0.011538 
-0.006835 -0.009597 
-0.004773 -0.009810 
-0.002717 -0.009057 
-0.001137 -0.005051 
0.000864 -0.004496 
0.002801 -0.003024 
0.003066 -0.000040 
0.004502 0.001679 
0.004081 0.004951 
0.003079 0.006380 
0.001683 0.008327 
-0.001931 0.008803 
-0.002782 0.007808 
-0.004948 0.008510 
-0.006849 0.007483 
-0.008613 0.004338 
-0.010998 0.001438 
-0.010972 -0.000972 
-0.010671 -0.005120 
-0.010684 -0.007980 
-0.009873 -0.010910 
-0.006562 -0.014500 
-0.004915 -0.016687 
-0.003212 -0.018491 
-0.001235 -0.020063 
0.000700 -0.021516 
0.004736 -0.021217 
0.006484 -0.020758 
0.007581 -0.020071 
0.008290 -0.018440 
0.008757 -0.016230 
0.009500 -0.013831 
0.008329 -0.012182 
0.006632 -0.010701 
0.005652 -0.009047 
0.003542 -0.007432 
0.000246 -0.006017 
-0.002145 -0.005149 
-0.004963 -0.004806 
-0.009026 -0.003890 
-0.012474 -0.005053 
-0.014509 -0.006367 
-0.018009 -0.005809 
-0.021211 -0.006320 
-0.021906 -0.006664 
-0.022703 -0.006036 
-0.022690 -0.005463 
-0.021663 -0.005139 
-0.020313 -0.003512 
-0.018285 -0.001294 
-0.015648 0.001178 
-0.012398 0.003779 
-0.008881 0.006327 
-0.006994 0.009346 
-0.005640 0.010360 
-0.003660 0.011817 
-0.003273 0.014978 
-0.003103 0.016223 
-0.001871 0.016943 
-0.001039 0.018615 
-0.002225 0.019274 
-0.002455 0.018980 
-0.002108 0.019194 
-0.003465 0.018837 
-0.002409 0.017529 
-0.001851 0.016427 
-0.001941 0.014318 
0.000422 0.012049 
0.001639 0.010784 
0.003067 0.009265 
0.005138 0.008104 
0.006971 0.008650 
0.009353 0.007959 
0.010847 0.006573 
0.013770 0.008182 
0.016244 0.008409 
0.016860 0.008948 
0.018626 0.010390 
0.019311 0.010615 
0.020693 0.011928 
0.021887 0.012463 
0.020568 0.013559 
0.019999 0.013990 
0.019248 0.013421 
0.017825 0.013020 
0.016908 0.012170 
0.016074 0.011885 
0.014481 0.010845 
0.012733 0.008969 
0.011433 0.007784 
0.010191 0.006754 
0.008559 0.004580 
0.008132 0.002228 
0.008827 -0.000641 
0.007938 -0.002850 
0.008285 -0.005090 
0.008751 -0.007546 
0.008962 -0.008093 
0.010317 -0.010436 
0.010098 -0.012643 
0.011759 -0.011494 
0.013078 -0.011780 
0.011973 -0.011596 
0.013006 -0.009676 
0.013277 -0.008657 
0.011723 -0.005977 
0.011275 -0.004524 
0.010228 -0.002210 
0.008368 -0.000379 
0.006805 -0.000686 
0.004111 0.001663 
0.002279 0.001522 
0.001425 -0.000187 
-0.000342 -0.000848 
-0.002232 -0.000214 
-0.004515 -0.001323 
-0.005940 -0.003812 
-0.007689 -0.004599 
-0.009759 -0.006345 
-0.010681 -0.008390 
-0.011677 -0.010248 
-0.011075 -0.010935 
-0.010732 -0.011722 
-0.010710 -0.011559 
-0.009100 -0.011370 
-0.007627 -0.010582 
-0.005365 -0.008811 
-0.002995 -0.008878 
-0.000681 -0.007458 
0.001220 -0.004990 
0.001891 -0.003090 
0.002793 -0.001244 
0.003178 0.001372 
0.003519 0.003265 
0.003178 0.005675 
0.001371 0.008028 
0.000069 0.010113 
-0.001612 0.010895 
-0.004455 0.008903 
-0.006359 0.008225 
-0.007419 0.006198 
-0.009793 0.003981 
-0.010721 0.001022 
-0.009906 -0.002695 
-0.010011 -0.005960 
-0.009024 -0.009577 
-0.007575 -0.011664 
-0.004969 -0.014189 
-0.002470 -0.017054 
-0.001105 -0.018644 
0.001256 -0.018062 
0.002257 -0.019102 
0.004619 -0.019854 
0.005920 -0.018136 
0.006433 -0.016413 
0.009649 -0.014986 
0.009245 -0.014052 
0.007945 -0.012290 
0.007256 -0.010591 
0.005993 -0.008867 
0.004386 -0.007282 
0.002107 -0.005881 
0.000496 -0.005485 
-0.002831 -0.005333 
-0.006709 -0.005446 
-0.010403 -0.005503 
-0.013943 -0.006089 
-0.017279 -0.007541 
-0.019235 -0.007209 
-0.021081 -0.007714 
-0.022771 -0.007119 
-0.020938 -0.005693 
-0.020580 -0.005385 
-0.019354 -0.004354 
-0.016999 -0.002385 
-0.016793 -0.000827 
-0.013885 0.002267 
-0.010938 0.004611 
-0.009303 0.005136 
-0.006349 0.008963 
-0.005704 0.010893 
-0.005475 0.013974 
-0.003558 0.016608 
-0.003787 0.016641 
-0.003636 0.018697 
-0.003680 0.020111 
-0.003749 0.020829 
-0.003878 0.019594 
-0.005407 0.019082 
-0.005087 0.018812 
-0.004151 0.017771 
-0.003005 0.015380 
-0.002787 0.013693 
-0.002010 0.012459 
-0.000506 0.010173 
0.001309 0.009433 
0.003709 0.008284 
0.005890 0.009190 
0.008799 0.008438 
0.010889 0.008849 
0.013678 0.010499 
0.014960 0.009483 
0.017259 0.010092 
0.018924 0.010414 
0.017886 0.011677 
0.020075 0.012517 
0.020329 0.013161 
0.019810 0.013525 
0.019474 0.013334 
0.017443 0.013619 
0.016514 0.013697 
0.015811 0.013781 
0.014605 0.012019 
0.012379 0.010484 
0.010195 0.009285 
0.008991 0.008015 
0.008734 0.005965 
0.007856 0.003871 
0.006351 0.002004 
0.006535 -0.001028 
0.006813 -0.003363 
0.007189 -0.005472 
0.008240 -0.008180 
0.008723 -0.011564 
0.010825 -0.012122 
0.012415 -0.011731 
0.012305 -0.012985 
0.012098 -0.011352 
0.011540 -0.009178 
0.012231 -0.007882 
0.011948 -0.006561 
0.010572 -0.005682 
0.008937 -0.002559 
0.007066 -0.000069 
0.005984 -0.000800 
0.004568 -0.000608 
0.002935 -0.000343 
0.001125 -0.000473 
-0.000876 0.000118 
-0.003002 -0.001937 
-0.004728 -0.002884 
-0.006104 -0.002110 
-0.008577 -0.004113 
-0.010812 -0.005797 
-0.011322 -0.006613 
-0.012611 -0.007785 
-0.013240 -0.010157 
-0.012980 -0.011944 
-0.012834 -0.012119 
-0.010764 -0.012422 
-0.009151 -0.011650 
-0.007051 -0.012040 
-0.004330 -0.011557 
-0.002373 -0.009120 
-0.000471 -0.007107 
0.000833 -0.004740 
0.001786 -0.003201 
0.002577 0.000204 
0.002755 0.003788 
0.001932 0.005445 
-0.000307 0.007270 
-0.003084 0.007464 
-0.004093 0.008689 
-0.006554 0.008895 
-0.008950 0.007294 
-0.009936 0.006369 
-0.010936 0.003561 
-0.010976 0.000860 
-0.012166 -0.002547 
-0.012106 -0.005169 
-0.011953 -0.008202 
-0.010450 -0.011884 
-0.008241 -0.014997 
-0.007946 -0.018304 
-0.005478 -0.017282 
-0.003137 -0.019534 
-0.001741 -0.021710 
0.000754 -0.020554 
0.003502 -0.021348 
0.005038 -0.018879 
0.006608 -0.016747 
0.007483 -0.016031 
0.007437 -0.013552 
0.007743 -0.011386 
0.007889 -0.010751 
0.006795 -0.009183 
0.002750 -0.007289 
-0.000301 -0.006661 
-0.002692 -0.007604 
-0.006901 -0.007580 
-0.011620 -0.006238 
-0.014608 -0.007902 
-0.017134 -0.007696 
-0.019865 -0.007642 
-0.020915 -0.008342 
-0.023018 -0.007839 
-0.022441 -0.008370 
-0.021515 -0.006330 
-0.021467 -0.005142 
-0.019309 -0.005066 
-0.018217 -0.003211 
-0.015524 -0.001620 
-0.013019 0.000817 
-0.010601 0.003565 
-0.009282 0.005463 
-0.009232 0.008757 
-0.006849 0.012009 
-0.006022 0.014412 
-0.005186 0.016748 
-0.004934 0.018434 
-0.005633 0.019519 
-0.005432 0.019708 
-0.006137 0.019743 
-0.005600 0.019379 
-0.004675 0.018399 
-0.005488 0.016801 
-0.006110 0.015747 
-0.004203 0.013787 
-0.003254 0.011175 
-0.003044 0.010251 
-0.000314 0.009224 
0.001429 0.007994 
0.004087 0.007885 
0.006965 0.008714 
0.009256 0.007996 
0.012113 0.008238 
0.013567 0.009297 
0.016332 0.009811 
0.016889 0.010803 
0.016816 0.011356 
0.018821 0.012773 
0.019468 0.012798 
0.019349 0.013648 
0.018065 0.015166 
0.018561 0.014485 
0.017341 0.014142 
0.014695 0.013899 
0.013905 0.013859 
0.011996 0.012908 
0.010740 0.010553 
0.008748 0.008808 
0.007706 0.007359 
0.007476 0.004516 
0.007239 0.001635 
0.007235 -0.000820 
0.006645 -0.003800 
0.007692 -0.005504 
0.007844 -0.007812 
0.009407 -0.010281 
0.011665 -0.010622 
0.012168 -0.011764 
0.012571 -0.011095 
0.012706 -0.009331 
0.013469 -0.009780 
0.012260 -0.007965 
0.011304 -0.005016 
0.012079 -0.003631 
0.010580 -0.003113 
0.009128 -0.001432 
0.008121 -0.000274 
0.006355 -0.000965 
0.005387 0.000441 
0.003726 0.000172 
0.001623 -0.000912 
-0.001612 -0.001013 
-0.004001 -0.001932 
-0.004742 -0.001460 
-0.007177 -0.003706 
-0.009048 -0.006730 
-0.011026 -0.007425 
-0.011640 -0.008755 
-0.012175 -0.010075 
-0.012676 -0.011616 
-0.010851 -0.012974 
-0.010026 -0.012604 
-0.008325 -0.011632 
-0.006653 -0.011883 
-0.003800 -0.011167 
-0.001931 -0.010296 
-0.001720 -0.008887 
0.001288 -0.005465 
0.002229 -0.003646 
0.001882 -0.001034 
0.001700 0.002186 
0.001109 0.004539 
0.000611 0.006493 
-0.002196 0.007554 
-0.004271 0.008615 
-0.005104 0.009620 
-0.007441 0.009474 
-0.008463 0.006719 
-0.009237 0.005079 
-0.010943 0.003176 
-0.011443 -0.000592 
-0.011948 -0.003768 
-0.011538 -0.006960 
-0.009597 -0.009972 
-0.009810 -0.012994 
-0.009057 -0.016019 
-0.005051 -0.018782 
-0.004496 -0.020044 
-0.003024 -0.020946 
-0.000040 -0.020961 
0.001679 -0.020258 
0.004951 -0.019353 
0.006380 -0.018086 
0.008327 -0.016965 
0.008803 -0.014394 
0.007808 -0.013305 
0.008510 -0.012306 
0.007483 -0.010640 
0.004338 -0.009578 
0.001438 -0.008367 
-0.000972 -0.007822 
-0.005120 -0.007196 
-0.007980 -0.007517 
-0.010910 -0.008524 
-0.014500 -0.008798 
-0.016687 -0.008770 
-0.018491 -0.008882 
-0.020063 -0.008955 
-0.021516 -0.008462 
-0.021217 -0.007898 
-0.020758 -0.008646 
-0.020071 -0.006865 
-0.018440 -0.005543 
-0.016230 -0.005522 
-0.013831 -0.001999 
-0.012182 -0.000290 
-0.010701 0.002680 
-0.009047 0.006533 
-0.007432 0.008717 
-0.006017 0.011485 
-0.005149 0.013862 
-0.004806 0.016182 
-0.003890 0.017354 
-0.005053 0.018681 
-0.006367 0.019130 
-0.005809 0.018102 
-0.006320 0.016463 
-0.006664 0.014635 
-0.006036 0.013187 
-0.005463 0.013012 
-0.005139 0.011861 
-0.003512 0.010649 
-0.001294 0.010338 
0.001178 0.008379 
0.003779 0.008350 
0.006327 0.006785 
0.009346 0.007104 
0.010360 0.008701 
0.011817 0.008378 
0.014978 0.010480 
0.016223 0.009866 
0.016943 0.010931 
0.018615 0.012980 
0.019274 0.012841 
0.018980 0.013612 
0.019194 0.013544 
0.018837 0.014544 
0.017529 0.015365 
0.016427 0.015449 
0.014318 0.015163 
0.012049 0.013949 
0.010784 0.014011 
0.009265 0.012169 
0.008104 0.010123 
0.008650 0.008736 
0.007959 0.004525 
0.006573 0.001660 
0.008182 -0.001132 
0.008409 -0.003897 
0.008948 -0.006918 
0.010390 -0.008763 
0.010615 -0.008712 
0.011928 -0.010479 
0.012463 -0.010031 
0.013559 -0.010062 
0.013990 -0.008818 
0.013421 -0.006323 
0.013020 -0.004941 
0.012170 -0.002948 
0.011885 -0.002166 
0.010845 -0.000776 
0.008969 -0.000538 
0.007784 0.000123 
0.006754 -0.000061 
0.004580 0.000443 
0.002228 0.001785 
-0.000641 -0.000541 
-0.002850 -0.001087 
-0.005090 -0.002163 
-0.007546 -0.003443 
-0.008093 -0.003691 
-0.010436 -0.006076 
-0.012643 -0.006599 
-0.011494 -0.007833 
-0.011780 -0.010920 
-0.011596 -0.010824 
-0.009676 -0.011586 
-0.008657 -0.013216 
-0.005977 -0.011305 
-0.004524 -0.009870 
-0.002210 -0.008744 
-0.000379 -0.006748 
-0.000686 -0.005261 
0.001663 -0.003594 
0.001522 -0.001273 
-0.000187 0.002574 
-0.000848 0.005303 
-0.000214 0.007263 
-0.001323 0.009145 
-0.003812 0.009278 
-0.004599 0.010192 
-0.006345 0.010474 
-0.008390 0.009384 
-0.010248 0.007884 
-0.010935 0.005162 
-0.011722 0.002447 
-0.011559 -0.000659 
-0.011370 -0.005084 
-0.010582 -0.008660 
-0.008811 -0.009499 
-0.008878 -0.011687 
-0.007458 -0.015035 
-0.004990 -0.016289 
-0.003090 -0.017023 
-0.001244 -0.017718 
0.001372 -0.018570 
0.003265 -0.018452 
0.005675 -0.017180 
0.008028 -0.015416 
0.010113 -0.013197 
0.010895 -0.011775 
0.008903 -0.010514 
0.008225 -0.009201 
0.006198 -0.008913 
0.003981 -0.008228 
0.001022 -0.007253 
-0.002695 -0.007471 
-0.005960 -0.008094 
-0.009577 -0.007649 
-0.011664 -0.007181 
-0.014189 -0.007563 
-0.017054 -0.007337 
-0.018644 -0.008276 
-0.018062 -0.007768 
-0.019102 -0.007619 
-0.019854 -0.009229 
-0.018136 -0.008367 
-0.016413 -0.006961 
-0.014986 -0.003508 
-0.014052 -0.001367 
-0.012290 0.000642 
-0.010591 0.003568 
-0.008867 0.005703 
-0.007282 0.009657 
-0.005881 0.012571 
-0.005485 0.015326 
-0.005333 0.016703 
-0.005446 0.018192 
-0.005503 0.019503 
-0.006089 0.019749 
-0.007541 0.019883 
-0.007209 0.019186 
-0.007714 0.018283 
-0.007119 0.015666 
-0.005693 0.014915 
-0.005385 0.013626 
-0.004354 0.011578 
-0.002385 0.010926 
-0.000827 0.010213 
0.002267 0.008986 
0.004611 0.007624 
0.005136 0.007747 
0.008963 0.008162 
0.010893 0.009159 
0.013974 0.009647 
0.016608 0.010846 
0.016641 0.009950 
0.018697 0.009777 
0.020111 0.012458 
0.020829 0.013510 
0.019594 0.015032 
0.019082 0.015838 
0.018812 0.016635 
0.017771 0.015178 
0.015380 0.015010 
0.013693 0.015828 
0.012459 0.014267 
0.010173 0.013634 
0.009433 0.011610 
