0.008599 0.031892 
0.011085 0.028830 
0.013932 0.026544 
0.017368 0.024312 
0.022427 0.021629 
0.027217 0.017503 
0.031886 0.015168 
0.036399 0.011942 
0.038390 0.011038 
0.040832 0.010597 
0.042621 0.008872 
0.043234 0.008421 
0.042117 0.006509 
0.040575 0.005982 
0.039830 0.004603 
0.038382 0.002416 
0.037177 -0.000056 
0.035150 -0.004330 
0.032488 -0.007543 
0.030879 -0.011443 
0.029993 -0.016567 
0.027335 -0.021148 
0.026970 -0.025729 
0.025954 -0.031837 
0.021717 -0.036793 
0.020446 -0.040361 
0.017506 -0.043591 
0.014239 -0.045937 
0.011734 -0.048869 
0.007850 -0.050677 
0.005717 -0.052529 
0.004046 -0.053643 
0.000886 -0.052831 
-0.002014 -0.053078 
-0.003419 -0.052487 
-0.005376 -0.051287 
-0.006698 -0.050031 
-0.008486 -0.047338 
-0.010705 -0.046470 
-0.012784 -0.045003 
-0.016025 -0.041611 
-0.018961 -0.040711 
-0.023224 -0.037827 
-0.028329 -0.033637 
-0.033144 -0.030939 
-0.037686 -0.026294 
-0.042554 -0.021249 
-0.047031 -0.016049 
-0.050174 -0.011420 
-0.053406 -0.006354 
-0.054844 -0.001022 
-0.055819 0.003184 
-0.057161 0.008893 
-0.056394 0.013273 
-0.055429 0.017013 
-0.053537 0.019495 
-0.051071 0.020594 
-0.049143 0.023813 
-0.045773 0.024989 
-0.043714 0.025569 
-0.041107 0.026250 
-0.038470 0.026117 
-0.036455 0.026753 
-0.031821 0.026588 
-0.028686 0.026262 
-0.024744 0.024344 
-0.020167 0.022663 
-0.016460 0.021689 
-0.012255 0.019316 
-0.008080 0.017376 
-0.002297 0.014259 
0.001957 0.010572 
0.006627 0.007968 
0.012033 0.006003 
0.015386 0.004099 
0.018192 0.001911 
0.021320 0.000311 
0.026101 -0.001272 
0.028368 -0.001964 
0.027912 -0.000967 
0.029107 -0.001418 
0.029420 -0.002614 
0.028596 -0.001681 
0.027879 -0.001468 
0.026320 -0.002831 
0.024446 -0.004503 
0.021854 -0.005887 
0.020595 -0.007953 
0.019545 -0.010089 
0.016838 -0.010864 
0.014527 -0.013073 
0.011750 -0.013524 
0.009607 -0.013178 
0.008395 -0.013735 
0.006303 -0.012099 
0.003512 -0.010046 
0.001737 -0.008486 
0.000040 -0.007592 
-0.001947 -0.004963 
-0.004607 -0.003196 
-0.006762 -0.003044 
-0.005433 -0.002848 
-0.006556 -0.003811 
-0.007790 -0.004202 
-0.006270 -0.005414 
-0.006516 -0.006158 
-0.007056 -0.005917 
-0.006023 -0.004809 
-0.004782 -0.003876 
-0.005808 -0.001452 
-0.007743 0.001997 
-0.009618 0.004261 
-0.009553 0.009380 
-0.010356 0.011835 
-0.012308 0.015577 
-0.013195 0.021575 
-0.013768 0.023935 
-0.011082 0.026450 
-0.010296 0.027258 
-0.010185 0.029930 
-0.008869 0.032778 
-0.007501 0.033788 
-0.003972 0.037255 
-0.002872 0.038404 
-0.002329 0.037612 
-0.000637 0.038653 
-0.000805 0.039216 
-0.000713 0.039897 
0.000748 0.040224 
0.001494 0.038336 
0.001735 0.038831 
0.002440 0.037413 
0.004918 0.033561 
0.007454 0.032942 
0.010154 0.029499 
0.013697 0.026036 
0.018308 0.024548 
0.024632 0.019779 
0.028151 0.016818 
0.032565 0.015704 
0.035669 0.013737 
0.037199 0.013530 
0.039517 0.012255 
0.039162 0.010891 
0.040722 0.011084 
0.040163 0.009472 
0.038599 0.008713 
0.038525 0.008240 
0.037320 0.004738 
0.037288 0.001551 
0.036392 -0.002651 
0.034308 -0.006980 
0.034265 -0.009878 
0.033917 -0.015819 
0.031395 -0.020559 
0.029677 -0.024743 
0.027090 -0.029671 
0.024260 -0.034164 
0.021932 -0.038303 
0.019417 -0.040409 
0.015530 -0.044522 
0.013688 -0.046897 
0.011970 -0.048485 
0.006837 -0.049868 
0.005488 -0.050458 
0.004237 -0.052305 
0.003268 -0.051647 
0.001267 -0.050872 
-0.000826 -0.049282 
-0.001099 -0.048923 
-0.003206 -0.048227 
-0.005754 -0.046158 
-0.009864 -0.045181 
-0.011642 -0.043298 
-0.015990 -0.040889 
-0.020511 -0.037424 
-0.024966 -0.035199 
-0.031207 -0.031945 
-0.035217 -0.026644 
-0.041675 -0.021463 
-0.044934 -0.017414 
-0.047527 -0.010723 
-0.051196 -0.004843 
-0.053935 -0.001610 
-0.054215 0.005081 
-0.053035 0.008571 
-0.054500 0.011742 
-0.052668 0.015052 
-0.051454 0.018523 
-0.050168 0.020777 
-0.047026 0.021548 
-0.046874 0.024826 
-0.044503 0.023875 
-0.041147 0.025578 
-0.040049 0.026194 
-0.035964 0.025608 
-0.032280 0.027585 
-0.030636 0.026160 
-0.026526 0.025256 
-0.021816 0.023647 
-0.017773 0.021836 
-0.013967 0.020003 
-0.009061 0.017497 
-0.003220 0.013092 
0.001941 0.010023 
0.005310 0.008197 
0.010599 0.005316 
0.016504 0.003772 
0.020205 0.000656 
0.023618 0.000066 
0.025112 0.000186 
0.027601 0.000398 
0.028727 0.000934 
0.028254 -0.001107 
0.028464 -0.000948 
0.028407 -0.001295 
0.027661 -0.003987 
0.027384 -0.006249 
0.027330 -0.007943 
0.023594 -0.009488 
0.022257 -0.011630 
0.020347 -0.013444 
0.017546 -0.014184 
0.016628 -0.015714 
0.014322 -0.014483 
0.012660 -0.012436 
0.009227 -0.012441 
0.006671 -0.009465 
0.004368 -0.007648 
0.001580 -0.006948 
-0.000641 -0.006068 
-0.002201 -0.005890 
-0.002844 -0.005273 
-0.003857 -0.005900 
-0.004002 -0.007161 
-0.005941 -0.009892 
-0.005774 -0.010706 
-0.003817 -0.009433 
-0.004046 -0.008508 
-0.004252 -0.007664 
-0.004397 -0.007430 
-0.005241 -0.004036 
-0.007150 -0.001019 
-0.008203 0.001165 
-0.009724 0.005837 
-0.011686 0.008541 
-0.012219 0.011509 
-0.012548 0.015131 
-0.012637 0.018355 
-0.012325 0.022084 
-0.011798 0.024120 
-0.010356 0.026239 
-0.007532 0.029153 
-0.005393 0.031460 
-0.004233 0.032649 
-0.002310 0.034521 
-0.000787 0.036544 
0.000093 0.038171 
-0.000315 0.039226 
-0.000349 0.039340 
0.000540 0.040080 
-0.001813 0.039142 
-0.002570 0.038346 
-0.000725 0.036860 
0.001449 0.034633 
0.004673 0.033183 
0.007832 0.030448 
0.012855 0.028009 
0.017021 0.025118 
0.020424 0.022578 
0.024658 0.020385 
0.029709 0.018196 
0.032764 0.016791 
0.033787 0.016152 
0.036530 0.015043 
0.036235 0.014884 
0.036858 0.014784 
0.039459 0.012671 
0.038860 0.013235 
0.038236 0.011937 
0.038945 0.009236 
0.039470 0.007341 
0.038163 0.003638 
0.036336 -0.000569 
0.035709 -0.004964 
0.035158 -0.009024 
0.033604 -0.014615 
0.032167 -0.019878 
0.029975 -0.024477 
0.027032 -0.027869 
0.024803 -0.031899 
0.021484 -0.035662 
0.017365 -0.038497 
0.014428 -0.042800 
0.012006 -0.044187 
0.009553 -0.046543 
0.008092 -0.048419 
0.006392 -0.049102 
0.004731 -0.049874 
0.003858 -0.048854 
0.002809 -0.049447 
0.001043 -0.049510 
-0.000143 -0.048769 
-0.001200 -0.048539 
-0.004886 -0.047533 
-0.007989 -0.046318 
-0.010485 -0.045008 
-0.015623 -0.042138 
-0.021953 -0.040842 
-0.026771 -0.037731 
-0.031170 -0.032461 
-0.036585 -0.027809 
-0.040860 -0.022235 
-0.045032 -0.018755 
-0.048422 -0.012665 
-0.049410 -0.007576 
-0.050074 -0.002644 
-0.051522 0.002513 
-0.053157 0.004754 
-0.052912 0.009623 
-0.051587 0.012786 
-0.051818 0.016565 
-0.050756 0.020343 
-0.048403 0.022385 
-0.046943 0.023831 
-0.045281 0.025722 
-0.043863 0.027412 
-0.041362 0.026754 
-0.038559 0.028299 
-0.035215 0.027709 
-0.031749 0.026574 
-0.028495 0.027118 
-0.023234 0.025189 
-0.019239 0.021673 
-0.015241 0.019910 
-0.010096 0.017527 
-0.005019 0.012826 
0.001121 0.010085 
0.006035 0.007252 
0.010157 0.006116 
0.015504 0.004997 
0.019102 0.003440 
0.022087 0.003776 
0.025621 0.004675 
0.027027 0.004871 
0.027822 0.002984 
0.028497 0.002701 
0.028257 0.001256 
0.026666 -0.000604 
0.027514 -0.002095 
0.027313 -0.005134 
0.024619 -0.008222 
0.024289 -0.010174 
0.022192 -0.010283 
0.021016 -0.012057 
0.019451 -0.012531 
0.018116 -0.011993 
0.016900 -0.012325 
0.012661 -0.010755 
0.009726 -0.008994 
0.007020 -0.008000 
0.005764 -0.006053 
0.003219 -0.004416 
0.000704 -0.004619 
-0.000070 -0.005222 
-0.001082 -0.006469 
-0.001506 -0.006999 
-0.002585 -0.008667 
-0.001747 -0.010512 
-0.000472 -0.009651 
-0.001315 -0.009534 
-0.002664 -0.009329 
-0.001201 -0.007744 
-0.002407 -0.005356 
-0.006043 -0.002838 
-0.007348 -0.000885 
-0.009510 0.001646 
-0.008972 0.005140 
-0.010262 0.008351 
-0.013593 0.011964 
-0.012275 0.015792 
-0.010423 0.019236 
-0.009948 0.022193 
-0.007741 0.023344 
-0.005004 0.026235 
-0.004147 0.029485 
-0.002256 0.029358 
0.000065 0.031034 
0.000316 0.034467 
-0.000741 0.036842 
-0.000856 0.040132 
-0.000787 0.040971 
-0.000753 0.040904 
-0.000779 0.042081 
-0.002107 0.041050 
-0.001628 0.039817 
-0.000056 0.038045 
0.002156 0.036197 
0.006368 0.033410 
0.011127 0.029999 
0.014600 0.027253 
0.018515 0.024873 
0.023509 0.024229 
0.026664 0.021548 
0.030111 0.020009 
0.033224 0.019119 
0.034930 0.017070 
0.036410 0.018452 
0.038077 0.018228 
0.039440 0.016029 
0.038367 0.016309 
0.039637 0.015944 
0.041518 0.013546 
0.040241 0.010878 
0.040517 0.006944 
0.039988 0.002873 
0.039058 -0.001133 
0.038770 -0.005489 
0.037777 -0.008514 
0.036217 -0.013551 
0.031892 -0.018919 
0.028830 -0.021400 
0.026544 -0.027135 
0.024312 -0.032716 
0.021629 -0.035305 
0.017503 -0.039040 
0.015168 -0.041441 
0.011942 -0.045363 
0.011038 -0.047171 
0.010597 -0.047202 
0.008872 -0.049757 
0.008421 -0.049551 
0.006509 -0.049687 
0.005982 -0.050230 
0.004603 -0.051413 
0.002416 -0.052073 
-0.000056 -0.051970 
-0.004330 -0.052561 
-0.007543 -0.050753 
-0.011443 -0.048965 
-0.016567 -0.046104 
-0.021148 -0.043553 
-0.025729 -0.039540 
-0.031837 -0.033833 
-0.036793 -0.030490 
-0.040361 -0.025684 
-0.043591 -0.019726 
-0.045937 -0.015256 
-0.048869 -0.010715 
-0.050677 -0.004939 
-0.052529 -0.001200 
-0.053643 0.002346 
-0.052831 0.006328 
-0.053078 0.010038 
-0.052487 0.014016 
-0.051287 0.015753 
-0.050031 0.018375 
-0.047338 0.021996 
-0.046470 0.024237 
-0.045003 0.025643 
-0.041611 0.027756 
-0.040711 0.027362 
-0.037827 0.026200 
-0.033637 0.026873 
-0.030939 0.025202 
-0.026294 0.022966 
-0.021249 0.019937 
-0.016049 0.017886 
-0.011420 0.014896 
-0.006354 0.011279 
-0.001022 0.009444 
0.003184 0.006553 
0.008893 0.005669 
0.013273 0.004951 
0.017013 0.004618 
0.019495 0.005110 
0.020594 0.005512 
0.023813 0.005517 
0.024989 0.003992 
0.025569 0.002127 
0.026250 -0.001059 
0.026117 -0.003697 
0.026753 -0.005518 
0.026588 -0.007694 
0.026262 -0.010009 
0.024344 -0.011147 
0.022663 -0.011668 
0.021689 -0.012213 
0.019316 -0.012358 
0.017376 -0.011014 
0.014259 -0.009021 
0.010572 -0.009093 
0.007968 -0.006999 
0.006003 -0.006095 
0.004099 -0.006843 
0.001911 -0.005719 
0.000311 -0.006144 
-0.001272 -0.007693 
-0.001964 -0.009184 
-0.000967 -0.009022 
-0.001418 -0.009949 
-0.002614 -0.010690 
-0.001681 -0.009432 
-0.001468 -0.009564 
-0.002831 -0.008883 
-0.004503 -0.007011 
-0.005887 -0.005456 
-0.007953 -0.002779 
-0.010089 0.001081 
-0.010864 0.004245 
-0.013073 0.007401 
-0.013524 0.010496 
-0.013178 0.012948 
-0.013735 0.015571 
-0.012099 0.017305 
-0.010046 0.019256 
-0.008486 0.023427 
-0.007592 0.025847 
-0.004963 0.027613 
-0.003196 0.031395 
-0.003044 0.034033 
-0.002848 0.037169 
-0.003811 0.039376 
-0.004202 0.041238 
-0.005414 0.042920 
-0.006158 0.042896 
-0.005917 0.043530 
-0.004809 0.042198 
-0.003876 0.039695 
-0.001452 0.037782 
0.001997 0.035653 
0.004261 0.032842 
0.009380 0.031084 
0.011835 0.027891 
0.015577 0.024561 
0.021575 0.024930 
0.023935 0.022512 
0.026450 0.021074 
0.027258 0.021474 
0.029930 0.019598 
0.032778 0.019557 
0.033788 0.019137 
0.037255 0.017068 
0.038404 0.016597 
0.037612 0.015668 
0.038653 0.013718 
0.039216 0.011174 
0.039897 0.007695 
0.040224 0.005940 
0.038336 0.001805 
0.038831 -0.003314 
0.037413 -0.007271 
0.033561 -0.012373 
0.032942 -0.015682 
0.029499 -0.020587 
0.026036 -0.025674 
0.024548 -0.029196 
0.019779 -0.034196 
0.016818 -0.036258 
0.015704 -0.037974 
0.013737 -0.041868 
0.013530 -0.042773 
0.012255 -0.044973 
0.010891 -0.047435 
0.011084 -0.047482 
0.009472 -0.048890 
0.008713 -0.049931 
0.008240 -0.051614 
0.004738 -0.052247 
0.001551 -0.052618 
-0.002651 -0.052653 
-0.006980 -0.050059 
-0.009878 -0.048599 
-0.015819 -0.047113 
-0.020559 -0.043092 
-0.024743 -0.037355 
-0.029671 -0.033937 
-0.034164 -0.030053 
-0.038303 -0.023798 
-0.040409 -0.020196 
-0.044522 -0.016649 
-0.046897 -0.010825 
-0.048485 -0.006184 
-0.049868 -0.002613 
-0.050458 0.001717 
-0.052305 0.005662 
-0.051647 0.009512 
-0.050872 0.013262 
-0.049282 0.016768 
-0.048923 0.018820 
-0.048227 0.021878 
-0.046158 0.026011 
-0.045181 0.026778 
-0.043298 0.028296 
-0.040889 0.029133 
-0.037424 0.028781 
-0.035199 0.028207 
-0.031945 0.024240 
-0.026644 0.021679 
-0.021463 0.018551 
-0.017414 0.014855 
-0.010723 0.013888 
-0.004843 0.010779 
-0.001610 0.009413 
0.005081 0.010003 
0.008571 0.009137 
0.011742 0.009096 
0.015052 0.008770 
0.018523 0.008807 
0.020777 0.007493 
0.021548 0.005711 
0.024826 0.003706 
0.023875 0.000355 
0.025578 -0.001423 
0.026194 -0.003616 
0.025608 -0.006011 
0.027585 -0.009079 
0.026160 -0.011171 
0.025256 -0.011224 
0.023647 -0.011348 
0.021836 -0.010771 
0.020003 -0.011319 
0.017497 -0.010167 
0.013092 -0.008446 
0.010023 -0.007846 
0.008197 -0.006159 
0.005316 -0.006941 
0.003772 -0.007571 
0.000656 -0.007061 
0.000066 -0.007557 
0.000186 -0.008449 
0.000398 -0.010070 
0.000934 -0.010027 
-0.001107 -0.010927 
-0.000948 -0.011887 
-0.001295 -0.011053 
-0.003987 -0.010343 
-0.006249 -0.007775 
-0.007943 -0.006462 
-0.009488 -0.003790 
-0.011630 -0.000111 
-0.013444 0.001509 
-0.014184 0.004206 
-0.015714 0.005830 
-0.014483 0.008509 
-0.012436 0.011470 
-0.012441 0.013980 
-0.009465 0.016128 
-0.007648 0.018640 
-0.006948 0.023333 
-0.006068 0.024576 
-0.005890 0.027132 
-0.005273 0.031340 
-0.005900 0.033682 
-0.007161 0.037448 
-0.009892 0.039237 
-0.010706 0.040512 
-0.009433 0.041821 
-0.008508 0.040894 
-0.007664 0.041510 
-0.007430 0.041437 
-0.004036 0.038835 
-0.001019 0.037764 
0.001165 0.036159 
0.005837 0.033316 
0.008541 0.029587 
0.011509 0.026602 
0.015131 0.026407 
0.018355 0.025468 
0.022084 0.024999 
0.024120 0.023679 
0.026239 0.022869 
0.029153 0.022712 
0.031460 0.021684 
0.032649 0.022724 
0.034521 0.020847 
0.036544 0.019229 
0.038171 0.018578 
0.039226 0.016167 
0.039340 0.013980 
0.040080 0.010032 
0.039142 0.006292 
0.038346 0.002491 
0.036860 -0.001178 
0.034633 -0.006183 
0.033183 -0.011547 
0.030448 -0.015082 
0.028009 -0.020053 
0.025118 -0.023454 
0.022578 -0.026625 
0.020385 -0.030582 
0.018196 -0.033380 
0.016791 -0.036545 
0.016152 -0.038270 
0.015043 -0.040565 
0.014884 -0.043272 
0.014784 -0.045815 
0.012671 -0.048779 
0.013235 -0.049160 
0.011937 -0.050496 
0.009236 -0.051515 
0.007341 -0.051602 
0.003638 -0.052092 
-0.000569 -0.050740 
-0.004964 -0.050320 
-0.009024 -0.048424 
-0.014615 -0.044696 
-0.019878 -0.041794 
-0.024477 -0.038999 
-0.027869 -0.034351 
-0.031899 -0.029694 
-0.035662 -0.025823 
-0.038497 -0.021397 
-0.042800 -0.018036 
-0.044187 -0.013534 
-0.046543 -0.009793 
-0.048419 -0.004967 
-0.049102 -0.000876 
-0.049874 0.002624 
-0.048854 0.008287 
-0.049447 0.011615 
-0.049510 0.016019 
-0.048769 0.019301 
-0.048539 0.022684 
-0.047533 0.025575 
-0.046318 0.027073 
-0.045008 0.028526 
-0.042138 0.026885 
-0.040842 0.026255 
-0.037731 0.025324 
-0.032461 0.022737 
-0.027809 0.018958 
-0.022235 0.017245 
-0.018755 0.015634 
-0.012665 0.012660 
-0.007576 0.012092 
-0.002644 0.011453 
0.002513 0.011568 
0.004754 0.011255 
0.009623 0.011011 
0.012786 0.010189 
0.016565 0.008441 
0.020343 0.007183 
0.022385 0.004910 
0.023831 0.003071 
0.025722 0.000919 
0.027412 -0.002207 
0.026754 -0.004765 
0.028299 -0.006961 
0.027709 -0.008277 
0.026574 -0.009360 
0.027118 -0.010849 
0.025189 -0.009355 
0.021673 -0.009230 
0.019910 -0.010503 
0.017527 -0.008471 
0.012826 -0.007250 
0.010085 -0.008393 
0.007252 -0.007876 
0.006116 -0.006321 
0.004997 -0.008349 
0.003440 -0.008961 
0.003776 -0.009071 
0.004675 -0.011291 
0.004871 -0.012389 
0.002984 -0.012515 
0.002701 -0.013250 
0.001256 -0.013430 
-0.000604 -0.010645 
-0.002095 -0.009610 
-0.005134 -0.008212 
-0.008222 -0.006605 
-0.010174 -0.005026 
-0.010283 -0.002858 
-0.012057 -0.001801 
-0.012531 0.001221 
-0.011993 0.002669 
-0.012325 0.004491 
-0.010755 0.007381 
-0.008994 0.010442 
-0.008000 0.014459 
-0.006053 0.016761 
-0.004416 0.019343 
-0.004619 0.023580 
-0.005222 0.026950 
-0.006469 0.029389 
-0.006999 0.033169 
-0.008667 0.036163 
-0.010512 0.038207 
-0.009651 0.040300 
-0.009534 0.040682 
-0.009329 0.039236 
-0.007744 0.038146 
-0.005356 0.037270 
-0.002838 0.036712 
-0.000885 0.034887 
0.001646 0.032518 
0.005140 0.031594 
0.008351 0.027811 
0.011964 0.025556 
0.015792 0.024718 
0.019236 0.023541 
0.022193 0.023909 
0.023344 0.023227 
0.026235 0.022355 
0.029485 0.021320 
0.029358 0.021021 
0.031034 0.021484 
0.034467 0.021122 
0.036842 0.019224 
0.040132 0.018060 
0.040971 0.015639 
0.040904 0.011693 
0.042081 0.008788 
0.041050 0.006067 
0.039817 0.002710 
0.038045 -0.003003 
0.036197 -0.007461 
0.033410 -0.012097 
0.029999 -0.015737 
0.027253 -0.018577 
0.024873 -0.022041 
0.024229 -0.024841 
0.021548 -0.030017 
0.020009 -0.033255 
0.019119 -0.035670 
0.017070 -0.038059 
0.018452 -0.041008 
0.018228 -0.044523 
0.016029 -0.047284 
0.016309 -0.049278 
0.015944 -0.049729 
0.013546 -0.053677 
0.010878 -0.055212 
0.006944 -0.054483 
0.002873 -0.055481 
-0.001133 -0.053723 
-0.005489 -0.051988 
-0.008514 -0.050792 
-0.013551 -0.047405 
-0.018919 -0.043132 
-0.021400 -0.040048 
-0.027135 -0.037524 
-0.032716 -0.034155 
-0.035305 -0.029164 
-0.039040 -0.025725 
-0.041441 -0.022543 
-0.045363 -0.017049 
-0.047171 -0.012818 
-0.047202 -0.009054 
-0.049757 -0.004711 
-0.049551 0.000789 
-0.049687 0.006849 
-0.050230 0.011512 
-0.051413 0.014798 
-0.052073 0.018350 
-0.051970 0.022306 
-0.052561 0.024779 
-0.050753 0.025950 
-0.048965 0.025123 
-0.046104 0.024815 
-0.043553 0.023364 
-0.039540 0.019638 
-0.033833 0.017590 
-0.030490 0.015363 
-0.025684 0.014269 
-0.019726 0.013471 
-0.015256 0.012359 
-0.010715 0.011877 
-0.004939 0.011601 
-0.001200 0.011719 
0.002346 0.011046 
0.006328 0.011388 
0.010038 0.009859 
0.014016 0.007828 
0.015753 0.005249 
0.018375 0.002059 
0.021996 0.001275 
0.024237 -0.001762 
0.025643 -0.004597 
0.027756 -0.007655 
0.027362 -0.010331 
0.026200 -0.010951 
0.026873 -0.011365 
0.025202 -0.010764 
0.022966 -0.011358 
0.019937 -0.011387 
0.017886 -0.010499 
0.014896 -0.009436 
0.011279 -0.009172 
0.009444 -0.008858 
0.006553 -0.009024 
0.005669 -0.010021 
0.004951 -0.010158 
0.004618 -0.012372 
0.005110 -0.013388 
0.005512 -0.014396 
0.005517 -0.015477 
0.003992 -0.014344 
0.002127 -0.014075 
-0.001059 -0.014344 
-0.003697 -0.014215 
-0.005518 -0.011259 
-0.007694 -0.009692 
-0.010009 -0.009173 
-0.011147 -0.006727 
-0.011668 -0.005239 
-0.012213 -0.002940 
-0.012358 -0.002013 
-0.011014 -0.000649 
-0.009021 0.002138 
-0.009093 0.003093 
-0.006999 0.006056 
-0.006095 0.010257 
-0.006843 0.013913 
-0.005719 0.017229 
-0.006144 0.020642 
-0.007693 0.025991 
-0.009184 0.029734 
-0.009022 0.032234 
-0.009949 0.034625 
-0.010690 0.035504 
-0.009432 0.038319 
-0.009564 0.039353 
-0.008883 0.038412 
-0.007011 0.039020 
-0.005456 0.037282 
-0.002779 0.034749 
0.001081 0.033453 
0.004245 0.032347 
0.007401 0.029394 
0.010496 0.027463 
0.012948 0.026797 
0.015571 0.025145 
0.017305 0.025069 
0.019256 0.023228 
0.023427 0.023734 
0.025847 0.025084 
0.027613 0.023720 
0.031395 0.024303 
0.034033 0.023105 
0.037169 0.021357 
0.039376 0.021108 
0.041238 0.019734 
0.042920 0.016558 
0.042896 0.014185 
0.043530 0.010726 
0.042198 0.006607 
0.039695 0.003694 
0.037782 -0.001437 
0.035653 -0.004534 
0.032842 -0.008761 
0.031084 -0.014263 
0.027891 -0.015934 
0.024561 -0.019348 
0.024930 -0.023815 
0.022512 -0.026793 
0.021074 -0.029990 
0.021474 -0.032787 
0.019598 -0.036506 
0.019557 -0.039840 
0.019137 -0.041963 
0.017068 -0.045757 
0.016597 -0.047959 
0.015668 -0.050653 
0.013718 -0.053502 
0.011174 -0.053358 
0.007695 -0.053486 
0.005940 -0.052805 
0.001805 -0.051290 
-0.003314 -0.049382 
-0.007271 -0.047922 
-0.012373 -0.045685 
-0.015682 -0.042225 
-0.020587 -0.038901 
-0.025674 -0.036279 
-0.029196 -0.034585 
-0.034196 -0.030953 
-0.036258 -0.026588 
-0.037974 -0.022705 
-0.041868 -0.018724 
-0.042773 -0.013545 
-0.044973 -0.007855 
-0.047435 -0.001757 
-0.047482 0.004442 
-0.048890 0.008721 
-0.049931 0.013470 
-0.051614 0.017761 
-0.052247 0.020946 
-0.052618 0.022778 
-0.052653 0.023218 
-0.050059 0.024135 
-0.048599 0.022926 
-0.047113 0.021987 
-0.043092 0.021276 
-0.037355 0.018936 
-0.033937 0.018944 
-0.030053 0.017318 
-0.023798 0.016415 
-0.020196 0.017338 
-0.016649 0.015448 
-0.010825 0.015159 
-0.006184 0.015288 
-0.002613 0.015324 
0.001717 0.014029 
0.005662 0.011504 
0.009512 0.010059 
0.013262 0.008217 
0.016768 0.005625 
0.018820 0.001736 
0.021878 -0.000735 
0.026011 -0.003048 
0.026778 -0.006164 
0.028296 -0.007620 
0.029133 -0.007629 
0.028781 -0.009863 
0.028207 -0.010808 
0.024240 -0.009512 
0.021679 -0.009206 
0.018551 -0.007909 
0.014855 -0.008919 
0.013888 -0.007890 
0.010779 -0.008434 
0.009413 -0.010288 
0.010003 -0.009457 
0.009137 -0.011681 
0.009096 -0.012375 
0.008770 -0.013251 
0.008807 -0.013440 
0.007493 -0.013226 
0.005711 -0.013386 
0.003706 -0.012839 
0.000355 -0.013799 
-0.001423 -0.012239 
-0.003616 -0.011396 
-0.006011 -0.011098 
-0.009079 -0.009075 
-0.011171 -0.008942 
-0.011224 -0.008991 
-0.011348 -0.007061 
-0.010771 -0.005749 
-0.011319 -0.004699 
-0.010167 -0.003100 
-0.008446 -0.000590 
-0.007846 0.003531 
-0.006159 0.006188 
-0.006941 0.009361 
-0.007571 0.014089 
-0.007061 0.017883 
-0.007557 0.021616 
-0.008449 0.025132 
-0.010070 0.027578 
-0.010027 0.030898 
-0.010927 0.034232 
-0.011887 0.035909 
-0.011053 0.036394 
-0.010343 0.036994 
-0.007775 0.038116 
-0.006462 0.036139 
-0.003790 0.035064 
-0.000111 0.034445 
0.001509 0.031533 
0.004206 0.030609 
0.005830 0.028939 
0.008509 0.027719 
0.011470 0.026738 
0.013980 0.024258 
0.016128 0.023922 
0.018640 0.024447 
0.023333 0.025335 
0.024576 0.025552 
0.027132 0.025088 
0.031340 0.025769 
0.033682 0.024309 
0.037448 0.023098 
0.039237 0.022513 
0.040512 0.018936 
0.041821 0.015904 
0.040894 0.012960 
0.041510 0.009215 
0.041437 0.005631 
0.038835 0.001621 
0.037764 -0.001940 
0.036159 -0.004735 
0.033316 -0.007900 
0.029587 -0.012228 
0.026602 -0.015870 
0.026407 -0.018729 
0.025468 -0.021786 
0.024999 -0.024931 
0.023679 -0.027526 
0.022869 -0.030963 
0.022712 -0.034865 
0.021684 -0.037885 
0.022724 -0.042563 
0.020847 -0.045979 
0.019229 -0.048519 
0.018578 -0.052212 
0.016167 -0.053591 
0.013980 -0.053520 
0.010032 -0.052758 
0.006292 -0.052183 
0.002491 -0.050583 
-0.001178 -0.048660 
-0.006183 -0.048136 
-0.011547 -0.045336 
-0.015082 -0.043744 
-0.020053 -0.042922 
-0.023454 -0.039848 
-0.026625 -0.037018 
-0.030582 -0.033891 
-0.033380 -0.030505 
-0.036545 -0.026064 
-0.038270 -0.020930 
-0.040565 -0.015593 
-0.043272 -0.009307 
-0.045815 -0.002542 
-0.048779 0.002598 
-0.049160 0.007317 
-0.050496 0.011976 
-0.051515 0.015510 
-0.051602 0.019433 
-0.052092 0.019751 
-0.050740 0.021228 
-0.050320 0.022375 
-0.048424 0.020137 
-0.044696 0.021137 
-0.041794 0.020438 
-0.038999 0.019476 
-0.034351 0.018000 
-0.029694 0.016743 
-0.025823 0.017999 
-0.021397 0.016061 
-0.018036 0.015948 
-0.013534 0.016915 
-0.009793 0.015178 
-0.004967 0.014726 
-0.000876 0.013804 
0.002624 0.011726 
0.008287 0.010317 
0.011615 0.007306 
0.016019 0.003879 
0.019301 0.001316 
0.022684 -0.001082 
0.025575 -0.002957 
0.027073 -0.005208 
0.028526 -0.006892 
0.026885 -0.007838 
0.026255 -0.007576 
0.025324 -0.007236 
0.022737 -0.007880 
0.018958 -0.007604 
0.017245 -0.007492 
0.015634 -0.007702 
0.012660 -0.007137 
0.012092 -0.007868 
0.011453 -0.010088 
0.011568 -0.010080 
0.011255 -0.010395 
0.011011 -0.012401 
0.010189 -0.012435 
0.008441 -0.013154 
0.007183 -0.013632 
0.004910 -0.012482 
0.003071 -0.012302 
0.000919 -0.011602 
-0.002207 -0.010865 
-0.004765 -0.009791 
-0.006961 -0.008861 
-0.008277 -0.009114 
-0.009360 -0.007867 
-0.010849 -0.007114 
-0.009355 -0.006739 
-0.009230 -0.004203 
-0.010503 -0.001867 
-0.008471 -0.000660 
-0.007250 0.001388 
-0.008393 0.004865 
-0.007876 0.008613 
-0.006321 0.012589 
-0.008349 0.016251 
-0.008961 0.019523 
-0.009071 0.024399 
-0.011291 0.028648 
-0.012389 0.030226 
-0.012515 0.032583 
-0.013250 0.035407 
-0.013430 0.036647 
-0.010645 0.037227 
-0.009610 0.037389 
-0.008212 0.037486 
-0.006605 0.036898 
-0.005026 0.034696 
-0.002858 0.033715 
-0.001801 0.033207 
0.001221 0.029835 
0.002669 0.028383 
0.004491 0.028915 
0.007381 0.027723 
0.010442 0.027190 
0.014459 0.027309 
0.016761 0.027090 
0.019343 0.027939 
0.023580 0.028238 
0.026950 0.026640 
0.029389 0.026949 
0.033169 0.026438 
0.036163 0.024304 
0.038207 0.023522 
0.040300 0.021011 
0.040682 0.018054 
0.039236 0.015433 
0.038146 0.012068 
0.037270 0.007900 
0.036712 0.004082 
0.034887 0.001624 
0.032518 -0.001481 
0.031594 -0.004805 
0.027811 -0.007573 
0.025556 -0.010089 
0.024718 -0.013447 
0.023541 -0.018002 
0.023909 -0.020834 
0.023227 -0.024730 
0.022355 -0.031498 
0.021320 -0.034830 
0.021021 -0.037005 
0.021484 -0.040356 
0.021122 -0.043734 
0.019224 -0.047372 
0.018060 -0.049241 
0.015639 -0.050925 
0.011693 -0.051106 
0.008788 -0.051377 
0.006067 -0.051121 
0.002710 -0.048515 
-0.003003 -0.048121 
-0.007461 -0.047234 
-0.012097 -0.046533 
-0.015737 -0.046351 
-0.018577 -0.043917 
-0.022041 -0.042106 
-0.024841 -0.039393 
-0.030017 -0.036205 
-0.033255 -0.031973 
-0.035670 -0.025188 
-0.038059 -0.019710 
-0.041008 -0.013339 
-0.044523 -0.008103 
-0.047284 -0.002846 
-0.049278 0.004408 
-0.049729 0.007924 
-0.053677 0.011442 
-0.055212 0.015109 
-0.054483 0.017744 
-0.055481 0.018480 
-0.053723 0.018905 
-0.051988 0.020352 
-0.050792 0.018539 
-0.047405 0.018451 
-0.043132 0.018894 
-0.040048 0.018312 
-0.037524 0.019013 
-0.034155 0.020360 
-0.029164 0.021246 
-0.025725 0.020424 
-0.022543 0.020018 
-0.017049 0.019339 
-0.012818 0.018629 
-0.009054 0.017134 
-0.004711 0.015039 
0.000789 0.012664 
0.006849 0.010275 
0.011512 0.007616 
0.014798 0.003568 
0.018350 0.001244 
0.022306 -0.000891 
0.024779 -0.002229 
0.025950 -0.003697 
0.025123 -0.005379 
0.024815 -0.004960 
0.023364 -0.005472 
0.019638 -0.004529 
0.017590 -0.004304 
0.015363 -0.006287 
0.014269 -0.006688 
0.013471 -0.007041 
0.012359 -0.007260 
0.011877 -0.007638 
0.011601 -0.008800 
0.011719 -0.009756 
0.011046 -0.010038 
0.011388 -0.010699 
0.009859 -0.011216 
0.007828 -0.010319 
0.005249 -0.010521 
0.002059 -0.010327 
0.001275 -0.010202 
-0.001762 -0.010684 
-0.004597 -0.009788 
-0.007655 -0.009514 
-0.010331 -0.009582 
-0.010951 -0.010538 
-0.011365 -0.009748 
-0.010764 -0.008205 
-0.011358 -0.008112 
-0.011387 -0.005481 
-0.010499 -0.002944 
-0.009436 -0.001257 
-0.009172 0.001285 
-0.008858 0.004345 
-0.009024 0.008513 
-0.010021 0.012342 
-0.010158 0.014995 
-0.012372 0.020018 
-0.013388 0.024608 
-0.014396 0.026699 
-0.015477 0.031015 
-0.014344 0.033495 
-0.014075 0.034807 
-0.014344 0.036113 
-0.014215 0.036306 
-0.011259 0.037679 
-0.009692 0.037502 
-0.009173 0.036709 
-0.006727 0.034865 
-0.005239 0.033081 
-0.002940 0.032005 
-0.002013 0.030425 
-0.000649 0.030060 
0.002138 0.028451 
0.003093 0.027867 
0.006056 0.028172 
0.010257 0.028142 
0.013913 0.029782 
0.017229 0.029703 
0.020642 0.028890 
0.025991 0.029473 
0.029734 0.029580 
0.032234 0.027834 
0.034625 0.025558 
0.035504 0.024129 
0.038319 0.022399 
0.039353 0.019661 
0.038412 0.015936 
0.039020 0.012645 
0.037282 0.010054 
0.034749 0.006630 
0.033453 0.004100 
0.032347 0.002653 
0.029394 -0.001464 
0.027463 -0.003887 
0.026797 -0.006358 
0.025145 -0.012330 
0.025069 -0.015331 
0.023228 -0.020302 
0.023734 -0.026198 
0.025084 -0.030282 
0.023720 -0.035073 
0.024303 -0.038621 
0.023105 -0.043181 
0.021357 -0.045139 
0.021108 -0.045960 
0.019734 -0.048476 
0.016558 -0.049314 
0.014185 -0.049715 
0.010726 -0.050068 
0.006607 -0.050736 
0.003694 -0.051694 
-0.001437 -0.051075 
-0.004534 -0.050581 
-0.008761 -0.050799 
-0.014263 -0.048648 
-0.015934 -0.046844 
-0.019348 -0.045781 
-0.023815 -0.042170 
-0.026793 -0.036946 
-0.029990 -0.032138 
-0.032787 -0.027195 
-0.036506 -0.020708 
-0.039840 -0.014678 
-0.041963 -0.008633 
-0.045757 -0.002478 
-0.047959 0.001802 
-0.050653 0.005208 
-0.053502 0.010254 
-0.053358 0.013370 
-0.053486 0.012944 
-0.052805 0.014467 
-0.051290 0.015828 
-0.049382 0.015325 
-0.047922 0.016009 
-0.045685 0.017257 
-0.042225 0.017260 
-0.038901 0.017957 
-0.036279 0.019158 
-0.034585 0.020032 
-0.030953 0.020697 
-0.026588 0.020204 
-0.022705 0.020709 
-0.018724 0.020154 
-0.013545 0.019017 
-0.007855 0.017419 
-0.001757 0.014735 
0.004442 0.012309 
0.008721 0.009381 
0.013470 0.007454 
0.017761 0.004408 
0.020946 0.002642 
0.022778 0.001593 
0.023218 -0.001247 
0.024135 -0.002659 
0.022926 -0.003718 
0.021987 -0.003921 
0.021276 -0.003556 
0.018936 -0.003812 
0.018944 -0.003570 
0.017318 -0.003666 
0.016415 -0.005412 
0.017338 -0.006916 
0.015448 -0.007986 
0.015159 -0.008487 
0.015288 -0.008818 
0.015324 -0.010017 
0.014029 -0.009453 
0.011504 -0.009235 
0.010059 -0.010234 
0.008217 -0.010041 
0.005625 -0.010049 
0.001736 -0.010775 
-0.000735 -0.010581 
-0.003048 -0.011712 
-0.006164 -0.012059 
-0.007620 -0.010810 
-0.007629 -0.011678 
-0.009863 -0.010826 
-0.010808 -0.010585 
-0.009512 -0.010051 
-0.009206 -0.008597 
-0.007909 -0.008040 
-0.008919 -0.004987 
-0.007890 -0.002546 
-0.008434 0.000255 
-0.010288 0.003105 
-0.009457 0.006736 
-0.011681 0.011785 
-0.012375 0.015457 
-0.013251 0.019406 
-0.013440 0.023128 
-0.013226 0.026801 
-0.013386 0.029675 
-0.012839 0.031346 
-0.013799 0.032509 
-0.012239 0.033144 
-0.011396 0.034202 
-0.011098 0.035050 
-0.009075 0.034525 
-0.008942 0.033836 
-0.008991 0.033000 
-0.007061 0.030938 
-0.005749 0.029507 
-0.004699 0.029483 
-0.003100 0.028826 
-0.000590 0.027491 
0.003531 0.028547 
0.006188 0.029125 
0.009361 0.028591 
0.014089 0.029658 
0.017883 0.029860 
0.021616 0.029042 
0.025132 0.028465 
0.027578 0.028696 
0.030898 0.027481 
0.034232 0.023956 
0.035909 0.021032 
0.036394 0.019413 
0.036994 0.016473 
0.038116 0.013517 
0.036139 0.011366 
0.035064 0.008698 
0.034445 0.007605 
0.031533 0.004689 
0.030609 0.001267 
0.028939 -0.001394 
0.027719 -0.005184 
0.026738 -0.008865 
0.024258 -0.014113 
0.023922 -0.019713 
0.024447 -0.024527 
0.025335 -0.028766 
0.025552 -0.033193 
0.025088 -0.036687 
0.025769 -0.039371 
0.024309 -0.041822 
0.023098 -0.044198 
0.022513 -0.046486 
0.018936 -0.047434 
0.015904 -0.049188 
0.012960 -0.049451 
0.009215 -0.050619 
0.005631 -0.053626 
0.001621 -0.053925 
-0.001940 -0.054265 
-0.004735 -0.054794 
-0.007900 -0.054276 
-0.012228 -0.053237 
-0.015870 -0.050586 
-0.018729 -0.047889 
-0.021786 -0.045470 
-0.024931 -0.041010 
-0.027526 -0.035570 
-0.030963 -0.029407 
-0.034865 -0.023595 
-0.037885 -0.017001 
-0.042563 -0.010860 
-0.045979 -0.005751 
-0.048519 -0.000872 
-0.052212 0.001558 
-0.053591 0.006036 
-0.053520 0.008190 
-0.052758 0.009229 
-0.052183 0.011046 
-0.050583 0.010983 
-0.048660 0.012439 
-0.048136 0.013678 
-0.045336 0.015841 
-0.043744 0.015623 
-0.042922 0.017609 
-0.039848 0.020576 
-0.037018 0.019552 
-0.033891 0.020665 
-0.030505 0.020798 
-0.026064 0.020243 
-0.020930 0.018797 
-0.015593 0.016325 
-0.009307 0.014448 
-0.002542 0.012771 
0.002598 0.010104 
0.007317 0.005898 
0.011976 0.003789 
0.015510 0.002343 
0.019433 0.000376 
0.019751 -0.000312 
0.021228 -0.000784 
0.022375 -0.002096 
0.020137 -0.003052 
0.021137 -0.003624 
0.020438 -0.003926 
0.019476 -0.004415 
0.018000 -0.004865 
0.016743 -0.006157 
0.017999 -0.007779 
0.016061 -0.008784 
0.015948 -0.009742 
0.016915 -0.008922 
0.015178 -0.009691 
0.014726 -0.010569 
0.013804 -0.010102 
0.011726 -0.010958 
0.010317 -0.011642 
0.007306 -0.010793 
0.003879 -0.010477 
0.001316 -0.011602 
-0.001082 -0.012550 
-0.002957 -0.012877 
-0.005208 -0.011147 
-0.006892 -0.012014 
-0.007838 -0.011835 
-0.007576 -0.011457 
-0.007236 -0.012228 
-0.007880 -0.009592 
-0.007604 -0.009971 
-0.007492 -0.008514 
-0.007702 -0.005751 
-0.007137 -0.003188 
-0.007868 -0.000714 
-0.010088 0.001962 
-0.010080 0.006830 
-0.010395 0.011208 
-0.012401 0.016601 
-0.012435 0.018921 
-0.013154 0.023182 
-0.013632 0.027132 
-0.012482 0.028561 
-0.012302 0.031528 
-0.011602 0.032920 
-0.010865 0.033152 
-0.009791 0.032290 
-0.008861 0.033496 
-0.009114 0.033001 
-0.007867 0.032334 
-0.007114 0.031846 
-0.006739 0.030702 
-0.004203 0.030796 
-0.001867 0.029095 
-0.000660 0.029784 
0.001388 0.030086 
0.004865 0.029808 
0.008613 0.031326 
0.012589 0.031546 
0.016251 0.031546 
0.019523 0.032594 
0.024399 0.031515 
0.028648 0.030102 
0.030226 0.029663 
0.032583 0.026852 
0.035407 0.025162 
0.036647 0.023072 
0.037227 0.020761 
0.037389 0.019870 
0.037486 0.017840 
0.036898 0.015443 
0.034696 0.013850 
0.033715 0.012302 
0.033207 0.009121 
0.029835 0.005748 
0.028383 0.002291 
0.028915 -0.002337 
0.027723 -0.006418 
0.027190 -0.010117 
0.027309 -0.015668 
0.027090 -0.020725 
0.027939 -0.025487 
0.028238 -0.029615 
0.026640 -0.032582 
0.026949 -0.035482 
0.026438 -0.038470 
0.024304 -0.041514 
0.023522 -0.041403 
0.021011 -0.043860 
0.018054 -0.046358 
0.015433 -0.047873 
0.012068 -0.050805 
0.007900 -0.050224 
0.004082 -0.052139 
0.001624 -0.053595 
-0.001481 -0.052959 
-0.004805 -0.053315 
-0.007573 -0.051657 
-0.010089 -0.048583 
-0.013447 -0.045459 
-0.018002 -0.042066 
-0.020834 -0.036696 
-0.024730 -0.031779 
-0.031498 -0.026290 
-0.034830 -0.018767 
-0.037005 -0.013576 
-0.040356 -0.008897 
-0.043734 -0.004484 
-0.047372 -0.000844 
-0.049241 0.003396 
-0.050925 0.004708 
-0.051106 0.006967 
-0.051377 0.008484 
-0.051121 0.009841 
-0.048515 0.013716 
-0.048121 0.013939 
-0.047234 0.015768 
-0.046533 0.018709 
-0.046351 0.020470 
-0.043917 0.020838 
-0.042106 0.021829 
-0.039393 0.023922 
-0.036205 0.023718 
-0.031973 0.023736 
-0.025188 0.021434 
-0.019710 0.020359 
-0.013339 0.018728 
-0.008103 0.015187 
-0.002846 0.012758 
0.004408 0.011694 
0.007924 0.010505 
0.011442 0.007263 
0.015109 0.006993 
0.017744 0.005111 
0.018480 0.003773 
0.018905 0.003302 
0.020352 0.001736 
0.018539 0.000451 
0.018451 -0.001248 
0.018894 -0.001061 
0.018312 -0.003954 
0.019013 -0.005133 
0.020360 -0.004372 
0.021246 -0.005741 
0.020424 -0.007201 
0.020018 -0.006371 
0.019339 -0.006472 
0.018629 -0.008097 
0.017134 -0.007323 
0.015039 -0.008930 
0.012664 -0.008579 
0.010275 -0.009522 
0.007616 -0.009294 
0.003568 -0.007318 
0.001244 -0.008639 
-0.000891 -0.008584 
-0.002229 -0.011498 
-0.003697 -0.011988 
-0.005379 -0.011738 
-0.004960 -0.012244 
-0.005472 -0.012135 
-0.004529 -0.012460 
-0.004304 -0.011424 
-0.006287 -0.010390 
-0.006688 -0.007235 
-0.007041 -0.005360 
-0.007260 -0.000978 
-0.007638 0.002422 
-0.008800 0.005016 
-0.009756 0.010432 
-0.010038 0.012467 
-0.010699 0.016864 
-0.011216 0.021225 
-0.010319 0.024435 
-0.010521 0.029163 
-0.010327 0.031147 
-0.010202 0.032809 
-0.010684 0.033885 
-0.009788 0.033375 
-0.009514 0.033446 
-0.009582 0.033377 
-0.010538 0.033624 
-0.009748 0.032328 
-0.008205 0.031606 
-0.008112 0.031959 
-0.005481 0.030988 
-0.002944 0.031870 
-0.001257 0.032412 
0.001285 0.032292 
0.004345 0.032158 
0.008513 0.033977 
0.012342 0.035616 
0.014995 0.033507 
0.020018 0.032477 
0.024608 0.031354 
0.026699 0.029869 
0.031015 0.029051 
0.033495 0.027241 
0.034807 0.025563 
0.036113 0.023754 
0.036306 0.022473 
0.037679 0.022688 
0.037502 0.020884 
0.036709 0.018652 
0.034865 0.017232 
0.033081 0.014635 
0.032005 0.010606 
0.030425 0.007292 
0.030060 0.004513 
0.028451 -0.001731 
0.027867 -0.006482 
0.028172 -0.010453 
0.028142 -0.014466 
0.029782 -0.019079 
0.029703 -0.024626 
0.028890 -0.028391 
0.029473 -0.032418 
0.029580 -0.033498 
0.027834 -0.035912 
0.025558 -0.038626 
0.024129 -0.039738 
0.022399 -0.042799 
0.019661 -0.044745 
0.015936 -0.047125 
0.012645 -0.051011 
0.010054 -0.053210 
0.006630 -0.054394 
0.004100 -0.056346 
0.002653 -0.056414 
-0.001464 -0.054636 
-0.003887 -0.052846 
-0.006358 -0.051935 
-0.012330 -0.048145 
-0.015331 -0.043549 
-0.020302 -0.038729 
-0.026198 -0.031180 
-0.030282 -0.026335 
-0.035073 -0.022093 
-0.038621 -0.016762 
-0.043181 -0.011363 
-0.045139 -0.007540 
-0.045960 -0.004188 
-0.048476 -0.001878 
