-0.023875 -0.015468 
-0.026977 -0.012648 
-0.029533 -0.009684 
-0.031955 -0.007365 
-0.030293 -0.005500 
-0.030629 -0.002153 
-0.031149 0.000321 
-0.030906 0.002822 
-0.031193 0.002977 
-0.030540 0.004884 
-0.029657 0.010042 
-0.028078 0.011425 
-0.027754 0.012049 
-0.026287 0.013518 
-0.024655 0.016813 
-0.022789 0.017903 
-0.021779 0.019234 
-0.018895 0.022872 
-0.015863 0.023680 
-0.016017 0.024856 
-0.013496 0.026415 
-0.011656 0.028689 
-0.010119 0.030618 
-0.006686 0.031133 
-0.003887 0.034060 
-0.002674 0.034703 
-0.001027 0.034015 
0.002089 0.035453 
0.005153 0.035813 
0.006542 0.037278 
0.008204 0.037163 
0.011243 0.035574 
0.014570 0.033592 
0.017942 0.031635 
0.017609 0.031361 
0.019546 0.028726 
0.023399 0.027720 
0.024224 0.025754 
0.026136 0.021360 
0.027611 0.021543 
0.027581 0.019333 
0.028794 0.015023 
0.030737 0.014770 
0.031325 0.013542 
0.032516 0.012205 
0.033302 0.010591 
0.033572 0.007917 
0.034455 0.005722 
0.035158 0.003007 
0.035373 0.001169 
0.035520 -0.001895 
0.036805 -0.003306 
0.035738 -0.004551 
0.035006 -0.006746 
0.035205 -0.006395 
0.032621 -0.009065 
0.031394 -0.011640 
0.030197 -0.011209 
0.027600 -0.011478 
0.025225 -0.012566 
0.022133 -0.013815 
0.019620 -0.013132 
0.017365 -0.013388 
0.015198 -0.014844 
0.012328 -0.014185 
0.009872 -0.015854 
0.008129 -0.016219 
0.004573 -0.014666 
0.003720 -0.015302 
0.003038 -0.013903 
-0.000056 -0.013382 
-0.000507 -0.013386 
-0.001255 -0.011874 
-0.003269 -0.011608 
-0.004366 -0.010025 
-0.005582 -0.006710 
-0.007266 -0.006882 
-0.009765 -0.005856 
-0.010917 -0.003352 
-0.011218 -0.004128 
-0.013979 -0.002659 
-0.015555 -0.001630 
-0.014441 0.000568 
-0.016471 0.001985 
-0.018136 0.001754 
-0.015893 0.004448 
-0.016824 0.003903 
-0.015956 0.005472 
-0.013198 0.007600 
-0.013517 0.006173 
-0.013341 0.006279 
-0.012993 0.006772 
-0.011013 0.008327 
-0.011038 0.008961 
-0.009747 0.008288 
-0.007566 0.008529 
-0.008060 0.007484 
-0.006488 0.006213 
-0.005116 0.005423 
-0.003106 0.005394 
-0.003675 0.005942 
-0.002886 0.004698 
-0.000963 0.003116 
-0.001559 0.001565 
0.001918 0.001767 
0.003801 0.002093 
0.003843 0.000286 
0.004282 -0.001131 
0.004560 -0.003189 
0.006135 -0.003871 
0.007973 -0.005041 
0.009721 -0.007796 
0.009356 -0.008712 
0.008681 -0.010502 
0.008424 -0.013701 
0.007271 -0.015941 
0.007452 -0.017009 
0.007817 -0.019913 
0.006805 -0.021562 
0.006527 -0.022680 
0.004988 -0.026664 
0.004472 -0.026816 
0.004957 -0.028626 
0.002696 -0.031019 
0.001792 -0.031103 
-0.000000 -0.033302 
-0.000165 -0.031862 
0.000250 -0.031529 
-0.002392 -0.032405 
-0.003012 -0.030942 
-0.003900 -0.029090 
-0.003288 -0.028845 
-0.005083 -0.028637 
-0.008756 -0.026098 
-0.008971 -0.025927 
-0.011687 -0.024852 
-0.014662 -0.023662 
-0.015693 -0.021487 
-0.017692 -0.018681 
-0.020397 -0.018628 
-0.021731 -0.016611 
-0.023208 -0.014174 
-0.025970 -0.013723 
-0.029500 -0.011122 
-0.031856 -0.006699 
-0.032453 -0.006307 
-0.032813 -0.003539 
-0.032255 -0.000122 
-0.031383 0.001834 
-0.030344 0.004530 
-0.029919 0.004869 
-0.027969 0.009143 
-0.027791 0.011668 
-0.026978 0.011772 
-0.024164 0.014506 
-0.024189 0.016534 
-0.021065 0.017729 
-0.019804 0.019155 
-0.019679 0.021703 
-0.016133 0.023080 
-0.014000 0.024714 
-0.012606 0.026745 
-0.010625 0.028204 
-0.008614 0.029742 
-0.007675 0.030109 
-0.006267 0.031821 
-0.003712 0.033883 
-0.001421 0.034136 
0.001237 0.035227 
0.003755 0.035654 
0.005095 0.035290 
0.007690 0.034801 
0.010480 0.034000 
0.013187 0.032877 
0.014976 0.031865 
0.017987 0.031182 
0.021051 0.028097 
0.021077 0.027350 
0.024195 0.025142 
0.025069 0.021487 
0.025563 0.021446 
0.027705 0.018882 
0.027986 0.016631 
0.029438 0.014215 
0.030728 0.011156 
0.031890 0.009946 
0.032215 0.008551 
0.033254 0.006208 
0.035812 0.005156 
0.037383 0.004120 
0.036445 0.000671 
0.037531 -0.000493 
0.038583 -0.001742 
0.036368 -0.002886 
0.035118 -0.003744 
0.034351 -0.005894 
0.032232 -0.006733 
0.029973 -0.008365 
0.030482 -0.009446 
0.026663 -0.010911 
0.021967 -0.012717 
0.021262 -0.013116 
0.018763 -0.013869 
0.016939 -0.013809 
0.014712 -0.014334 
0.011865 -0.014840 
0.011446 -0.014074 
0.008953 -0.014591 
0.005796 -0.014205 
0.005803 -0.012638 
0.002818 -0.012037 
0.001937 -0.011032 
0.001953 -0.009765 
-0.001447 -0.009378 
-0.002598 -0.008648 
-0.003477 -0.006917 
-0.006350 -0.006174 
-0.009658 -0.005817 
-0.009416 -0.005074 
-0.011274 -0.004065 
-0.012784 -0.002122 
-0.012947 -0.000254 
-0.015309 0.001058 
-0.014560 0.001826 
-0.014569 0.003229 
-0.015046 0.004980 
-0.016315 0.005831 
-0.017248 0.007368 
-0.015476 0.008770 
-0.015052 0.008639 
-0.015772 0.009768 
-0.015381 0.010319 
-0.014138 0.009470 
-0.013343 0.010338 
-0.011535 0.009007 
-0.010953 0.008503 
-0.012199 0.009519 
-0.010178 0.007664 
-0.008354 0.008045 
-0.008607 0.008092 
-0.007225 0.006518 
-0.006236 0.005436 
-0.003805 0.005145 
-0.001802 0.005783 
-0.001654 0.003641 
-0.000234 0.002955 
0.001250 0.002518 
0.002429 0.000941 
0.003849 0.001233 
0.005603 -0.001100 
0.005200 -0.003613 
0.005432 -0.004102 
0.006344 -0.005320 
0.006993 -0.007236 
0.007498 -0.009091 
0.008335 -0.011138 
0.009558 -0.013842 
0.007470 -0.016495 
0.007425 -0.018382 
0.007609 -0.019578 
0.006023 -0.021418 
0.005380 -0.023795 
0.005425 -0.025662 
0.005533 -0.026945 
0.003645 -0.028196 
0.002585 -0.029980 
0.002197 -0.031605 
0.000649 -0.031099 
-0.000556 -0.030481 
-0.000919 -0.030169 
-0.001680 -0.028940 
-0.002194 -0.029211 
-0.004803 -0.028418 
-0.006293 -0.027411 
-0.006709 -0.026414 
-0.009804 -0.024761 
-0.010441 -0.024044 
-0.013122 -0.022863 
-0.015745 -0.021939 
-0.016810 -0.019349 
-0.021145 -0.018457 
-0.023273 -0.017197 
-0.023794 -0.014592 
-0.026218 -0.014581 
-0.027513 -0.012019 
-0.028689 -0.009617 
-0.030125 -0.007222 
-0.029819 -0.004945 
-0.030732 -0.002317 
-0.029575 0.001546 
-0.029695 0.003169 
-0.030658 0.005335 
-0.028962 0.006684 
-0.029988 0.009324 
-0.028890 0.011644 
-0.026431 0.013067 
-0.024564 0.015581 
-0.023269 0.016659 
-0.021312 0.018628 
-0.019980 0.019594 
-0.020733 0.021798 
-0.017911 0.023966 
-0.016505 0.024867 
-0.015403 0.027354 
-0.012331 0.028255 
-0.009535 0.029884 
-0.007461 0.031708 
-0.006018 0.032409 
-0.003451 0.033340 
-0.001254 0.033967 
0.002546 0.034362 
0.004549 0.033927 
0.005184 0.033407 
0.009141 0.033089 
0.012611 0.032432 
0.012102 0.031527 
0.013226 0.030401 
0.018483 0.028269 
0.020003 0.026846 
0.020501 0.025766 
0.022325 0.022484 
0.024564 0.020389 
0.026087 0.018801 
0.027262 0.017371 
0.030273 0.015556 
0.030444 0.012244 
0.031337 0.011574 
0.032415 0.009473 
0.033365 0.007497 
0.036744 0.005927 
0.037446 0.003038 
0.036328 0.002383 
0.036179 0.001000 
0.036764 0.000308 
0.035693 -0.001899 
0.035044 -0.003681 
0.034686 -0.004817 
0.032468 -0.007596 
0.030006 -0.008486 
0.027745 -0.010798 
0.026791 -0.011833 
0.024957 -0.012366 
0.022418 -0.014076 
0.019499 -0.014626 
0.017443 -0.015410 
0.016814 -0.015691 
0.013989 -0.015649 
0.012084 -0.015825 
0.011064 -0.014766 
0.009734 -0.014127 
0.007825 -0.013729 
0.004670 -0.012453 
0.003573 -0.012737 
0.001382 -0.010620 
-0.001027 -0.009076 
-0.002028 -0.007646 
-0.005070 -0.005264 
-0.005941 -0.005795 
-0.006600 -0.004296 
-0.009264 -0.003862 
-0.009477 -0.003350 
-0.010462 -0.001575 
-0.011454 -0.001406 
-0.011663 -0.001849 
-0.013758 -0.001058 
-0.014477 0.000703 
-0.015091 0.001241 
-0.015512 0.003767 
-0.014237 0.005441 
-0.013646 0.005259 
-0.013537 0.007165 
-0.013412 0.008573 
-0.013429 0.007942 
-0.013659 0.009580 
-0.012912 0.010061 
-0.011077 0.009762 
-0.010412 0.010806 
-0.010424 0.009374 
-0.007990 0.009654 
-0.006330 0.008406 
-0.006170 0.007958 
-0.004374 0.008809 
-0.002740 0.008096 
-0.001066 0.007790 
-0.000421 0.005562 
0.000610 0.005052 
0.002573 0.003239 
0.003179 0.003114 
0.003685 0.003595 
0.004707 0.000415 
0.005623 -0.000497 
0.005730 -0.001633 
0.005327 -0.002942 
0.005336 -0.004510 
0.007448 -0.006596 
0.008841 -0.007924 
0.007464 -0.010127 
0.007261 -0.013170 
0.008653 -0.014798 
0.007552 -0.016715 
0.006698 -0.019967 
0.006762 -0.021865 
0.005785 -0.023694 
0.005624 -0.025309 
0.004188 -0.027780 
0.004015 -0.028309 
0.003417 -0.027650 
0.001838 -0.028596 
0.001874 -0.030254 
0.001477 -0.031559 
-0.000063 -0.029393 
-0.001495 -0.030272 
-0.002107 -0.030173 
-0.004160 -0.027871 
-0.005965 -0.027935 
-0.008740 -0.026282 
-0.009697 -0.024969 
-0.010896 -0.024083 
-0.014578 -0.025038 
-0.017088 -0.024651 
-0.020047 -0.022981 
-0.021235 -0.021062 
-0.022695 -0.018667 
-0.024577 -0.017903 
-0.026181 -0.015559 
-0.027008 -0.013686 
-0.028787 -0.010249 
-0.030722 -0.007226 
-0.029843 -0.005330 
-0.030495 -0.002831 
-0.032413 -0.000889 
-0.032129 0.003384 
-0.030851 0.006477 
-0.030348 0.007045 
-0.028510 0.008237 
-0.029271 0.010559 
-0.027920 0.011304 
-0.026302 0.012509 
-0.026314 0.014593 
-0.022598 0.016013 
-0.022865 0.017729 
-0.021697 0.020867 
-0.019247 0.023324 
-0.018571 0.022975 
-0.017156 0.025533 
-0.015468 0.027815 
-0.012648 0.030920 
-0.009684 0.033257 
-0.007365 0.033112 
-0.005500 0.035184 
-0.002153 0.035001 
0.000321 0.036031 
0.002822 0.035988 
0.002977 0.035845 
0.004884 0.036344 
0.010042 0.034399 
0.011425 0.034589 
0.012049 0.032713 
0.013518 0.030388 
0.016813 0.028474 
0.017903 0.026274 
0.019234 0.024869 
0.022872 0.021732 
0.023680 0.018953 
0.024856 0.016227 
0.026415 0.014544 
0.028689 0.013654 
0.030618 0.012654 
0.031133 0.010840 
0.034060 0.008103 
0.034703 0.008327 
0.034015 0.006527 
0.035453 0.004092 
0.035813 0.002774 
0.037278 0.000064 
0.037163 -0.000183 
0.035574 -0.001818 
0.033592 -0.003985 
0.031635 -0.006305 
0.031361 -0.008101 
0.028726 -0.009511 
0.027720 -0.012350 
0.025754 -0.011860 
0.021360 -0.012623 
0.021543 -0.014487 
0.019333 -0.015655 
0.015023 -0.015190 
0.014770 -0.013966 
0.013542 -0.014612 
0.012205 -0.014053 
0.010591 -0.013217 
0.007917 -0.011722 
0.005722 -0.012440 
0.003007 -0.011971 
0.001169 -0.009783 
-0.001895 -0.010467 
-0.003306 -0.009402 
-0.004551 -0.009160 
-0.006746 -0.009506 
-0.006395 -0.006988 
-0.009065 -0.004523 
-0.011640 -0.004538 
-0.011209 -0.004451 
-0.011478 -0.001688 
-0.012566 -0.000501 
-0.013815 -0.000165 
-0.013132 0.001117 
-0.013388 0.000619 
-0.014844 0.002612 
-0.014185 0.006585 
-0.015854 0.006975 
-0.016219 0.007003 
-0.014666 0.007512 
-0.015302 0.006642 
-0.013903 0.007138 
-0.013382 0.008288 
-0.013386 0.008394 
-0.011874 0.007716 
-0.011608 0.006205 
-0.010025 0.006442 
-0.006710 0.007086 
-0.006882 0.007064 
-0.005856 0.006790 
-0.003352 0.006961 
-0.004128 0.007446 
-0.002659 0.005725 
-0.001630 0.005903 
0.000568 0.005581 
0.001985 0.003851 
0.001754 0.004203 
0.004448 0.003314 
0.003903 0.001560 
0.005472 0.001182 
0.007600 -0.000083 
0.006173 -0.002935 
0.006279 -0.004182 
0.006772 -0.007002 
0.008327 -0.009876 
0.008961 -0.011923 
0.008288 -0.015621 
0.008529 -0.018020 
0.007484 -0.019821 
0.006213 -0.021802 
0.005423 -0.024012 
0.005394 -0.025400 
0.005942 -0.026948 
0.004698 -0.027847 
0.003116 -0.026931 
0.001565 -0.026336 
0.001767 -0.027623 
0.002093 -0.027679 
0.000286 -0.026248 
-0.001131 -0.026604 
-0.003189 -0.025434 
-0.003871 -0.025965 
-0.005041 -0.025457 
-0.007796 -0.023293 
-0.008712 -0.024457 
-0.010502 -0.024873 
-0.013701 -0.024803 
-0.015941 -0.023875 
-0.017009 -0.021678 
-0.019913 -0.020574 
-0.021562 -0.019653 
-0.022680 -0.016551 
-0.026664 -0.014843 
-0.026816 -0.013060 
-0.028626 -0.010539 
-0.031019 -0.008538 
-0.031103 -0.004034 
-0.033302 -0.002420 
-0.031862 -0.000883 
-0.031529 0.002323 
-0.032405 0.002894 
-0.030942 0.004736 
-0.029090 0.007597 
-0.028845 0.008207 
-0.028637 0.010604 
-0.026098 0.013263 
-0.025927 0.013495 
-0.024852 0.015684 
-0.023662 0.017692 
-0.021487 0.019759 
-0.018681 0.021464 
-0.018628 0.022370 
-0.016611 0.024788 
-0.014174 0.027054 
-0.013723 0.028736 
-0.011122 0.031252 
-0.006699 0.032577 
-0.006307 0.032516 
-0.003539 0.034007 
-0.000122 0.033253 
0.001834 0.033815 
0.004530 0.035639 
0.004869 0.035495 
0.009143 0.033995 
0.011668 0.031865 
0.011772 0.031525 
0.014506 0.028917 
0.016534 0.027895 
0.017729 0.026039 
0.019155 0.024358 
0.021703 0.024414 
0.023080 0.020709 
0.024714 0.019451 
0.026745 0.018629 
0.028204 0.016210 
0.029742 0.013238 
0.030109 0.012805 
0.031821 0.012218 
0.033883 0.009323 
0.034136 0.008092 
0.035227 0.004880 
0.035654 0.003278 
0.035290 0.001849 
0.034801 -0.000738 
0.034000 -0.002519 
0.032877 -0.003844 
0.031865 -0.005200 
0.031182 -0.007960 
0.028097 -0.008788 
0.027350 -0.009645 
0.025142 -0.009887 
0.021487 -0.012313 
0.021446 -0.014439 
0.018882 -0.012311 
0.016631 -0.013125 
0.014215 -0.012290 
0.011156 -0.011125 
0.009946 -0.013059 
0.008551 -0.013255 
0.006208 -0.011906 
0.005156 -0.010795 
0.004120 -0.011179 
0.000671 -0.011548 
-0.000493 -0.010433 
-0.001742 -0.009231 
-0.002886 -0.009828 
-0.003744 -0.009291 
-0.005894 -0.008201 
-0.006733 -0.008716 
-0.008365 -0.007557 
-0.009446 -0.005274 
-0.010911 -0.003222 
-0.012717 -0.001524 
-0.013116 0.000731 
-0.013869 0.003067 
-0.013809 0.003937 
-0.014334 0.004095 
-0.014840 0.004309 
-0.014074 0.005756 
-0.014591 0.007071 
-0.014205 0.007335 
-0.012638 0.007896 
-0.012037 0.007969 
-0.011032 0.007819 
-0.009765 0.007244 
-0.009378 0.006417 
-0.008648 0.006277 
-0.006917 0.004793 
-0.006174 0.005290 
-0.005817 0.005556 
-0.005074 0.003605 
-0.004065 0.005048 
-0.002122 0.004263 
-0.000254 0.004499 
0.001058 0.006608 
0.001826 0.004048 
0.003229 0.004216 
0.004980 0.004515 
0.005831 0.002635 
0.007368 0.000856 
0.008770 -0.001649 
0.008639 -0.001358 
0.009768 -0.002225 
0.010319 -0.005946 
0.009470 -0.009407 
0.010338 -0.012152 
0.009007 -0.014504 
0.008503 -0.016491 
0.009519 -0.018911 
0.007664 -0.022561 
0.008045 -0.024180 
0.008092 -0.024852 
0.006518 -0.025777 
0.005436 -0.026873 
0.005145 -0.027395 
0.005783 -0.027860 
0.003641 -0.029601 
0.002955 -0.029013 
0.002518 -0.028844 
0.000941 -0.028954 
0.001233 -0.028348 
-0.001100 -0.028962 
-0.003613 -0.029855 
-0.004102 -0.029174 
-0.005320 -0.027174 
-0.007236 -0.027629 
-0.009091 -0.028389 
-0.011138 -0.027898 
-0.013842 -0.025244 
-0.016495 -0.023811 
-0.018382 -0.023438 
-0.019578 -0.021197 
-0.021418 -0.018367 
-0.023795 -0.015839 
-0.025662 -0.015994 
-0.026945 -0.012011 
-0.028196 -0.008407 
-0.029980 -0.007195 
-0.031605 -0.003999 
-0.031099 -0.002040 
-0.030481 0.000286 
-0.030169 0.001493 
-0.028940 0.003273 
-0.029211 0.003960 
-0.028418 0.005534 
-0.027411 0.008980 
-0.026414 0.010257 
-0.024761 0.012063 
-0.024044 0.013221 
-0.022863 0.014047 
-0.021939 0.016962 
-0.019349 0.020016 
-0.018457 0.021861 
-0.017197 0.025615 
-0.014592 0.028252 
-0.014581 0.029249 
-0.012019 0.031205 
-0.009617 0.033174 
-0.007222 0.034690 
-0.004945 0.033726 
-0.002317 0.033204 
0.001546 0.033998 
0.003169 0.033860 
0.005335 0.033126 
0.006684 0.032602 
0.009324 0.030836 
0.011644 0.030225 
0.013067 0.028987 
0.015581 0.026194 
0.016659 0.027202 
0.018628 0.025466 
0.019594 0.021536 
0.021798 0.021333 
0.023966 0.020789 
0.024867 0.017613 
0.027354 0.016703 
0.028255 0.015805 
0.029884 0.013401 
0.031708 0.013421 
0.032409 0.010815 
0.033340 0.007603 
0.033967 0.006054 
0.034362 0.004235 
0.033927 0.002441 
0.033407 -0.000274 
0.033089 -0.002661 
0.032432 -0.004081 
0.031527 -0.007714 
0.030401 -0.010111 
0.028269 -0.008620 
0.026846 -0.009777 
0.025766 -0.010329 
0.022484 -0.010810 
0.020389 -0.012016 
0.018801 -0.011796 
0.017371 -0.012919 
0.015556 -0.012075 
0.012244 -0.010792 
0.011574 -0.012163 
0.009473 -0.012911 
0.007497 -0.012307 
0.005927 -0.011646 
0.003038 -0.011649 
0.002383 -0.014229 
0.001000 -0.013268 
0.000308 -0.011976 
-0.001899 -0.011908 
-0.003681 -0.008585 
-0.004817 -0.008701 
-0.007596 -0.007039 
-0.008486 -0.005651 
-0.010798 -0.005093 
-0.011833 -0.002670 
-0.012366 -0.001733 
-0.014076 0.000300 
-0.014626 0.001761 
-0.015410 0.003587 
-0.015691 0.004037 
-0.015649 0.004954 
-0.015825 0.005967 
-0.014766 0.006356 
-0.014127 0.006989 
-0.013729 0.006505 
-0.012453 0.007051 
-0.012737 0.005646 
-0.010620 0.006463 
-0.009076 0.007392 
-0.007646 0.005949 
-0.005264 0.006514 
-0.005795 0.006555 
-0.004296 0.006179 
-0.003862 0.006895 
-0.003350 0.007579 
-0.001575 0.006127 
-0.001406 0.006478 
-0.001849 0.008508 
-0.001058 0.008127 
0.000703 0.006383 
0.001241 0.005970 
0.003767 0.005002 
0.005441 0.002382 
0.005259 0.002023 
0.007165 -0.000981 
0.008573 -0.004419 
0.007942 -0.005831 
0.009580 -0.008850 
0.010061 -0.010408 
0.009762 -0.012833 
0.010806 -0.015566 
0.009374 -0.017806 
0.009654 -0.019730 
0.008406 -0.020886 
0.007958 -0.022976 
0.008809 -0.023762 
0.008096 -0.024640 
0.007790 -0.024913 
0.005562 -0.024857 
0.005052 -0.025966 
0.003239 -0.026977 
0.003114 -0.028236 
0.003595 -0.028561 
0.000415 -0.029635 
-0.000497 -0.029623 
-0.001633 -0.030080 
-0.002942 -0.030938 
-0.004510 -0.030186 
-0.006596 -0.032423 
-0.007924 -0.030203 
-0.010127 -0.028022 
-0.013170 -0.029312 
-0.014798 -0.025645 
-0.016715 -0.023788 
-0.019967 -0.021671 
-0.021865 -0.017860 
-0.023694 -0.014812 
-0.025309 -0.012776 
-0.027780 -0.012028 
-0.028309 -0.007998 
-0.027650 -0.007127 
-0.028596 -0.006460 
-0.030254 -0.003927 
-0.031559 -0.002939 
-0.029393 0.000418 
-0.030272 0.001284 
-0.030173 0.003193 
-0.027871 0.005128 
-0.027935 0.005767 
-0.026282 0.009136 
-0.024969 0.009911 
-0.024083 0.012302 
-0.025038 0.015737 
-0.024651 0.017394 
-0.022981 0.019354 
-0.021062 0.022060 
-0.018667 0.025613 
-0.017903 0.027032 
-0.015559 0.029024 
-0.013686 0.031269 
-0.010249 0.031949 
-0.007226 0.032477 
-0.005330 0.033383 
-0.002831 0.034311 
-0.000889 0.033412 
0.003384 0.032360 
0.006477 0.031830 
0.007045 0.030998 
0.008237 0.029419 
0.010559 0.028497 
0.011304 0.028364 
0.012509 0.025727 
0.014593 0.023998 
0.016013 0.025156 
0.017729 0.024515 
0.020867 0.022364 
0.023324 0.021063 
0.022975 0.020397 
0.025533 0.018866 
0.027815 0.016526 
0.030920 0.015680 
0.033257 0.013623 
0.033112 0.010438 
0.035184 0.008777 
0.035001 0.006624 
0.036031 0.005117 
0.035988 0.003751 
0.035845 0.002091 
0.036344 0.000588 
0.034399 -0.002832 
0.034589 -0.005649 
0.032713 -0.007513 
0.030388 -0.009107 
0.028474 -0.008278 
0.026274 -0.008716 
0.024869 -0.010269 
0.021732 -0.009155 
0.018953 -0.009377 
0.016227 -0.010210 
0.014544 -0.010174 
0.013654 -0.011046 
0.012654 -0.011054 
0.010840 -0.010723 
0.008103 -0.010507 
0.008327 -0.011273 
0.006527 -0.011820 
0.004092 -0.012096 
0.002774 -0.012453 
0.000064 -0.011784 
-0.000183 -0.011630 
-0.001818 -0.010128 
-0.003985 -0.008534 
-0.006305 -0.007236 
-0.008101 -0.005272 
-0.009511 -0.002841 
-0.012350 -0.000755 
-0.011860 0.000629 
-0.012623 0.003257 
-0.014487 0.003922 
-0.015655 0.004801 
-0.015190 0.005762 
-0.013966 0.005793 
-0.014612 0.006525 
-0.014053 0.005686 
-0.013217 0.006705 
-0.011722 0.006841 
-0.012440 0.006093 
-0.011971 0.007722 
-0.009783 0.007522 
-0.010467 0.006808 
-0.009402 0.007147 
-0.009160 0.008052 
-0.009506 0.007854 
-0.006988 0.006643 
-0.004523 0.007782 
-0.004538 0.008543 
-0.004451 0.008411 
-0.001688 0.008423 
-0.000501 0.007897 
-0.000165 0.008309 
0.001117 0.007925 
0.000619 0.006572 
0.002612 0.004961 
0.006585 0.002780 
0.006975 -0.000029 
0.007003 -0.001817 
0.007512 -0.003453 
0.006642 -0.006511 
0.007138 -0.008353 
0.008288 -0.011554 
0.008394 -0.013524 
0.007716 -0.014319 
0.006205 -0.017734 
0.006442 -0.018121 
0.007086 -0.018935 
0.007064 -0.022135 
0.006790 -0.021782 
0.006961 -0.022308 
0.007446 -0.023669 
0.005725 -0.023604 
0.005903 -0.025709 
0.005581 -0.025574 
0.003851 -0.026068 
0.004203 -0.028228 
0.003314 -0.028870 
0.001560 -0.030930 
0.001182 -0.030468 
-0.000083 -0.029125 
-0.002935 -0.029739 
-0.004182 -0.029669 
-0.007002 -0.028022 
-0.009876 -0.027616 
-0.011923 -0.026089 
-0.015621 -0.022889 
-0.018020 -0.022212 
-0.019821 -0.019549 
-0.021802 -0.016217 
-0.024012 -0.014245 
-0.025400 -0.014003 
-0.026948 -0.012629 
-0.027847 -0.008845 
-0.026931 -0.007888 
-0.026336 -0.006901 
-0.027623 -0.004633 
-0.027679 -0.002870 
-0.026248 -0.001913 
-0.026604 -0.000230 
-0.025434 0.002378 
-0.025965 0.004710 
-0.025457 0.005987 
-0.023293 0.007995 
-0.024457 0.010323 
-0.024873 0.011898 
-0.024803 0.014844 
-0.023875 0.017402 
-0.021678 0.020866 
-0.020574 0.021670 
-0.019653 0.023091 
-0.016551 0.026663 
-0.014843 0.027479 
-0.013060 0.030267 
-0.010539 0.030887 
-0.008538 0.030766 
-0.004034 0.031474 
-0.002420 0.031301 
-0.000883 0.033090 
0.002323 0.032187 
0.002894 0.029814 
0.004736 0.030082 
0.007597 0.029461 
0.008207 0.029299 
0.010604 0.029651 
0.013263 0.027306 
0.013495 0.027478 
0.015684 0.026819 
0.017692 0.025029 
0.019759 0.024471 
0.021464 0.022311 
0.022370 0.021252 
0.024788 0.019431 
0.027054 0.018395 
0.028736 0.017030 
0.031252 0.014242 
0.032577 0.012402 
0.032516 0.009930 
0.034007 0.006942 
0.033253 0.005613 
0.033815 0.004596 
0.035639 0.000393 
0.035495 -0.000940 
0.033995 -0.002088 
0.031865 -0.005832 
0.031525 -0.005261 
0.028917 -0.004684 
0.027895 -0.006100 
0.026039 -0.006372 
0.024358 -0.007607 
0.024414 -0.008156 
0.020709 -0.007131 
0.019451 -0.008416 
0.018629 -0.009140 
0.016210 -0.009750 
0.013238 -0.012051 
0.012805 -0.012694 
0.012218 -0.012008 
0.009323 -0.012269 
0.008092 -0.013484 
0.004880 -0.012681 
0.003278 -0.011935 
0.001849 -0.011102 
-0.000738 -0.008928 
-0.002519 -0.008908 
-0.003844 -0.007784 
-0.005200 -0.005066 
-0.007960 -0.004501 
-0.008788 -0.003108 
-0.009645 -0.001221 
-0.009887 0.000078 
-0.012313 0.002080 
-0.014439 0.002921 
-0.012311 0.004057 
-0.013125 0.003604 
-0.012290 0.003732 
-0.011125 0.005492 
-0.013059 0.003920 
-0.013255 0.004511 
-0.011906 0.005155 
-0.010795 0.003953 
-0.011179 0.005291 
-0.011548 0.005730 
-0.010433 0.005021 
-0.009231 0.005705 
-0.009828 0.007081 
-0.009291 0.006512 
-0.008201 0.006186 
-0.008716 0.008177 
-0.007557 0.008850 
-0.005274 0.009426 
-0.003222 0.010523 
-0.001524 0.008714 
0.000731 0.007721 
0.003067 0.008021 
0.003937 0.006607 
0.004095 0.005585 
0.004309 0.002558 
0.005756 0.000805 
0.007071 0.000344 
0.007335 -0.004492 
0.007896 -0.005692 
0.007969 -0.006305 
0.007819 -0.010178 
0.007244 -0.011524 
0.006417 -0.014036 
0.006277 -0.015586 
0.004793 -0.016532 
0.005290 -0.017914 
0.005556 -0.018376 
0.003605 -0.020287 
0.005048 -0.022025 
0.004263 -0.024785 
0.004499 -0.025243 
0.006608 -0.025431 
0.004048 -0.026933 
0.004216 -0.028432 
0.004515 -0.030486 
0.002635 -0.028792 
0.000856 -0.030449 
-0.001649 -0.031685 
-0.001358 -0.029757 
-0.002225 -0.030331 
-0.005946 -0.028930 
-0.009407 -0.027496 
-0.012152 -0.026101 
-0.014504 -0.024934 
-0.016491 -0.023630 
-0.018911 -0.021011 
-0.022561 -0.019704 
-0.024180 -0.017884 
-0.024852 -0.015937 
-0.025777 -0.013963 
-0.026873 -0.011769 
-0.027395 -0.012172 
-0.027860 -0.010605 
-0.029601 -0.007704 
-0.029013 -0.006954 
-0.028844 -0.003864 
-0.028954 -0.002413 
-0.028348 -0.001226 
-0.028962 0.001561 
-0.029855 0.002844 
-0.029174 0.004603 
-0.027174 0.007400 
-0.027629 0.011303 
-0.028389 0.013062 
-0.027898 0.015950 
-0.025244 0.019160 
-0.023811 0.021112 
-0.023438 0.023837 
-0.021197 0.024408 
-0.018367 0.026464 
-0.015839 0.029448 
-0.015994 0.030564 
-0.012011 0.029961 
-0.008407 0.029449 
-0.007195 0.030025 
-0.003999 0.030296 
-0.002040 0.030324 
0.000286 0.031417 
0.001493 0.031926 
0.003273 0.029646 
0.003960 0.029664 
0.005534 0.030322 
0.008980 0.029852 
0.010257 0.029712 
0.012063 0.028895 
0.013221 0.027987 
0.014047 0.025530 
0.016962 0.023061 
0.020016 0.021770 
0.021861 0.021473 
0.025615 0.021119 
0.028252 0.018774 
0.029249 0.015260 
0.031205 0.013568 
0.033174 0.012544 
0.034690 0.009843 
0.033726 0.007763 
0.033204 0.005027 
0.033998 0.002394 
0.033860 0.001164 
0.033126 -0.000782 
0.032602 -0.001934 
0.030836 -0.004077 
0.030225 -0.005722 
0.028987 -0.003979 
0.026194 -0.005701 
0.027202 -0.006966 
0.025466 -0.006938 
0.021536 -0.009603 
0.021333 -0.009472 
0.020789 -0.011415 
0.017613 -0.012888 
0.016703 -0.012384 
0.015805 -0.013455 
0.013401 -0.012968 
0.013421 -0.013584 
0.010815 -0.013394 
0.007603 -0.013117 
0.006054 -0.013010 
0.004235 -0.011433 
0.002441 -0.010785 
-0.000274 -0.010120 
-0.002661 -0.009081 
-0.004081 -0.007501 
-0.007714 -0.005586 
-0.010111 -0.004096 
-0.008620 -0.002755 
-0.009777 -0.001349 
-0.010329 0.000060 
-0.010810 0.001660 
-0.012016 0.001643 
-0.011796 0.001225 
-0.012919 0.002728 
-0.012075 0.003840 
-0.010792 0.003737 
-0.012163 0.004734 
-0.012911 0.005292 
-0.012307 0.005581 
-0.011646 0.008666 
-0.011649 0.007439 
-0.014229 0.006137 
-0.013268 0.008604 
-0.011976 0.008458 
-0.011908 0.009608 
-0.008585 0.009538 
-0.008701 0.009399 
-0.007039 0.009960 
-0.005651 0.009282 
-0.005093 0.009673 
-0.002670 0.008790 
-0.001733 0.009569 
0.000300 0.008580 
0.001761 0.006404 
0.003587 0.006176 
0.004037 0.003221 
0.004954 0.001108 
0.005967 -0.000906 
0.006356 -0.002736 
0.006989 -0.003995 
0.006505 -0.007472 
0.007051 -0.009074 
0.005646 -0.009527 
0.006463 -0.011535 
0.007392 -0.013816 
0.005949 -0.015909 
0.006514 -0.017868 
0.006555 -0.017338 
0.006179 -0.019115 
0.006895 -0.022820 
0.007579 -0.022582 
0.006127 -0.025231 
0.006478 -0.026960 
0.008508 -0.026396 
0.008127 -0.029012 
0.006383 -0.031003 
0.005970 -0.031551 
0.005002 -0.031822 
0.002382 -0.032890 
0.002023 -0.032159 
-0.000981 -0.030728 
-0.004419 -0.030491 
-0.005831 -0.029549 
-0.008850 -0.028368 
-0.010408 -0.026400 
-0.012833 -0.024540 
-0.015566 -0.024401 
-0.017806 -0.022827 
-0.019730 -0.019277 
-0.020886 -0.017354 
-0.022976 -0.015469 
-0.023762 -0.014476 
-0.024640 -0.013306 
-0.024913 -0.011955 
-0.024857 -0.011984 
-0.025966 -0.010914 
-0.026977 -0.009946 
-0.028236 -0.008088 
-0.028561 -0.006206 
-0.029635 -0.003612 
-0.029623 -0.000570 
-0.030080 0.000615 
-0.030938 0.001700 
-0.030186 0.005312 
-0.032423 0.009928 
-0.030203 0.011179 
-0.028022 0.013581 
-0.029312 0.017466 
-0.025645 0.019047 
-0.023788 0.020788 
-0.021671 0.023348 
-0.017860 0.024677 
-0.014812 0.026705 
-0.012776 0.028008 
-0.012028 0.029077 
-0.007998 0.030978 
-0.007127 0.029276 
-0.006460 0.030639 
-0.003927 0.033038 
-0.002939 0.032369 
0.000418 0.031947 
0.001284 0.032361 
0.003193 0.032556 
0.005128 0.030950 
0.005767 0.030969 
0.009136 0.030025 
0.009911 0.029762 
0.012302 0.029186 
0.015737 0.027250 
0.017394 0.026496 
0.019354 0.025364 
0.022060 0.023889 
0.025613 0.020678 
0.027032 0.019637 
0.029024 0.018006 
0.031269 0.015672 
0.031949 0.013490 
0.032477 0.011443 
0.033383 0.010673 
0.034311 0.006322 
0.033412 0.004542 
0.032360 0.005445 
0.031830 0.003702 
0.030998 0.000455 
0.029419 -0.000727 
0.028497 -0.000613 
0.028364 -0.002580 
0.025727 -0.003633 
0.023998 -0.004848 
0.025156 -0.006196 
0.024515 -0.005689 
0.022364 -0.007662 
0.021063 -0.010472 
0.020397 -0.010128 
0.018866 -0.011786 
0.016526 -0.012842 
0.015680 -0.012123 
0.013623 -0.012985 
0.010438 -0.012015 
0.008777 -0.011090 
0.006624 -0.011076 
0.005117 -0.010888 
0.003751 -0.009351 
0.002091 -0.007984 
0.000588 -0.008432 
-0.002832 -0.007340 
-0.005649 -0.005731 
-0.007513 -0.005723 
-0.009107 -0.004632 
-0.008278 -0.002652 
-0.008716 -0.002240 
-0.010269 -0.000776 
-0.009155 0.000144 
-0.009377 0.000217 
-0.010210 0.001050 
-0.010174 0.001840 
-0.011046 0.001959 
-0.011054 0.000756 
-0.010723 0.002961 
-0.010507 0.005248 
-0.011273 0.004202 
-0.011820 0.004935 
-0.012096 0.006591 
-0.012453 0.006861 
-0.011784 0.007358 
-0.011630 0.007674 
-0.010128 0.007560 
-0.008534 0.008657 
-0.007236 0.008833 
-0.005272 0.008401 
-0.002841 0.008242 
-0.000755 0.008307 
0.000629 0.007779 
0.003257 0.005902 
0.003922 0.006249 
0.004801 0.005702 
0.005762 0.002553 
0.005793 0.001312 
0.006525 0.000965 
0.005686 -0.000867 
0.006705 -0.003308 
0.006841 -0.005536 
0.006093 -0.007586 
0.007722 -0.009553 
0.007522 -0.011615 
0.006808 -0.012619 
0.007147 -0.013971 
0.008052 -0.015305 
0.007854 -0.016032 
0.006643 -0.019174 
0.007782 -0.020432 
0.008543 -0.020735 
0.008411 -0.023317 
0.008423 -0.024449 
0.007897 -0.026432 
0.008309 -0.028117 
0.007925 -0.028244 
0.006572 -0.028825 
0.004961 -0.029388 
0.002780 -0.030474 
-0.000029 -0.029708 
-0.001817 -0.029205 
-0.003453 -0.030250 
-0.006511 -0.028098 
-0.008353 -0.025368 
-0.011554 -0.026139 
-0.013524 -0.025895 
-0.014319 -0.022326 
-0.017734 -0.021161 
-0.018121 -0.021781 
-0.018935 -0.019320 
-0.022135 -0.017023 
-0.021782 -0.016117 
-0.022308 -0.014059 
-0.023669 -0.012836 
-0.023604 -0.011449 
-0.025709 -0.010004 
-0.025574 -0.009699 
-0.026068 -0.007133 
-0.028228 -0.003997 
-0.028870 -0.001582 
-0.030930 -0.000424 
-0.030468 0.000480 
-0.029125 0.003994 
-0.029739 0.007016 
-0.029669 0.009765 
-0.028022 0.011818 
-0.027616 0.013331 
-0.026089 0.015550 
-0.022889 0.017175 
-0.022212 0.019515 
-0.019549 0.021216 
-0.016217 0.022959 
-0.014245 0.024096 
-0.014003 0.025344 
-0.012629 0.026285 
-0.008845 0.026385 
-0.007888 0.029715 
-0.006901 0.031594 
-0.004633 0.032046 
-0.002870 0.031233 
-0.001913 0.030865 
-0.000230 0.031562 
0.002378 0.029768 
0.004710 0.029761 
0.005987 0.029533 
0.007995 0.028902 
0.010323 0.027796 
0.011898 0.027002 
0.014844 0.024985 
0.017402 0.023031 
0.020866 0.023081 
0.021670 0.019362 
0.023091 0.018513 
0.026663 0.017595 
0.027479 0.014715 
0.030267 0.012605 
0.030887 0.011609 
0.030766 0.011148 
0.031474 0.007096 
0.031301 0.006484 
0.033090 0.004913 
0.032187 0.002924 
0.029814 0.002945 
0.030082 0.000119 
0.029461 -0.001189 
0.029299 -0.002616 
0.029651 -0.004980 
0.027306 -0.005984 
0.027478 -0.006722 
0.026819 -0.007975 
0.025029 -0.007938 
0.024471 -0.009170 
0.022311 -0.010662 
0.021252 -0.011593 
0.019431 -0.013939 
0.018395 -0.013641 
0.017030 -0.013308 
0.014242 -0.013652 
0.012402 -0.013285 
0.009930 -0.012925 
0.006942 -0.012711 
0.005613 -0.012905 
0.004596 -0.012100 
0.000393 -0.010535 
-0.000940 -0.008992 
-0.002088 -0.008601 
-0.005832 -0.008084 
-0.005261 -0.006659 
-0.004684 -0.005380 
-0.006100 -0.002953 
-0.006372 -0.001555 
-0.007607 -0.002212 
-0.008156 -0.000303 
-0.007131 0.000648 
-0.008416 0.000681 
-0.009140 0.002252 
-0.009750 0.002336 
-0.012051 0.002642 
-0.012694 0.002430 
-0.012008 0.004154 
-0.012269 0.005271 
-0.013484 0.004596 
-0.012681 0.005881 
-0.011935 0.005928 
-0.011102 0.006082 
-0.008928 0.006587 
-0.008908 0.006891 
-0.007784 0.006776 
-0.005066 0.008133 
-0.004501 0.009191 
-0.003108 0.008028 
-0.001221 0.009169 
0.000078 0.008834 
0.002080 0.007410 
0.002921 0.006979 
0.004057 0.004779 
0.003604 0.003586 
0.003732 0.003288 
0.005492 0.001441 
0.003920 -0.000322 
0.004511 -0.002452 
0.005155 -0.004879 
0.003953 -0.006296 
0.005291 -0.008558 
0.005730 -0.010891 
0.005021 -0.011185 
0.005705 -0.013276 
0.007081 -0.016956 
0.006512 -0.016967 
0.006186 -0.018822 
0.008177 -0.021639 
0.008850 -0.021772 
0.009426 -0.023800 
0.010523 -0.026200 
0.008714 -0.027868 
0.007721 -0.027493 
0.008021 -0.028328 
0.006607 -0.031301 
0.005585 -0.031547 
0.002558 -0.030180 
0.000805 -0.028943 
0.000344 -0.029576 
-0.004492 -0.029926 
-0.005692 -0.028813 
-0.006305 -0.027967 
-0.010178 -0.028017 
-0.011524 -0.027906 
-0.014036 -0.025744 
-0.015586 -0.023468 
-0.016532 -0.022034 
-0.017914 -0.021175 
-0.018376 -0.019256 
-0.020287 -0.017197 
-0.022025 -0.016947 
-0.024785 -0.014111 
-0.025243 -0.011224 
-0.025431 -0.011154 
-0.026933 -0.008884 
-0.028432 -0.006363 
-0.030486 -0.004403 
-0.028792 -0.001554 
-0.030449 0.000057 
-0.031685 0.001122 
-0.029757 0.003062 
-0.030331 0.006183 
-0.028930 0.008450 
-0.027496 0.010814 
-0.026101 0.013633 
-0.024934 0.015091 
-0.023630 0.016864 
-0.021011 0.018663 
-0.019704 0.021308 
-0.017884 0.024396 
-0.015937 0.024845 
-0.013963 0.024992 
-0.011769 0.027648 
-0.012172 0.028756 
-0.010605 0.028807 
-0.007704 0.030754 
-0.006954 0.031381 
-0.003864 0.031496 
-0.002413 0.031082 
-0.001226 0.031098 
0.001561 0.031317 
0.002844 0.030422 
0.004603 0.030815 
0.007400 0.029882 
0.011303 0.029593 
0.013062 0.028823 
0.015950 0.026490 
0.019160 0.025712 
0.021112 0.024045 
0.023837 0.022241 
0.024408 0.019928 
0.026464 0.017861 
0.029448 0.016553 
0.030564 0.014576 
0.029961 0.012037 
0.029449 0.010518 
0.030025 0.009563 
0.030296 0.007962 
0.030324 0.007743 
0.031417 0.004971 
0.031926 0.001826 
0.029646 0.001001 
0.029664 -0.000895 
0.030322 -0.002902 
0.029852 -0.002873 
0.029712 -0.003071 
0.028895 -0.006322 
0.027987 -0.007542 
0.025530 -0.008566 
0.023061 -0.010493 
0.021770 -0.010871 
0.021473 -0.011048 
0.021119 -0.011282 
0.018774 -0.012373 
0.015260 -0.012568 
0.013568 -0.012228 
0.012544 -0.012259 
0.009843 -0.012175 
0.007763 -0.011870 
0.005027 -0.013271 
0.002394 -0.013213 
0.001164 -0.012061 
-0.000782 -0.011125 
-0.001934 -0.009539 
-0.004077 -0.009605 
-0.005722 -0.006977 
-0.003979 -0.006256 
-0.005701 -0.004438 
-0.006966 -0.002539 
-0.006938 -0.003729 
-0.009603 -0.001782 
-0.009472 -0.001671 
-0.011415 -0.000306 
-0.012888 0.000935 
-0.012384 0.001613 
-0.013455 0.002069 
-0.012968 0.002986 
-0.013584 0.004573 
-0.013394 0.003108 
-0.013117 0.003596 
-0.013010 0.003742 
-0.011433 0.005126 
-0.010785 0.005350 
-0.010120 0.004763 
-0.009081 0.005682 
-0.007501 0.005729 
-0.005586 0.007849 
-0.004096 0.007976 
-0.002755 0.007058 
-0.001349 0.006895 
0.000060 0.007838 
0.001660 0.007822 
0.001643 0.005933 
0.001225 0.004471 
0.002728 0.003420 
0.003840 0.001523 
0.003737 -0.000340 
0.004734 0.000053 
0.005292 -0.002158 
0.005581 -0.004362 
0.008666 -0.006682 
0.007439 -0.007616 
0.006137 -0.009156 
0.008604 -0.013740 
0.008458 -0.013529 
0.009608 -0.016766 
0.009538 -0.019754 
0.009399 -0.019624 
0.009960 -0.021485 
0.009282 -0.022324 
0.009673 -0.024652 
0.008790 -0.025986 
0.009569 -0.027754 
0.008580 -0.028693 
0.006404 -0.029224 
0.006176 -0.031256 
0.003221 -0.029766 
0.001108 -0.030107 
-0.000906 -0.032004 
-0.002736 -0.031420 
-0.003995 -0.029872 
-0.007472 -0.028062 
-0.009074 -0.027727 
-0.009527 -0.027217 
-0.011535 -0.026769 
-0.013816 -0.024740 
-0.015909 -0.021535 
-0.017868 -0.021783 
-0.017338 -0.021154 
-0.019115 -0.019990 
-0.022820 -0.018558 
-0.022582 -0.015747 
-0.025231 -0.015662 
-0.026960 -0.013642 
-0.026396 -0.010686 
-0.029012 -0.009113 
-0.031003 -0.007160 
-0.031551 -0.006721 
-0.031822 -0.004824 
-0.032890 -0.002987 
-0.032159 -0.000315 
-0.030728 0.002649 
-0.030491 0.003429 
-0.029549 0.006755 
-0.028368 0.009133 
-0.026400 0.011485 
-0.024540 0.015314 
-0.024401 0.017482 
-0.022827 0.019311 
-0.019277 0.021619 
-0.017354 0.025375 
-0.015469 0.027282 
-0.014476 0.027057 
-0.013306 0.028621 
-0.011955 0.030919 
-0.011984 0.030461 
-0.010914 0.031057 
-0.009946 0.032693 
-0.008088 0.030746 
-0.006206 0.030128 
-0.003612 0.030132 
-0.000570 0.029545 
0.000615 0.030914 
0.001700 0.031270 
0.005312 0.030589 
0.009928 0.030663 
0.011179 0.029217 
0.013581 0.027457 
0.017466 0.025908 
0.019047 0.024978 
0.020788 0.024446 
0.023348 0.020719 
0.024677 0.019031 
0.026705 0.017363 
0.028008 0.015707 
0.029077 0.014598 
0.030978 0.012117 
0.029276 0.011828 
0.030639 0.008601 
0.033038 0.007728 
0.032369 0.007178 
0.031947 0.003672 
0.032361 0.002142 
0.032556 -0.000077 
0.030950 -0.001609 
0.030969 -0.003227 
0.030025 -0.004294 
0.029762 -0.006341 
0.029186 -0.007247 
0.027250 -0.007070 
0.026496 -0.010225 
0.025364 -0.011123 
0.023889 -0.011121 
0.020678 -0.012729 
0.019637 -0.012187 
0.018006 -0.011275 
0.015672 -0.011447 
0.013490 -0.012185 
0.011443 -0.012866 
0.010673 -0.011130 
0.006322 -0.011866 
0.004542 -0.012431 
0.005445 -0.010263 
0.003702 -0.010936 
0.000455 -0.010611 
-0.000727 -0.008777 
-0.000613 -0.007036 
-0.002580 -0.005643 
-0.003633 -0.004419 
-0.004848 -0.004679 
-0.006196 -0.004793 
-0.005689 -0.002694 
-0.007662 -0.001405 
-0.010472 -0.000159 
-0.010128 0.000101 
-0.011786 0.001417 
-0.012842 0.001762 
-0.012123 0.001133 
-0.012985 0.001906 
-0.012015 0.002139 
-0.011090 0.004287 
-0.011076 0.003942 
-0.010888 0.003266 
-0.009351 0.004588 
-0.007984 0.005457 
-0.008432 0.007856 
-0.007340 0.007533 
-0.005731 0.007551 
-0.005723 0.009763 
-0.004632 0.009418 
-0.002652 0.009381 
-0.002240 0.009133 
-0.000776 0.007817 
0.000144 0.006755 
0.000217 0.004892 
0.001050 0.004389 
0.001840 0.004266 
0.001959 0.003398 
0.000756 0.001498 
0.002961 -0.000666 
0.005248 -0.001083 
0.004202 -0.004428 
0.004935 -0.008001 
0.006591 -0.008701 
0.006861 -0.009105 
0.007358 -0.011324 
0.007674 -0.015342 
0.007560 -0.016510 
0.008657 -0.018354 
0.008833 -0.019375 
0.008401 -0.019546 
0.008242 -0.022391 
0.008307 -0.023228 
0.007779 -0.023821 
0.005902 -0.025434 
0.006249 -0.027501 
0.005702 -0.028235 
0.002553 -0.028425 
0.001312 -0.029554 
0.000965 -0.030483 
-0.000867 -0.029650 
-0.003308 -0.028643 
-0.005536 -0.030038 
-0.007586 -0.028103 
-0.009553 -0.026878 
-0.011615 -0.026370 
-0.012619 -0.025349 
-0.013971 -0.024641 
-0.015305 -0.022065 
-0.016032 -0.022084 
-0.019174 -0.020295 
-0.020432 -0.018662 
-0.020735 -0.017507 
-0.023317 -0.015737 
-0.024449 -0.014774 
-0.026432 -0.012864 
-0.028117 -0.010936 
-0.028244 -0.008303 
-0.028825 -0.008302 
-0.029388 -0.006186 
-0.030474 -0.003912 
-0.029708 -0.003153 
-0.029205 0.000136 
-0.030250 0.001771 
-0.028098 0.005113 
-0.025368 0.008426 
-0.026139 0.009320 
-0.025895 0.012664 
-0.022326 0.016232 
-0.021161 0.018499 
-0.021781 0.020641 
-0.019320 0.022074 
-0.017023 0.024578 
-0.016117 0.026156 
-0.014059 0.027125 
-0.012836 0.028888 
-0.011449 0.031131 
-0.010004 0.031488 
-0.009699 0.030940 
-0.007133 0.032893 
-0.003997 0.030944 
-0.001582 0.031730 
-0.000424 0.033201 
0.000480 0.030755 
0.003994 0.030695 
0.007016 0.030226 
0.009765 0.029488 
0.011818 0.027996 
0.013331 0.027992 
0.015550 0.025699 
0.017175 0.023959 
0.019515 0.023642 
0.021216 0.021139 
0.022959 0.022040 
0.024096 0.020191 
0.025344 0.016993 
0.026285 0.016777 
0.026385 0.015060 
0.029715 0.011954 
0.031594 0.010248 
0.032046 0.007656 
0.031233 0.005983 
0.030865 0.005468 
0.031562 0.003841 
0.029768 0.001567 
0.029761 -0.000644 
0.029533 -0.001468 
0.028902 -0.005031 
0.027796 -0.004643 
0.027002 -0.003976 
0.024985 -0.005914 
0.023031 -0.005974 
0.023081 -0.007703 
0.019362 -0.008208 
0.018513 -0.009508 
0.017595 -0.009994 
0.014715 -0.010607 
0.012605 -0.011703 
0.011609 -0.012924 
0.011148 -0.012619 
0.007096 -0.011323 
0.006484 -0.012062 
0.004913 -0.009325 
0.002924 -0.009986 
0.002945 -0.011151 
0.000119 -0.008506 
-0.001189 -0.007884 
-0.002616 -0.005910 
-0.004980 -0.003574 
-0.005984 -0.002996 
-0.006722 -0.001511 
-0.007975 -0.000798 
-0.007938 -0.000319 
-0.009170 0.000650 
-0.010662 0.000296 
-0.011593 0.000879 
-0.013939 0.000050 
-0.013641 -0.000318 
-0.013308 0.000483 
-0.013652 0.001919 
-0.013285 0.002356 
-0.012925 0.001212 
-0.012711 0.003901 
-0.012905 0.004224 
-0.012100 0.005223 
-0.010535 0.007478 
-0.008992 0.006143 
-0.008601 0.008195 
-0.008084 0.010170 
-0.006659 0.008719 
-0.005380 0.008260 
-0.002953 0.008949 
-0.001555 0.009827 
-0.002212 0.007801 
-0.000303 0.005206 
0.000648 0.006129 
0.000681 0.005385 
0.002252 0.003299 
0.002336 -0.000315 
0.002642 -0.002458 
0.002430 -0.002845 
0.004154 -0.005938 
0.005271 -0.006298 
0.004596 -0.007176 
0.005881 -0.009697 
0.005928 -0.010868 
0.006082 -0.012300 
0.006587 -0.013275 
0.006891 -0.014013 
0.006776 -0.016714 
0.008133 -0.018756 
0.009191 -0.020525 
0.008028 -0.024200 
0.009169 -0.024352 
0.008834 -0.025957 
0.007410 -0.028353 
0.006979 -0.028703 
0.004779 -0.030099 
0.003586 -0.029408 
0.003288 -0.030034 
0.001441 -0.031384 
-0.000322 -0.030672 
-0.002452 -0.029376 
-0.004879 -0.028671 
-0.006296 -0.028118 
-0.008558 -0.026704 
-0.010891 -0.026141 
-0.011185 -0.024755 
-0.013276 -0.023609 
-0.016956 -0.022175 
-0.016967 -0.019258 
-0.018822 -0.019267 
-0.021639 -0.016602 
-0.021772 -0.013025 
-0.023800 -0.014241 
-0.026200 -0.013668 
-0.027868 -0.012674 
-0.027493 -0.011628 
-0.028328 -0.009139 
-0.031301 -0.008122 
-0.031547 -0.006676 
-0.030180 -0.003509 
-0.028943 -0.001502 
-0.029576 0.000905 
-0.029926 0.004178 
-0.028813 0.006265 
-0.027967 0.009549 
-0.028017 0.011662 
-0.027906 0.013730 
-0.025744 0.016963 
-0.023468 0.019429 
-0.022034 0.021345 
-0.021175 0.022961 
-0.019256 0.024625 
-0.017197 0.027220 
-0.016947 0.029419 
-0.014111 0.028798 
-0.011224 0.029260 
-0.011154 0.029228 
-0.008884 0.030812 
-0.006363 0.031154 
-0.004403 0.030563 
-0.001554 0.034002 
0.000057 0.033229 
0.001122 0.032780 
0.003062 0.033300 
0.006183 0.032318 
0.008450 0.031123 
0.010814 0.031012 
0.013633 0.030698 
0.015091 0.028223 
0.016864 0.028425 
0.018663 0.027031 
0.021308 0.023735 
0.024396 0.022729 
0.024845 0.021199 
0.024992 0.017659 
0.027648 0.017601 
0.028756 0.016001 
0.028807 0.012838 
0.030754 0.012059 
0.031381 0.009590 
0.031496 0.007973 
0.031082 0.005449 
0.031098 0.004492 
0.031317 0.002537 
0.030422 0.001653 
0.030815 0.000920 
0.029882 -0.001883 
0.029593 -0.001434 
0.028823 -0.002879 
0.026490 -0.004380 
0.025712 -0.006853 
0.024045 -0.007564 
0.022241 -0.009260 
0.019928 -0.010954 
0.017861 -0.010231 
0.016553 -0.012736 
0.014576 -0.012579 
0.012037 -0.013371 
0.010518 -0.014531 
0.009563 -0.014430 
0.007962 -0.013989 
0.007743 -0.013403 
0.004971 -0.012645 
0.001826 -0.010114 
0.001001 -0.008512 
-0.000895 -0.007079 
-0.002902 -0.005935 
-0.002873 -0.003639 
-0.003071 -0.001924 
-0.006322 -0.001203 
-0.007542 -0.001013 
-0.008566 -0.000783 
-0.010493 -0.000185 
-0.010871 -0.000096 
-0.011048 0.000348 
-0.011282 0.000157 
-0.012373 0.000283 
-0.012568 0.000315 
-0.012228 0.001549 
-0.012259 0.001875 
-0.012175 0.003164 
-0.011870 0.004945 
-0.013271 0.004819 
-0.013213 0.007106 
-0.012061 0.008559 
-0.011125 0.008834 
-0.009539 0.009769 
-0.009605 0.011731 
-0.006977 0.011750 
-0.006256 0.011734 
-0.004438 0.011739 
-0.002539 0.009885 
-0.003729 0.010257 
-0.001782 0.008373 
-0.001671 0.007197 
-0.000306 0.005738 
0.000935 0.002695 
0.001613 0.003045 
0.002069 0.001108 
0.002986 -0.001511 
0.004573 -0.002185 
0.003108 -0.002897 
0.003596 -0.002940 
0.003742 -0.003751 
0.005126 -0.005636 
0.005350 -0.007932 
0.004763 -0.010209 
0.005682 -0.011972 
0.005729 -0.013680 
0.007849 -0.015001 
0.007976 -0.017567 
0.007058 -0.020458 
0.006895 -0.021816 
0.007838 -0.023163 
0.007822 -0.024733 
0.005933 -0.026400 
0.004471 -0.026155 
0.003420 -0.025976 
0.001523 -0.027427 
-0.000340 -0.028301 
0.000053 -0.028087 
-0.002158 -0.026908 
-0.004362 -0.026582 
-0.006682 -0.025556 
-0.007616 -0.023384 
-0.009156 -0.022768 
-0.013740 -0.022284 
-0.013529 -0.020949 
-0.016766 -0.020345 
-0.019754 -0.018803 
-0.019624 -0.017376 
-0.021485 -0.016450 
-0.022324 -0.015346 
-0.024652 -0.015254 
-0.025986 -0.013217 
-0.027754 -0.012736 
-0.028693 -0.012212 
-0.029224 -0.009135 
-0.031256 -0.008165 
-0.029766 -0.007302 
-0.030107 -0.005894 
-0.032004 -0.003316 
-0.031420 -0.000804 
-0.029872 0.001152 
-0.028062 0.005368 
-0.027727 0.008581 
-0.027217 0.009510 
-0.026769 0.012588 
-0.024740 0.016223 
-0.021535 0.019109 
-0.021783 0.021355 
-0.021154 0.019863 
-0.019990 0.020995 
-0.018558 0.024501 
-0.015747 0.025401 
-0.015662 0.025055 
-0.013642 0.025205 
-0.010686 0.027283 
-0.009113 0.028023 
-0.007160 0.029559 
-0.006721 0.030758 
-0.004824 0.030974 
-0.002987 0.031660 
-0.000315 0.030583 
0.002649 0.031752 
0.003429 0.031222 
0.006755 0.029327 
0.009133 0.030381 
0.011485 0.030172 
0.015314 0.029374 
0.017482 0.026764 
0.019311 0.023322 
0.021619 0.023126 
0.025375 0.022360 
0.027282 0.018738 
0.027057 0.015652 
0.028621 0.015031 
0.030919 0.014494 
0.030461 0.011974 
0.031057 0.009724 
0.032693 0.008858 
0.030746 0.006124 
0.030128 0.004305 
0.030132 0.005059 
0.029545 0.003265 
0.030914 0.000976 
0.031270 -0.001444 
0.030589 -0.002166 
0.030663 -0.001594 
0.029217 -0.003508 
0.027457 -0.004571 
0.025908 -0.007792 
0.024978 -0.008604 
0.024446 -0.008274 
0.020719 -0.012441 
0.019031 -0.013222 
0.017363 -0.013645 
0.015707 -0.014846 
0.014598 -0.014244 
0.012117 -0.014014 
0.011828 -0.013907 
0.008601 -0.013158 
0.007728 -0.012099 
0.007178 -0.011552 
0.003672 -0.010567 
0.002142 -0.008295 
-0.000077 -0.006334 
-0.001609 -0.005930 
-0.003227 -0.003980 
-0.004294 -0.003017 
-0.006341 -0.003587 
-0.007247 -0.003475 
-0.007070 -0.004021 
-0.010225 -0.002080 
-0.011123 -0.001528 
-0.011121 -0.003486 
-0.012729 -0.002482 
-0.012187 -0.001801 
-0.011275 -0.001756 
-0.011447 -0.000423 
-0.012185 0.001124 
-0.012866 0.003309 
-0.011130 0.003782 
-0.011866 0.004534 
-0.012431 0.005550 
-0.010263 0.005626 
-0.010936 0.008490 
-0.010611 0.010306 
-0.008777 0.009991 
-0.007036 0.009944 
-0.005643 0.009980 
-0.004419 0.009381 
-0.004679 0.008473 
-0.004793 0.007510 
-0.002694 0.006905 
-0.001405 0.005993 
-0.000159 0.003674 
0.000101 0.003660 
0.001417 0.001523 
0.001762 -0.000943 
0.001133 0.000194 
0.001906 -0.000399 
0.002139 -0.001668 
0.004287 -0.004172 
0.003942 -0.005523 
0.003266 -0.005001 
0.004588 -0.006464 
0.005457 -0.008637 
0.007856 -0.012267 
0.007533 -0.014445 
0.007551 -0.014341 
0.009763 -0.018301 
0.009418 -0.021015 
0.009381 -0.021528 
0.009133 -0.023822 
0.007817 -0.025371 
0.006755 -0.027658 
0.004892 -0.027180 
0.004389 -0.028168 
0.004266 -0.030462 
0.003398 -0.028295 
0.001498 -0.028102 
-0.000666 -0.028023 
-0.001083 -0.027163 
-0.004428 -0.027243 
-0.008001 -0.025312 
-0.008701 -0.022954 
-0.009105 -0.022717 
-0.011324 -0.021931 
-0.015342 -0.021011 
-0.016510 -0.020689 
-0.018354 -0.019184 
-0.019375 -0.019546 
-0.019546 -0.019151 
-0.022391 -0.017397 
-0.023228 -0.017483 
-0.023821 -0.016863 
-0.025434 -0.014555 
-0.027501 -0.013132 
-0.028235 -0.012002 
-0.028425 -0.009280 
-0.029554 -0.007112 
-0.030483 -0.004140 
-0.029650 -0.000754 
-0.028643 0.001493 
-0.030038 0.004960 
-0.028103 0.008071 
-0.026878 0.010264 
-0.026370 0.011813 
-0.025349 0.013656 
-0.024641 0.017031 
-0.022065 0.018720 
-0.022084 0.019387 
-0.020295 0.020042 
-0.018662 0.021518 
-0.017507 0.023319 
-0.015737 0.023716 
-0.014774 0.026237 
-0.012864 0.026924 
-0.010936 0.026112 
-0.008303 0.028366 
-0.008302 0.030039 
-0.006186 0.029973 
-0.003912 0.030055 
-0.003153 0.031160 
0.000136 0.031125 
0.001771 0.031218 
0.005113 0.030819 
0.008426 0.030032 
0.009320 0.029976 
0.012664 0.028069 
0.016232 0.026617 
0.018499 0.025144 
0.020641 0.023454 
0.022074 0.020760 
0.024578 0.018777 
0.026156 0.018479 
0.027125 0.016096 
0.028888 0.014970 
0.031131 0.012170 
0.031488 0.009098 
0.030940 0.008558 
0.032893 0.006944 
0.030944 0.006882 
0.031730 0.005658 
0.033201 0.004339 
0.030755 0.003456 
0.030695 0.001775 
0.030226 0.000729 
0.029488 -0.002436 
0.027996 -0.004674 
0.027992 -0.005775 
0.025699 -0.007043 
0.023959 -0.009654 
0.023642 -0.011666 
0.021139 -0.011779 
0.022040 -0.012948 
0.020191 -0.012243 
0.016993 -0.013412 
0.016777 -0.014356 
0.015060 -0.012882 
0.011954 -0.013342 
0.010248 -0.012238 
0.007656 -0.010483 
0.005983 -0.008457 
0.005468 -0.006425 
0.003841 -0.008134 
0.001567 -0.009121 
-0.000644 -0.006129 
-0.001468 -0.005197 
-0.005031 -0.005539 
-0.004643 -0.005304 
-0.003976 -0.005412 
-0.005914 -0.004331 
-0.005974 -0.005016 
-0.007703 -0.004756 
-0.008208 -0.003646 
-0.009508 -0.004304 
-0.009994 -0.002782 
-0.010607 -0.001008 
-0.011703 -0.000563 
-0.012924 0.000779 
-0.012619 0.002419 
-0.011323 0.004084 
-0.012062 0.007725 
-0.009325 0.008255 
-0.009986 0.006433 
-0.011151 0.009738 
-0.008506 0.009526 
-0.007884 0.008717 
-0.005910 0.011003 
-0.003574 0.008452 
-0.002996 0.007884 
-0.001511 0.007597 
-0.000798 0.006141 
-0.000319 0.005218 
0.000650 0.004599 
0.000296 0.004127 
0.000879 0.001037 
0.000050 0.001970 
-0.000318 0.000481 
0.000483 -0.001812 
0.001919 -0.000237 
0.002356 -0.002178 
0.001212 -0.003046 
0.003901 -0.003545 
0.004224 -0.005792 
0.005223 -0.008236 
0.007478 -0.010139 
0.006143 -0.011710 
0.008195 -0.014160 
0.010170 -0.017626 
0.008719 -0.019012 
0.008260 -0.018856 
0.008949 -0.022039 
0.009827 -0.025286 
0.007801 -0.026310 
0.005206 -0.026069 
0.006129 -0.027299 
0.005385 -0.028364 
0.003299 -0.028147 
-0.000315 -0.027616 
-0.002458 -0.026823 
-0.002845 -0.025991 
-0.005938 -0.023586 
-0.006298 -0.024704 
-0.007176 -0.024570 
-0.009697 -0.022946 
-0.010868 -0.023884 
-0.012300 -0.022059 
-0.013275 -0.021266 
-0.014013 -0.021198 
-0.016714 -0.019756 
-0.018756 -0.019510 
-0.020525 -0.018986 
-0.024200 -0.018383 
-0.024352 -0.018756 
-0.025957 -0.014892 
-0.028353 -0.012121 
-0.028703 -0.013005 
-0.030099 -0.009273 
-0.029408 -0.007552 
-0.030034 -0.005173 
-0.031384 -0.001381 
-0.030672 0.000159 
-0.029376 0.004160 
-0.028671 0.005670 
-0.028118 0.007977 
-0.026704 0.010439 
-0.026141 0.011803 
-0.024755 0.013820 
-0.023609 0.014804 
-0.022175 0.017982 
-0.019258 0.018012 
-0.019267 0.019061 
-0.016602 0.021681 
-0.013025 0.022575 
-0.014241 0.025380 
-0.013668 0.026198 
-0.012674 0.027694 
-0.011628 0.028875 
-0.009139 0.029110 
-0.008122 0.030657 
-0.006676 0.031696 
-0.003509 0.032409 
-0.001502 0.033591 
0.000905 0.033338 
0.004178 0.031678 
0.006265 0.032428 
0.009549 0.030922 
0.011662 0.029561 
0.013730 0.028702 
0.016963 0.024776 
0.019429 0.023870 
0.021345 0.023009 
0.022961 0.020056 
0.024625 0.019243 
0.027220 0.017667 
0.029419 0.015152 
0.028798 0.015032 
0.029260 0.013736 
0.029228 0.012310 
0.030812 0.010230 
0.031154 0.009324 
0.030563 0.009788 
0.034002 0.007095 
0.033229 0.005927 
0.032780 0.003540 
0.033300 0.001119 
0.032318 0.000075 
0.031123 -0.002350 
0.031012 -0.005168 
0.030698 -0.007196 
0.028223 -0.008500 
0.028425 -0.009758 
0.027031 -0.010436 
0.023735 -0.013305 
0.022729 -0.013369 
0.021199 -0.013595 
0.017659 -0.013660 
0.017601 -0.011667 
0.016001 -0.013075 
0.012838 -0.012390 
0.012059 -0.010964 
0.009590 -0.009930 
0.007973 -0.008450 
0.005449 -0.006500 
0.004492 -0.006562 
0.002537 -0.007017 
0.001653 -0.005540 
0.000920 -0.006716 
-0.001883 -0.006542 
-0.001434 -0.005287 
-0.002879 -0.004676 
-0.004380 -0.004718 
-0.006853 -0.004952 
-0.007564 -0.004257 
-0.009260 -0.003513 
-0.010954 -0.002098 
-0.010231 -0.000403 
-0.012736 0.000612 
-0.012579 0.002905 
-0.013371 0.006041 
-0.014531 0.005403 
-0.014430 0.006363 
-0.013989 0.008150 
-0.013403 0.008966 
-0.012645 0.010766 
-0.010114 0.010755 
-0.008512 0.011537 
-0.007079 0.010122 
-0.005935 0.008821 
-0.003639 0.009571 
-0.001924 0.008926 
-0.001203 0.008825 
-0.001013 0.008730 
-0.000783 0.008784 
-0.000185 0.008022 
-0.000096 0.007322 
0.000348 0.008159 
0.000157 0.006512 
0.000283 0.004157 
0.000315 0.004945 
0.001549 0.003375 
0.001875 0.000545 
0.003164 -0.001254 
0.004945 -0.003697 
0.004819 -0.003541 
0.007106 -0.004401 
0.008559 -0.007303 
0.008834 -0.011150 
0.009769 -0.014666 
0.011731 -0.015745 
0.011750 -0.017064 
0.011734 -0.018948 
0.011739 -0.021089 
0.009885 -0.022146 
0.010257 -0.024243 
0.008373 -0.025583 
0.007197 -0.025648 
0.005738 -0.026760 
0.002695 -0.025488 
0.003045 -0.025782 
0.001108 -0.025868 
-0.001511 -0.024717 
-0.002185 -0.026601 
-0.002897 -0.025388 
-0.002940 -0.022133 
-0.003751 -0.022813 
-0.005636 -0.023262 
-0.007932 -0.022596 
-0.010209 -0.022272 
-0.011972 -0.021032 
-0.013680 -0.020661 
-0.015001 -0.020479 
-0.017567 -0.020201 
-0.020458 -0.018507 
-0.021816 -0.016668 
-0.023163 -0.016170 
-0.024733 -0.013751 
-0.026400 -0.010901 
-0.026155 -0.008605 
-0.025976 -0.006377 
-0.027427 -0.005657 
-0.028301 -0.005057 
-0.028087 -0.000624 
-0.026908 0.003062 
-0.026582 0.004797 
-0.025556 0.005873 
-0.023384 0.006758 
-0.022768 0.009972 
-0.022284 0.010495 
-0.020949 0.011466 
-0.020345 0.013203 
-0.018803 0.015527 
-0.017376 0.018221 
-0.016450 0.019541 
-0.015346 0.022216 
-0.015254 0.023821 
-0.013217 0.026312 
-0.012736 0.026945 
-0.012212 0.028105 
-0.009135 0.029998 
-0.008165 0.029479 
-0.007302 0.029976 
-0.005894 0.029899 
-0.003316 0.030411 
-0.000804 0.031060 
0.001152 0.030696 
0.005368 0.029783 
0.008581 0.029599 
0.009510 0.028574 
0.012588 0.027774 
0.016223 0.025460 
0.019109 0.023287 
0.021355 0.024512 
0.019863 0.022503 
0.020995 0.020938 
0.024501 0.019434 
0.025401 0.017223 
0.025055 0.015782 
0.025205 0.015095 
0.027283 0.014124 
0.028023 0.012693 
0.029559 0.012081 
0.030758 0.009509 
0.030974 0.009358 
0.031660 0.008154 
0.030583 0.005675 
0.031752 0.003097 
0.031222 0.001242 
0.029327 -0.000466 
0.030381 -0.003279 
0.030172 -0.002976 
0.029374 -0.006781 
0.026764 -0.008875 
0.023322 -0.008480 
0.023126 -0.010316 
0.022360 -0.010312 
0.018738 -0.010795 
0.015652 -0.012127 
0.015031 -0.012500 
0.014494 -0.010814 
0.011974 -0.010434 
0.009724 -0.010667 
0.008858 -0.009300 
0.006124 -0.007934 
0.004305 -0.007738 
0.005059 -0.005816 
0.003265 -0.005793 
0.000976 -0.007130 
-0.001444 -0.005345 
-0.002166 -0.005927 
-0.001594 -0.004971 
-0.003508 -0.004637 
-0.004571 -0.006141 
-0.007792 -0.005017 
-0.008604 -0.004135 
-0.008274 -0.003395 
-0.012441 -0.001590 
-0.013222 -0.000226 
-0.013645 0.000356 
-0.014846 0.001592 
-0.014244 0.002330 
-0.014014 0.003637 
-0.013907 0.004223 
-0.013158 0.006320 
-0.012099 0.007056 
-0.011552 0.005904 
-0.010567 0.008771 
-0.008295 0.008316 
-0.006334 0.007884 
-0.005930 0.009230 
-0.003980 0.007629 
-0.003017 0.008609 
-0.003587 0.009522 
-0.003475 0.007055 
-0.004021 0.007835 
-0.002080 0.007559 
-0.001528 0.004911 
-0.003486 0.006003 
-0.002482 0.004591 
-0.001801 0.002557 
-0.001756 0.002779 
-0.000423 0.001579 
0.001124 0.000098 
0.003309 -0.000355 
0.003782 -0.002391 
0.004534 -0.006016 
0.005550 -0.007672 
0.005626 -0.008507 
0.008490 -0.010571 
0.010306 -0.013515 
0.009991 -0.014419 
0.009944 -0.016436 
0.009980 -0.019168 
0.009381 -0.021521 
0.008473 -0.023567 
0.007510 -0.024143 
0.006905 -0.025993 
0.005993 -0.025802 
0.003674 -0.027027 
0.003660 -0.027356 
0.001523 -0.026599 
-0.000943 -0.027222 
0.000194 -0.026311 
-0.000399 -0.027432 
-0.001668 -0.025969 
-0.004172 -0.025709 
-0.005523 -0.026574 
-0.005001 -0.025168 
-0.006464 -0.024954 
-0.008637 -0.024053 
-0.012267 -0.024374 
-0.014445 -0.023963 
-0.014341 -0.023223 
-0.018301 -0.021711 
-0.021015 -0.019612 
-0.021528 -0.019318 
-0.023822 -0.016679 
-0.025371 -0.014886 
-0.027658 -0.014149 
-0.027180 -0.011426 
-0.028168 -0.009253 
-0.030462 -0.006942 
-0.028295 -0.005462 
-0.028102 -0.003105 
-0.028023 0.000470 
-0.027163 0.001896 
-0.027243 0.003819 
-0.025312 0.005603 
-0.022954 0.007168 
-0.022717 0.009911 
-0.021931 0.012669 
-0.021011 0.014625 
-0.020689 0.016298 
-0.019184 0.017921 
-0.019546 0.019507 
-0.019151 0.021962 
-0.017397 0.022943 
-0.017483 0.024411 
-0.016863 0.025746 
-0.014555 0.026927 
-0.013132 0.028917 
-0.012002 0.028757 
-0.009280 0.028319 
-0.007112 0.028090 
-0.004140 0.030101 
-0.000754 0.031125 
0.001493 0.029726 
0.004960 0.028926 
0.008071 0.028088 
0.010264 0.028438 
0.011813 0.027196 
0.013656 0.024881 
0.017031 0.023620 
0.018720 0.021516 
0.019387 0.020216 
0.020042 0.019928 
0.021518 0.017476 
0.023319 0.016262 
0.023716 0.015798 
0.026237 0.014204 
0.026924 0.013971 
0.026112 0.013228 
0.028366 0.011201 
0.030039 0.008304 
0.029973 0.008051 
0.030055 0.007417 
0.031160 0.005546 
0.031125 0.003493 
0.031218 -0.000328 
0.030819 -0.002826 
0.030032 -0.005663 
0.029976 -0.005845 
0.028069 -0.006508 
0.026617 -0.008490 
0.025144 -0.009149 
0.023454 -0.010774 
0.020760 -0.011160 
0.018777 -0.011618 
0.018479 -0.012057 
0.016096 -0.012719 
0.014970 -0.010991 
0.012170 -0.009778 
0.009098 -0.010084 
0.008558 -0.008885 
0.006944 -0.008302 
0.006882 -0.006472 
0.005658 -0.006696 
0.004339 -0.007053 
0.003456 -0.007005 
0.001775 -0.007561 
0.000729 -0.006110 
-0.002436 -0.005886 
-0.004674 -0.005565 
-0.005775 -0.004628 
-0.007043 -0.004657 
-0.009654 -0.003658 
-0.011666 -0.001875 
-0.011779 -0.000820 
-0.012948 0.000860 
-0.012243 0.001958 
-0.013412 0.002069 
-0.014356 0.002680 
-0.012882 0.004571 
-0.013342 0.005313 
-0.012238 0.004835 
-0.010483 0.006388 
-0.008457 0.007009 
-0.006425 0.008209 
-0.008134 0.008299 
-0.009121 0.008201 
-0.006129 0.009043 
-0.005197 0.007408 
-0.005539 0.007788 
-0.005304 0.007155 
-0.005412 0.007079 
-0.004331 0.009595 
-0.005016 0.009609 
-0.004756 0.007812 
-0.003646 0.006119 
-0.004304 0.005344 
-0.002782 0.004872 
-0.001008 0.004123 
-0.000563 0.002691 
0.000779 0.001815 
0.002419 0.000024 
0.004084 -0.001530 
0.007725 -0.002491 
0.008255 -0.005697 
0.006433 -0.008462 
0.009738 -0.010214 
0.009526 -0.010754 
0.008717 -0.012811 
0.011003 -0.017042 
0.008452 -0.019062 
0.007884 -0.020686 
0.007597 -0.021823 
0.006141 -0.021430 
0.005218 -0.024223 
0.004599 -0.026913 
0.004127 -0.026328 
0.001037 -0.027430 
0.001970 -0.025976 
0.000481 -0.024212 
-0.001812 -0.026364 
-0.000237 -0.026023 
-0.002178 -0.025450 
-0.003046 -0.026541 
-0.003545 -0.027133 
-0.005792 -0.026832 
-0.008236 -0.027213 
-0.010139 -0.026155 
-0.011710 -0.024006 
-0.014160 -0.025730 
-0.017626 -0.024329 
-0.019012 -0.022786 
-0.018856 -0.023508 
-0.022039 -0.019212 
-0.025286 -0.017211 
-0.026310 -0.017490 
-0.026069 -0.015062 
-0.027299 -0.013637 
-0.028364 -0.011797 
-0.028147 -0.007710 
-0.027616 -0.005145 
-0.026823 -0.003660 
-0.025991 -0.000982 
-0.023586 0.000655 
-0.024704 0.002268 
-0.024570 0.005074 
-0.022946 0.006202 
-0.023884 0.008044 
-0.022059 0.010549 
-0.021266 0.010911 
-0.021198 0.013927 
-0.019756 0.017267 
-0.019510 0.019207 
-0.018986 0.021323 
-0.018383 0.022481 
-0.018756 0.023758 
-0.014892 0.023895 
-0.012121 0.026345 
-0.013005 0.028454 
-0.009273 0.028217 
-0.007552 0.029034 
-0.005173 0.029082 
-0.001381 0.028270 
0.000159 0.027660 
0.004160 0.028396 
0.005670 0.027645 
0.007977 0.026953 
0.010439 0.026491 
0.011803 0.025650 
0.013820 0.025976 
0.014804 0.024244 
0.017982 0.022143 
0.018012 0.021505 
0.019061 0.021808 
0.021681 0.020157 
0.022575 0.018701 
0.025380 0.017363 
0.026198 0.015060 
0.027694 0.014525 
0.028875 0.013325 
0.029110 0.012551 
0.030657 0.010138 
0.031696 0.008929 
0.032409 0.008782 
0.033591 0.005839 
0.033338 0.003726 
0.031678 0.001537 
0.032428 -0.000140 
0.030922 -0.002185 
0.029561 -0.004164 
0.028702 -0.005861 
0.024776 -0.007744 
0.023870 -0.008156 
0.023009 -0.007924 
0.020056 -0.008902 
0.019243 -0.009733 
0.017667 -0.008021 
0.015152 -0.008114 
0.015032 -0.008433 
0.013736 -0.008262 
0.012310 -0.007719 
0.010230 -0.005656 
0.009324 -0.005303 
0.009788 -0.005485 
0.007095 -0.006048 
0.005927 -0.005345 
0.003540 -0.005565 
0.001119 -0.006014 
0.000075 -0.004378 
-0.002350 -0.004010 
-0.005168 -0.003102 
-0.007196 -0.004133 
-0.008500 -0.004324 
-0.009758 -0.001508 
-0.010436 -0.001544 
-0.013305 -0.000346 
-0.013369 0.002779 
-0.013595 0.003928 
-0.013660 0.004623 
-0.011667 0.005617 
-0.013075 0.007013 
-0.012390 0.007966 
-0.010964 0.008157 
-0.009930 0.009569 
-0.008450 0.010429 
-0.006500 0.009109 
-0.006562 0.010206 
-0.007017 0.011725 
-0.005540 0.009965 
-0.006716 0.010262 
-0.006542 0.011686 
-0.005287 0.010854 
-0.004676 0.010573 
-0.004718 0.010197 
-0.004952 0.008922 
-0.004257 0.009262 
-0.003513 0.009950 
-0.002098 0.009897 
-0.000403 0.008855 
0.000612 0.005780 
0.002905 0.003592 
0.006041 0.002519 
0.005403 0.001392 
0.006363 0.000040 
0.008150 -0.002848 
0.008966 -0.004224 
0.010766 -0.005653 
0.010755 -0.009713 
0.011537 -0.010949 
0.010122 -0.012673 
0.008821 -0.015779 
0.009571 -0.016408 
0.008926 -0.019320 
0.008825 -0.021572 
0.008730 -0.022705 
0.008784 -0.024140 
0.008022 -0.023371 
0.007322 -0.025122 
0.008159 -0.027291 
0.006512 -0.026476 
0.004157 -0.026683 
0.004945 -0.026778 
0.003375 -0.026212 
0.000545 -0.026933 
-0.001254 -0.025992 
-0.003697 -0.026564 
-0.003541 -0.028033 
-0.004401 -0.026578 
-0.007303 -0.027191 
-0.011150 -0.026388 
-0.014666 -0.024430 
-0.015745 -0.023856 
-0.017064 -0.022527 
-0.018948 -0.022991 
-0.021089 -0.020642 
-0.022146 -0.018010 
-0.024243 -0.017675 
-0.025583 -0.015371 
-0.025648 -0.014092 
-0.026760 -0.012305 
-0.025488 -0.010461 
-0.025782 -0.008841 
-0.025868 -0.006788 
-0.024717 -0.004115 
-0.026601 -0.001413 
-0.025388 -0.000844 
-0.022133 0.002247 
-0.022813 0.004210 
-0.023262 0.005029 
-0.022596 0.009008 
-0.022272 0.010983 
-0.021032 0.011572 
-0.020661 0.015505 
-0.020479 0.017437 
-0.020201 0.017411 
-0.018507 0.020583 
-0.016668 0.020859 
-0.016170 0.022144 
-0.013751 0.024836 
-0.010901 0.025240 
-0.008605 0.026393 
-0.006377 0.028418 
-0.005657 0.028917 
-0.005057 0.027405 
-0.000624 0.029954 
0.003062 0.029477 
0.004797 0.027349 
0.005873 0.028444 
0.006758 0.027488 
0.009972 0.027166 
0.010495 0.026177 
0.011466 0.025001 
0.013203 0.024952 
0.015527 0.023995 
0.018221 0.021088 
0.019541 0.018847 
0.022216 0.017967 
0.023821 0.016648 
0.026312 0.016443 
0.026945 0.016378 
0.028105 0.015742 
0.029998 0.014651 
0.029479 0.012995 
0.029976 0.010756 
0.029899 0.008694 
0.030411 0.006923 
0.031060 0.004357 
0.030696 0.001782 
0.029783 -0.000300 
0.029599 -0.002671 
0.028574 -0.004741 
0.027774 -0.006089 
0.025460 -0.007343 
0.023287 -0.007992 
0.024512 -0.009216 
0.022503 -0.010978 
0.020938 -0.011253 
0.019434 -0.011503 
0.017223 -0.010868 
0.015782 -0.009909 
0.015095 -0.009622 
0.014124 -0.008019 
0.012693 -0.008596 
0.012081 -0.008873 
0.009509 -0.007781 
0.009358 -0.008194 
0.008154 -0.008975 
0.005675 -0.009102 
0.003097 -0.008481 
0.001242 -0.007492 
-0.000466 -0.005254 
-0.003279 -0.006331 
-0.002976 -0.005979 
-0.006781 -0.003625 
-0.008875 -0.003001 
-0.008480 -0.002026 
-0.010316 -0.000787 
-0.010312 0.001651 
-0.010795 0.001515 
-0.012127 0.002986 
-0.012500 0.003744 
-0.010814 0.004279 
-0.010434 0.005892 
-0.010667 0.006099 
-0.009300 0.007149 
-0.007934 0.006866 
-0.007738 0.008743 
-0.005816 0.007457 
-0.005793 0.007217 
-0.007130 0.009765 
-0.005345 0.009820 
-0.005927 0.009608 
-0.004971 0.009462 
-0.004637 0.010659 
-0.006141 0.009383 
-0.005017 0.009804 
-0.004135 0.008591 
-0.003395 0.007295 
-0.001590 0.008176 
-0.000226 0.006058 
0.000356 0.006943 
0.001592 0.006583 
0.002330 0.004966 
0.003637 0.003061 
0.004223 0.000416 
0.006320 -0.000400 
0.007056 -0.004186 
0.005904 -0.007580 
0.008771 -0.009229 
0.008316 -0.012080 
0.007884 -0.013660 
0.009230 -0.015833 
0.007629 -0.018769 
0.008609 -0.019390 
0.009522 -0.019498 
0.007055 -0.020473 
0.007835 -0.021430 
0.007559 -0.022124 
0.004911 -0.022632 
0.006003 -0.021846 
0.004591 -0.022843 
0.002557 -0.024265 
0.002779 -0.023205 
0.001579 -0.025091 
0.000098 -0.024797 
-0.000355 -0.024803 
-0.002391 -0.027093 
-0.006016 -0.025279 
-0.007672 -0.026448 
-0.008507 -0.025971 
-0.010571 -0.024517 
-0.013515 -0.025151 
-0.014419 -0.022764 
-0.016436 -0.022352 
-0.019168 -0.022135 
-0.021521 -0.019882 
-0.023567 -0.017746 
-0.024143 -0.016738 
-0.025993 -0.014850 
-0.025802 -0.012932 
-0.027027 -0.011625 
-0.027356 -0.009583 
-0.026599 -0.008391 
-0.027222 -0.005950 
-0.026311 -0.003345 
-0.027432 -0.001354 
-0.025969 0.000513 
-0.025709 0.002286 
-0.026574 0.004255 
-0.025168 0.006110 
-0.024954 0.007882 
-0.024053 0.009495 
-0.024374 0.010801 
-0.023963 0.012668 
-0.023223 0.014674 
-0.021711 0.016446 
-0.019612 0.019075 
-0.019318 0.020588 
-0.016679 0.023334 
-0.014886 0.024329 
-0.014149 0.023742 
-0.011426 0.025311 
-0.009253 0.026598 
-0.006942 0.028644 
-0.005462 0.027806 
-0.003105 0.026032 
0.000470 0.026882 
0.001896 0.025938 
0.003819 0.024610 
0.005603 0.024177 
0.007168 0.022979 
0.009911 0.023328 
0.012669 0.022136 
0.014625 0.020636 
0.016298 0.020045 
0.017921 0.019162 
0.019507 0.019280 
0.021962 0.016977 
0.022943 0.016722 
0.024411 0.015452 
0.025746 0.012960 
0.026927 0.012944 
0.028917 0.011713 
0.028757 0.009493 
0.028319 0.007918 
0.028090 0.006683 
0.030101 0.003888 
0.031125 0.002501 
0.029726 0.000758 
0.028926 -0.001390 
0.028088 -0.004818 
0.028438 -0.006898 
0.027196 -0.007524 
0.024881 -0.009134 
0.023620 -0.008643 
0.021516 -0.010174 
0.020216 -0.010202 
0.019928 -0.009507 
0.017476 -0.009379 
0.016262 -0.009356 
0.015798 -0.009452 
0.014204 -0.008136 
0.013971 -0.008972 
0.013228 -0.009256 
0.011201 -0.007544 
0.008304 -0.007747 
0.008051 -0.009322 
0.007417 -0.008564 
0.005546 -0.007397 
0.003493 -0.007439 
-0.000328 -0.007790 
-0.002826 -0.005894 
-0.005663 -0.005395 
-0.005845 -0.004834 
-0.006508 -0.003794 
-0.008490 -0.004626 
-0.009149 -0.001873 
-0.010774 -0.000836 
-0.011160 0.000207 
-0.011618 0.001169 
-0.012057 0.002243 
-0.012719 0.003434 
-0.010991 0.003440 
-0.009778 0.005210 
-0.010084 0.005484 
-0.008885 0.006248 
-0.008302 0.005185 
-0.006472 0.006251 
-0.006696 0.007436 
-0.007053 0.007947 
-0.007005 0.010640 
-0.007561 0.008542 
-0.006110 0.007565 
-0.005886 0.009034 
-0.005565 0.009540 
-0.004628 0.009486 
-0.004657 0.009819 
-0.003658 0.009363 
-0.001875 0.008136 
-0.000820 0.008886 
0.000860 0.009144 
0.001958 0.007916 
0.002069 0.006038 
0.002680 0.003702 
0.004571 0.002156 
0.005313 0.001740 
0.004835 -0.000833 
0.006388 -0.004387 
0.007009 -0.005702 
0.008209 -0.008169 
0.008299 -0.010841 
0.008201 -0.012089 
0.009043 -0.015080 
0.007408 -0.017508 
0.007788 -0.019073 
0.007155 -0.019906 
0.007079 -0.020602 
0.009595 -0.022647 
0.009609 -0.023575 
0.007812 -0.023795 
0.006119 -0.023857 
0.005344 -0.026115 
0.004872 -0.026269 
0.004123 -0.026119 
0.002691 -0.027553 
0.001815 -0.026598 
0.000024 -0.027946 
-0.001530 -0.026783 
-0.002491 -0.026851 
-0.005697 -0.027627 
-0.008462 -0.025413 
-0.010214 -0.026174 
-0.010754 -0.025379 
-0.012811 -0.024029 
-0.017042 -0.023261 
-0.019062 -0.023616 
-0.020686 -0.021855 
-0.021823 -0.019134 
-0.021430 -0.019845 
-0.024223 -0.017282 
-0.026913 -0.015256 
-0.026328 -0.014917 
-0.027430 -0.012499 
-0.025976 -0.010570 
-0.024212 -0.009217 
-0.026364 -0.005953 
-0.026023 -0.003855 
-0.025450 -0.002991 
-0.026541 0.000524 
-0.027133 0.002018 
-0.026832 0.004298 
-0.027213 0.006549 
-0.026155 0.007284 
-0.024006 0.010778 
-0.025730 0.012307 
-0.024329 0.013732 
-0.022786 0.015965 
-0.023508 0.017847 
-0.019212 0.021169 
-0.017211 0.022659 
-0.017490 0.022200 
-0.015062 0.023886 
-0.013637 0.025919 
-0.011797 0.026379 
-0.007710 0.028828 
-0.005145 0.027967 
-0.003660 0.026416 
-0.000982 0.028107 
0.000655 0.025794 
0.002268 0.025933 
0.005074 0.026594 
0.006202 0.024234 
0.008044 0.024615 
0.010549 0.024141 
0.010911 0.022370 
0.013927 0.021659 
0.017267 0.022256 
0.019207 0.020915 
0.021323 0.019497 
0.022481 0.018169 
0.023758 0.017120 
0.023895 0.016727 
0.026345 0.013613 
0.028454 0.014301 
0.028217 0.013287 
0.029034 0.011501 
0.029082 0.009808 
0.028270 0.004976 
0.027660 0.004750 
0.028396 0.002435 
0.027645 0.000206 
0.026953 -0.002233 
0.026491 -0.004683 
0.025650 -0.003505 
0.025976 -0.005905 
0.024244 -0.006293 
0.022143 -0.006181 
0.021505 -0.006930 
0.021808 -0.006747 
0.020157 -0.008436 
0.018701 -0.006472 
0.017363 -0.005227 
0.015060 -0.007579 
0.014525 -0.006953 
0.013325 -0.005625 
0.012551 -0.006404 
0.010138 -0.007965 
0.008929 -0.008325 
0.008782 -0.007072 
0.005839 -0.007447 
0.003726 -0.008064 
0.001537 -0.007277 
-0.000140 -0.006482 
-0.002185 -0.006310 
-0.004164 -0.006126 
-0.005861 -0.004550 
-0.007744 -0.004986 
-0.008156 -0.004335 
-0.007924 -0.001537 
-0.008902 -0.000030 
-0.009733 0.001916 
-0.008021 0.001868 
-0.008114 0.002254 
-0.008433 0.003431 
-0.008262 0.004664 
-0.007719 0.005877 
-0.005656 0.005591 
-0.005303 0.006437 
-0.005485 0.008407 
-0.006048 0.008077 
-0.005345 0.006699 
-0.005565 0.008929 
-0.006014 0.008450 
-0.004378 0.008197 
-0.004010 0.007825 
-0.003102 0.007214 
-0.004133 0.009115 
-0.004324 0.006807 
-0.001508 0.007973 
-0.001544 0.009492 
-0.000346 0.007316 
0.002779 0.005244 
0.003928 0.006920 
0.004623 0.006831 
0.005617 0.003564 
0.007013 0.003064 
0.007966 -0.000614 
0.008157 -0.001332 
0.009569 -0.002401 
0.010429 -0.006347 
0.009109 -0.009677 
0.010206 -0.011096 
0.011725 -0.012303 
0.009965 -0.015933 
0.010262 -0.017756 
0.011686 -0.020271 
0.010854 -0.021051 
0.010573 -0.021765 
0.010197 -0.021815 
0.008922 -0.022630 
0.009262 -0.023929 
0.009950 -0.024992 
0.009897 -0.026241 
0.008855 -0.025115 
0.005780 -0.026775 
0.003592 -0.026280 
0.002519 -0.026544 
0.001392 -0.026285 
0.000040 -0.025754 
-0.002848 -0.028214 
-0.004224 -0.026027 
-0.005653 -0.026891 
-0.009713 -0.028382 
-0.010949 -0.025278 
-0.012673 -0.025278 
-0.015779 -0.025313 
-0.016408 -0.024540 
-0.019320 -0.023297 
-0.021572 -0.019673 
-0.022705 -0.019196 
-0.024140 -0.018211 
-0.023371 -0.014955 
-0.025122 -0.012106 
-0.027291 -0.010863 
-0.026476 -0.010416 
-0.026683 -0.008266 
-0.026778 -0.006242 
-0.026212 -0.003007 
-0.026933 -0.001277 
-0.025992 0.000935 
-0.026564 0.002618 
-0.028033 0.003178 
-0.026578 0.004655 
-0.027191 0.004978 
-0.026388 0.009580 
-0.024430 0.013150 
-0.023856 0.013877 
-0.022527 0.016429 
-0.022991 0.018936 
-0.020642 0.020695 
-0.018010 0.022498 
-0.017675 0.024437 
-0.015371 0.024687 
-0.014092 0.026399 
-0.012305 0.027701 
-0.010461 0.028173 
-0.008841 0.029435 
-0.006788 0.028158 
-0.004115 0.027926 
-0.001413 0.027483 
-0.000844 0.026682 
0.002247 0.026971 
0.004210 0.026150 
0.005029 0.024208 
0.009008 0.022832 
0.010983 0.023146 
0.011572 0.022519 
0.015505 0.023640 
0.017437 0.022388 
0.017411 0.021461 
0.020583 0.021522 
0.020859 0.018530 
0.022144 0.019545 
0.024836 0.017789 
0.025240 0.014831 
0.026393 0.013293 
0.028418 0.011205 
0.028917 0.008746 
0.027405 0.005977 
0.029954 0.005227 
0.029477 0.001312 
0.027349 -0.000830 
0.028444 -0.001297 
0.027488 -0.004064 
0.027166 -0.004477 
0.026177 -0.005504 
0.025001 -0.006700 
0.024952 -0.005670 
0.023995 -0.006409 
0.021088 -0.006595 
0.018847 -0.008157 
0.017967 -0.008173 
0.016648 -0.005980 
0.016443 -0.008640 
0.016378 -0.009141 
0.015742 -0.008491 
0.014651 -0.008702 
0.012995 -0.009897 
0.010756 -0.009396 
0.008694 -0.008991 
0.006923 -0.009953 
0.004357 -0.007858 
0.001782 -0.008521 
-0.000300 -0.008197 
-0.002671 -0.007452 
-0.004741 -0.006701 
-0.006089 -0.006202 
-0.007343 -0.005136 
-0.007992 -0.003490 
-0.009216 -0.002917 
-0.010978 -0.000164 
-0.011253 -0.000037 
-0.011503 0.000656 
-0.010868 0.000204 
-0.009909 0.000832 
-0.009622 0.003315 
-0.008019 0.004250 
-0.008596 0.005865 
-0.008873 0.005174 
-0.007781 0.006163 
-0.008194 0.005753 
-0.008975 0.005549 
-0.009102 0.007283 
-0.008481 0.007354 
-0.007492 0.008997 
-0.005254 0.009099 
-0.006331 0.008474 
-0.005979 0.008141 
-0.003625 0.008050 
-0.003001 0.007825 
-0.002026 0.007870 
-0.000787 0.008579 
0.001651 0.006992 
0.001515 0.007254 
0.002986 0.004383 
0.003744 0.001650 
0.004279 0.001753 
0.005892 -0.002160 
0.006099 -0.002997 
0.007149 -0.005153 
0.006866 -0.008164 
0.008743 -0.009396 
0.007457 -0.011410 
0.007217 -0.012833 
0.009765 -0.015100 
0.009820 -0.015822 
0.009608 -0.017844 
0.009462 -0.019161 
0.010659 -0.018998 
0.009383 -0.021854 
0.009804 -0.024270 
0.008591 -0.023934 
0.007295 -0.024101 
0.008176 -0.024805 
0.006058 -0.024962 
0.006943 -0.025361 
0.006583 -0.026554 
0.004966 -0.027614 
0.003061 -0.027675 
0.000416 -0.029030 
-0.000400 -0.028478 
-0.004186 -0.026659 
-0.007580 -0.027317 
-0.009229 -0.028909 
-0.012080 -0.027642 
-0.013660 -0.025882 
-0.015833 -0.025662 
-0.018769 -0.024692 
-0.019390 -0.024771 
-0.019498 -0.022919 
-0.020473 -0.020738 
-0.021430 -0.019172 
-0.022124 -0.017584 
-0.022632 -0.016000 
-0.021846 -0.013152 
-0.022843 -0.010876 
-0.024265 -0.009575 
-0.023205 -0.008323 
-0.025091 -0.005589 
-0.024797 -0.003815 
-0.024803 -0.002243 
-0.027093 -0.000208 
-0.025279 0.001929 
-0.026448 0.002966 
-0.025971 0.005226 
-0.024517 0.008467 
-0.025151 0.009183 
-0.022764 0.012095 
-0.022352 0.013519 
-0.022135 0.015106 
-0.019882 0.017600 
-0.017746 0.018083 
-0.016738 0.022265 
-0.014850 0.024118 
-0.012932 0.023515 
-0.011625 0.025531 
-0.009583 0.025414 
-0.008391 0.026338 
-0.005950 0.027311 
-0.003345 0.025815 
-0.001354 0.025877 
0.000513 0.026083 
0.002286 0.026283 
0.004255 0.024887 
0.006110 0.024062 
0.007882 0.024777 
0.009495 0.023749 
0.010801 0.024504 
0.012668 0.024503 
0.014674 0.021300 
0.016446 0.021239 
0.019075 0.021426 
0.020588 0.020117 
0.023334 0.020069 
0.024329 0.018568 
0.023742 0.017230 
0.025311 0.014795 
0.026598 0.012556 
0.028644 0.009372 
0.027806 0.006048 
0.026032 0.005107 
0.026882 0.003650 
0.025938 0.002612 
0.024610 0.000343 
0.024177 0.000718 
0.022979 0.000040 
0.023328 -0.001804 
0.022136 -0.002947 
0.020636 -0.004870 
0.020045 -0.003753 
0.019162 -0.003877 
0.019280 -0.004764 
0.016977 -0.005309 
0.016722 -0.003779 
0.015452 -0.003450 
0.012960 -0.004801 
0.012944 -0.004586 
0.011713 -0.005806 
0.009493 -0.006269 
0.007918 -0.005730 
0.006683 -0.005987 
0.003888 -0.006526 
0.002501 -0.006342 
0.000758 -0.006568 
-0.001390 -0.006326 
-0.004818 -0.006082 
-0.006898 -0.004430 
-0.007524 -0.003623 
-0.009134 -0.003962 
-0.008643 -0.001882 
-0.010174 -0.001017 
-0.010202 0.000835 
-0.009507 0.002347 
-0.009379 0.002769 
-0.009356 0.003159 
-0.009452 0.005239 
-0.008136 0.007300 
-0.008972 0.006689 
-0.009256 0.007001 
-0.007544 0.006221 
-0.007747 0.007241 
-0.009322 0.007493 
-0.008564 0.005342 
-0.007397 0.006303 
-0.007439 0.008363 
-0.007790 0.009928 
-0.005894 0.009987 
-0.005395 0.009574 
-0.004834 0.009901 
-0.003794 0.010357 
-0.004626 0.011753 
-0.001873 0.011481 
-0.000836 0.010853 
0.000207 0.010398 
0.001169 0.007514 
0.002243 0.006708 
0.003434 0.005092 
0.003440 0.003165 
0.005210 0.002322 
0.005484 -0.000332 
0.006248 -0.002757 
0.005185 -0.005742 
0.006251 -0.008042 
0.007436 -0.010287 
0.007947 -0.011316 
0.010640 -0.013608 
0.008542 -0.015605 
0.007565 -0.016114 
0.009034 -0.018817 
0.009540 -0.019616 
0.009486 -0.020738 
0.009819 -0.020961 
0.009363 -0.021282 
0.008136 -0.022443 
0.008886 -0.023129 
0.009144 -0.024235 
0.007916 -0.025145 
0.006038 -0.025900 
0.003702 -0.025252 
0.002156 -0.027187 
0.001740 -0.027088 
-0.000833 -0.026431 
-0.004387 -0.027626 
-0.005702 -0.027476 
-0.008169 -0.028136 
-0.010841 -0.027113 
-0.012089 -0.026874 
-0.015080 -0.025648 
-0.017508 -0.023525 
-0.019073 -0.023044 
-0.019906 -0.021703 
-0.020602 -0.019723 
-0.022647 -0.018324 
-0.023575 -0.017379 
-0.023795 -0.013841 
-0.023857 -0.010781 
-0.026115 -0.010399 
-0.026269 -0.009650 
-0.026119 -0.007762 
-0.027553 -0.005387 
-0.026598 -0.003839 
-0.027946 -0.003185 
-0.026783 -0.001207 
-0.026851 0.001445 
-0.027627 0.003667 
-0.025413 0.005707 
-0.026174 0.007702 
-0.025379 0.010748 
-0.024029 0.013089 
-0.023261 0.015840 
-0.023616 0.019197 
-0.021855 0.020635 
-0.019134 0.021556 
-0.019845 0.023870 
-0.017282 0.025204 
-0.015256 0.025477 
-0.014917 0.026188 
-0.012499 0.025506 
-0.010570 0.025613 
-0.009217 0.025872 
-0.005953 0.026028 
-0.003855 0.026736 
-0.002991 0.025952 
0.000524 0.024364 
0.002018 0.024455 
0.004298 0.025313 
0.006549 0.024994 
0.007284 0.025645 
0.010778 0.026107 
0.012307 0.024966 
0.013732 0.023965 
0.015965 0.023986 
0.017847 0.021630 
0.021169 0.020443 
0.022659 0.019911 
0.022200 0.016981 
0.023886 0.015456 
0.025919 0.012798 
0.026379 0.011711 
0.028828 0.007913 
0.027967 0.004370 
0.026416 0.004797 
0.028107 0.001544 
0.025794 0.000263 
0.025933 -0.000428 
0.026594 -0.001856 
0.024234 -0.001350 
0.024615 -0.002218 
0.024141 -0.003471 
0.022370 -0.003541 
0.021659 -0.003652 
0.022256 -0.004628 
0.020915 -0.005545 
0.019497 -0.005614 
0.018169 -0.006878 
0.017120 -0.007691 
0.016727 -0.007273 
0.013613 -0.008319 
0.014301 -0.009223 
0.013287 -0.009282 
0.011501 -0.009340 
0.009808 -0.009402 
0.004976 -0.008119 
0.004750 -0.008804 
0.002435 -0.007972 
0.000206 -0.006873 
-0.002233 -0.007396 
-0.004683 -0.004459 
-0.003505 -0.004237 
-0.005905 -0.002965 
-0.006293 -0.002110 
-0.006181 -0.001473 
-0.006930 0.000263 
-0.006747 0.000924 
-0.008436 0.003332 
-0.006472 0.002438 
-0.005227 0.002107 
-0.007579 0.002751 
-0.006953 0.003234 
-0.005625 0.004177 
-0.006404 0.004973 
-0.007965 0.004812 
-0.008325 0.005796 
-0.007072 0.007438 
-0.007447 0.007511 
-0.008064 0.009790 
-0.007277 0.009641 
-0.006482 0.011283 
-0.006310 0.012184 
-0.006126 0.009827 
-0.004550 0.010163 
-0.004986 0.010615 
-0.004335 0.010232 
-0.001537 0.009985 
-0.000030 0.010480 
0.001916 0.008386 
0.001868 0.006831 
0.002254 0.005002 
0.003431 0.002747 
0.004664 0.000598 
0.005877 -0.001460 
0.005591 -0.002635 
0.006437 -0.006025 
0.008407 -0.007273 
0.008077 -0.009616 
0.006699 -0.010362 
0.008929 -0.011410 
0.008450 -0.015455 
0.008197 -0.015791 
0.007825 -0.018470 
0.007214 -0.019916 
0.009115 -0.019591 
0.006807 -0.021541 
0.007973 -0.021459 
0.009492 -0.022703 
0.007316 -0.024844 
0.005244 -0.025039 
0.006920 -0.024759 
0.006831 -0.024841 
0.003564 -0.026851 
0.003064 -0.026815 
-0.000614 -0.025590 
-0.001332 -0.026070 
-0.002401 -0.026837 
-0.006347 -0.027447 
-0.009677 -0.025409 
-0.011096 -0.024890 
-0.012303 -0.025015 
-0.015933 -0.024554 
-0.017756 -0.023361 
-0.020271 -0.021125 
-0.021051 -0.021409 
-0.021765 -0.019588 
-0.021815 -0.018831 
-0.022630 -0.017394 
-0.023929 -0.014662 
-0.024992 -0.015415 
-0.026241 -0.012881 
-0.025115 -0.011577 
-0.026775 -0.011261 
-0.026280 -0.006809 
-0.026544 -0.005780 
-0.026285 -0.004955 
-0.025754 -0.001884 
-0.028214 -0.001207 
-0.026027 0.001616 
-0.026891 0.005468 
-0.028382 0.007962 
-0.025278 0.009714 
-0.025278 0.012159 
-0.025313 0.016090 
-0.024540 0.017171 
-0.023297 0.018542 
-0.019673 0.020142 
-0.019196 0.021763 
-0.018211 0.022762 
-0.014955 0.022820 
-0.012106 0.025641 
-0.010863 0.023668 
-0.010416 0.022189 
-0.008266 0.024484 
-0.006242 0.023447 
-0.003007 0.024251 
-0.001277 0.024606 
0.000935 0.023845 
0.002618 0.025169 
0.003178 0.025985 
0.004655 0.026005 
0.004978 0.024591 
0.009580 0.024661 
0.013150 0.025485 
0.013877 0.023849 
0.016429 0.022355 
0.018936 0.021900 
0.020695 0.020815 
0.022498 0.018498 
0.024437 0.016717 
0.024687 0.014470 
0.026399 0.013029 
0.027701 0.011597 
0.028173 0.008358 
0.029435 0.006989 
0.028158 0.006271 
0.027926 0.005141 
0.027483 0.002396 
0.026682 0.001499 
0.026971 0.000831 
0.026150 -0.001847 
0.024208 -0.001434 
0.022832 -0.002437 
0.023146 -0.003110 
0.022519 -0.003187 
0.023640 -0.004443 
0.022388 -0.005605 
0.021461 -0.005760 
0.021522 -0.006471 
0.018530 -0.008421 
0.019545 -0.006525 
0.017789 -0.007594 
0.014831 -0.007577 
0.013293 -0.005694 
0.011205 -0.007196 
0.008746 -0.007943 
0.005977 -0.008204 
0.005227 -0.007104 
0.001312 -0.007919 
-0.000830 -0.007065 
-0.001297 -0.005493 
-0.004064 -0.005304 
-0.004477 -0.004018 
-0.005504 -0.001892 
-0.006700 -0.000265 
-0.005670 -0.000896 
-0.006409 0.000994 
-0.006595 0.001992 
-0.008157 0.002217 
-0.008173 0.003081 
-0.005980 0.003627 
-0.008640 0.003842 
-0.009141 0.003980 
-0.008491 0.003982 
-0.008702 0.003249 
-0.009897 0.005381 
-0.009396 0.005769 
-0.008991 0.006683 
-0.009953 0.007561 
-0.007858 0.007303 
-0.008521 0.009496 
-0.008197 0.010738 
-0.007452 0.011592 
-0.006701 0.010801 
-0.006202 0.011090 
-0.005136 0.012881 
-0.003490 0.011777 
-0.002917 0.010402 
-0.000164 0.010630 
-0.000037 0.009059 
0.000656 0.005961 
0.000204 0.004345 
0.000832 0.003716 
0.003315 0.000770 
0.004250 -0.001667 
0.005865 -0.002414 
0.005174 -0.005943 
0.006163 -0.007495 
0.005753 -0.008434 
0.005549 -0.009920 
0.007283 -0.010796 
0.007354 -0.012500 
0.008997 -0.014550 
0.009099 -0.016891 
0.008474 -0.017488 
0.008141 -0.019427 
0.008050 -0.020562 
0.007825 -0.021164 
0.007870 -0.022419 
0.008579 -0.022803 
0.006992 -0.025245 
0.007254 -0.026566 
0.004383 -0.025640 
0.001650 -0.024983 
0.001753 -0.026091 
-0.002160 -0.027253 
-0.002997 -0.026687 
-0.005153 -0.027286 
-0.008164 -0.027729 
-0.009396 -0.027299 
-0.011410 -0.027001 
-0.012833 -0.025622 
-0.015100 -0.025372 
-0.015822 -0.023601 
-0.017844 -0.021734 
-0.019161 -0.022425 
-0.018998 -0.020860 
-0.021854 -0.017535 
-0.024270 -0.015622 
-0.023934 -0.016519 
-0.024101 -0.015813 
-0.024805 -0.014444 
-0.024962 -0.013466 
-0.025361 -0.009653 
-0.026554 -0.006845 
