-0.006797 -0.010779 
-0.005590 -0.012220 
-0.006658 -0.013444 
-0.005334 -0.015603 
-0.006055 -0.016338 
-0.007138 -0.016888 
-0.007472 -0.017971 
-0.007516 -0.019044 
-0.007291 -0.017938 
-0.010331 -0.014889 
-0.010791 -0.012838 
-0.011721 -0.009646 
-0.012270 -0.005548 
-0.011919 -0.001902 
-0.012937 0.001827 
-0.011763 0.005028 
-0.011711 0.009432 
-0.011701 0.013778 
-0.010642 0.017898 
-0.010434 0.020624 
-0.010701 0.024256 
-0.009478 0.027448 
-0.007931 0.029450 
-0.008335 0.031713 
-0.008639 0.031822 
-0.008737 0.032910 
-0.008800 0.031476 
-0.009034 0.031216 
-0.010529 0.030351 
-0.010184 0.029070 
-0.009948 0.027863 
-0.010900 0.023684 
-0.009063 0.021895 
-0.008337 0.017468 
-0.005921 0.015686 
-0.001627 0.013955 
-0.000106 0.010959 
0.002941 0.007294 
0.008747 0.001705 
0.013253 -0.002057 
0.016362 -0.006451 
0.021573 -0.009223 
0.025699 -0.014010 
0.029486 -0.016866 
0.032166 -0.020725 
0.033279 -0.024077 
0.034335 -0.025737 
0.033252 -0.029109 
0.033854 -0.028090 
0.032764 -0.028514 
0.030164 -0.029087 
0.028279 -0.029083 
0.025295 -0.028330 
0.023461 -0.027092 
0.020139 -0.026397 
0.015496 -0.024979 
0.012656 -0.022710 
0.009236 -0.020122 
0.005640 -0.018830 
0.003420 -0.016703 
-0.000557 -0.013978 
-0.005199 -0.010203 
-0.009011 -0.008235 
-0.013043 -0.006697 
-0.017241 -0.006445 
-0.019980 -0.006248 
-0.022564 -0.004600 
-0.025757 -0.005266 
-0.028471 -0.005529 
-0.031040 -0.006576 
-0.031719 -0.008969 
-0.034207 -0.011511 
-0.034418 -0.013679 
-0.033215 -0.016237 
-0.034871 -0.017325 
-0.033225 -0.018429 
-0.031720 -0.018761 
-0.028597 -0.018961 
-0.025732 -0.019593 
-0.024442 -0.016685 
-0.020334 -0.016286 
-0.017172 -0.013262 
-0.014620 -0.009275 
-0.013006 -0.007353 
-0.011071 -0.002037 
-0.010479 0.000465 
-0.009401 0.003530 
-0.006686 0.008034 
-0.007199 0.010765 
-0.004609 0.016042 
-0.003629 0.018883 
-0.005420 0.020879 
-0.004256 0.023942 
-0.007085 0.025938 
-0.009123 0.028310 
-0.008825 0.027791 
-0.010453 0.031450 
-0.011131 0.033692 
-0.012129 0.033877 
-0.013286 0.035185 
-0.013681 0.034137 
-0.013937 0.036074 
-0.014173 0.034117 
-0.012945 0.033852 
-0.011854 0.032658 
-0.010520 0.029384 
-0.005675 0.028659 
-0.001645 0.025153 
0.002342 0.023248 
0.007021 0.019838 
0.010901 0.016740 
0.016008 0.014126 
0.019910 0.010073 
0.022588 0.006544 
0.026067 0.004375 
0.029954 0.003239 
0.031377 0.001160 
0.031282 -0.000946 
0.031821 -0.001963 
0.032112 -0.002439 
0.033918 -0.003932 
0.034211 -0.003072 
0.032764 -0.003191 
0.032921 -0.003372 
0.032713 -0.002410 
0.031069 -0.002993 
0.027303 -0.001666 
0.026413 -0.002832 
0.027178 -0.004089 
0.023720 -0.002926 
0.022310 -0.004383 
0.020524 -0.006149 
0.016986 -0.007158 
0.013750 -0.007193 
0.009376 -0.008251 
0.008540 -0.011063 
0.005562 -0.011888 
0.002174 -0.012490 
0.001481 -0.011548 
-0.002250 -0.011187 
-0.004395 -0.011161 
-0.005193 -0.009269 
-0.006214 -0.009580 
-0.006910 -0.009599 
-0.008491 -0.009883 
-0.008294 -0.009844 
-0.006711 -0.009015 
-0.006693 -0.010325 
-0.006899 -0.011672 
-0.006900 -0.011859 
-0.007424 -0.014557 
-0.006964 -0.015924 
-0.006189 -0.015607 
-0.006117 -0.018739 
-0.005830 -0.019722 
-0.006423 -0.019756 
-0.008287 -0.018955 
-0.008051 -0.017023 
-0.009528 -0.015206 
-0.011003 -0.012595 
-0.010516 -0.009445 
-0.011923 -0.006456 
-0.012107 -0.003805 
-0.012889 0.001306 
-0.011512 0.005417 
-0.010974 0.010538 
-0.012311 0.015446 
-0.010556 0.018052 
-0.009074 0.021011 
-0.008077 0.024746 
-0.009235 0.026996 
-0.008497 0.028183 
-0.008676 0.030798 
-0.010053 0.030815 
-0.008631 0.032249 
-0.009859 0.032552 
-0.011115 0.032322 
-0.011934 0.032255 
-0.013020 0.029652 
-0.012863 0.027700 
-0.012968 0.025437 
-0.012357 0.025084 
-0.009511 0.021895 
-0.007052 0.019275 
-0.004191 0.017126 
-0.001538 0.012149 
0.001146 0.008596 
0.007424 0.004469 
0.012001 0.001159 
0.015689 -0.002787 
0.020848 -0.007557 
0.024359 -0.012035 
0.027679 -0.016388 
0.031814 -0.019481 
0.033416 -0.021249 
0.034094 -0.023550 
0.035001 -0.027283 
0.034479 -0.029390 
0.032994 -0.029008 
0.030909 -0.029150 
0.030754 -0.029237 
0.027514 -0.028504 
0.023962 -0.028164 
0.022108 -0.026703 
0.017902 -0.026142 
0.015735 -0.023902 
0.011939 -0.020590 
0.007057 -0.018655 
0.004500 -0.015535 
0.000197 -0.012797 
-0.003555 -0.009685 
-0.006167 -0.006707 
-0.011974 -0.005952 
-0.015339 -0.006157 
-0.017832 -0.004642 
-0.023078 -0.003810 
-0.027159 -0.004292 
-0.030518 -0.005819 
-0.031914 -0.007993 
-0.033490 -0.008441 
-0.034893 -0.010309 
-0.036444 -0.013295 
-0.037821 -0.015407 
-0.036926 -0.015577 
-0.035822 -0.016151 
-0.034707 -0.019530 
-0.032188 -0.020493 
-0.030110 -0.019258 
-0.029065 -0.019552 
-0.024718 -0.017738 
-0.022931 -0.014313 
-0.022069 -0.010896 
-0.018180 -0.007946 
-0.015577 -0.005401 
-0.014142 -0.001905 
-0.011953 0.000664 
-0.009486 0.004883 
-0.010103 0.007943 
-0.008582 0.011412 
-0.006783 0.013824 
-0.007705 0.015384 
-0.007706 0.020103 
-0.007954 0.020568 
-0.008491 0.023698 
-0.009534 0.025968 
-0.011960 0.025516 
-0.014222 0.029750 
-0.015491 0.031433 
-0.016652 0.030951 
-0.016939 0.031948 
-0.017342 0.032696 
-0.016113 0.033175 
-0.014996 0.033601 
-0.013804 0.031003 
-0.010536 0.028899 
-0.007406 0.028035 
-0.003768 0.025133 
-0.000328 0.021974 
0.005065 0.019244 
0.010467 0.016221 
0.014382 0.013611 
0.018035 0.010935 
0.021753 0.007546 
0.024614 0.005585 
0.026886 0.004337 
0.029669 0.002697 
0.030245 0.000663 
0.031300 0.000902 
0.031677 0.000201 
0.032167 -0.000152 
0.034190 0.001086 
0.033421 -0.000262 
0.033261 -0.000797 
0.034162 -0.001652 
0.032901 0.000058 
0.032725 0.000969 
0.030994 -0.000626 
0.028455 -0.000979 
0.027052 -0.002714 
0.023692 -0.003905 
0.022708 -0.005146 
0.020074 -0.005897 
0.016451 -0.007150 
0.012530 -0.009656 
0.009239 -0.010433 
0.008772 -0.011228 
0.004571 -0.012215 
0.001951 -0.011788 
-0.000232 -0.010583 
-0.001748 -0.009831 
-0.001294 -0.010605 
-0.002933 -0.008942 
-0.004693 -0.009375 
-0.005164 -0.010135 
-0.004667 -0.007778 
-0.004171 -0.010075 
-0.002181 -0.011298 
-0.001988 -0.013200 
-0.002282 -0.014127 
-0.001871 -0.014873 
-0.002146 -0.017647 
-0.001584 -0.017714 
-0.001361 -0.019546 
-0.002831 -0.020647 
-0.005602 -0.021420 
-0.006585 -0.020051 
-0.006641 -0.019416 
-0.008839 -0.018237 
-0.011566 -0.014387 
-0.010615 -0.013341 
-0.011446 -0.009835 
-0.013014 -0.004799 
-0.011895 -0.000904 
-0.013097 0.003364 
-0.012064 0.007577 
-0.010923 0.011278 
-0.010899 0.015566 
-0.009109 0.018734 
-0.009443 0.022235 
-0.009622 0.024959 
-0.009048 0.025676 
-0.009584 0.027883 
-0.010877 0.029771 
-0.013204 0.030550 
-0.013955 0.030215 
-0.015600 0.030883 
-0.016979 0.031218 
-0.015866 0.031078 
-0.016950 0.030352 
-0.017170 0.028364 
-0.016070 0.027482 
-0.013991 0.025098 
-0.010759 0.022577 
-0.007719 0.020313 
-0.005011 0.014896 
-0.000705 0.010206 
0.004430 0.006371 
0.007339 0.001875 
0.012999 -0.002347 
0.018145 -0.007383 
0.022942 -0.010395 
0.026533 -0.015670 
0.027834 -0.019291 
0.031609 -0.021924 
0.033545 -0.026212 
0.034347 -0.026798 
0.035348 -0.030369 
0.036333 -0.030784 
0.034310 -0.028855 
0.031602 -0.030332 
0.030729 -0.031619 
0.027761 -0.030652 
0.025277 -0.029673 
0.023929 -0.029362 
0.021239 -0.026901 
0.018687 -0.025157 
0.016413 -0.021679 
0.011970 -0.018894 
0.009144 -0.017131 
0.005068 -0.014464 
0.000715 -0.012103 
-0.003477 -0.009593 
-0.008516 -0.006760 
-0.010365 -0.006223 
-0.015303 -0.007072 
-0.020520 -0.006474 
-0.023967 -0.007671 
-0.024954 -0.009274 
-0.027940 -0.010926 
-0.032219 -0.012111 
-0.031219 -0.015115 
-0.032177 -0.015923 
-0.031124 -0.016537 
-0.029246 -0.018953 
-0.028873 -0.018423 
-0.028387 -0.018956 
-0.027163 -0.018251 
-0.023015 -0.017964 
-0.020794 -0.015759 
-0.020105 -0.014034 
-0.019114 -0.012045 
-0.016876 -0.008186 
-0.013827 -0.007155 
-0.011378 -0.003236 
-0.009553 0.001160 
-0.007089 0.003568 
-0.006346 0.006817 
-0.006457 0.011104 
-0.004709 0.013542 
-0.004233 0.015702 
-0.004035 0.018881 
-0.005798 0.020913 
-0.006959 0.021706 
-0.007632 0.024462 
-0.010716 0.026977 
-0.011506 0.029353 
-0.011959 0.032137 
-0.013891 0.031337 
-0.014409 0.031779 
-0.014356 0.031487 
-0.015540 0.032107 
-0.013532 0.031751 
-0.011088 0.031387 
-0.009969 0.030887 
-0.005350 0.028877 
-0.002483 0.028435 
0.000538 0.024195 
0.005873 0.022879 
0.008993 0.020221 
0.013226 0.015818 
0.017679 0.011984 
0.019930 0.009245 
0.022521 0.007984 
0.024687 0.004454 
0.027471 0.003505 
0.030339 0.001576 
0.030864 0.001121 
0.032761 0.001886 
0.032914 0.001940 
0.031231 0.001303 
0.032911 0.001816 
0.032300 0.002621 
0.031177 0.002485 
0.031941 0.003035 
0.031063 0.001029 
0.030040 0.001003 
0.028661 0.000611 
0.027615 -0.000315 
0.024835 -0.001541 
0.021301 -0.002586 
0.020140 -0.003746 
0.017421 -0.005859 
0.013445 -0.006562 
0.009556 -0.008826 
0.006540 -0.008115 
0.005867 -0.006683 
0.003556 -0.007466 
-0.000258 -0.008765 
-0.001746 -0.008587 
-0.002760 -0.006766 
-0.004888 -0.007385 
-0.006024 -0.006689 
-0.004292 -0.006068 
-0.004809 -0.008176 
-0.005825 -0.007922 
-0.003815 -0.009473 
-0.004794 -0.011671 
-0.004394 -0.012252 
-0.003797 -0.016379 
-0.004182 -0.018145 
-0.002753 -0.019396 
-0.004405 -0.021514 
-0.004914 -0.023153 
-0.004975 -0.024035 
-0.006721 -0.023323 
-0.008359 -0.023478 
-0.010992 -0.020797 
-0.010485 -0.019134 
-0.010235 -0.018136 
-0.012122 -0.014311 
-0.010437 -0.009488 
-0.010069 -0.004985 
-0.010426 -0.001278 
-0.009447 0.002276 
-0.009502 0.005085 
-0.008501 0.008266 
-0.009167 0.012087 
-0.009612 0.015092 
-0.009655 0.017341 
-0.009213 0.020279 
-0.008348 0.021661 
-0.010779 0.023615 
-0.012220 0.026494 
-0.013444 0.028628 
-0.015603 0.031171 
-0.016338 0.032449 
-0.016888 0.033177 
-0.017971 0.032634 
-0.019044 0.031907 
-0.017938 0.032881 
-0.014889 0.032051 
-0.012838 0.029997 
-0.009646 0.029161 
-0.005548 0.025307 
-0.001902 0.021119 
0.001827 0.018629 
0.005028 0.014220 
0.009432 0.009277 
0.013778 0.005030 
0.017898 -0.000208 
0.020624 -0.006250 
0.024256 -0.010591 
0.027448 -0.014531 
0.029450 -0.017280 
0.031713 -0.020812 
0.031822 -0.024615 
0.032910 -0.027272 
0.031476 -0.029622 
0.031216 -0.031090 
0.030351 -0.031412 
0.029070 -0.030387 
0.027863 -0.030171 
0.023684 -0.027541 
0.021895 -0.025685 
0.017468 -0.024012 
0.015686 -0.021228 
0.013955 -0.019021 
0.010959 -0.015673 
0.007294 -0.013131 
0.001705 -0.010989 
-0.002057 -0.009775 
-0.006451 -0.009453 
-0.009223 -0.009878 
-0.014010 -0.008783 
-0.016866 -0.009293 
-0.020725 -0.009922 
-0.024077 -0.011016 
-0.025737 -0.012363 
-0.029109 -0.011668 
-0.028090 -0.014349 
-0.028514 -0.014670 
-0.029087 -0.014379 
-0.029083 -0.015199 
-0.028330 -0.015928 
-0.027092 -0.014863 
-0.026397 -0.013722 
-0.024979 -0.014987 
-0.022710 -0.013112 
-0.020122 -0.011198 
-0.018830 -0.009680 
-0.016703 -0.008618 
-0.013978 -0.007468 
-0.010203 -0.004846 
-0.008235 -0.002118 
-0.006697 -0.000710 
-0.006445 0.001564 
-0.006248 0.004703 
-0.004600 0.006637 
-0.005266 0.009357 
-0.005529 0.011835 
-0.006576 0.013797 
-0.008969 0.017228 
-0.011511 0.020281 
-0.013679 0.020523 
-0.016237 0.024735 
-0.017325 0.027693 
-0.018429 0.027882 
-0.018761 0.031134 
-0.018961 0.032750 
-0.019593 0.032633 
-0.016685 0.032579 
-0.016286 0.032638 
-0.013262 0.031773 
-0.009275 0.031404 
-0.007353 0.027704 
-0.002037 0.024852 
0.000465 0.022572 
0.003530 0.019273 
0.008034 0.017347 
0.010765 0.012612 
0.016042 0.009526 
0.018883 0.007126 
0.020879 0.006809 
0.023942 0.004148 
0.025938 0.002139 
0.028310 0.003676 
0.027791 0.003179 
0.031450 0.002180 
0.033692 0.001168 
0.033877 0.002985 
0.035185 0.001268 
0.034137 0.001553 
0.036074 0.002420 
0.034117 0.001718 
0.033852 0.001474 
0.032658 -0.001488 
0.029384 -0.000327 
0.028659 -0.002280 
0.025153 -0.004417 
0.023248 -0.004606 
0.019838 -0.006192 
0.016740 -0.007062 
0.014126 -0.007998 
0.010073 -0.007899 
0.006544 -0.007893 
0.004375 -0.006939 
0.003239 -0.008259 
0.001160 -0.007973 
-0.000946 -0.006843 
-0.001963 -0.006635 
-0.002439 -0.006075 
-0.003932 -0.007634 
-0.003072 -0.007134 
-0.003191 -0.009022 
-0.003372 -0.010872 
-0.002410 -0.012300 
-0.002993 -0.014917 
-0.001666 -0.015109 
-0.002832 -0.017580 
-0.004089 -0.021014 
-0.002926 -0.023646 
-0.004383 -0.023635 
-0.006149 -0.023158 
-0.007158 -0.024549 
-0.007193 -0.023552 
-0.008251 -0.019964 
-0.011063 -0.017962 
-0.011888 -0.016449 
-0.012490 -0.012430 
-0.011548 -0.008791 
-0.011187 -0.004605 
-0.011161 -0.000435 
-0.009269 0.003518 
-0.009580 0.005047 
-0.009599 0.007342 
-0.009883 0.012371 
-0.009844 0.015214 
-0.009015 0.018704 
-0.010325 0.020168 
-0.011672 0.022471 
-0.011859 0.024282 
-0.014557 0.024516 
-0.015924 0.028142 
-0.015607 0.030211 
-0.018739 0.030851 
-0.019722 0.030892 
-0.019756 0.030774 
-0.018955 0.031393 
-0.017023 0.029375 
-0.015206 0.026002 
-0.012595 0.024775 
-0.009445 0.020464 
-0.006456 0.016772 
-0.003805 0.014622 
0.001306 0.009101 
0.005417 0.006430 
0.010538 0.002891 
0.015446 -0.001150 
0.018052 -0.004002 
0.021011 -0.008244 
0.024746 -0.011962 
0.026996 -0.015195 
0.028183 -0.017960 
0.030798 -0.021622 
0.030815 -0.023866 
0.032249 -0.024479 
0.032552 -0.026702 
0.032322 -0.030208 
0.032255 -0.030362 
0.029652 -0.029433 
0.027700 -0.030466 
0.025437 -0.027879 
0.025084 -0.025863 
0.021895 -0.025038 
0.019275 -0.020355 
0.017126 -0.017514 
0.012149 -0.015056 
0.008596 -0.011455 
0.004469 -0.009551 
0.001159 -0.006424 
-0.002787 -0.004978 
-0.007557 -0.004396 
-0.012035 -0.004783 
-0.016388 -0.005808 
-0.019481 -0.005327 
-0.021249 -0.008387 
-0.023550 -0.010355 
-0.027283 -0.011339 
-0.029390 -0.014562 
-0.029008 -0.017436 
-0.029150 -0.019094 
-0.029237 -0.020951 
-0.028504 -0.022945 
-0.028164 -0.022986 
-0.026703 -0.024149 
-0.026142 -0.023319 
-0.023902 -0.022461 
-0.020590 -0.021085 
-0.018655 -0.018755 
-0.015535 -0.018303 
-0.012797 -0.014747 
-0.009685 -0.012481 
-0.006707 -0.007873 
-0.005952 -0.004730 
-0.006157 -0.002718 
-0.004642 0.003453 
-0.003810 0.006127 
-0.004292 0.010054 
-0.005819 0.012717 
-0.007993 0.016937 
-0.008441 0.020964 
-0.010309 0.021789 
-0.013295 0.024363 
-0.015407 0.025755 
-0.015577 0.029708 
-0.016151 0.030680 
-0.019530 0.031438 
-0.020493 0.033205 
-0.019258 0.033334 
-0.019552 0.034657 
-0.017738 0.032959 
-0.014313 0.032903 
-0.010896 0.031070 
-0.007946 0.027794 
-0.005401 0.027590 
-0.001905 0.024252 
0.000664 0.020247 
0.004883 0.018696 
0.007943 0.015511 
0.011412 0.013040 
0.013824 0.011857 
0.015384 0.009395 
0.020103 0.008369 
0.020568 0.007161 
0.023698 0.005506 
0.025968 0.004485 
0.025516 0.004536 
0.029750 0.004108 
0.031433 0.003746 
0.030951 0.003654 
0.031948 0.002902 
0.032696 0.002138 
0.033175 -0.000042 
0.033601 0.000269 
0.031003 -0.001898 
0.028899 -0.005442 
0.028035 -0.004812 
0.025133 -0.005483 
0.021974 -0.009090 
0.019244 -0.010461 
0.016221 -0.009173 
0.013611 -0.010959 
0.010935 -0.011276 
0.007546 -0.012473 
0.005585 -0.012323 
0.004337 -0.010099 
0.002697 -0.010636 
0.000663 -0.008502 
0.000902 -0.009650 
0.000201 -0.010490 
-0.000152 -0.009628 
0.001086 -0.011369 
-0.000262 -0.012273 
-0.000797 -0.014479 
-0.001652 -0.015318 
0.000058 -0.017038 
0.000969 -0.020138 
-0.000626 -0.020884 
-0.000979 -0.022401 
-0.002714 -0.022267 
-0.003905 -0.020705 
-0.005146 -0.021218 
-0.005897 -0.020152 
-0.007150 -0.016121 
-0.009656 -0.013254 
-0.010433 -0.012174 
-0.011228 -0.008728 
-0.012215 -0.004704 
-0.011788 -0.001999 
-0.010583 0.001229 
-0.009831 0.003837 
-0.010605 0.006786 
-0.008942 0.009795 
-0.009375 0.011953 
-0.010135 0.012863 
-0.007778 0.012983 
-0.010075 0.014787 
-0.011298 0.016700 
-0.013200 0.017822 
-0.014127 0.018466 
-0.014873 0.020034 
-0.017647 0.022191 
-0.017714 0.022387 
-0.019546 0.022893 
-0.020647 0.022739 
-0.021420 0.021446 
-0.020051 0.020069 
-0.019416 0.016828 
-0.018237 0.015459 
-0.014387 0.016288 
-0.013341 0.015061 
-0.009835 0.012869 
-0.004799 0.010366 
-0.000904 0.008103 
0.003364 0.006356 
0.007577 0.001923 
0.011278 -0.001223 
0.015566 -0.002243 
0.018734 -0.005168 
0.022235 -0.007407 
0.024959 -0.009761 
0.025676 -0.012245 
0.027883 -0.014403 
0.029771 -0.016589 
0.030550 -0.017588 
0.030215 -0.018415 
0.030883 -0.019648 
0.031218 -0.020172 
0.031078 -0.019348 
0.030352 -0.018141 
0.028364 -0.017627 
0.027482 -0.017365 
0.025098 -0.013802 
0.022577 -0.010507 
0.020313 -0.009714 
0.014896 -0.008642 
0.010206 -0.007597 
0.006371 -0.005233 
0.001875 -0.003497 
-0.002347 -0.002815 
-0.007383 -0.003323 
-0.010395 -0.004405 
-0.015670 -0.004731 
-0.019291 -0.007106 
-0.021924 -0.009910 
-0.026212 -0.012192 
-0.026798 -0.014849 
-0.030369 -0.016744 
-0.030784 -0.020042 
-0.028855 -0.022433 
-0.030332 -0.023180 
-0.031619 -0.025179 
-0.030652 -0.025756 
-0.029673 -0.026700 
-0.029362 -0.026873 
-0.026901 -0.026075 
-0.025157 -0.025311 
-0.021679 -0.024057 
-0.018894 -0.022525 
-0.017131 -0.019026 
-0.014464 -0.016584 
-0.012103 -0.012973 
-0.009593 -0.009929 
-0.006760 -0.006393 
-0.006223 -0.000679 
-0.007072 0.001985 
-0.006474 0.005527 
-0.007671 0.010896 
-0.009274 0.014500 
-0.010926 0.018570 
-0.012111 0.023452 
-0.015115 0.024819 
-0.015923 0.028309 
-0.016537 0.031793 
-0.018953 0.033537 
-0.018423 0.036666 
-0.018956 0.037045 
-0.018251 0.039389 
-0.017964 0.040943 
-0.015759 0.039781 
-0.014034 0.037978 
-0.012045 0.037066 
-0.008186 0.035866 
-0.007155 0.032229 
-0.003236 0.029794 
0.001160 0.026190 
0.003568 0.023096 
0.006817 0.018887 
0.011104 0.014835 
0.013542 0.013290 
0.015702 0.009898 
0.018881 0.006672 
0.020913 0.002910 
0.021706 0.001314 
0.024462 0.002465 
0.026977 0.000685 
0.029353 -0.000224 
0.032137 0.001526 
0.031337 0.002579 
0.031779 0.001803 
0.031487 -0.000658 
0.032107 -0.000766 
0.031751 -0.000832 
0.031387 -0.002723 
0.030887 -0.003492 
0.028877 -0.003978 
0.028435 -0.005206 
0.024195 -0.006818 
0.022879 -0.005758 
0.020221 -0.005286 
0.015818 -0.005514 
0.011984 -0.003963 
0.009245 -0.003264 
0.007984 -0.001236 
0.004454 0.001154 
0.003505 0.002651 
0.001576 0.004441 
0.001121 0.005195 
0.001886 0.005187 
0.001940 0.004743 
0.001303 0.003285 
0.001816 0.001077 
0.002621 -0.003478 
0.002485 -0.007037 
0.003035 -0.007823 
0.001029 -0.012153 
0.001003 -0.016422 
0.000611 -0.017345 
-0.000315 -0.019882 
-0.001541 -0.023017 
-0.002586 -0.023663 
-0.003746 -0.023253 
-0.005859 -0.023303 
-0.006562 -0.022680 
-0.008826 -0.021599 
-0.008115 -0.020629 
-0.006683 -0.018281 
-0.007466 -0.015405 
-0.008765 -0.013699 
-0.008587 -0.011786 
-0.006766 -0.009379 
-0.007385 -0.007939 
-0.006689 -0.005708 
-0.006068 -0.001733 
-0.008176 0.000532 
-0.007922 0.003733 
-0.009473 0.007585 
-0.011671 0.008945 
-0.012252 0.012442 
-0.016379 0.016283 
-0.018145 0.020148 
-0.019396 0.023922 
-0.021514 0.025048 
-0.023153 0.026895 
-0.024035 0.028945 
-0.023323 0.030249 
-0.023478 0.030655 
-0.020797 0.029845 
-0.019134 0.028946 
-0.018136 0.028443 
-0.014311 0.026077 
-0.009488 0.021432 
-0.004985 0.017938 
-0.001278 0.016064 
0.002276 0.012570 
0.005085 0.006860 
0.008266 0.004403 
0.012087 0.001003 
0.015092 -0.004934 
0.017341 -0.007789 
0.020279 -0.011523 
0.021661 -0.016328 
0.023615 -0.019763 
0.026494 -0.022839 
0.028628 -0.026022 
0.031171 -0.026500 
0.032449 -0.027001 
0.033177 -0.027741 
0.032634 -0.026267 
0.031907 -0.026662 
0.032881 -0.024268 
0.032051 -0.020965 
0.029997 -0.019397 
0.029161 -0.017333 
0.025307 -0.015581 
0.021119 -0.013130 
0.018629 -0.011536 
0.014220 -0.010066 
0.009277 -0.009285 
0.005030 -0.009405 
-0.000208 -0.009762 
-0.006250 -0.010030 
-0.010591 -0.011215 
-0.014531 -0.012727 
-0.017280 -0.014673 
-0.020812 -0.015970 
-0.024615 -0.017111 
-0.027272 -0.021056 
-0.029622 -0.021650 
-0.031090 -0.022900 
-0.031412 -0.023550 
-0.030387 -0.022469 
-0.030171 -0.022079 
-0.027541 -0.020282 
-0.025685 -0.020519 
-0.024012 -0.018220 
-0.021228 -0.015688 
-0.019021 -0.011684 
-0.015673 -0.008802 
-0.013131 -0.006900 
-0.010989 -0.002347 
-0.009775 -0.000010 
-0.009453 0.004173 
-0.009878 0.005484 
-0.008783 0.007051 
-0.009293 0.011183 
-0.009922 0.014380 
-0.011016 0.016466 
-0.012363 0.017082 
-0.011668 0.020376 
-0.014349 0.023385 
-0.014670 0.025473 
-0.014379 0.026427 
-0.015199 0.028731 
-0.015928 0.032454 
-0.014863 0.033325 
-0.013722 0.032475 
-0.014987 0.032742 
-0.013112 0.032649 
-0.011198 0.030319 
-0.009680 0.028652 
-0.008618 0.026352 
-0.007468 0.024641 
-0.004846 0.022001 
-0.002118 0.018708 
-0.000710 0.016564 
0.001564 0.013439 
0.004703 0.012168 
0.006637 0.011308 
0.009357 0.009300 
0.011835 0.009006 
0.013797 0.009233 
0.017228 0.008809 
0.020281 0.010227 
0.020523 0.009682 
0.024735 0.008812 
0.027693 0.008876 
0.027882 0.008772 
0.031134 0.009420 
0.032750 0.006411 
0.032633 0.004880 
0.032579 0.004312 
0.032638 0.003668 
0.031773 0.002344 
0.031404 -0.001067 
0.027704 -0.001671 
0.024852 -0.001902 
0.022572 -0.002312 
0.019273 -0.003169 
0.017347 -0.003477 
0.012612 -0.003474 
0.009526 -0.001856 
0.007126 0.000414 
0.006809 0.000966 
0.004148 0.001564 
0.002139 0.000790 
0.003676 0.001712 
0.003179 0.000647 
0.002180 -0.001735 
0.001168 -0.002138 
0.002985 -0.005008 
0.001268 -0.007682 
0.001553 -0.009514 
0.002420 -0.013734 
0.001718 -0.017173 
0.001474 -0.019163 
-0.001488 -0.023422 
-0.000327 -0.025546 
-0.002280 -0.025868 
-0.004417 -0.026547 
-0.004606 -0.026346 
-0.006192 -0.026073 
-0.007062 -0.025675 
-0.007998 -0.024761 
-0.007899 -0.022661 
-0.007893 -0.020502 
-0.006939 -0.017270 
-0.008259 -0.016017 
-0.007973 -0.015879 
-0.006843 -0.013272 
-0.006635 -0.009296 
-0.006075 -0.005192 
-0.007634 -0.002234 
-0.007134 0.000753 
-0.009022 0.003677 
-0.010872 0.008586 
-0.012300 0.012408 
-0.014917 0.014365 
-0.015109 0.017613 
-0.017580 0.021377 
-0.021014 0.025155 
-0.023646 0.026131 
-0.023635 0.027181 
-0.023158 0.028319 
-0.024549 0.027385 
-0.023552 0.027424 
-0.019964 0.027902 
-0.017962 0.027201 
-0.016449 0.025221 
-0.012430 0.023519 
-0.008791 0.022036 
-0.004605 0.017962 
-0.000435 0.014914 
0.003518 0.013029 
0.005047 0.008680 
0.007342 0.005120 
0.012371 0.002093 
0.015214 -0.000516 
0.018704 -0.004409 
0.020168 -0.008946 
0.022471 -0.011508 
0.024282 -0.015847 
0.024516 -0.020010 
0.028142 -0.020583 
0.030211 -0.020551 
0.030851 -0.022918 
0.030892 -0.023307 
0.030774 -0.021866 
0.031393 -0.021848 
0.029375 -0.019868 
0.026002 -0.017542 
0.024775 -0.016867 
0.020464 -0.015196 
0.016772 -0.012868 
0.014622 -0.010211 
0.009101 -0.009138 
0.006430 -0.010249 
0.002891 -0.009711 
-0.001150 -0.009083 
-0.004002 -0.009335 
-0.008244 -0.010895 
-0.011962 -0.011770 
-0.015195 -0.012330 
-0.017960 -0.014507 
-0.021622 -0.015508 
-0.023866 -0.017606 
-0.024479 -0.020399 
-0.026702 -0.022272 
-0.030208 -0.022177 
-0.030362 -0.022980 
-0.029433 -0.024225 
-0.030466 -0.024318 
-0.027879 -0.024175 
-0.025863 -0.023788 
-0.025038 -0.023146 
-0.020355 -0.019389 
-0.017514 -0.019405 
-0.015056 -0.018867 
-0.011455 -0.016944 
-0.009551 -0.015041 
-0.006424 -0.010802 
-0.004978 -0.009899 
-0.004396 -0.006092 
-0.004783 -0.002487 
-0.005808 -0.000403 
-0.005327 0.002757 
-0.008387 0.007484 
-0.010355 0.012744 
-0.011339 0.016484 
-0.014562 0.021047 
-0.017436 0.023540 
-0.019094 0.027221 
-0.020951 0.031424 
-0.022945 0.033255 
-0.022986 0.033140 
-0.024149 0.033626 
-0.023319 0.034365 
-0.022461 0.033265 
-0.021085 0.031951 
-0.018755 0.029611 
-0.018303 0.027158 
-0.014747 0.024046 
-0.012481 0.021435 
-0.007873 0.019348 
-0.004730 0.017078 
-0.002718 0.014738 
0.003453 0.012864 
0.006127 0.011419 
0.010054 0.010667 
0.012717 0.010074 
0.016937 0.009339 
0.020964 0.009759 
0.021789 0.009490 
0.024363 0.010521 
0.025755 0.009077 
0.029708 0.007895 
0.030680 0.007959 
0.031438 0.005353 
0.033205 0.005587 
0.033334 0.004935 
0.034657 0.003394 
0.032959 0.003258 
0.032903 0.001148 
0.031070 -0.000839 
0.027794 -0.001235 
0.027590 -0.003865 
0.024252 -0.004785 
0.020247 -0.004292 
0.018696 -0.004369 
0.015511 -0.002249 
0.013040 -0.002795 
0.011857 -0.001386 
0.009395 0.000345 
0.008369 0.000398 
0.007161 0.002725 
0.005506 0.001400 
0.004485 -0.000805 
0.004536 -0.001254 
0.004108 -0.002715 
0.003746 -0.004019 
0.003654 -0.007003 
0.002902 -0.010781 
0.002138 -0.011993 
-0.000042 -0.012664 
0.000269 -0.013968 
-0.001898 -0.016437 
-0.005442 -0.017818 
-0.004812 -0.018098 
-0.005483 -0.018872 
-0.009090 -0.018817 
-0.010461 -0.019722 
-0.009173 -0.020184 
-0.010959 -0.018906 
-0.011276 -0.018516 
-0.012473 -0.017806 
-0.012323 -0.016444 
-0.010099 -0.016265 
-0.010636 -0.014139 
-0.008502 -0.011856 
-0.009650 -0.009519 
-0.010490 -0.006399 
-0.009628 -0.003354 
-0.011369 0.000671 
-0.012273 0.003067 
-0.014479 0.006078 
-0.015318 0.010180 
-0.017038 0.014991 
-0.020138 0.017660 
-0.020884 0.019862 
-0.022401 0.023135 
-0.022267 0.025998 
-0.020705 0.028091 
-0.021218 0.027675 
-0.020152 0.030238 
-0.016121 0.030649 
-0.013254 0.030395 
-0.012174 0.030266 
-0.008728 0.028910 
-0.004704 0.029082 
-0.001999 0.025130 
0.001229 0.023636 
0.003837 0.021976 
0.006786 0.016409 
0.009795 0.012570 
0.011953 0.008676 
0.012863 0.003838 
0.012983 -0.000393 
0.014787 -0.005467 
0.016700 -0.009825 
0.017822 -0.012613 
0.018466 -0.017686 
0.020034 -0.021553 
0.022191 -0.024184 
0.022387 -0.025453 
0.022893 -0.025680 
0.022739 -0.026584 
0.021446 -0.025984 
0.020069 -0.025283 
0.016828 -0.022734 
0.015459 -0.019953 
0.016288 -0.017829 
0.015061 -0.015214 
0.012869 -0.013997 
0.010366 -0.011967 
0.008103 -0.009821 
0.006356 -0.007446 
0.001923 -0.006600 
-0.001223 -0.006638 
-0.002243 -0.005372 
-0.005168 -0.006889 
-0.007407 -0.007201 
-0.009761 -0.008767 
-0.012245 -0.010174 
-0.014403 -0.010138 
-0.016589 -0.012584 
-0.017588 -0.013489 
-0.018415 -0.015478 
-0.019648 -0.016275 
-0.020172 -0.017810 
-0.019348 -0.018609 
-0.018141 -0.018521 
-0.017627 -0.020970 
-0.017365 -0.021397 
-0.013802 -0.020591 
-0.010507 -0.019666 
-0.009714 -0.019589 
-0.008642 -0.018097 
-0.007597 -0.018145 
-0.005233 -0.016635 
-0.003497 -0.014399 
-0.002815 -0.013099 
-0.003323 -0.010360 
-0.004405 -0.008635 
-0.004731 -0.003703 
-0.007106 -0.000790 
-0.009910 0.001761 
-0.012192 0.004965 
-0.014849 0.008769 
-0.016744 0.013679 
-0.020042 0.016191 
-0.022433 0.019710 
-0.023180 0.024036 
-0.025179 0.027286 
-0.025756 0.027357 
-0.026700 0.028303 
-0.026873 0.027648 
-0.026075 0.025777 
-0.025311 0.026647 
-0.024057 0.024734 
-0.022525 0.021636 
-0.019026 0.021904 
-0.016584 0.021790 
-0.012973 0.019667 
-0.009929 0.018614 
-0.006393 0.017381 
-0.000679 0.017826 
0.001985 0.017713 
0.005527 0.016254 
0.010896 0.015921 
0.014500 0.016293 
0.018570 0.016651 
0.023452 0.015987 
0.024819 0.014901 
0.028309 0.014695 
0.031793 0.014630 
0.033537 0.012330 
0.036666 0.011644 
0.037045 0.009646 
0.039389 0.007767 
0.040943 0.006511 
0.039781 0.003454 
0.037978 0.002453 
0.037066 -0.000208 
0.035866 -0.001628 
0.032229 -0.001266 
0.029794 -0.002549 
0.026190 -0.004440 
0.023096 -0.003830 
0.018887 -0.002562 
0.014835 -0.002644 
0.013290 -0.001444 
0.009898 -0.000363 
0.006672 0.000598 
0.002910 -0.000517 
0.001314 -0.000850 
0.002465 -0.000964 
0.000685 -0.003659 
-0.000224 -0.005270 
0.001526 -0.007811 
0.002579 -0.010564 
0.001803 -0.012292 
-0.000658 -0.013995 
-0.000766 -0.016285 
-0.000832 -0.019217 
-0.002723 -0.020043 
-0.003492 -0.021699 
-0.003978 -0.023013 
-0.005206 -0.022070 
-0.006818 -0.022397 
-0.005758 -0.022453 
-0.005286 -0.022268 
-0.005514 -0.021276 
-0.003963 -0.020178 
-0.003264 -0.019146 
-0.001236 -0.017871 
0.001154 -0.017010 
0.002651 -0.014922 
0.004441 -0.010642 
0.005195 -0.006655 
0.005187 -0.005027 
0.004743 -0.001388 
0.003285 0.002394 
0.001077 0.006704 
-0.003478 0.010701 
-0.007037 0.013760 
-0.007823 0.016494 
-0.012153 0.018710 
-0.016422 0.023535 
-0.017345 0.024984 
-0.019882 0.027393 
-0.023017 0.030223 
-0.023663 0.030744 
-0.023253 0.032004 
-0.023303 0.031334 
-0.022680 0.032022 
-0.021599 0.032245 
-0.020629 0.030585 
-0.018281 0.029721 
-0.015405 0.027435 
-0.013699 0.023033 
-0.011786 0.021863 
-0.009379 0.019872 
-0.007939 0.014741 
-0.005708 0.010410 
-0.001733 0.005083 
0.000532 0.000740 
0.003733 -0.003581 
0.007585 -0.009292 
0.008945 -0.013159 
0.012442 -0.016259 
0.016283 -0.019458 
0.020148 -0.021355 
0.023922 -0.025285 
0.025048 -0.025973 
0.026895 -0.024018 
0.028945 -0.024303 
0.030249 -0.023240 
0.030655 -0.022685 
0.029845 -0.019615 
0.028946 -0.017323 
0.028443 -0.016456 
0.026077 -0.013381 
0.021432 -0.010864 
0.017938 -0.007849 
0.016064 -0.006819 
0.012570 -0.007257 
0.006860 -0.006222 
0.004403 -0.006487 
0.001003 -0.007317 
-0.004934 -0.006991 
-0.007789 -0.008182 
-0.011523 -0.009410 
-0.016328 -0.010982 
-0.019763 -0.011930 
-0.022839 -0.012679 
-0.026022 -0.015328 
-0.026500 -0.015455 
-0.027001 -0.016566 
-0.027741 -0.018117 
-0.026267 -0.017133 
-0.026662 -0.018817 
-0.024268 -0.019089 
-0.020965 -0.017844 
-0.019397 -0.019131 
-0.017333 -0.018423 
-0.015581 -0.018487 
-0.013130 -0.018469 
-0.011536 -0.016640 
-0.010066 -0.016236 
-0.009285 -0.015091 
-0.009405 -0.013199 
-0.009762 -0.010550 
-0.010030 -0.006527 
-0.011215 -0.003128 
-0.012727 -0.000787 
-0.014673 0.003603 
-0.015970 0.007490 
-0.017111 0.011501 
-0.021056 0.015763 
-0.021650 0.017561 
-0.022900 0.019171 
-0.023550 0.021571 
-0.022469 0.024582 
-0.022079 0.025263 
-0.020282 0.025650 
-0.020519 0.026271 
-0.018220 0.026077 
-0.015688 0.024049 
-0.011684 0.023306 
-0.008802 0.023144 
-0.006900 0.021792 
-0.002347 0.021686 
-0.000010 0.019980 
0.004173 0.019333 
0.005484 0.017936 
0.007051 0.018519 
0.011183 0.016938 
0.014380 0.015434 
0.016466 0.016997 
0.017082 0.015352 
0.020376 0.015699 
0.023385 0.014649 
0.025473 0.015340 
0.026427 0.014456 
0.028731 0.011452 
0.032454 0.009561 
0.033325 0.007871 
0.032475 0.006689 
0.032742 0.004215 
0.032649 0.002370 
0.030319 -0.000825 
0.028652 -0.000859 
0.026352 -0.002230 
0.024641 -0.002317 
0.022001 -0.001594 
0.018708 -0.002092 
0.016564 0.000774 
0.013439 0.000425 
0.012168 0.002114 
0.011308 0.003698 
0.009300 0.003013 
0.009006 0.004418 
0.009233 0.004060 
0.008809 0.002236 
0.010227 0.003312 
0.009682 0.002393 
0.008812 -0.000524 
0.008876 -0.002563 
0.008772 -0.006986 
0.009420 -0.009888 
0.006411 -0.012143 
0.004880 -0.014513 
0.004312 -0.016301 
0.003668 -0.018055 
0.002344 -0.020031 
-0.001067 -0.021559 
-0.001671 -0.022239 
-0.001902 -0.023210 
-0.002312 -0.024487 
-0.003169 -0.024121 
-0.003477 -0.023683 
-0.003474 -0.025763 
-0.001856 -0.024240 
0.000414 -0.022507 
0.000966 -0.022164 
0.001564 -0.020717 
0.000790 -0.018639 
0.001712 -0.015134 
0.000647 -0.010733 
-0.001735 -0.007807 
-0.002138 -0.005937 
-0.005008 -0.000696 
-0.007682 0.002454 
-0.009514 0.006300 
-0.013734 0.010614 
-0.017173 0.013308 
-0.019163 0.017888 
-0.023422 0.020248 
-0.025546 0.022598 
-0.025868 0.025308 
-0.026547 0.027645 
-0.026346 0.028920 
-0.026073 0.029072 
-0.025675 0.030048 
-0.024761 0.030645 
-0.022661 0.031322 
-0.020502 0.031218 
-0.017270 0.028913 
-0.016017 0.027755 
-0.015879 0.025213 
-0.013272 0.020879 
-0.009296 0.018702 
-0.005192 0.013958 
-0.002234 0.009831 
0.000753 0.005763 
0.003677 0.000242 
0.008586 -0.003353 
0.012408 -0.008394 
0.014365 -0.011898 
0.017613 -0.014841 
0.021377 -0.018638 
0.025155 -0.021142 
0.026131 -0.022286 
0.027181 -0.022068 
0.028319 -0.022767 
0.027385 -0.020972 
0.027424 -0.019037 
0.027902 -0.018448 
0.027201 -0.015459 
0.025221 -0.014359 
0.023519 -0.012747 
0.022036 -0.010236 
0.017962 -0.009070 
0.014914 -0.007803 
0.013029 -0.007021 
0.008680 -0.006857 
0.005120 -0.007825 
0.002093 -0.007577 
-0.000516 -0.007870 
-0.004409 -0.008999 
-0.008946 -0.009749 
-0.011508 -0.011396 
-0.015847 -0.014011 
-0.020010 -0.015553 
-0.020583 -0.015096 
-0.020551 -0.017125 
-0.022918 -0.018745 
-0.023307 -0.018368 
-0.021866 -0.018318 
-0.021848 -0.018596 
-0.019868 -0.019567 
-0.017542 -0.019307 
-0.016867 -0.019084 
-0.015196 -0.019678 
-0.012868 -0.019679 
-0.010211 -0.019942 
-0.009138 -0.018419 
-0.010249 -0.014946 
-0.009711 -0.013355 
-0.009083 -0.012239 
-0.009335 -0.010203 
-0.010895 -0.006790 
-0.011770 -0.002528 
-0.012330 0.001413 
-0.014507 0.004059 
-0.015508 0.006744 
-0.017606 0.013106 
-0.020399 0.017167 
-0.022272 0.018358 
-0.022177 0.021393 
-0.022980 0.023568 
-0.024225 0.024285 
-0.024318 0.024642 
-0.024175 0.025771 
-0.023788 0.027051 
-0.023146 0.025917 
-0.019389 0.023668 
-0.019405 0.022870 
-0.018867 0.022224 
-0.016944 0.019887 
-0.015041 0.017697 
-0.010802 0.016933 
-0.009899 0.016415 
-0.006092 0.015711 
-0.002487 0.013654 
-0.000403 0.013046 
0.002757 0.014103 
0.007484 0.013574 
0.012744 0.013758 
0.016484 0.014461 
0.021047 0.014924 
0.023540 0.013681 
0.027221 0.011955 
0.031424 0.011153 
0.033255 0.008759 
0.033140 0.006365 
0.033626 0.005169 
0.034365 0.004569 
0.033265 0.002053 
0.031951 0.000121 
0.029611 0.000217 
0.027158 0.000188 
0.024046 0.000841 
0.021435 -0.000550 
0.019348 -0.001378 
0.017078 0.000521 
0.014738 0.002583 
0.012864 0.003438 
0.011419 0.002991 
0.010667 0.004051 
0.010074 0.005245 
0.009339 0.003875 
0.009759 0.001914 
0.009490 0.001321 
0.010521 0.000243 
0.009077 -0.001414 
0.007895 -0.003791 
0.007959 -0.006504 
0.005353 -0.007641 
0.005587 -0.010061 
0.004935 -0.014063 
0.003394 -0.015643 
0.003258 -0.015881 
0.001148 -0.017943 
-0.000839 -0.019469 
-0.001235 -0.021225 
-0.003865 -0.023768 
-0.004785 -0.025245 
-0.004292 -0.024905 
-0.004369 -0.025041 
-0.002249 -0.026502 
-0.002795 -0.024594 
-0.001386 -0.023915 
0.000345 -0.023546 
0.000398 -0.021065 
0.002725 -0.018894 
0.001400 -0.016495 
-0.000805 -0.013753 
-0.001254 -0.010385 
-0.002715 -0.007417 
-0.004019 -0.003850 
-0.007003 -0.001027 
-0.010781 0.003835 
-0.011993 0.007589 
-0.012664 0.010651 
-0.013968 0.013457 
-0.016437 0.014656 
-0.017818 0.019211 
-0.018098 0.021802 
-0.018872 0.025353 
-0.018817 0.026256 
-0.019722 0.026815 
-0.020184 0.030378 
-0.018906 0.029695 
-0.018516 0.030225 
-0.017806 0.031188 
-0.016444 0.029719 
-0.016265 0.028400 
-0.014139 0.027313 
-0.011856 0.022826 
-0.009519 0.019691 
-0.006399 0.016201 
-0.003354 0.011546 
0.000671 0.008842 
0.003067 0.003662 
0.006078 -0.000602 
0.010180 -0.003979 
0.014991 -0.007524 
0.017660 -0.010730 
0.019862 -0.012478 
0.023135 -0.015008 
0.025998 -0.015140 
0.028091 -0.014591 
0.027675 -0.016909 
0.030238 -0.016447 
0.030649 -0.015969 
0.030395 -0.014204 
0.030266 -0.013034 
0.028910 -0.011920 
0.029082 -0.009516 
0.025130 -0.007620 
0.023636 -0.007022 
0.021976 -0.005903 
0.016409 -0.004896 
0.012570 -0.006847 
0.008676 -0.007075 
0.003838 -0.008359 
-0.000393 -0.008842 
-0.005467 -0.010580 
-0.009825 -0.010684 
-0.012613 -0.010424 
-0.017686 -0.015544 
-0.021553 -0.015511 
-0.024184 -0.015110 
-0.025453 -0.017788 
-0.025680 -0.019410 
-0.026584 -0.018716 
-0.025984 -0.020242 
-0.025283 -0.022518 
-0.022734 -0.021512 
-0.019953 -0.022945 
-0.017829 -0.023826 
-0.015214 -0.023335 
-0.013997 -0.022950 
-0.011967 -0.022565 
-0.009821 -0.022203 
-0.007446 -0.021748 
-0.006600 -0.020263 
-0.006638 -0.017392 
-0.005372 -0.014965 
-0.006889 -0.012029 
-0.007201 -0.007777 
-0.008767 -0.003305 
