0.050920 -0.010387 
0.053006 -0.013478 
0.055116 -0.016045 
0.054681 -0.020537 
0.054423 -0.023853 
0.054288 -0.027521 
0.052604 -0.031359 
0.051643 -0.033541 
0.049929 -0.036280 
0.046186 -0.039158 
0.043576 -0.040283 
0.038825 -0.041754 
0.035298 -0.044018 
0.031439 -0.045907 
0.025615 -0.047195 
0.021837 -0.047289 
0.016916 -0.047573 
0.010649 -0.047515 
0.005674 -0.046300 
0.002261 -0.044806 
-0.004193 -0.042938 
-0.008788 -0.040900 
-0.012187 -0.039356 
-0.017388 -0.036388 
-0.019950 -0.033344 
-0.023833 -0.030460 
-0.027370 -0.027392 
-0.031151 -0.025265 
-0.034765 -0.022467 
-0.036698 -0.020644 
-0.040425 -0.018304 
-0.042123 -0.016937 
-0.042952 -0.014608 
-0.045008 -0.011228 
-0.044671 -0.009588 
-0.046337 -0.007027 
-0.049248 -0.005673 
-0.049597 -0.002221 
-0.050093 -0.001566 
-0.047908 -0.000893 
-0.047069 0.003031 
-0.047373 0.003381 
-0.044889 0.006644 
-0.043513 0.008580 
-0.040893 0.009639 
-0.037570 0.012947 
-0.035022 0.014723 
-0.032442 0.017673 
-0.030301 0.019551 
-0.027578 0.021419 
-0.024049 0.026016 
-0.021324 0.028663 
-0.018447 0.028779 
-0.015416 0.032049 
-0.012841 0.034580 
-0.008890 0.034767 
-0.006855 0.036982 
-0.005871 0.039573 
-0.003739 0.041198 
-0.002139 0.041045 
0.000063 0.042504 
0.002710 0.044113 
0.004151 0.044366 
0.006014 0.044480 
0.008518 0.042935 
0.009348 0.042675 
0.011232 0.040605 
0.013911 0.038427 
0.015842 0.038462 
0.017245 0.036653 
0.019252 0.034451 
0.023544 0.032685 
0.025805 0.030775 
0.026800 0.028113 
0.030124 0.025620 
0.033713 0.022979 
0.035458 0.020512 
0.036205 0.016919 
0.039063 0.013895 
0.041393 0.011843 
0.040882 0.008204 
0.042287 0.006674 
0.043194 0.003667 
0.042643 0.001403 
0.044069 -0.001494 
0.043965 -0.006375 
0.043359 -0.007259 
0.043740 -0.010691 
0.042323 -0.014967 
0.040262 -0.018217 
0.038989 -0.021365 
0.036922 -0.024562 
0.034945 -0.028088 
0.032391 -0.029366 
0.029267 -0.032866 
0.027622 -0.036479 
0.024084 -0.038932 
0.021058 -0.041832 
0.018932 -0.043643 
0.015309 -0.046306 
0.011868 -0.048222 
0.008238 -0.048280 
0.005721 -0.048744 
0.002689 -0.049778 
-0.000457 -0.049459 
-0.001947 -0.047851 
-0.004787 -0.046666 
-0.008152 -0.045631 
-0.010404 -0.044288 
-0.012930 -0.042738 
-0.015699 -0.040117 
-0.018696 -0.037326 
-0.021115 -0.035011 
-0.024137 -0.032208 
-0.027440 -0.030144 
-0.030365 -0.027567 
-0.033825 -0.023721 
-0.034301 -0.020135 
-0.036472 -0.017884 
-0.040528 -0.014629 
-0.042321 -0.009369 
-0.043843 -0.005869 
-0.044794 -0.001759 
-0.046341 0.001486 
-0.048107 0.005812 
-0.049100 0.010847 
-0.048739 0.013398 
-0.048531 0.019280 
-0.047254 0.022909 
-0.045394 0.026940 
-0.044051 0.031496 
-0.042164 0.033334 
-0.040601 0.038175 
-0.037429 0.042321 
-0.035046 0.045441 
-0.032486 0.047937 
-0.028814 0.051717 
-0.024523 0.053089 
-0.021558 0.052532 
-0.018189 0.055727 
-0.013020 0.056037 
-0.010613 0.055332 
-0.005731 0.055496 
-0.001744 0.053169 
0.000871 0.050341 
0.004954 0.047591 
0.008960 0.044086 
0.013338 0.040037 
0.016803 0.036290 
0.021099 0.032653 
0.024183 0.027904 
0.028549 0.024457 
0.032259 0.020318 
0.035664 0.014810 
0.040011 0.011543 
0.042926 0.007279 
0.046410 0.002507 
0.048793 -0.001791 
0.051914 -0.005600 
0.053350 -0.009747 
0.055025 -0.014071 
0.056266 -0.017805 
0.055000 -0.021500 
0.054496 -0.024952 
0.054175 -0.029229 
0.053949 -0.031462 
0.050723 -0.034510 
0.047448 -0.037938 
0.044823 -0.039447 
0.042498 -0.041803 
0.039057 -0.043989 
0.034140 -0.045843 
0.029511 -0.047536 
0.023495 -0.047096 
0.019285 -0.046542 
0.015292 -0.047518 
0.009516 -0.045621 
0.003536 -0.044434 
-0.000278 -0.044511 
-0.004988 -0.043294 
-0.009177 -0.039031 
-0.012468 -0.035341 
-0.017470 -0.035064 
-0.020755 -0.032450 
-0.024415 -0.030201 
-0.026152 -0.027399 
-0.029573 -0.025794 
-0.032718 -0.022500 
-0.034765 -0.019213 
-0.038461 -0.018751 
-0.038901 -0.016124 
-0.041781 -0.014214 
-0.044651 -0.011529 
-0.045994 -0.011202 
-0.047731 -0.007897 
-0.048770 -0.004677 
-0.049241 -0.004355 
-0.048197 -0.001473 
-0.047002 -0.001036 
-0.046572 0.001588 
-0.045750 0.004379 
-0.043950 0.006272 
-0.042177 0.008839 
-0.038815 0.011047 
-0.037157 0.013400 
-0.034801 0.014997 
-0.031531 0.017921 
-0.029228 0.021278 
-0.025995 0.022841 
-0.022690 0.025072 
-0.018959 0.028871 
-0.017366 0.030355 
-0.013186 0.032577 
-0.010645 0.034401 
-0.009137 0.036206 
-0.005602 0.038742 
-0.004472 0.038938 
-0.001970 0.041225 
-0.001186 0.043069 
-0.000466 0.043803 
0.001834 0.044350 
0.004327 0.044660 
0.005500 0.045184 
0.007356 0.043768 
0.009862 0.042857 
0.011850 0.040775 
0.015494 0.039455 
0.016470 0.038541 
0.018883 0.035176 
0.021482 0.034014 
0.024057 0.030636 
0.026700 0.027972 
0.028275 0.026586 
0.031771 0.023106 
0.032994 0.022055 
0.034399 0.018229 
0.036604 0.016135 
0.038891 0.014574 
0.040112 0.010674 
0.041525 0.009677 
0.043215 0.006211 
0.042570 0.002735 
0.043729 0.000314 
0.044956 -0.003503 
0.044041 -0.005918 
0.042566 -0.008311 
0.041696 -0.012613 
0.040754 -0.015710 
0.039879 -0.019253 
0.038260 -0.023021 
0.036093 -0.024601 
0.033955 -0.028218 
0.031743 -0.032215 
0.029189 -0.035195 
0.025129 -0.038197 
0.023493 -0.041325 
0.020491 -0.043112 
0.016819 -0.044621 
0.014974 -0.046287 
0.012048 -0.046686 
0.009732 -0.048873 
0.005622 -0.050672 
0.002454 -0.050330 
-0.000189 -0.049194 
-0.003085 -0.049041 
-0.004888 -0.047982 
-0.008317 -0.045345 
-0.010333 -0.044133 
-0.013072 -0.043226 
-0.016498 -0.041734 
-0.018539 -0.038218 
-0.022965 -0.035169 
-0.026199 -0.033547 
-0.027972 -0.030164 
-0.031205 -0.027583 
-0.033800 -0.025299 
-0.037280 -0.020685 
-0.040308 -0.017450 
-0.042198 -0.013508 
-0.044442 -0.008628 
-0.045275 -0.005672 
-0.046092 -0.001980 
-0.047396 0.000616 
-0.047638 0.005595 
-0.047937 0.010874 
-0.049021 0.013472 
-0.047870 0.018040 
-0.045352 0.022688 
-0.043837 0.028403 
-0.043033 0.031768 
-0.041401 0.034384 
-0.037506 0.039220 
-0.035702 0.042488 
-0.033768 0.046761 
-0.030012 0.049090 
-0.027503 0.050747 
-0.023926 0.054292 
-0.020734 0.055037 
-0.016592 0.054183 
-0.011580 0.054738 
-0.010010 0.054042 
-0.007316 0.051580 
-0.002413 0.050782 
0.001223 0.048219 
0.005537 0.045274 
0.009232 0.043064 
0.012419 0.039717 
0.016935 0.035921 
0.020769 0.030319 
0.025299 0.026682 
0.028876 0.023310 
0.031750 0.019747 
0.037075 0.015096 
0.041746 0.008847 
0.044261 0.005075 
0.046229 0.000404 
0.049308 -0.002798 
0.052062 -0.005600 
0.054047 -0.010216 
0.055790 -0.013430 
0.056192 -0.017245 
0.055698 -0.022161 
0.055123 -0.025617 
0.054349 -0.028070 
0.052746 -0.031835 
0.051413 -0.035431 
0.048662 -0.038414 
0.044063 -0.040694 
0.039100 -0.042709 
0.036683 -0.044639 
0.033588 -0.045498 
0.027434 -0.045482 
0.024217 -0.045218 
0.018235 -0.046560 
0.012976 -0.045965 
0.009310 -0.043623 
0.003911 -0.043816 
0.000292 -0.041847 
-0.005144 -0.038506 
-0.008888 -0.038241 
-0.012323 -0.035657 
-0.014828 -0.032000 
-0.019866 -0.030842 
-0.025500 -0.028350 
-0.026390 -0.025750 
-0.030771 -0.023061 
-0.034324 -0.020498 
-0.035910 -0.019552 
-0.038441 -0.016540 
-0.041578 -0.014254 
-0.043173 -0.013670 
-0.045373 -0.011629 
-0.046805 -0.009428 
-0.046206 -0.006669 
-0.047712 -0.005752 
-0.047391 -0.004908 
-0.046867 -0.001847 
-0.045940 0.000325 
-0.046533 0.002649 
-0.045185 0.005442 
-0.042452 0.007513 
-0.040845 0.009042 
-0.037352 0.011541 
-0.036019 0.014683 
-0.032421 0.017020 
-0.029094 0.018862 
-0.027192 0.022097 
-0.024593 0.024080 
-0.021326 0.025563 
-0.018911 0.028683 
-0.016195 0.031099 
-0.012780 0.034219 
-0.011848 0.035842 
-0.008912 0.038389 
-0.007854 0.039482 
-0.005692 0.039454 
-0.003017 0.041811 
-0.002794 0.042754 
-0.001438 0.044440 
0.000890 0.043568 
0.003232 0.043208 
0.003994 0.043914 
0.007003 0.042466 
0.009540 0.041651 
0.012523 0.041039 
0.014800 0.039810 
0.016428 0.037754 
0.019244 0.036042 
0.020773 0.033243 
0.023289 0.031102 
0.024929 0.029209 
0.027998 0.026987 
0.030443 0.024480 
0.032523 0.021417 
0.036366 0.019294 
0.037352 0.017167 
0.037951 0.014328 
0.040720 0.011003 
0.042232 0.007709 
0.042232 0.005260 
0.042853 0.003843 
0.043200 -0.000398 
0.043640 -0.003110 
0.043556 -0.005484 
0.043463 -0.009612 
0.041407 -0.012536 
0.040078 -0.016319 
0.040832 -0.019494 
0.037882 -0.022940 
0.034733 -0.025656 
0.032876 -0.029510 
0.030156 -0.032771 
0.027415 -0.036507 
0.026093 -0.039622 
0.022719 -0.041048 
0.019376 -0.043669 
0.017421 -0.043828 
0.012956 -0.046869 
0.010809 -0.048120 
0.008563 -0.048156 
0.005980 -0.049239 
0.003364 -0.048778 
0.000823 -0.049741 
-0.000873 -0.048539 
-0.005949 -0.047030 
-0.008225 -0.046668 
-0.011741 -0.045580 
-0.015673 -0.043171 
-0.016695 -0.042264 
-0.021319 -0.040354 
-0.024958 -0.037825 
-0.027776 -0.034992 
-0.029194 -0.031005 
-0.032899 -0.028789 
-0.037049 -0.024550 
-0.038566 -0.021434 
-0.041675 -0.017889 
-0.042278 -0.014272 
-0.045352 -0.011486 
-0.046067 -0.006905 
-0.046477 -0.003662 
-0.048991 0.001321 
-0.047272 0.006620 
-0.048433 0.010758 
-0.047970 0.014090 
-0.047229 0.017793 
-0.046534 0.023778 
-0.044472 0.028687 
-0.043591 0.033443 
-0.040512 0.037034 
-0.038645 0.040362 
-0.036326 0.044704 
-0.032809 0.046623 
-0.029389 0.050087 
-0.026663 0.052425 
-0.024465 0.053149 
-0.019679 0.054804 
-0.015646 0.054383 
-0.014131 0.054935 
-0.010927 0.053966 
-0.006973 0.051214 
-0.003083 0.050191 
0.002170 0.048803 
0.006652 0.044635 
0.011803 0.042190 
0.015217 0.039032 
0.018212 0.032744 
0.023308 0.030677 
0.027048 0.026682 
0.030339 0.021380 
0.032622 0.017872 
0.037626 0.013795 
0.041302 0.010249 
0.043603 0.006019 
0.049397 0.001744 
0.050632 -0.002328 
0.053165 -0.005839 
0.055384 -0.010865 
0.054429 -0.015361 
0.056395 -0.018217 
0.055788 -0.022002 
0.055570 -0.026343 
0.054474 -0.028602 
0.052527 -0.031160 
0.051376 -0.035906 
0.046344 -0.038312 
0.042041 -0.039867 
0.038214 -0.041558 
0.034060 -0.043731 
0.030437 -0.044335 
0.025612 -0.044944 
0.020264 -0.045071 
0.015922 -0.043854 
0.011230 -0.044917 
0.006757 -0.043434 
0.003306 -0.041802 
-0.002121 -0.039832 
-0.006548 -0.038415 
-0.010387 -0.037009 
-0.013478 -0.032719 
-0.016045 -0.031187 
-0.020537 -0.029295 
-0.023853 -0.027039 
-0.027521 -0.025516 
-0.031359 -0.023152 
-0.033541 -0.020749 
-0.036280 -0.018932 
-0.039158 -0.016986 
-0.040283 -0.015623 
-0.041754 -0.015134 
-0.044018 -0.011925 
-0.045907 -0.009934 
-0.047195 -0.008599 
-0.047289 -0.006442 
-0.047573 -0.005255 
-0.047515 -0.002664 
-0.046300 0.000118 
-0.044806 0.002216 
-0.042938 0.004844 
-0.040900 0.007698 
-0.039356 0.008914 
-0.036388 0.011415 
-0.033344 0.014577 
-0.030460 0.016409 
-0.027392 0.019120 
-0.025265 0.022496 
-0.022467 0.026226 
-0.020644 0.027621 
-0.018304 0.029823 
-0.016937 0.032897 
-0.014608 0.033430 
-0.011228 0.035528 
-0.009588 0.038554 
-0.007027 0.040866 
-0.005673 0.042068 
-0.002221 0.042706 
-0.001566 0.044497 
-0.000893 0.044655 
0.003031 0.043838 
0.003381 0.044433 
0.006644 0.043851 
0.008580 0.042319 
0.009639 0.041622 
0.012947 0.040584 
0.014723 0.037571 
0.017673 0.035148 
0.019551 0.034657 
0.021419 0.032832 
0.026016 0.030119 
0.028663 0.027893 
0.028779 0.026304 
0.032049 0.023751 
0.034580 0.021283 
0.034767 0.019668 
0.036982 0.017152 
0.039573 0.014468 
0.041198 0.012584 
0.041045 0.010391 
0.042504 0.005146 
0.044113 0.002213 
0.044366 0.001501 
0.044480 -0.002302 
0.042935 -0.006216 
0.042675 -0.009117 
0.040605 -0.013058 
0.038427 -0.016703 
0.038462 -0.020175 
0.036653 -0.025176 
0.034451 -0.028312 
0.032685 -0.031795 
0.030775 -0.035490 
0.028113 -0.038167 
0.025620 -0.039817 
0.022979 -0.041297 
0.020512 -0.044414 
0.016919 -0.045644 
0.013895 -0.047684 
0.011843 -0.048741 
0.008204 -0.049074 
0.006674 -0.049433 
0.003667 -0.049271 
0.001403 -0.049300 
-0.001494 -0.048852 
-0.006375 -0.048112 
-0.007259 -0.045037 
-0.010691 -0.044202 
-0.014967 -0.042105 
-0.018217 -0.040575 
-0.021365 -0.038857 
-0.024562 -0.035475 
-0.028088 -0.034388 
-0.029366 -0.031011 
-0.032866 -0.028735 
-0.036479 -0.024025 
-0.038932 -0.020566 
-0.041832 -0.018396 
-0.043643 -0.013971 
-0.046306 -0.010956 
-0.048222 -0.006153 
-0.048280 -0.002802 
-0.048744 0.000974 
-0.049778 0.006260 
-0.049459 0.011640 
-0.047851 0.016320 
-0.046666 0.021577 
-0.045631 0.025503 
-0.044288 0.028436 
-0.042738 0.033806 
-0.040117 0.036767 
-0.037326 0.041789 
-0.035011 0.046114 
-0.032208 0.048419 
-0.030144 0.050462 
-0.027567 0.050546 
-0.023721 0.053387 
-0.020135 0.054450 
-0.017884 0.053224 
-0.014629 0.053022 
-0.009369 0.052467 
-0.005869 0.050265 
-0.001759 0.048140 
0.001486 0.046268 
0.005812 0.043716 
0.010847 0.041385 
0.013398 0.036848 
0.019280 0.032693 
0.022909 0.029740 
0.026940 0.026023 
0.031496 0.021678 
0.033334 0.016775 
0.038175 0.012640 
0.042321 0.008449 
0.045441 0.004771 
0.047937 0.001750 
0.051717 -0.001951 
0.053089 -0.005769 
0.052532 -0.010065 
0.055727 -0.014485 
0.056037 -0.017798 
0.055332 -0.022683 
0.055496 -0.027761 
0.053169 -0.029828 
0.050341 -0.031777 
0.047591 -0.035203 
0.044086 -0.038591 
0.040037 -0.040025 
0.036290 -0.042184 
0.032653 -0.044053 
0.027904 -0.044118 
0.024457 -0.044708 
0.020318 -0.044603 
0.014810 -0.045123 
0.011543 -0.043865 
0.007279 -0.041798 
0.002507 -0.041068 
-0.001791 -0.039264 
-0.005600 -0.037507 
-0.009747 -0.035229 
-0.014071 -0.033674 
-0.017805 -0.031773 
-0.021500 -0.029133 
-0.024952 -0.027545 
-0.029229 -0.025477 
-0.031462 -0.024001 
-0.034510 -0.022144 
-0.037938 -0.018935 
-0.039447 -0.017778 
-0.041803 -0.016280 
-0.043989 -0.013670 
-0.045843 -0.012482 
-0.047536 -0.009497 
-0.047096 -0.008074 
-0.046542 -0.007390 
-0.047518 -0.003547 
-0.045621 -0.001400 
-0.044434 0.000028 
-0.044511 0.002351 
-0.043294 0.004622 
-0.039031 0.007686 
-0.035341 0.010077 
-0.035064 0.012111 
-0.032450 0.015637 
-0.030201 0.018218 
-0.027399 0.020044 
-0.025794 0.023121 
-0.022500 0.026419 
-0.019213 0.028194 
-0.018751 0.030062 
-0.016124 0.032821 
-0.014214 0.034571 
-0.011529 0.038339 
-0.011202 0.041070 
-0.007897 0.041146 
-0.004677 0.042325 
-0.004355 0.043692 
-0.001473 0.044384 
-0.001036 0.044709 
0.001588 0.045025 
0.004379 0.044066 
0.006272 0.043388 
0.008839 0.042938 
0.011047 0.041581 
0.013400 0.040938 
0.014997 0.039426 
0.017921 0.036761 
0.021278 0.035134 
0.022841 0.032632 
0.025072 0.031031 
0.028871 0.029406 
0.030355 0.025421 
0.032577 0.023812 
0.034401 0.022047 
0.036206 0.019854 
0.038742 0.016898 
0.038938 0.014271 
0.041225 0.011428 
0.043069 0.007441 
0.043803 0.005910 
0.044350 0.002440 
0.044660 0.000262 
0.045184 -0.002695 
0.043768 -0.006963 
0.042857 -0.009946 
0.040775 -0.014252 
0.039455 -0.017529 
0.038541 -0.021152 
0.035176 -0.024340 
0.034014 -0.027650 
0.030636 -0.030778 
0.027972 -0.034455 
0.026586 -0.038093 
0.023106 -0.040564 
0.022055 -0.043068 
0.018229 -0.044482 
0.016135 -0.045936 
0.014574 -0.047458 
0.010674 -0.048913 
0.009677 -0.049255 
0.006211 -0.049975 
0.002735 -0.049616 
0.000314 -0.048562 
-0.003503 -0.048451 
-0.005918 -0.047318 
-0.008311 -0.046124 
-0.012613 -0.044261 
-0.015710 -0.043282 
-0.019253 -0.041635 
-0.023021 -0.039328 
-0.024601 -0.035946 
-0.028218 -0.031347 
-0.032215 -0.029857 
-0.035195 -0.027451 
-0.038197 -0.024737 
-0.041325 -0.022294 
-0.043112 -0.017537 
-0.044621 -0.014362 
-0.046287 -0.010672 
-0.046686 -0.005267 
-0.048873 -0.001115 
-0.050672 0.002381 
-0.050330 0.007646 
-0.049194 0.013431 
-0.049041 0.017651 
-0.047982 0.023030 
-0.045345 0.027469 
-0.044133 0.031718 
-0.043226 0.036169 
-0.041734 0.039712 
-0.038218 0.044058 
-0.035169 0.046090 
-0.033547 0.048491 
-0.030164 0.051158 
-0.027583 0.052689 
-0.025299 0.053928 
-0.020685 0.053542 
-0.017450 0.053791 
-0.013508 0.053012 
-0.008628 0.050558 
-0.005672 0.049996 
-0.001980 0.048881 
0.000616 0.045422 
0.005595 0.042765 
0.010874 0.039539 
0.013472 0.035689 
0.018040 0.031606 
0.022688 0.027431 
0.028403 0.024247 
0.031768 0.020699 
0.034384 0.017727 
0.039220 0.013459 
0.042488 0.008609 
0.046761 0.005120 
0.049090 -0.000001 
0.050747 -0.004318 
0.054292 -0.008786 
0.055037 -0.014345 
0.054183 -0.015949 
0.054738 -0.019792 
0.054042 -0.025267 
0.051580 -0.028371 
0.050782 -0.031491 
0.048219 -0.033578 
0.045274 -0.036835 
0.043064 -0.039143 
0.039717 -0.041147 
0.035921 -0.041425 
0.030319 -0.042161 
0.026682 -0.045203 
0.023310 -0.044586 
0.019747 -0.044287 
0.015096 -0.044146 
0.008847 -0.043480 
0.005075 -0.041522 
0.000404 -0.039172 
-0.002798 -0.039255 
-0.005600 -0.037840 
-0.010216 -0.035027 
-0.013430 -0.033100 
-0.017245 -0.031192 
-0.022161 -0.030115 
-0.025617 -0.028557 
-0.028070 -0.025417 
-0.031835 -0.025392 
-0.035431 -0.023663 
-0.038414 -0.020332 
-0.040694 -0.018462 
-0.042709 -0.016690 
-0.044639 -0.015559 
-0.045498 -0.012546 
-0.045482 -0.010465 
-0.045218 -0.008685 
-0.046560 -0.007198 
-0.045965 -0.005363 
-0.043623 -0.002896 
-0.043816 -0.001756 
-0.041847 0.001095 
-0.038506 0.004956 
-0.038241 0.007598 
-0.035657 0.009357 
-0.032000 0.011953 
-0.030842 0.015401 
-0.028350 0.018781 
-0.025750 0.020971 
-0.023061 0.023508 
-0.020498 0.026721 
-0.019552 0.029737 
-0.016540 0.032257 
-0.014254 0.034854 
-0.013670 0.037348 
-0.011629 0.038930 
-0.009428 0.040626 
-0.006669 0.040856 
-0.005752 0.041876 
-0.004908 0.042801 
-0.001847 0.043991 
0.000325 0.044264 
0.002649 0.043693 
0.005442 0.045040 
0.007513 0.043598 
0.009042 0.042103 
0.011541 0.041571 
0.014683 0.041070 
0.017020 0.038920 
0.018862 0.035840 
0.022097 0.035070 
0.024080 0.033746 
0.025563 0.030854 
0.028683 0.029189 
0.031099 0.027876 
0.034219 0.024990 
0.035842 0.023581 
0.038389 0.020848 
0.039482 0.018328 
0.039454 0.016553 
0.041811 0.013645 
0.042754 0.010994 
0.044440 0.008196 
0.043568 0.004976 
0.043208 0.001421 
0.043914 -0.000514 
0.042466 -0.005294 
0.041651 -0.009441 
0.041039 -0.012399 
0.039810 -0.016698 
0.037754 -0.020131 
0.036042 -0.024176 
0.033243 -0.027388 
0.031102 -0.031258 
0.029209 -0.033677 
0.026987 -0.035612 
0.024480 -0.038779 
0.021417 -0.040820 
0.019294 -0.041629 
0.017167 -0.044199 
0.014328 -0.047042 
0.011003 -0.046716 
0.007709 -0.047199 
0.005260 -0.047145 
0.003843 -0.047113 
-0.000398 -0.046919 
-0.003110 -0.045933 
-0.005484 -0.046129 
-0.009612 -0.044684 
-0.012536 -0.042384 
-0.016319 -0.040376 
-0.019494 -0.038422 
-0.022940 -0.037596 
-0.025656 -0.035448 
-0.029510 -0.032112 
-0.032771 -0.029578 
-0.036507 -0.026037 
-0.039622 -0.023099 
-0.041048 -0.019569 
-0.043669 -0.016324 
-0.043828 -0.012763 
-0.046869 -0.007775 
-0.048120 -0.004391 
-0.048156 0.000786 
-0.049239 0.005582 
-0.048778 0.010532 
-0.049741 0.014920 
-0.048539 0.019273 
-0.047030 0.026434 
-0.046668 0.030113 
-0.045580 0.034041 
-0.043171 0.038449 
-0.042264 0.041621 
-0.040354 0.045768 
-0.037825 0.047964 
-0.034992 0.050260 
-0.031005 0.052055 
-0.028789 0.053519 
-0.024550 0.054384 
-0.021434 0.053671 
-0.017889 0.053940 
-0.014272 0.053422 
-0.011486 0.052092 
-0.006905 0.048863 
-0.003662 0.046529 
0.001321 0.045006 
0.006620 0.041135 
0.010758 0.038063 
0.014090 0.034947 
0.017793 0.032756 
0.023778 0.028698 
0.028687 0.024362 
0.033443 0.021655 
0.037034 0.016106 
0.040362 0.012330 
0.044704 0.009503 
0.046623 0.005014 
0.050087 0.000512 
0.052425 -0.004741 
0.053149 -0.009278 
0.054804 -0.012858 
0.054383 -0.017244 
0.054935 -0.021838 
0.053966 -0.025706 
0.051214 -0.028493 
0.050191 -0.032234 
0.048803 -0.035906 
0.044635 -0.037854 
0.042190 -0.040409 
0.039032 -0.041798 
0.032744 -0.042523 
0.030677 -0.043758 
0.026682 -0.044619 
0.021380 -0.044254 
0.017872 -0.043459 
0.013795 -0.044106 
0.010249 -0.043043 
0.006019 -0.040528 
0.001744 -0.040418 
-0.002328 -0.038845 
-0.005839 -0.035806 
-0.010865 -0.035147 
-0.015361 -0.032226 
-0.018217 -0.030235 
-0.022002 -0.029503 
-0.026343 -0.026364 
-0.028602 -0.025274 
-0.031160 -0.024272 
-0.035906 -0.021902 
-0.038312 -0.020899 
-0.039867 -0.018026 
-0.041558 -0.014379 
-0.043731 -0.015071 
-0.044335 -0.012944 
-0.044944 -0.009625 
-0.045071 -0.008090 
-0.043854 -0.004908 
-0.044917 -0.003596 
-0.043434 -0.002269 
-0.041802 -0.000001 
-0.039832 0.002416 
-0.038415 0.005404 
-0.037009 0.008692 
-0.032719 0.010690 
-0.031187 0.013624 
-0.029295 0.015843 
-0.027039 0.018110 
-0.025516 0.023171 
-0.023152 0.024762 
-0.020749 0.026914 
-0.018932 0.030781 
-0.016986 0.033807 
-0.015623 0.035600 
-0.015134 0.037644 
-0.011925 0.039965 
-0.009934 0.041230 
-0.008599 0.043378 
-0.006442 0.043142 
-0.005255 0.044583 
-0.002664 0.045967 
0.000118 0.043835 
0.002216 0.044077 
0.004844 0.044210 
0.007698 0.042235 
0.008914 0.041236 
0.011415 0.040256 
0.014577 0.039817 
0.016409 0.039265 
0.019120 0.036640 
0.022496 0.034046 
0.026226 0.031719 
0.027621 0.030191 
0.029823 0.028840 
0.032897 0.028324 
0.033430 0.025586 
0.035528 0.022610 
0.038554 0.021895 
0.040866 0.018786 
0.042068 0.017046 
0.042706 0.014095 
0.044497 0.010270 
0.044655 0.007871 
0.043838 0.003713 
0.044433 0.000000 
0.043851 -0.002823 
0.042319 -0.007109 
0.041622 -0.011095 
0.040584 -0.013933 
0.037571 -0.018696 
0.035148 -0.022728 
0.034657 -0.025298 
0.032832 -0.027601 
0.030119 -0.030879 
0.027893 -0.033385 
0.026304 -0.036131 
0.023751 -0.039352 
0.021283 -0.040599 
0.019668 -0.044119 
0.017152 -0.044807 
0.014468 -0.045763 
0.012584 -0.047278 
0.010391 -0.046225 
0.005146 -0.047450 
0.002213 -0.047176 
0.001501 -0.046670 
-0.002302 -0.044978 
-0.006216 -0.044733 
-0.009117 -0.044249 
-0.013058 -0.041867 
-0.016703 -0.041808 
-0.020175 -0.038279 
-0.025176 -0.036993 
-0.028312 -0.036467 
-0.031795 -0.032509 
-0.035490 -0.029947 
-0.038167 -0.027155 
-0.039817 -0.023989 
-0.041297 -0.019844 
-0.044414 -0.015828 
-0.045644 -0.011859 
-0.047684 -0.008335 
-0.048741 -0.003618 
-0.049074 0.002406 
-0.049433 0.006938 
-0.049271 0.012193 
-0.049300 0.016760 
-0.048852 0.021138 
-0.048112 0.026266 
-0.045037 0.031332 
-0.044202 0.035119 
-0.042105 0.038550 
-0.040575 0.042457 
-0.038857 0.045420 
-0.035475 0.047854 
-0.034388 0.049790 
-0.031011 0.052280 
-0.028735 0.052243 
-0.024025 0.052858 
-0.020566 0.053843 
-0.018396 0.052098 
-0.013971 0.052302 
-0.010956 0.050544 
-0.006153 0.047349 
-0.002802 0.045492 
0.000974 0.042532 
0.006260 0.039347 
0.011640 0.037630 
0.016320 0.034015 
0.021577 0.029720 
0.025503 0.027454 
0.028436 0.022703 
0.033806 0.018662 
0.036767 0.014982 
0.041789 0.009956 
0.046114 0.005570 
0.048419 0.000962 
0.050462 -0.002923 
0.050546 -0.007624 
0.053387 -0.012637 
0.054450 -0.016997 
0.053224 -0.020334 
0.053022 -0.024355 
0.052467 -0.027789 
0.050265 -0.029956 
0.048140 -0.035006 
0.046268 -0.037708 
0.043716 -0.038852 
0.041385 -0.041379 
0.036848 -0.042723 
0.032693 -0.044096 
0.029740 -0.044511 
0.026023 -0.044358 
0.021678 -0.044672 
0.016775 -0.044941 
0.012640 -0.044509 
0.008449 -0.043732 
0.004771 -0.042477 
0.001750 -0.040820 
-0.001951 -0.039395 
-0.005769 -0.037702 
-0.010065 -0.036546 
-0.014485 -0.034970 
-0.017798 -0.032393 
-0.022683 -0.030235 
-0.027761 -0.028701 
-0.029828 -0.027125 
-0.031777 -0.025257 
-0.035203 -0.023430 
-0.038591 -0.021540 
-0.040025 -0.018644 
-0.042184 -0.017366 
-0.044053 -0.015918 
-0.044118 -0.014002 
-0.044708 -0.013280 
-0.044603 -0.009468 
-0.045123 -0.008383 
-0.043865 -0.006628 
-0.041798 -0.002899 
-0.041068 -0.002473 
-0.039264 0.001002 
-0.037507 0.004820 
-0.035229 0.007369 
-0.033674 0.010936 
-0.031773 0.013424 
-0.029133 0.015004 
-0.027545 0.018340 
-0.025477 0.020781 
-0.024001 0.023608 
-0.022144 0.027147 
-0.018935 0.029627 
-0.017778 0.032717 
-0.016280 0.033968 
-0.013670 0.036018 
-0.012482 0.037893 
-0.009497 0.040602 
-0.008074 0.040895 
-0.007390 0.040381 
-0.003547 0.042079 
-0.001400 0.041889 
0.000028 0.043204 
0.002351 0.041360 
0.004622 0.041387 
0.007686 0.041987 
0.010077 0.040035 
0.012111 0.039146 
0.015637 0.037177 
0.018218 0.036836 
0.020044 0.035453 
0.023121 0.035240 
0.026419 0.034180 
0.028194 0.030998 
0.030062 0.029924 
0.032821 0.029245 
0.034571 0.027291 
0.038339 0.025000 
0.041070 0.022629 
0.041146 0.018868 
0.042325 0.016917 
0.043692 0.014177 
0.044384 0.009666 
0.044709 0.005788 
0.045025 0.002472 
0.044066 -0.000064 
0.043388 -0.003581 
0.042938 -0.007260 
0.041581 -0.010912 
0.040938 -0.014066 
0.039426 -0.016744 
0.036761 -0.020719 
0.035134 -0.025213 
0.032632 -0.029060 
0.031031 -0.031672 
0.029406 -0.034552 
0.025421 -0.037606 
0.023812 -0.040353 
0.022047 -0.042262 
0.019854 -0.041637 
0.016898 -0.043406 
0.014271 -0.044973 
0.011428 -0.045407 
0.007441 -0.047488 
0.005910 -0.045951 
0.002440 -0.045019 
0.000262 -0.045742 
-0.002695 -0.044820 
-0.006963 -0.043431 
-0.009946 -0.042563 
-0.014252 -0.042147 
-0.017529 -0.040672 
-0.021152 -0.038246 
-0.024340 -0.036905 
-0.027650 -0.035570 
-0.030778 -0.032134 
-0.034455 -0.029130 
-0.038093 -0.025837 
-0.040564 -0.023271 
-0.043068 -0.019507 
-0.044482 -0.014902 
-0.045936 -0.011275 
-0.047458 -0.006533 
-0.048913 -0.002249 
-0.049255 0.004420 
-0.049975 0.009773 
-0.049616 0.014009 
-0.048562 0.019200 
-0.048451 0.023847 
-0.047318 0.028739 
-0.046124 0.032063 
-0.044261 0.037458 
-0.043282 0.041758 
-0.041635 0.043386 
-0.039328 0.046563 
-0.035946 0.049569 
-0.031347 0.051665 
-0.029857 0.051977 
-0.027451 0.051629 
-0.024737 0.052988 
-0.022294 0.052821 
-0.017537 0.051532 
-0.014362 0.051472 
-0.010672 0.049750 
-0.005267 0.047610 
-0.001115 0.046209 
0.002381 0.044164 
0.007646 0.041061 
0.013431 0.037713 
0.017651 0.035475 
0.023030 0.032793 
0.027469 0.028524 
0.031718 0.023684 
0.036169 0.018904 
0.039712 0.014549 
0.044058 0.010916 
0.046090 0.005991 
0.048491 0.000180 
0.051158 -0.004163 
0.052689 -0.008496 
0.053928 -0.013003 
0.053542 -0.016231 
0.053791 -0.020832 
0.053012 -0.025328 
0.050558 -0.028524 
0.049996 -0.032846 
0.048881 -0.035167 
0.045422 -0.037532 
0.042765 -0.039840 
0.039539 -0.040362 
0.035689 -0.041718 
0.031606 -0.042097 
0.027431 -0.042470 
0.024247 -0.043462 
0.020699 -0.044314 
0.017727 -0.043753 
0.013459 -0.042201 
0.008609 -0.041563 
0.005120 -0.040416 
-0.000001 -0.039128 
-0.004318 -0.038064 
-0.008786 -0.036681 
-0.014345 -0.034397 
-0.015949 -0.032559 
-0.019792 -0.031528 
-0.025267 -0.029930 
-0.028371 -0.027473 
-0.031491 -0.025450 
-0.033578 -0.024050 
-0.036835 -0.020841 
-0.039143 -0.019179 
-0.041147 -0.018130 
-0.041425 -0.016506 
-0.042161 -0.015779 
-0.045203 -0.013587 
-0.044586 -0.012248 
-0.044287 -0.009964 
-0.044146 -0.007096 
-0.043480 -0.005050 
-0.041522 -0.001831 
-0.039172 0.000866 
-0.039255 0.002658 
-0.037840 0.004764 
-0.035027 0.008906 
-0.033100 0.011689 
-0.031192 0.013974 
-0.030115 0.017728 
-0.028557 0.019939 
-0.025417 0.023654 
-0.025392 0.027012 
-0.023663 0.028806 
-0.020332 0.031818 
-0.018462 0.033568 
-0.016690 0.035638 
-0.015559 0.038004 
-0.012546 0.039867 
-0.010465 0.041575 
-0.008685 0.041665 
-0.007198 0.042563 
-0.005363 0.043083 
-0.002896 0.042959 
-0.001756 0.042986 
0.001095 0.043111 
0.004956 0.042565 
0.007598 0.042173 
0.009357 0.043094 
0.011953 0.040557 
0.015401 0.038239 
0.018781 0.036988 
0.020971 0.036393 
0.023508 0.035735 
0.026721 0.033679 
0.029737 0.033261 
0.032257 0.031339 
0.034854 0.030357 
0.037348 0.028037 
0.038930 0.025435 
0.040626 0.023221 
0.040856 0.018980 
0.041876 0.017281 
0.042801 0.013831 
0.043991 0.010348 
0.044264 0.007043 
0.043693 0.003093 
0.045040 0.000129 
0.043598 -0.004474 
0.042103 -0.007745 
0.041571 -0.010150 
0.041070 -0.014538 
0.038920 -0.018840 
0.035840 -0.021466 
0.035070 -0.025388 
0.033746 -0.028983 
0.030854 -0.030855 
0.029189 -0.033397 
0.027876 -0.035847 
0.024990 -0.038726 
0.023581 -0.041161 
0.020848 -0.041705 
0.018328 -0.042357 
0.016553 -0.043871 
0.013645 -0.043642 
0.010994 -0.043526 
0.008196 -0.044720 
0.004976 -0.044719 
0.001421 -0.044683 
-0.000514 -0.044160 
-0.005294 -0.042960 
-0.009441 -0.042030 
-0.012399 -0.041575 
-0.016698 -0.040431 
-0.020131 -0.038518 
-0.024176 -0.037102 
-0.027388 -0.034803 
-0.031258 -0.032324 
-0.033677 -0.028841 
-0.035612 -0.025947 
-0.038779 -0.023454 
-0.040820 -0.018483 
-0.041629 -0.013368 
-0.044199 -0.008709 
-0.047042 -0.004715 
-0.046716 0.000611 
-0.047199 0.005765 
-0.047145 0.009691 
-0.047113 0.014216 
-0.046919 0.019059 
-0.045933 0.024261 
-0.046129 0.029123 
-0.044684 0.033694 
-0.042384 0.037253 
-0.040376 0.040805 
-0.038422 0.043413 
-0.037596 0.046671 
-0.035448 0.048631 
-0.032112 0.049732 
-0.029578 0.051878 
-0.026037 0.051465 
-0.023099 0.052120 
-0.019569 0.050850 
-0.016324 0.050675 
-0.012763 0.051160 
-0.007775 0.048192 
-0.004391 0.046688 
0.000786 0.044504 
0.005582 0.041165 
0.010532 0.039469 
0.014920 0.038435 
0.019273 0.033454 
0.026434 0.030672 
0.030113 0.027781 
0.034041 0.021400 
0.038449 0.018310 
0.041621 0.013843 
0.045768 0.008999 
0.047964 0.005383 
0.050260 0.000203 
0.052055 -0.005786 
0.053519 -0.009884 
0.054384 -0.014832 
0.053671 -0.019990 
0.053940 -0.022207 
0.053422 -0.027358 
0.052092 -0.031624 
0.048863 -0.033492 
0.046529 -0.036503 
0.045006 -0.037691 
0.041135 -0.039495 
0.038063 -0.041540 
0.034947 -0.041385 
0.032756 -0.042912 
0.028698 -0.043907 
0.024362 -0.043032 
0.021655 -0.043164 
0.016106 -0.042628 
0.012330 -0.040968 
0.009503 -0.039974 
0.005014 -0.040050 
0.000512 -0.039512 
-0.004741 -0.038018 
-0.009278 -0.035479 
-0.012858 -0.033825 
-0.017244 -0.033127 
-0.021838 -0.030990 
-0.025706 -0.029253 
-0.028493 -0.027613 
-0.032234 -0.026520 
-0.035906 -0.026964 
-0.037854 -0.024432 
-0.040409 -0.020180 
-0.041798 -0.018383 
-0.042523 -0.018005 
-0.043758 -0.017875 
-0.044619 -0.015456 
-0.044254 -0.013869 
-0.043459 -0.012848 
-0.044106 -0.008352 
-0.043043 -0.004710 
-0.040528 -0.003285 
-0.040418 -0.000947 
-0.038845 0.002423 
-0.035806 0.004449 
-0.035147 0.007701 
-0.032226 0.010792 
-0.030235 0.013583 
-0.029503 0.018102 
-0.026364 0.021179 
-0.025274 0.023525 
-0.024272 0.026110 
-0.021902 0.029435 
-0.020899 0.031674 
-0.018026 0.034223 
-0.014379 0.036958 
-0.015071 0.037607 
-0.012944 0.039083 
-0.009625 0.041068 
-0.008090 0.041236 
-0.004908 0.041486 
-0.003596 0.043153 
-0.002269 0.042070 
-0.000001 0.041449 
0.002416 0.042265 
0.005404 0.040877 
0.008692 0.040365 
0.010690 0.039744 
0.013624 0.038857 
0.015843 0.039022 
0.018110 0.037716 
0.023171 0.035948 
0.024762 0.035749 
0.026914 0.035605 
0.030781 0.033115 
0.033807 0.030236 
0.035600 0.028711 
0.037644 0.026763 
0.039965 0.024720 
0.041230 0.021704 
0.043378 0.019316 
0.043142 0.016591 
0.044583 0.012249 
0.045967 0.008913 
0.043835 0.006179 
0.044077 0.002545 
0.044210 -0.002548 
0.042235 -0.005323 
0.041236 -0.008132 
0.040256 -0.012082 
0.039817 -0.016489 
0.039265 -0.020586 
0.036640 -0.023502 
0.034046 -0.026998 
0.031719 -0.029167 
0.030191 -0.033174 
0.028840 -0.035686 
0.028324 -0.036341 
0.025586 -0.038752 
0.022610 -0.040469 
0.021895 -0.041233 
0.018786 -0.042924 
0.017046 -0.044758 
0.014095 -0.044221 
0.010270 -0.043500 
0.007871 -0.043747 
0.003713 -0.045944 
0.000000 -0.045015 
-0.002823 -0.044510 
-0.007109 -0.044974 
-0.011095 -0.042743 
-0.013933 -0.043178 
-0.018696 -0.041892 
-0.022728 -0.040385 
-0.025298 -0.038123 
-0.027601 -0.034693 
-0.030879 -0.030436 
-0.033385 -0.027204 
-0.036131 -0.025518 
-0.039352 -0.020628 
-0.040599 -0.017930 
-0.044119 -0.013989 
-0.044807 -0.008850 
-0.045763 -0.003203 
-0.047278 0.001533 
-0.046225 0.004869 
-0.047450 0.011777 
-0.047176 0.016626 
-0.046670 0.021815 
-0.044978 0.027437 
-0.044733 0.031550 
-0.044249 0.034924 
-0.041867 0.038581 
-0.041808 0.042187 
-0.038279 0.043602 
-0.036993 0.045985 
-0.036467 0.047082 
-0.032509 0.049288 
-0.029947 0.050734 
-0.027155 0.050624 
-0.023989 0.052749 
-0.019844 0.051700 
-0.015828 0.050481 
-0.011859 0.049999 
-0.008335 0.047708 
-0.003618 0.047607 
0.002406 0.046065 
0.006938 0.041591 
0.012193 0.039633 
0.016760 0.036051 
0.021138 0.032237 
0.026266 0.029198 
0.031332 0.024294 
0.035119 0.021638 
0.038550 0.017813 
0.042457 0.013237 
0.045420 0.008773 
0.047854 0.004059 
0.049790 -0.000696 
0.052280 -0.006157 
0.052243 -0.011095 
0.052858 -0.015372 
0.053843 -0.018560 
0.052098 -0.022848 
0.052302 -0.026459 
0.050544 -0.029722 
0.047349 -0.032044 
0.045492 -0.034971 
0.042532 -0.038146 
0.039347 -0.039554 
0.037630 -0.041623 
0.034015 -0.041262 
0.029720 -0.042263 
0.027454 -0.042711 
0.022703 -0.042487 
0.018662 -0.044023 
0.014982 -0.041914 
0.009956 -0.040829 
0.005570 -0.040938 
0.000962 -0.038971 
-0.002923 -0.038230 
-0.007624 -0.037863 
-0.012637 -0.035598 
-0.016997 -0.033819 
-0.020334 -0.033202 
-0.024355 -0.031532 
-0.027789 -0.029752 
-0.029956 -0.028503 
-0.035006 -0.027017 
-0.037708 -0.025076 
-0.038852 -0.023251 
-0.041379 -0.022672 
-0.042723 -0.020622 
-0.044096 -0.019382 
-0.044511 -0.017820 
-0.044358 -0.014784 
-0.044672 -0.014994 
-0.044941 -0.012479 
-0.044509 -0.008647 
-0.043732 -0.006670 
-0.042477 -0.004364 
-0.040820 -0.001009 
-0.039395 0.001598 
-0.037702 0.004621 
-0.036546 0.009035 
-0.034970 0.011368 
-0.032393 0.015500 
-0.030235 0.017633 
-0.028701 0.019379 
-0.027125 0.023463 
-0.025257 0.026906 
-0.023430 0.029818 
-0.021540 0.032217 
-0.018644 0.034233 
-0.017366 0.034663 
-0.015918 0.037439 
-0.014002 0.038630 
-0.013280 0.038445 
-0.009468 0.040039 
-0.008383 0.041386 
-0.006628 0.041310 
-0.002899 0.040874 
-0.002473 0.040966 
0.001002 0.040029 
0.004820 0.040590 
0.007369 0.040690 
0.010936 0.040039 
0.013424 0.039182 
0.015004 0.039100 
0.018340 0.038434 
0.020781 0.036663 
0.023608 0.034502 
0.027147 0.032452 
0.029627 0.032449 
0.032717 0.030742 
0.033968 0.029173 
0.036018 0.027261 
0.037893 0.024561 
0.040602 0.022179 
0.040895 0.019702 
0.040381 0.016276 
0.042079 0.013510 
0.041889 0.011436 
0.043204 0.006353 
0.041360 0.002568 
0.041387 -0.000947 
0.041987 -0.005360 
0.040035 -0.009872 
0.039146 -0.013329 
0.037177 -0.016291 
0.036836 -0.019920 
0.035453 -0.022712 
0.035240 -0.026299 
0.034180 -0.028231 
0.030998 -0.030361 
0.029924 -0.033761 
0.029245 -0.036391 
0.027291 -0.037973 
0.025000 -0.038194 
0.022629 -0.040060 
0.018868 -0.042088 
0.016917 -0.042664 
0.014177 -0.043215 
0.009666 -0.044152 
0.005788 -0.045014 
0.002472 -0.044133 
-0.000064 -0.044790 
-0.003581 -0.044850 
-0.007260 -0.043265 
-0.010912 -0.043311 
-0.014066 -0.042220 
-0.016744 -0.041678 
-0.020719 -0.039709 
-0.025213 -0.037583 
-0.029060 -0.035380 
-0.031672 -0.031880 
-0.034552 -0.028728 
-0.037606 -0.024252 
-0.040353 -0.020769 
-0.042262 -0.015719 
-0.041637 -0.011055 
-0.043406 -0.006356 
-0.044973 -0.000913 
-0.045407 0.003511 
-0.047488 0.009441 
-0.045951 0.014230 
-0.045019 0.018751 
-0.045742 0.024597 
-0.044820 0.028554 
-0.043431 0.032448 
-0.042563 0.037197 
-0.042147 0.038631 
-0.040672 0.042793 
-0.038246 0.045664 
-0.036905 0.045199 
-0.035570 0.048361 
-0.032134 0.050797 
-0.029130 0.051695 
-0.025837 0.051708 
-0.023271 0.052412 
-0.019507 0.051911 
-0.014902 0.051028 
-0.011275 0.050246 
-0.006533 0.048794 
-0.002249 0.046797 
0.004420 0.045414 
0.009773 0.044690 
0.014009 0.039837 
0.019200 0.037419 
0.023847 0.033965 
0.028739 0.029588 
0.032063 0.026478 
0.037458 0.020956 
0.041758 0.017143 
0.043386 0.011986 
0.046563 0.006320 
0.049569 0.000349 
0.051665 -0.003084 
0.051977 -0.006206 
0.051629 -0.011639 
0.052988 -0.015262 
0.052821 -0.019805 
0.051532 -0.023687 
0.051472 -0.027897 
0.049750 -0.030663 
0.047610 -0.032486 
0.046209 -0.035413 
0.044164 -0.037253 
0.041061 -0.038309 
0.037713 -0.039271 
0.035475 -0.042062 
0.032793 -0.043000 
0.028524 -0.043337 
0.023684 -0.044184 
0.018904 -0.043554 
0.014549 -0.041496 
0.010916 -0.040221 
0.005991 -0.039491 
0.000180 -0.037681 
-0.004163 -0.038737 
-0.008496 -0.036623 
-0.013003 -0.034921 
-0.016231 -0.035141 
-0.020832 -0.032248 
-0.025328 -0.031745 
-0.028524 -0.031601 
-0.032846 -0.029537 
-0.035167 -0.026391 
-0.037532 -0.025767 
-0.039840 -0.024822 
-0.040362 -0.023475 
-0.041718 -0.023077 
-0.042097 -0.020724 
-0.042470 -0.018967 
-0.043462 -0.016646 
-0.044314 -0.013370 
-0.043753 -0.010281 
-0.042201 -0.009622 
-0.041563 -0.007411 
-0.040416 -0.003554 
-0.039128 -0.000293 
-0.038064 0.002433 
-0.036681 0.004467 
-0.034397 0.009109 
-0.032559 0.011536 
-0.031528 0.013875 
-0.029930 0.016919 
-0.027473 0.019596 
-0.025450 0.023692 
-0.024050 0.026805 
-0.020841 0.029965 
-0.019179 0.031470 
-0.018130 0.032671 
-0.016506 0.035596 
-0.015779 0.036172 
-0.013587 0.036088 
-0.012248 0.038114 
-0.009964 0.038079 
-0.007096 0.039203 
-0.005050 0.040739 
-0.001831 0.040445 
0.000866 0.040144 
0.002658 0.039151 
0.004764 0.040710 
0.008906 0.039848 
0.011689 0.038877 
0.013974 0.040157 
0.017728 0.039425 
0.019939 0.037691 
0.023654 0.035330 
0.027012 0.034441 
0.028806 0.033196 
0.031818 0.032287 
0.033568 0.029722 
0.035638 0.027403 
0.038004 0.026892 
0.039867 0.023381 
0.041575 0.021186 
0.041665 0.018230 
0.042563 0.013572 
0.043083 0.010343 
0.042959 0.007147 
0.042986 0.003278 
0.043111 -0.000049 
0.042565 -0.003164 
0.042173 -0.008103 
0.043094 -0.012381 
0.040557 -0.015655 
0.038239 -0.018785 
0.036988 -0.023201 
0.036393 -0.025823 
0.035735 -0.027217 
0.033679 -0.031371 
0.033261 -0.032811 
0.031339 -0.035388 
0.030357 -0.038002 
0.028037 -0.036804 
0.025435 -0.039518 
0.023221 -0.041153 
0.018980 -0.040668 
0.017281 -0.043742 
0.013831 -0.044838 
0.010348 -0.045076 
0.007043 -0.045725 
0.003093 -0.046291 
0.000129 -0.046595 
-0.004474 -0.044906 
-0.007745 -0.045564 
-0.010150 -0.043889 
-0.014538 -0.041994 
-0.018840 -0.042017 
-0.021466 -0.039258 
-0.025388 -0.037702 
-0.028983 -0.034807 
-0.030855 -0.031090 
-0.033397 -0.028017 
-0.035847 -0.024403 
-0.038726 -0.019872 
-0.041161 -0.015010 
-0.041705 -0.010146 
-0.042357 -0.003844 
-0.043871 0.000478 
-0.043642 0.005001 
-0.043526 0.010784 
-0.044720 0.016383 
-0.044719 0.021379 
-0.044683 0.025248 
-0.044160 0.029407 
-0.042960 0.032990 
-0.042030 0.037898 
-0.041575 0.040981 
-0.040431 0.041697 
-0.038518 0.044787 
-0.037102 0.046824 
-0.034803 0.048393 
-0.032324 0.049460 
-0.028841 0.049851 
-0.025947 0.051198 
-0.023454 0.049689 
-0.018483 0.048560 
-0.013368 0.049513 
-0.008709 0.048917 
-0.004715 0.047445 
0.000611 0.047015 
0.005765 0.044828 
0.009691 0.041110 
0.014216 0.039666 
0.019059 0.035954 
0.024261 0.031074 
0.029123 0.028135 
0.033694 0.024725 
0.037253 0.019331 
0.040805 0.013147 
0.043413 0.009887 
0.046671 0.006209 
0.048631 0.000721 
0.049732 -0.003961 
0.051878 -0.008870 
0.051465 -0.013028 
0.052120 -0.016767 
0.050850 -0.021016 
0.050675 -0.024310 
0.051160 -0.028014 
0.048192 -0.031013 
0.046688 -0.032093 
0.044504 -0.034811 
0.041165 -0.037702 
0.039469 -0.037668 
0.038435 -0.038031 
0.033454 -0.040914 
0.030672 -0.041917 
0.027781 -0.040966 
0.021400 -0.042015 
0.018310 -0.042176 
0.013843 -0.040746 
0.008999 -0.040579 
0.005383 -0.039321 
0.000203 -0.038194 
-0.005786 -0.037940 
-0.009884 -0.037130 
-0.014832 -0.035805 
-0.019990 -0.033001 
-0.022207 -0.032191 
-0.027358 -0.030612 
-0.031624 -0.029429 
-0.033492 -0.030464 
-0.036503 -0.027773 
-0.037691 -0.025756 
-0.039495 -0.024461 
-0.041540 -0.023519 
-0.041385 -0.022681 
-0.042912 -0.019969 
-0.043907 -0.017884 
-0.043032 -0.015188 
-0.043164 -0.014817 
-0.042628 -0.014013 
-0.040968 -0.010330 
-0.039974 -0.006329 
-0.040050 -0.003639 
-0.039512 -0.001343 
-0.038018 0.003103 
-0.035479 0.006252 
-0.033825 0.009920 
-0.033127 0.012976 
-0.030990 0.015945 
-0.029253 0.017993 
-0.027613 0.020700 
-0.026520 0.025546 
-0.026964 0.026097 
-0.024432 0.029224 
-0.020180 0.031557 
-0.018383 0.032581 
-0.018005 0.034295 
-0.017875 0.035536 
-0.015456 0.038014 
-0.013869 0.036814 
-0.012848 0.038187 
-0.008352 0.040343 
-0.004710 0.040549 
-0.003285 0.040436 
-0.000947 0.039797 
0.002423 0.039495 
0.004449 0.039307 
0.007701 0.039436 
0.010792 0.038707 
0.013583 0.037886 
0.018102 0.036804 
0.021179 0.037807 
0.023525 0.036687 
0.026110 0.035131 
0.029435 0.034528 
0.031674 0.031366 
0.034223 0.029446 
0.036958 0.027287 
0.037607 0.024854 
0.039083 0.022843 
0.041068 0.021466 
0.041236 0.018385 
0.041486 0.013636 
0.043153 0.009489 
0.042070 0.005522 
0.041449 0.003057 
0.042265 0.000506 
0.040877 -0.004319 
0.040365 -0.009037 
0.039744 -0.011440 
0.038857 -0.015038 
0.039022 -0.018994 
0.037716 -0.021203 
0.035948 -0.023972 
0.035749 -0.027638 
0.035605 -0.030742 
0.033115 -0.032951 
0.030236 -0.035445 
0.028711 -0.037606 
0.026763 -0.038506 
0.024720 -0.039917 
0.021704 -0.041402 
0.019316 -0.042724 
0.016591 -0.044651 
0.012249 -0.044686 
0.008913 -0.044782 
0.006179 -0.046166 
0.002545 -0.046448 
-0.002548 -0.046268 
-0.005323 -0.046981 
-0.008132 -0.046297 
-0.012082 -0.045213 
-0.016489 -0.045593 
-0.020586 -0.043404 
-0.023502 -0.040362 
-0.026998 -0.038881 
-0.029167 -0.035657 
-0.033174 -0.030640 
-0.035686 -0.026076 
-0.036341 -0.022417 
-0.038752 -0.018641 
-0.040469 -0.012453 
-0.041233 -0.008328 
-0.042924 -0.004682 
-0.044758 0.001281 
-0.044221 0.006165 
-0.043500 0.011944 
-0.043747 0.016584 
-0.045944 0.021438 
-0.045015 0.025482 
-0.044510 0.029124 
-0.044974 0.033239 
-0.042743 0.035904 
-0.043178 0.039107 
-0.041892 0.042030 
-0.040385 0.045412 
-0.038123 0.048223 
-0.034693 0.049435 
-0.030436 0.049649 
-0.027204 0.050954 
-0.025518 0.051886 
-0.020628 0.052558 
-0.017930 0.051775 
-0.013989 0.051412 
-0.008850 0.050968 
-0.003203 0.048413 
0.001533 0.047771 
0.004869 0.044380 
0.011777 0.042901 
0.016626 0.040559 
0.021815 0.036715 
0.027437 0.033100 
0.031550 0.027750 
0.034924 0.024347 
0.038581 0.018781 
0.042187 0.014258 
0.043602 0.010518 
0.045985 0.006326 
0.047082 0.001379 
0.049288 -0.003378 
0.050734 -0.008648 
0.050624 -0.012335 
0.052749 -0.014962 
0.051700 -0.019853 
0.050481 -0.023440 
0.049999 -0.027690 
0.047708 -0.029270 
0.047607 -0.031757 
0.046065 -0.033536 
0.041591 -0.035065 
0.039633 -0.037301 
0.036051 -0.037061 
0.032237 -0.039163 
0.029198 -0.039351 
0.024294 -0.038947 
0.021638 -0.039639 
0.017813 -0.039869 
0.013237 -0.038892 
0.008773 -0.039104 
0.004059 -0.038178 
-0.000696 -0.036775 
-0.006157 -0.036224 
-0.011095 -0.033978 
-0.015372 -0.034861 
-0.018560 -0.033430 
-0.022848 -0.032094 
-0.026459 -0.031062 
-0.029722 -0.029511 
-0.032044 -0.029710 
-0.034971 -0.026302 
-0.038146 -0.025126 
-0.039554 -0.024539 
-0.041623 -0.023101 
-0.041262 -0.021818 
-0.042263 -0.018507 
-0.042711 -0.017230 
-0.042487 -0.015636 
-0.044023 -0.013412 
-0.041914 -0.010437 
-0.040829 -0.007171 
-0.040938 -0.004858 
-0.038971 -0.001362 
-0.038230 0.001089 
-0.037863 0.004265 
-0.035598 0.007822 
-0.033819 0.011090 
-0.033202 0.014801 
-0.031532 0.017783 
-0.029752 0.019097 
-0.028503 0.021822 
-0.027017 0.026158 
-0.025076 0.027790 
-0.023251 0.029798 
-0.022672 0.030795 
-0.020622 0.033271 
-0.019382 0.035041 
-0.017820 0.036025 
-0.014784 0.037702 
-0.014994 0.037327 
-0.012479 0.039739 
-0.008647 0.039561 
-0.006670 0.039528 
-0.004364 0.040300 
-0.001009 0.040212 
0.001598 0.039846 
0.004621 0.039119 
0.009035 0.040474 
0.011368 0.038704 
0.015500 0.037460 
0.017633 0.037784 
0.019379 0.037786 
0.023463 0.036222 
0.026906 0.034615 
0.029818 0.034363 
0.032217 0.031707 
0.034233 0.029118 
0.034663 0.027660 
0.037439 0.024994 
0.038630 0.021658 
0.038445 0.019940 
0.040039 0.017368 
0.041386 0.013425 
0.041310 0.008730 
0.040874 0.004453 
0.040966 0.001274 
0.040029 -0.002405 
0.040590 -0.005937 
0.040690 -0.010078 
0.040039 -0.013043 
0.039182 -0.015426 
0.039100 -0.019295 
0.038434 -0.023309 
0.036663 -0.026328 
0.034502 -0.028178 
0.032452 -0.030981 
0.032449 -0.034132 
0.030742 -0.036264 
0.029173 -0.038708 
0.027261 -0.040570 
0.024561 -0.041958 
0.022179 -0.042695 
0.019702 -0.043587 
0.016276 -0.046120 
0.013510 -0.048137 
0.011436 -0.048370 
0.006353 -0.047715 
0.002568 -0.048234 
-0.000947 -0.048748 
-0.005360 -0.049165 
-0.009872 -0.048975 
-0.013329 -0.047866 
-0.016291 -0.045850 
-0.019920 -0.043711 
-0.022712 -0.042931 
-0.026299 -0.039545 
-0.028231 -0.035341 
-0.030361 -0.031449 
-0.033761 -0.027625 
-0.036391 -0.022489 
-0.037973 -0.016375 
-0.038194 -0.012858 
-0.040060 -0.008287 
-0.042088 -0.002818 
-0.042664 0.002248 
-0.043215 0.006651 
-0.044152 0.011560 
-0.045014 0.017476 
-0.044133 0.021079 
-0.044790 0.024129 
-0.044850 0.029180 
-0.043265 0.033857 
-0.043311 0.036406 
-0.042220 0.039387 
-0.041678 0.041826 
-0.039709 0.044253 
-0.037583 0.047704 
-0.035380 0.048850 
-0.031880 0.050789 
-0.028728 0.050904 
-0.024252 0.050147 
-0.020769 0.051461 
-0.015719 0.049469 
-0.011055 0.049713 
-0.006356 0.048730 
-0.000913 0.047051 
0.003511 0.046997 
0.009441 0.043203 
0.014230 0.040711 
0.018751 0.036959 
0.024597 0.034074 
0.028554 0.030280 
0.032448 0.025064 
0.037197 0.023149 
0.038631 0.018845 
0.042793 0.013204 
0.045664 0.008018 
0.045199 0.003786 
0.048361 -0.000517 
0.050797 -0.004792 
0.051695 -0.009267 
0.051708 -0.013880 
0.052412 -0.016639 
0.051911 -0.019600 
0.051028 -0.022625 
0.050246 -0.026011 
0.048794 -0.028918 
0.046797 -0.031263 
0.045414 -0.033446 
0.044690 -0.034875 
0.039837 -0.037140 
0.037419 -0.038047 
0.033965 -0.038496 
0.029588 -0.039807 
0.026478 -0.038687 
0.020956 -0.037859 
0.017143 -0.038693 
0.011986 -0.039010 
0.006320 -0.038507 
0.000349 -0.037599 
-0.003084 -0.035840 
-0.006206 -0.034219 
-0.011639 -0.034086 
-0.015262 -0.033328 
-0.019805 -0.032406 
-0.023687 -0.031050 
-0.027897 -0.030381 
-0.030663 -0.029233 
-0.032486 -0.028255 
-0.035413 -0.028823 
-0.037253 -0.026232 
-0.038309 -0.023885 
-0.039271 -0.023574 
-0.042062 -0.022901 
-0.043000 -0.020734 
-0.043337 -0.018125 
-0.044184 -0.014619 
-0.043554 -0.011538 
-0.041496 -0.010609 
-0.040221 -0.007663 
-0.039491 -0.004845 
-0.037681 -0.001568 
-0.038737 0.002426 
-0.036623 0.004098 
-0.034921 0.007062 
-0.035141 0.011585 
-0.032248 0.014133 
-0.031745 0.017416 
-0.031601 0.021093 
-0.029537 0.023284 
-0.026391 0.026488 
-0.025767 0.028532 
-0.024822 0.030402 
-0.023475 0.032898 
-0.023077 0.034763 
-0.020724 0.035443 
-0.018967 0.035982 
-0.016646 0.038087 
-0.013370 0.038173 
-0.010281 0.037377 
-0.009622 0.038068 
-0.007411 0.038719 
-0.003554 0.039335 
-0.000293 0.040423 
0.002433 0.041266 
0.004467 0.040132 
0.009109 0.038840 
0.011536 0.039770 
0.013875 0.039515 
0.016919 0.038240 
0.019596 0.036860 
0.023692 0.035882 
0.026805 0.036186 
0.029965 0.034017 
0.031470 0.030729 
0.032671 0.028645 
0.035596 0.027709 
0.036172 0.024967 
0.036088 0.021229 
0.038114 0.018986 
0.038079 0.015181 
0.039203 0.010336 
0.040739 0.007074 
0.040445 0.004738 
0.040144 -0.000154 
0.039151 -0.003745 
0.040710 -0.006982 
0.039848 -0.012013 
0.038877 -0.014988 
0.040157 -0.017605 
0.039425 -0.021238 
0.037691 -0.025857 
0.035330 -0.027186 
0.034441 -0.028352 
0.033196 -0.031611 
0.032287 -0.033325 
0.029722 -0.036865 
0.027403 -0.039348 
0.026892 -0.039822 
0.023381 -0.042665 
0.021186 -0.044912 
0.018230 -0.045488 
0.013572 -0.046696 
0.010343 -0.048235 
0.007147 -0.049910 
0.003278 -0.049573 
-0.000049 -0.048614 
-0.003164 -0.049391 
-0.008103 -0.049961 
-0.012381 -0.049501 
-0.015655 -0.047062 
-0.018785 -0.044663 
-0.023201 -0.043825 
-0.025823 -0.040942 
-0.027217 -0.037583 
-0.031371 -0.035100 
-0.032811 -0.030133 
-0.035388 -0.025998 
-0.038002 -0.021336 
-0.036804 -0.016468 
-0.039518 -0.012876 
-0.041153 -0.008019 
-0.040668 -0.004021 
-0.043742 0.002993 
-0.044838 0.008127 
-0.045076 0.012089 
-0.045725 0.018376 
-0.046291 0.021184 
-0.046595 0.025642 
-0.044906 0.029723 
-0.045564 0.031610 
-0.043889 0.036304 
-0.041994 0.040659 
-0.042017 0.041915 
-0.039258 0.045272 
-0.037702 0.047824 
-0.034807 0.049038 
-0.031090 0.052142 
-0.028017 0.050638 
-0.024403 0.051244 
-0.019872 0.052854 
-0.015010 0.052063 
-0.010146 0.052455 
-0.003844 0.050053 
0.000478 0.047960 
0.005001 0.045851 
0.010784 0.044108 
0.016383 0.041227 
0.021379 0.036463 
0.025248 0.033909 
0.029407 0.029932 
0.032990 0.024544 
0.037898 0.021332 
0.040981 0.018792 
0.041697 0.013510 
0.044787 0.007771 
0.046824 0.003811 
0.048393 0.001348 
0.049460 -0.002881 
0.049851 -0.008838 
0.051198 -0.013146 
0.049689 -0.016612 
0.048560 -0.018848 
0.049513 -0.023072 
0.048917 -0.026781 
0.047445 -0.028952 
0.047015 -0.031350 
0.044828 -0.032969 
0.041110 -0.035282 
0.039666 -0.035640 
0.035954 -0.036196 
0.031074 -0.036841 
0.028135 -0.037698 
0.024725 -0.038394 
0.019331 -0.037616 
0.013147 -0.037777 
0.009887 -0.036966 
0.006209 -0.036806 
0.000721 -0.035989 
-0.003961 -0.033765 
-0.008870 -0.033128 
-0.013028 -0.032816 
-0.016767 -0.031910 
-0.021016 -0.030358 
-0.024310 -0.028791 
-0.028014 -0.028889 
-0.031013 -0.028032 
-0.032093 -0.027132 
-0.034811 -0.026674 
-0.037702 -0.024027 
-0.037668 -0.023110 
-0.038031 -0.021361 
-0.040914 -0.020919 
-0.041917 -0.019202 
-0.040966 -0.014989 
-0.042015 -0.014142 
-0.042176 -0.010250 
-0.040746 -0.007706 
-0.040579 -0.005870 
-0.039321 -0.002346 
-0.038194 0.000673 
-0.037940 0.004078 
-0.037130 0.005991 
-0.035805 0.009653 
-0.033001 0.013573 
-0.032191 0.016432 
-0.030612 0.019224 
-0.029429 0.021792 
-0.030464 0.023900 
-0.027773 0.027047 
-0.025756 0.029585 
-0.024461 0.031397 
-0.023519 0.033263 
-0.022681 0.033646 
-0.019969 0.035792 
-0.017884 0.036342 
-0.015188 0.037662 
-0.014817 0.040315 
-0.014013 0.040131 
-0.010330 0.039962 
-0.006329 0.041163 
-0.003639 0.041276 
-0.001343 0.039755 
0.003103 0.041035 
0.006252 0.040663 
0.009920 0.041016 
0.012976 0.042896 
0.015945 0.041884 
0.017993 0.041045 
0.020700 0.039407 
0.025546 0.038609 
0.026097 0.036789 
0.029224 0.034394 
0.031557 0.032393 
0.032581 0.030555 
0.034295 0.028502 
0.035536 0.024169 
0.038014 0.021988 
0.036814 0.019549 
0.038187 0.014825 
0.040343 0.011024 
0.040549 0.008371 
0.040436 0.003858 
0.039797 -0.001303 
0.039495 -0.004847 
0.039307 -0.008553 
0.039436 -0.012017 
0.038707 -0.014312 
0.037886 -0.016553 
0.036804 -0.021103 
0.037807 -0.024183 
0.036687 -0.027031 
0.035131 -0.029697 
0.034528 -0.031911 
0.031366 -0.035327 
0.029446 -0.036523 
0.027287 -0.038320 
0.024854 -0.039915 
0.022843 -0.042636 
0.021466 -0.044806 
0.018385 -0.046605 
0.013636 -0.048503 
0.009489 -0.048348 
0.005522 -0.050906 
0.003057 -0.052341 
0.000506 -0.051688 
-0.004319 -0.050165 
-0.009037 -0.050190 
-0.011440 -0.049689 
-0.015038 -0.047872 
-0.018994 -0.046420 
-0.021203 -0.043090 
-0.023972 -0.041674 
-0.027638 -0.037643 
-0.030742 -0.033300 
-0.032951 -0.030668 
-0.035445 -0.025056 
-0.037606 -0.020459 
-0.038506 -0.017192 
-0.039917 -0.011534 
-0.041402 -0.005213 
-0.042724 -0.001733 
-0.044651 0.002803 
-0.044686 0.009231 
-0.044782 0.013358 
-0.046166 0.017142 
-0.046448 0.021899 
-0.046268 0.025548 
-0.046981 0.029744 
-0.046297 0.033318 
-0.045213 0.036419 
-0.045593 0.039907 
-0.043404 0.042840 
-0.040362 0.045186 
-0.038881 0.047543 
-0.035657 0.049789 
-0.030640 0.050809 
-0.026076 0.052212 
-0.022417 0.050978 
-0.018641 0.052384 
-0.012453 0.053189 
-0.008328 0.050844 
-0.004682 0.050249 
0.001281 0.047075 
0.006165 0.045913 
0.011944 0.042423 
0.016584 0.037987 
0.021438 0.035470 
0.025482 0.031509 
0.029124 0.027812 
0.033239 0.024472 
0.035904 0.020236 
0.039107 0.014073 
0.042030 0.010336 
0.045412 0.006068 
0.048223 0.001759 
0.049435 -0.002860 
0.049649 -0.006855 
0.050954 -0.010633 
0.051886 -0.015241 
0.052558 -0.017331 
0.051775 -0.021031 
0.051412 -0.023670 
0.050968 -0.026422 
0.048413 -0.029296 
0.047771 -0.031759 
0.044380 -0.033553 
0.042901 -0.034545 
0.040559 -0.036923 
0.036715 -0.036705 
0.033100 -0.037493 
0.027750 -0.037988 
0.024347 -0.036364 
0.018781 -0.037354 
0.014258 -0.037424 
0.010518 -0.035262 
0.006326 -0.034222 
0.001379 -0.034165 
-0.003378 -0.036089 
-0.008648 -0.034973 
-0.012335 -0.031632 
-0.014962 -0.031585 
-0.019853 -0.032143 
-0.023440 -0.031956 
-0.027690 -0.029161 
-0.029270 -0.028943 
-0.031757 -0.028593 
-0.033536 -0.026619 
-0.035065 -0.026052 
-0.037301 -0.023508 
-0.037061 -0.022406 
-0.039163 -0.020715 
-0.039351 -0.018145 
-0.038947 -0.015678 
-0.039639 -0.013890 
-0.039869 -0.011342 
-0.038892 -0.007215 
-0.039104 -0.005426 
-0.038178 -0.002259 
-0.036775 0.001695 
-0.036224 0.005029 
-0.033978 0.008905 
-0.034861 0.011947 
-0.033430 0.014985 
-0.032094 0.017160 
-0.031062 0.018442 
-0.029511 0.022703 
-0.029710 0.025774 
-0.026302 0.026248 
-0.025126 0.029028 
-0.024539 0.030505 
-0.023101 0.031742 
-0.021818 0.033872 
-0.018507 0.035641 
-0.017230 0.036565 
-0.015636 0.036604 
-0.013412 0.038285 
-0.010437 0.039088 
-0.007171 0.040058 
-0.004858 0.039978 
-0.001362 0.039371 
0.001089 0.041187 
0.004265 0.041281 
0.007822 0.041408 
0.011090 0.041643 
0.014801 0.040506 
0.017783 0.039523 
0.019097 0.038703 
0.021822 0.038508 
0.026158 0.037544 
0.027790 0.035641 
0.029798 0.034040 
0.030795 0.032373 
0.033271 0.028812 
0.035041 0.024944 
0.036025 0.023086 
0.037702 0.020529 
0.037327 0.017012 
0.039739 0.013629 
0.039561 0.009854 
0.039528 0.005161 
0.040300 0.000878 
0.040212 -0.001689 
0.039846 -0.005052 
0.039119 -0.008849 
0.040474 -0.013000 
0.038704 -0.015337 
0.037460 -0.017637 
0.037784 -0.023182 
0.037786 -0.024826 
0.036222 -0.026485 
0.034615 -0.029959 
0.034363 -0.031684 
0.031707 -0.033877 
0.029118 -0.035478 
0.027660 -0.038025 
0.024994 -0.041527 
0.021658 -0.044051 
0.019940 -0.044305 
0.017368 -0.045441 
0.013425 -0.048534 
0.008730 -0.049829 
0.004453 -0.049513 
0.001274 -0.051101 
-0.002405 -0.051987 
-0.005937 -0.050670 
-0.010078 -0.050497 
-0.013043 -0.047901 
-0.015426 -0.047125 
-0.019295 -0.046462 
-0.023309 -0.042077 
-0.026328 -0.038231 
-0.028178 -0.034868 
-0.030981 -0.032059 
-0.034132 -0.027965 
-0.036264 -0.023431 
-0.038708 -0.018832 
-0.040570 -0.014867 
-0.041958 -0.009387 
-0.042695 -0.003915 
-0.043587 -0.000353 
-0.046120 0.004312 
-0.048137 0.008940 
-0.048370 0.013397 
-0.047715 0.018665 
-0.048234 0.024088 
-0.048748 0.026696 
-0.049165 0.030755 
-0.048975 0.034937 
-0.047866 0.037804 
-0.045850 0.040724 
-0.043711 0.043031 
-0.042931 0.046954 
-0.039545 0.049774 
-0.035341 0.050873 
-0.031449 0.050599 
-0.027625 0.051766 
-0.022489 0.052199 
-0.016375 0.052111 
-0.012858 0.051295 
-0.008287 0.049188 
-0.002818 0.048297 
0.002248 0.046321 
0.006651 0.043762 
0.011560 0.039983 
0.017476 0.038265 
0.021079 0.034880 
0.024129 0.030563 
0.029180 0.026475 
0.033857 0.021178 
0.036406 0.017050 
0.039387 0.012360 
0.041826 0.009208 
0.044253 0.003604 
0.047704 -0.000597 
0.048850 -0.003685 
0.050789 -0.008192 
0.050904 -0.011241 
0.050147 -0.014790 
0.051461 -0.018358 
0.049469 -0.022003 
0.049713 -0.024143 
0.048730 -0.025888 
0.047051 -0.027530 
0.046997 -0.030230 
0.043203 -0.031902 
0.040711 -0.033460 
0.036959 -0.034592 
0.034074 -0.034254 
0.030280 -0.035969 
0.025064 -0.035929 
0.023149 -0.035988 
0.018845 -0.034784 
0.013204 -0.034185 
0.008018 -0.035034 
0.003786 -0.033916 
-0.000517 -0.033381 
-0.004792 -0.031968 
-0.009267 -0.031654 
-0.013880 -0.030959 
-0.016639 -0.030476 
-0.019600 -0.030850 
-0.022625 -0.030144 
-0.026011 -0.029601 
-0.028918 -0.027697 
-0.031263 -0.026987 
-0.033446 -0.025909 
-0.034875 -0.023972 
-0.037140 -0.021674 
-0.038047 -0.019848 
-0.038496 -0.019340 
-0.039807 -0.016085 
-0.038687 -0.014172 
-0.037859 -0.010928 
-0.038693 -0.007189 
-0.039010 -0.005665 
-0.038507 -0.002784 
-0.037599 0.000322 
-0.035840 0.003417 
-0.034219 0.005110 
-0.034086 0.009165 
-0.033328 0.011839 
-0.032406 0.014477 
-0.031050 0.018629 
-0.030381 0.020645 
-0.029233 0.022375 
-0.028255 0.024211 
-0.028823 0.028949 
-0.026232 0.030534 
-0.023885 0.032889 
-0.023574 0.034208 
-0.022901 0.033294 
-0.020734 0.035866 
-0.018125 0.036402 
-0.014619 0.037395 
-0.011538 0.038156 
-0.010609 0.039529 
-0.007663 0.040531 
-0.004845 0.041914 
-0.001568 0.042694 
0.002426 0.040902 
0.004098 0.041255 
0.007062 0.042082 
0.011585 0.042909 
0.014133 0.041903 
0.017416 0.040133 
0.021093 0.039208 
0.023284 0.038356 
0.026488 0.037987 
0.028532 0.037136 
0.030402 0.034065 
0.032898 0.031243 
0.034763 0.029114 
0.035443 0.026710 
0.035982 0.023551 
0.038087 0.019542 
0.038173 0.017392 
0.037377 0.013024 
0.038068 0.009439 
0.038719 0.006183 
0.039335 0.001498 
0.040423 -0.003238 
0.041266 -0.006834 
0.040132 -0.009059 
0.038840 -0.012983 
0.039770 -0.014694 
0.039515 -0.019349 
0.038240 -0.021960 
0.036860 -0.023100 
0.035882 -0.026872 
0.036186 -0.028586 
0.034017 -0.032236 
0.030729 -0.034028 
0.028645 -0.036455 
0.027709 -0.038956 
0.024967 -0.041019 
0.021229 -0.044109 
0.018986 -0.045388 
0.015181 -0.047591 
0.010336 -0.050279 
0.007074 -0.051727 
0.004738 -0.052042 
-0.000154 -0.052296 
-0.003745 -0.051756 
-0.006982 -0.052084 
-0.012013 -0.050892 
-0.014988 -0.047777 
-0.017605 -0.046667 
-0.021238 -0.045244 
-0.025857 -0.040963 
-0.027186 -0.037380 
-0.028352 -0.035967 
-0.031611 -0.031887 
-0.033325 -0.027794 
-0.036865 -0.022792 
-0.039348 -0.017200 
-0.039822 -0.013577 
-0.042665 -0.008363 
-0.044912 -0.003470 
-0.045488 0.001119 
-0.046696 0.005944 
-0.048235 0.010397 
-0.049910 0.014804 
-0.049573 0.018929 
-0.048614 0.023361 
-0.049391 0.028188 
-0.049961 0.032205 
-0.049501 0.035080 
-0.047062 0.037617 
-0.044663 0.040686 
-0.043825 0.044892 
-0.040942 0.046790 
-0.037583 0.048036 
-0.035100 0.050365 
-0.030133 0.050700 
-0.025998 0.051392 
-0.021336 0.051859 
-0.016468 0.051048 
-0.012876 0.049955 
-0.008019 0.048700 
-0.004021 0.047903 
0.002993 0.045169 
0.008127 0.041895 
0.012089 0.039305 
0.018376 0.035597 
0.021184 0.031229 
0.025642 0.027454 
0.029723 0.024651 
0.031610 0.020408 
0.036304 0.016079 
0.040659 0.011841 
0.041915 0.006789 
0.045272 0.003327 
0.047824 -0.000415 
0.049038 -0.004588 
0.052142 -0.008670 
0.050638 -0.012914 
0.051244 -0.016466 
0.052854 -0.019639 
0.052063 -0.022175 
0.052455 -0.025126 
0.050053 -0.027862 
0.047960 -0.029778 
0.045851 -0.031477 
0.044108 -0.031823 
0.041227 -0.032934 
0.036463 -0.034520 
0.033909 -0.034172 
0.029932 -0.034446 
0.024544 -0.034047 
0.021332 -0.033869 
0.018792 -0.035745 
0.013510 -0.035299 
0.007771 -0.034489 
0.003811 -0.034185 
0.001348 -0.033476 
-0.002881 -0.034147 
-0.008838 -0.033376 
-0.013146 -0.032877 
-0.016612 -0.033450 
-0.018848 -0.031682 
-0.023072 -0.031805 
-0.026781 -0.031812 
-0.028952 -0.029018 
-0.031350 -0.028461 
-0.032969 -0.027204 
-0.035282 -0.024726 
-0.035640 -0.022789 
-0.036196 -0.020611 
-0.036841 -0.018634 
-0.037698 -0.017150 
-0.038394 -0.015745 
-0.037616 -0.012611 
-0.037777 -0.008852 
-0.036966 -0.005310 
-0.036806 -0.002721 
-0.035989 0.000973 
-0.033765 0.004197 
-0.033128 0.007068 
-0.032816 0.010866 
-0.031910 0.011981 
-0.030358 0.014774 
-0.028791 0.018212 
-0.028889 0.021926 
-0.028032 0.024003 
-0.027132 0.023682 
-0.026674 0.026514 
-0.024027 0.028307 
-0.023110 0.030214 
-0.021361 0.032676 
-0.020919 0.033523 
-0.019202 0.034172 
-0.014989 0.035683 
-0.014142 0.037967 
-0.010250 0.038786 
-0.007706 0.039986 
-0.005870 0.039888 
-0.002346 0.040243 
0.000673 0.042588 
0.004078 0.040850 
0.005991 0.041378 
0.009653 0.042961 
0.013573 0.041227 
0.016432 0.041975 
0.019224 0.040859 
0.021792 0.039604 
0.023900 0.038390 
0.027047 0.036925 
0.029585 0.035688 
0.031397 0.031508 
0.033263 0.029601 
0.033646 0.027728 
0.035792 0.024986 
0.036342 0.022538 
0.037662 0.019295 
0.040315 0.013670 
0.040131 0.009690 
0.039962 0.007898 
0.041163 0.003599 
0.041276 0.001061 
0.039755 -0.002930 
0.041035 -0.006237 
0.040663 -0.009020 
0.041016 -0.012393 
0.042896 -0.014353 
0.041884 -0.018472 
0.041045 -0.021378 
0.039407 -0.024091 
0.038609 -0.027147 
0.036789 -0.029859 
0.034394 -0.033038 
0.032393 -0.036010 
0.030555 -0.038443 
0.028502 -0.041758 
0.024169 -0.044361 
0.021988 -0.045882 
0.019549 -0.049218 
0.014825 -0.051267 
0.011024 -0.052164 
0.008371 -0.052788 
0.003858 -0.054248 
-0.001303 -0.054594 
-0.004847 -0.053068 
-0.008553 -0.052321 
-0.012017 -0.051572 
-0.014312 -0.049691 
-0.016553 -0.046920 
-0.021103 -0.045068 
-0.024183 -0.042857 
-0.027031 -0.039917 
-0.029697 -0.034960 
-0.031911 -0.031676 
-0.035327 -0.027876 
-0.036523 -0.022150 
-0.038320 -0.019148 
-0.039915 -0.014932 
-0.042636 -0.010530 
-0.044806 -0.003948 
-0.046605 0.000528 
-0.048503 0.004340 
-0.048348 0.011319 
-0.050906 0.014264 
-0.052341 0.018925 
-0.051688 0.024625 
-0.050165 0.028452 
-0.050190 0.032318 
-0.049689 0.035635 
-0.047872 0.039228 
-0.046420 0.041943 
-0.043090 0.044720 
-0.041674 0.047422 
-0.037643 0.048373 
-0.033300 0.049422 
-0.030668 0.050479 
-0.025056 0.050707 
-0.020459 0.051283 
-0.017192 0.050601 
-0.011534 0.048508 
-0.005213 0.046539 
-0.001733 0.046731 
0.002803 0.044639 
0.009231 0.040922 
0.013358 0.039929 
0.017142 0.035559 
0.021899 0.030997 
0.025548 0.027547 
0.029744 0.023331 
0.033318 0.019684 
0.036419 0.016040 
0.039907 0.011854 
0.042840 0.007368 
0.045186 0.004284 
0.047543 -0.000966 
0.049789 -0.005760 
0.050809 -0.009455 
0.052212 -0.012577 
0.050978 -0.014983 
0.052384 -0.019405 
0.053189 -0.022865 
0.050844 -0.025438 
0.050249 -0.026385 
0.047075 -0.028797 
0.045913 -0.031395 
0.042423 -0.031226 
0.037987 -0.032501 
0.035470 -0.033289 
0.031509 -0.032777 
0.027812 -0.032661 
0.024472 -0.033861 
0.020236 -0.034546 
0.014073 -0.033847 
0.010336 -0.034045 
0.006068 -0.033981 
0.001759 -0.032994 
-0.002860 -0.033818 
-0.006855 -0.034782 
-0.010633 -0.033567 
-0.015241 -0.033170 
-0.017331 -0.033091 
-0.021031 -0.031893 
-0.023670 -0.032200 
-0.026422 -0.031599 
-0.029296 -0.029148 
-0.031759 -0.030047 
-0.033553 -0.028884 
-0.034545 -0.025634 
-0.036923 -0.024040 
-0.036705 -0.021594 
-0.037493 -0.019604 
-0.037988 -0.016217 
-0.036364 -0.013924 
-0.037354 -0.011536 
-0.037424 -0.008702 
-0.035262 -0.006121 
-0.034222 -0.001116 
-0.034165 0.002246 
-0.036089 0.004703 
-0.034973 0.007354 
-0.031632 0.010464 
-0.031585 0.014220 
-0.032143 0.016637 
-0.031956 0.018323 
-0.029161 0.021289 
-0.028943 0.022738 
-0.028593 0.024371 
-0.026619 0.026356 
-0.026052 0.026881 
-0.023508 0.030386 
-0.022406 0.031782 
-0.020715 0.032969 
-0.018145 0.034717 
-0.015678 0.036382 
-0.013890 0.038606 
-0.011342 0.037742 
-0.007215 0.038378 
-0.005426 0.039326 
-0.002259 0.040465 
0.001695 0.041139 
0.005029 0.042238 
0.008905 0.042709 
0.011947 0.041975 
0.014985 0.043664 
0.017160 0.043092 
0.018442 0.042108 
0.022703 0.040838 
0.025774 0.038682 
0.026248 0.037076 
0.029028 0.034822 
0.030505 0.032599 
0.031742 0.030446 
0.033872 0.027376 
0.035641 0.023330 
0.036565 0.020659 
0.036604 0.017710 
0.038285 0.014300 
0.039088 0.010624 
0.040058 0.006596 
0.039978 0.003811 
0.039371 -0.000077 
0.041187 -0.003590 
0.041281 -0.005947 
0.041408 -0.009386 
0.041643 -0.010813 
0.040506 -0.013718 
0.039523 -0.018900 
0.038703 -0.022004 
0.038508 -0.025058 
0.037544 -0.026585 
0.035641 -0.030240 
0.034040 -0.033412 
0.032373 -0.035212 
0.028812 -0.040124 
0.024944 -0.042649 
0.023086 -0.045541 
0.020529 -0.047725 
0.017012 -0.048658 
0.013629 -0.050097 
0.009854 -0.051665 
0.005161 -0.053214 
0.000878 -0.053146 
-0.001689 -0.054635 
-0.005052 -0.053697 
-0.008849 -0.052038 
-0.013000 -0.050554 
-0.015337 -0.047636 
-0.017637 -0.045882 
-0.023182 -0.042862 
-0.024826 -0.040545 
-0.026485 -0.037519 
-0.029959 -0.033856 
-0.031684 -0.029938 
-0.033877 -0.025355 
-0.035478 -0.021649 
-0.038025 -0.017238 
-0.041527 -0.013178 
-0.044051 -0.008498 
-0.044305 -0.003809 
-0.045441 0.001005 
-0.048534 0.006092 
-0.049829 0.010853 
-0.049513 0.015256 
-0.051101 0.019014 
-0.051987 0.023902 
-0.050670 0.027346 
-0.050497 0.030352 
-0.047901 0.035776 
-0.047125 0.041022 
-0.046462 0.042580 
-0.042077 0.044544 
-0.038231 0.047094 
-0.034868 0.047631 
-0.032059 0.050328 
-0.027965 0.051107 
-0.023431 0.051831 
-0.018832 0.052626 
-0.014867 0.050261 
-0.009387 0.048945 
-0.003915 0.047533 
-0.000353 0.045927 
0.004312 0.044505 
0.008940 0.041583 
0.013397 0.038285 
0.018665 0.036003 
0.024088 0.031578 
0.026696 0.027963 
0.030755 0.023875 
0.034937 0.019115 
0.037804 0.017532 
0.040724 0.011895 
0.043031 0.006194 
0.046954 0.002941 
0.049774 -0.000944 
0.050873 -0.005540 
0.050599 -0.009300 
0.051766 -0.012707 
0.052199 -0.017531 
0.052111 -0.019319 
0.051295 -0.020906 
0.049188 -0.023182 
0.048297 -0.025359 
0.046321 -0.026704 
0.043762 -0.028274 
0.039983 -0.029492 
0.038265 -0.029550 
0.034880 -0.031767 
0.030563 -0.031602 
0.026475 -0.031721 
0.021178 -0.032472 
0.017050 -0.032204 
0.012360 -0.033605 
0.009208 -0.034040 
0.003604 -0.034122 
-0.000597 -0.034761 
-0.003685 -0.033869 
-0.008192 -0.033355 
-0.011241 -0.033703 
-0.014790 -0.032903 
-0.018358 -0.032967 
-0.022003 -0.031907 
-0.024143 -0.031452 
-0.025888 -0.030997 
-0.027530 -0.028509 
-0.030230 -0.027762 
-0.031902 -0.026949 
-0.033460 -0.024988 
-0.034592 -0.023158 
-0.034254 -0.021943 
-0.035969 -0.019558 
-0.035929 -0.016696 
-0.035988 -0.012777 
-0.034784 -0.010333 
-0.034185 -0.008379 
-0.035034 -0.003758 
-0.033916 -0.001680 
-0.033381 0.001775 
-0.031968 0.004985 
-0.031654 0.006696 
-0.030959 0.011114 
-0.030476 0.014730 
-0.030850 0.016663 
-0.030144 0.018818 
-0.029601 0.021586 
-0.027697 0.023099 
-0.026987 0.024663 
-0.025909 0.027726 
-0.023972 0.030031 
-0.021674 0.030953 
-0.019848 0.032447 
-0.019340 0.034090 
-0.016085 0.035969 
-0.014172 0.038130 
-0.010928 0.039367 
-0.007189 0.039751 
-0.005665 0.040098 
-0.002784 0.041769 
0.000322 0.042503 
0.003417 0.043332 
0.005110 0.043404 
0.009165 0.043584 
0.011839 0.045326 
0.014477 0.043521 
0.018629 0.042642 
0.020645 0.042422 
0.022375 0.040529 
0.024211 0.040307 
0.028949 0.038947 
0.030534 0.035877 
0.032889 0.031947 
0.034208 0.029941 
0.033294 0.028124 
0.035866 0.023628 
0.036402 0.019971 
0.037395 0.016821 
0.038156 0.014345 
0.039529 0.010522 
0.040531 0.007765 
0.041914 0.004912 
0.042694 -0.000045 
0.040902 -0.002118 
0.041255 -0.005886 
0.042082 -0.007377 
0.042909 -0.009399 
0.041903 -0.014616 
0.040133 -0.016821 
0.039208 -0.020237 
0.038356 -0.024163 
0.037987 -0.027772 
0.037136 -0.029394 
0.034065 -0.032444 
0.031243 -0.036096 
0.029114 -0.038775 
0.026710 -0.043186 
0.023551 -0.045174 
0.019542 -0.047779 
0.017392 -0.048837 
0.013024 -0.049988 
0.009439 -0.052716 
0.006183 -0.052480 
0.001498 -0.053079 
-0.003238 -0.053978 
-0.006834 -0.052840 
-0.009059 -0.051138 
-0.012983 -0.050496 
-0.014694 -0.049421 
-0.019349 -0.046498 
-0.021960 -0.042866 
-0.023100 -0.039047 
-0.026872 -0.035948 
-0.028586 -0.033932 
-0.032236 -0.029299 
-0.034028 -0.024894 
-0.036455 -0.021891 
-0.038956 -0.015652 
-0.041019 -0.010741 
-0.044109 -0.006384 
-0.045388 -0.001790 
-0.047591 0.002846 
-0.050279 0.008444 
-0.051727 0.012548 
-0.052042 0.017230 
-0.052296 0.021063 
-0.051756 0.025751 
-0.052084 0.031583 
-0.050892 0.035202 
-0.047777 0.038303 
-0.046667 0.041612 
-0.045244 0.044895 
-0.040963 0.046833 
-0.037380 0.048729 
-0.035967 0.050426 
-0.031887 0.050453 
-0.027794 0.051158 
-0.022792 0.051355 
-0.017200 0.050703 
-0.013577 0.049675 
-0.008363 0.048603 
-0.003470 0.048596 
0.001119 0.046588 
0.005944 0.043936 
0.010397 0.041473 
0.014804 0.037022 
0.018929 0.032812 
0.023361 0.029674 
0.028188 0.026072 
0.032205 0.021600 
0.035080 0.017648 
0.037617 0.013992 
0.040686 0.009804 
0.044892 0.004378 
0.046790 -0.000336 
0.048036 -0.003036 
0.050365 -0.007015 
0.050700 -0.010641 
0.051392 -0.013189 
0.051859 -0.016970 
0.051048 -0.020513 
0.049955 -0.022537 
0.048700 -0.024510 
0.047903 -0.026970 
0.045169 -0.027462 
0.041895 -0.028341 
0.039305 -0.030600 
0.035597 -0.030636 
0.031229 -0.031746 
0.027454 -0.032984 
0.024651 -0.032068 
0.020408 -0.033265 
0.016079 -0.034542 
0.011841 -0.033390 
0.006789 -0.033429 
0.003327 -0.035394 
-0.000415 -0.035406 
-0.004588 -0.033912 
-0.008670 -0.033524 
-0.012914 -0.034181 
-0.016466 -0.033638 
-0.019639 -0.033473 
-0.022175 -0.033404 
-0.025126 -0.031313 
-0.027862 -0.031708 
-0.029778 -0.031260 
-0.031477 -0.030137 
-0.031823 -0.027564 
-0.032934 -0.023979 
-0.034520 -0.023836 
-0.034172 -0.020893 
-0.034446 -0.018646 
-0.034047 -0.016380 
-0.033869 -0.013037 
-0.035745 -0.010014 
-0.035299 -0.006987 
-0.034489 -0.005848 
-0.034185 -0.001491 
-0.033476 0.002294 
-0.034147 0.005109 
-0.033376 0.007631 
-0.032877 0.010698 
-0.033450 0.014751 
-0.031682 0.015740 
-0.031805 0.017510 
-0.031812 0.020185 
-0.029018 0.022447 
-0.028461 0.023406 
-0.027204 0.025701 
-0.024726 0.027737 
-0.022789 0.028169 
-0.020611 0.030843 
-0.018634 0.033058 
-0.017150 0.035071 
-0.015745 0.036475 
-0.012611 0.038699 
-0.008852 0.039614 
-0.005310 0.039531 
-0.002721 0.041387 
0.000973 0.041923 
0.004197 0.043522 
0.007068 0.043033 
0.010866 0.042401 
0.011981 0.043777 
0.014774 0.042276 
0.018212 0.040997 
0.021926 0.040688 
0.024003 0.040213 
0.023682 0.037405 
0.026514 0.033816 
0.028307 0.031901 
0.030214 0.029303 
0.032676 0.027039 
0.033523 0.024314 
0.034172 0.021117 
0.035683 0.018572 
0.037967 0.015633 
0.038786 0.011999 
0.039986 0.009047 
0.039888 0.006698 
0.040243 0.002356 
0.042588 -0.000040 
0.040850 -0.003187 
0.041378 -0.008013 
0.042961 -0.008836 
0.041227 -0.012547 
0.041975 -0.016258 
0.040859 -0.018979 
0.039604 -0.022460 
0.038390 -0.024209 
0.036925 -0.028786 
0.035688 -0.031751 
0.031508 -0.035259 
0.029601 -0.038644 
0.027728 -0.041449 
0.024986 -0.045190 
0.022538 -0.045783 
0.019295 -0.049418 
0.013670 -0.051557 
0.009690 -0.052476 
0.007898 -0.054522 
0.003599 -0.054431 
0.001061 -0.055109 
-0.002930 -0.054191 
-0.006237 -0.052893 
-0.009020 -0.052187 
-0.012393 -0.050890 
-0.014353 -0.048556 
-0.018472 -0.046696 
-0.021378 -0.044118 
-0.024091 -0.039637 
-0.027147 -0.036882 
-0.029859 -0.033208 
-0.033038 -0.028134 
-0.036010 -0.024099 
-0.038443 -0.019548 
-0.041758 -0.014671 
-0.044361 -0.011196 
-0.045882 -0.005967 
-0.049218 -0.000779 
-0.051267 0.001852 
-0.052164 0.006628 
-0.052788 0.012105 
-0.054248 0.017491 
-0.054594 0.022536 
-0.053068 0.026391 
-0.052321 0.030859 
-0.051572 0.034352 
-0.049691 0.038577 
-0.046920 0.042277 
-0.045068 0.044000 
-0.042857 0.046508 
-0.039917 0.046956 
-0.034960 0.048419 
-0.031676 0.050395 
-0.027876 0.050319 
-0.022150 0.050804 
-0.019148 0.049010 
-0.014932 0.048196 
-0.010530 0.047637 
-0.003948 0.045501 
0.000528 0.044069 
0.004340 0.042159 
0.011319 0.039341 
0.014264 0.035363 
0.018925 0.031744 
0.024625 0.027754 
0.028452 0.024444 
0.032318 0.020337 
0.035635 0.014930 
0.039228 0.011444 
0.041943 0.008361 
0.044720 0.003867 
0.047422 -0.001109 
0.048373 -0.005273 
0.049422 -0.008789 
0.050479 -0.011063 
0.050707 -0.014808 
0.051283 -0.017890 
0.050601 -0.018693 
0.048508 -0.021118 
0.046539 -0.024211 
0.046731 -0.025792 
0.044639 -0.027548 
0.040922 -0.029608 
0.039929 -0.029436 
0.035559 -0.029987 
0.030997 -0.031327 
0.027547 -0.033838 
0.023331 -0.034661 
0.019684 -0.035318 
0.016040 -0.036405 
0.011854 -0.033648 
0.007368 -0.034851 
0.004284 -0.034897 
-0.000966 -0.033828 
-0.005760 -0.035195 
-0.009455 -0.034533 
-0.012577 -0.034773 
-0.014983 -0.034693 
-0.019405 -0.034249 
-0.022865 -0.034097 
-0.025438 -0.033403 
-0.026385 -0.032123 
-0.028797 -0.030319 
-0.031395 -0.027949 
-0.031226 -0.027181 
-0.032501 -0.025073 
-0.033289 -0.021779 
-0.032777 -0.020590 
-0.032661 -0.017679 
-0.033861 -0.015142 
-0.034546 -0.012584 
-0.033847 -0.008826 
-0.034045 -0.005833 
-0.033981 -0.003623 
-0.032994 -0.000226 
-0.033818 0.003063 
-0.034782 0.005784 
-0.033567 0.009121 
-0.033170 0.011158 
-0.033091 0.012648 
-0.031893 0.014490 
-0.032200 0.017131 
-0.031599 0.017655 
-0.029148 0.021052 
-0.030047 0.024059 
-0.028884 0.024585 
-0.025634 0.028056 
-0.024040 0.028988 
-0.021594 0.031908 
-0.019604 0.033384 
-0.016217 0.033714 
-0.013924 0.036705 
-0.011536 0.037670 
-0.008702 0.039432 
-0.006121 0.041183 
-0.001116 0.042515 
0.002246 0.043702 
0.004703 0.043926 
0.007354 0.043614 
0.010464 0.044906 
0.014220 0.044949 
0.016637 0.043339 
0.018323 0.042689 
0.021289 0.041277 
0.022738 0.040243 
0.024371 0.038501 
0.026356 0.035467 
0.026881 0.032662 
0.030386 0.030692 
0.031782 0.028516 
0.032969 0.026304 
0.034717 0.022448 
0.036382 0.019277 
0.038606 0.017403 
0.037742 0.013758 
0.038378 0.011116 
0.039326 0.007091 
0.040465 0.004488 
0.041139 0.001831 
0.042238 -0.002209 
0.042709 -0.003857 
0.041975 -0.007487 
0.043664 -0.010757 
0.043092 -0.013684 
0.042108 -0.018174 
0.040838 -0.022154 
0.038682 -0.024763 
0.037076 -0.027645 
0.034822 -0.032133 
0.032599 -0.035865 
0.030446 -0.039158 
0.027376 -0.041337 
0.023330 -0.043281 
0.020659 -0.047054 
0.017710 -0.048816 
0.014300 -0.049868 
0.010624 -0.052336 
0.006596 -0.052600 
0.003811 -0.052229 
-0.000077 -0.052343 
-0.003590 -0.052324 
-0.005947 -0.051409 
-0.009386 -0.050667 
-0.010813 -0.050479 
-0.013718 -0.047617 
-0.018900 -0.043565 
-0.022004 -0.040359 
-0.025058 -0.038863 
-0.026585 -0.035523 
-0.030240 -0.031229 
-0.033412 -0.028066 
-0.035212 -0.024239 
-0.040124 -0.019910 
-0.042649 -0.013726 
-0.045541 -0.009171 
-0.047725 -0.004499 
-0.048658 0.000639 
-0.050097 0.004759 
-0.051665 0.009469 
-0.053214 0.013787 
-0.053146 0.018924 
-0.054635 0.023783 
-0.053697 0.027733 
-0.052038 0.031022 
-0.050554 0.034953 
-0.047636 0.037518 
-0.045882 0.040780 
-0.042862 0.044172 
-0.040545 0.044302 
-0.037519 0.047666 
-0.033856 0.050484 
-0.029938 0.051231 
-0.025355 0.051176 
-0.021649 0.049607 
-0.017238 0.050774 
-0.013178 0.049568 
-0.008498 0.046445 
-0.003809 0.046570 
0.001005 0.044382 
0.006092 0.040177 
0.010853 0.037516 
0.015256 0.034708 
0.019014 0.031804 
0.023902 0.026959 
0.027346 0.022370 
0.030352 0.019342 
0.035776 0.015660 
0.041022 0.011043 
0.042580 0.005590 
0.044544 0.002514 
0.047094 -0.001004 
0.047631 -0.005822 
0.050328 -0.008674 
0.051107 -0.011539 
0.051831 -0.015639 
0.052626 -0.018794 
0.050261 -0.019606 
0.048945 -0.021747 
0.047533 -0.024757 
0.045927 -0.025206 
0.044505 -0.026702 
0.041583 -0.028910 
0.038285 -0.029354 
0.036003 -0.030416 
0.031578 -0.030633 
0.027963 -0.031774 
0.023875 -0.032992 
0.019115 -0.033233 
0.017532 -0.035811 
0.011895 -0.036204 
0.006194 -0.035013 
0.002941 -0.035056 
-0.000944 -0.036011 
-0.005540 -0.035376 
-0.009300 -0.034851 
-0.012707 -0.035557 
-0.017531 -0.033322 
-0.019319 -0.033368 
-0.020906 -0.033525 
-0.023182 -0.032294 
-0.025359 -0.031371 
-0.026704 -0.028408 
-0.028274 -0.027440 
-0.029492 -0.026991 
-0.029550 -0.024034 
-0.031767 -0.020449 
-0.031602 -0.018972 
-0.031721 -0.017172 
-0.032472 -0.013692 
-0.032204 -0.010320 
-0.033605 -0.007196 
-0.034040 -0.005220 
-0.034122 -0.001214 
-0.034761 0.002144 
-0.033869 0.003762 
-0.033355 0.007438 
-0.033703 0.009513 
-0.032903 0.011318 
-0.032967 0.013850 
-0.031907 0.015310 
-0.031452 0.018218 
-0.030997 0.021477 
-0.028509 0.023744 
-0.027762 0.024757 
-0.026949 0.026089 
-0.024988 0.028836 
-0.023158 0.030620 
-0.021943 0.033049 
-0.019558 0.035464 
-0.016696 0.036687 
-0.012777 0.038438 
-0.010333 0.040185 
-0.008379 0.041593 
-0.003758 0.041871 
-0.001680 0.042820 
0.001775 0.044750 
0.004985 0.044895 
0.006696 0.045025 
0.011114 0.045434 
0.014730 0.044932 
0.016663 0.044201 
0.018818 0.041820 
0.021586 0.040212 
0.023099 0.040988 
0.024663 0.038474 
0.027726 0.034395 
0.030031 0.033119 
0.030953 0.030740 
0.032447 0.026451 
0.034090 0.023760 
0.035969 0.021758 
0.038130 0.019484 
0.039367 0.017315 
0.039751 0.013485 
0.040098 0.010350 
0.041769 0.007436 
0.042503 0.003808 
0.043332 0.002310 
0.043404 -0.000779 
0.043584 -0.005453 
0.045326 -0.008434 
0.043521 -0.010378 
0.042642 -0.013639 
0.042422 -0.018388 
0.040529 -0.021953 
0.040307 -0.026107 
0.038947 -0.029946 
0.035877 -0.032589 
0.031947 -0.036066 
0.029941 -0.038525 
0.028124 -0.042171 
0.023628 -0.045995 
0.019971 -0.046166 
0.016821 -0.048177 
0.014345 -0.051202 
0.010522 -0.051728 
0.007765 -0.053198 
0.004912 -0.053601 
-0.000045 -0.053118 
-0.002118 -0.053327 
-0.005886 -0.051200 
-0.007377 -0.049819 
-0.009399 -0.049173 
-0.014616 -0.046206 
-0.016821 -0.043548 
-0.020237 -0.040575 
-0.024163 -0.037505 
-0.027772 -0.034351 
-0.029394 -0.030286 
-0.032444 -0.026370 
-0.036096 -0.021608 
-0.038775 -0.017471 
-0.043186 -0.013196 
-0.045174 -0.007882 
-0.047779 -0.003340 
-0.048837 0.001465 
-0.049988 0.007089 
-0.052716 0.011381 
-0.052480 0.015509 
-0.053079 0.021868 
-0.053978 0.025914 
-0.052840 0.028677 
-0.051138 0.033802 
-0.050496 0.037115 
-0.049421 0.039890 
-0.046498 0.042711 
-0.042866 0.044119 
-0.039047 0.047123 
-0.035948 0.048836 
-0.033932 0.050442 
-0.029299 0.051945 
-0.024894 0.049793 
-0.021891 0.049754 
-0.015652 0.050358 
-0.010741 0.048525 
-0.006384 0.047143 
-0.001790 0.045483 
0.002846 0.042554 
0.008444 0.039679 
0.012548 0.036704 
0.017230 0.033276 
0.021063 0.029027 
0.025751 0.024050 
0.031583 0.020867 
0.035202 0.017444 
0.038303 0.013543 
0.041612 0.008494 
0.044895 0.003276 
0.046833 0.000749 
0.048729 -0.003625 
0.050426 -0.008326 
0.050453 -0.010441 
0.051158 -0.012395 
0.051355 -0.014965 
0.050703 -0.017332 
0.049675 -0.020220 
0.048603 -0.022915 
0.048596 -0.024497 
0.046588 -0.026485 
0.043936 -0.027923 
0.041473 -0.028990 
0.037022 -0.030096 
0.032812 -0.030543 
0.029674 -0.031302 
0.026072 -0.032791 
0.021600 -0.034133 
0.017648 -0.034352 
0.013992 -0.033918 
0.009804 -0.034941 
0.004378 -0.035897 
-0.000336 -0.036022 
-0.003036 -0.035866 
-0.007015 -0.034744 
-0.010641 -0.034946 
-0.013189 -0.035103 
-0.016970 -0.034511 
-0.020513 -0.034173 
-0.022537 -0.033540 
-0.024510 -0.031682 
-0.026970 -0.030044 
-0.027462 -0.029411 
-0.028341 -0.027484 
-0.030600 -0.025987 
-0.030636 -0.022990 
-0.031746 -0.019772 
-0.032984 -0.018029 
-0.032068 -0.014744 
-0.033265 -0.012285 
-0.034542 -0.010192 
-0.033390 -0.006554 
-0.033429 -0.003155 
-0.035394 -0.000893 
-0.035406 0.001420 
-0.033912 0.003557 
-0.033524 0.006051 
-0.034181 0.009480 
-0.033638 0.012048 
-0.033473 0.014127 
-0.033404 0.016731 
-0.031313 0.018144 
-0.031708 0.020402 
-0.031260 0.024071 
-0.030137 0.024488 
-0.027564 0.026205 
-0.023979 0.030131 
-0.023836 0.031835 
-0.020893 0.033700 
-0.018646 0.035503 
-0.016380 0.037090 
-0.013037 0.039083 
-0.010014 0.040363 
-0.006987 0.041759 
-0.005848 0.042868 
-0.001491 0.043971 
0.002294 0.044953 
0.005109 0.044001 
0.007631 0.044125 
0.010698 0.045160 
0.014751 0.044585 
0.015740 0.044066 
0.017510 0.043627 
0.020185 0.040877 
0.022447 0.038623 
0.023406 0.037365 
0.025701 0.033364 
0.027737 0.031847 
0.028169 0.029644 
0.030843 0.025585 
0.033058 0.024422 
0.035071 0.021793 
0.036475 0.018718 
0.038699 0.016021 
0.039614 0.013716 
0.039531 0.011418 
0.041387 0.008862 
0.041923 0.006231 
0.043522 0.002405 
0.043033 -0.000964 
0.042401 -0.003556 
0.043777 -0.007394 
0.042276 -0.012723 
0.040997 -0.015935 
0.040688 -0.018568 
0.040213 -0.022304 
0.037405 -0.025772 
0.033816 -0.029254 
0.031901 -0.033634 
0.029303 -0.037350 
0.027039 -0.039123 
0.024314 -0.042717 
0.021117 -0.045708 
