0.015045 -0.008179 
-0.017761 -0.022644 
-0.002594 0.015228 
0.022827 0.017792 
-0.008148 -0.014679 
-0.022034 -0.001343 
0.012451 0.019592 
0.012054 -0.008881 
-0.019836 -0.018829 
-0.001099 0.018646 
0.023804 0.016266 
-0.008179 -0.018768 
-0.022644 -0.003052 
0.015228 0.020233 
0.017792 -0.007050 
-0.014679 -0.016022 
-0.001343 0.020325 
0.019592 0.015106 
-0.008881 -0.021667 
-0.018829 -0.006256 
0.018646 0.018982 
0.016266 -0.004974 
-0.018768 -0.011414 
-0.003052 0.021484 
0.020233 0.010010 
-0.007050 -0.028809 
-0.016022 -0.008362 
0.020325 0.023071 
0.015106 -0.001801 
-0.021667 -0.014709 
-0.006256 0.015228 
0.018982 0.008850 
-0.004974 -0.023041 
-0.011414 -0.001923 
0.021484 0.021057 
0.010010 -0.009277 
-0.028809 -0.021606 
-0.008362 0.013763 
0.023071 0.009735 
-0.001801 -0.021118 
-0.014709 0.001251 
0.015228 0.022919 
0.008850 -0.009247 
-0.023041 -0.021942 
-0.001923 0.009949 
0.021057 0.007263 
-0.009277 -0.015747 
-0.021606 0.005951 
0.013763 0.021179 
0.009735 -0.014984 
-0.021118 -0.022034 
0.001251 0.017975 
0.022919 0.014038 
-0.009247 -0.018311 
-0.021942 -0.002594 
0.009949 0.017487 
0.007263 -0.011902 
-0.015747 -0.014465 
0.005951 0.023621 
0.021179 0.013489 
-0.014984 -0.022949 
-0.022034 -0.005646 
0.017975 0.016937 
0.014038 -0.007782 
-0.018311 -0.010468 
-0.002594 0.022217 
0.017487 0.007538 
-0.011902 -0.026398 
-0.014465 -0.002228 
0.023621 0.024475 
0.013489 -0.004700 
-0.022949 -0.013214 
-0.005646 0.017517 
0.016937 0.007965 
-0.007782 -0.023071 
-0.010468 -0.000061 
0.022217 0.021118 
0.007538 -0.008301 
-0.026398 -0.012543 
-0.002228 0.018951 
0.024475 0.005829 
-0.004700 -0.024017 
-0.013214 0.003815 
0.017517 0.025574 
0.007965 -0.009308 
-0.023071 -0.018188 
-0.000061 0.015594 
0.021118 0.006561 
-0.008301 -0.021942 
-0.012543 0.001953 
0.018951 0.021851 
0.005829 -0.012482 
-0.024017 -0.018097 
0.003815 0.016602 
0.025574 0.006531 
-0.009308 -0.023071 
-0.018188 0.004089 
0.015594 0.024353 
0.006561 -0.011292 
-0.021942 -0.018250 
0.001953 0.016205 
0.021851 0.006226 
-0.012482 -0.021057 
-0.018097 0.003845 
0.016602 0.020325 
0.006531 -0.013824 
-0.023071 -0.014984 
0.004089 0.019073 
0.024353 0.005737 
-0.011292 -0.023315 
-0.018250 0.002502 
0.016205 0.022858 
0.006226 -0.008942 
-0.021057 -0.014832 
0.003845 0.016968 
0.020325 0.005005 
-0.013824 -0.017212 
-0.014984 0.009766 
0.019073 0.021088 
0.005737 -0.018158 
-0.023315 -0.020844 
0.002502 0.019440 
0.022858 0.012085 
-0.008942 -0.017151 
-0.014832 0.004456 
0.016968 0.017853 
0.005005 -0.012970 
-0.017212 -0.013947 
0.009766 0.021332 
0.021088 0.009003 
-0.018158 -0.018066 
-0.020844 0.004974 
0.019440 0.019958 
0.012085 -0.014099 
-0.017151 -0.013092 
0.004456 0.022705 
0.017853 0.007202 
-0.012970 -0.023254 
-0.013947 0.001099 
0.021332 0.017639 
0.009003 -0.010651 
-0.018066 -0.008820 
0.004974 0.020782 
0.019958 0.001373 
-0.014099 -0.026093 
-0.013092 0.002686 
0.022705 0.021576 
0.007202 -0.009705 
-0.023254 -0.011200 
0.001099 0.016510 
0.017639 -0.002014 
-0.010651 -0.025024 
-0.008820 0.009155 
0.020782 0.025482 
0.001373 -0.013550 
-0.026093 -0.017395 
0.002686 0.014252 
0.021576 0.003967 
-0.009705 -0.017883 
-0.011200 0.008728 
0.016510 0.017548 
-0.002014 -0.018494 
-0.025024 -0.015503 
0.009155 0.019165 
0.025482 0.005219 
-0.013550 -0.020752 
-0.017395 0.003632 
0.014252 0.014832 
0.003967 -0.017029 
-0.017883 -0.012482 
0.008728 0.019501 
0.017548 0.003571 
-0.018494 -0.020691 
-0.015503 0.006317 
0.019165 0.016754 
0.005219 -0.016083 
-0.020752 -0.013031 
0.003632 0.019684 
0.014832 0.003052 
-0.017029 -0.020599 
-0.012482 0.006927 
0.019501 0.017792 
0.003571 -0.015320 
-0.020691 -0.011505 
0.006317 0.020935 
0.016754 0.003876 
-0.016083 -0.021240 
-0.013031 0.006317 
0.019684 0.018372 
0.003052 -0.014069 
-0.020599 -0.009674 
0.006927 0.023743 
0.017792 0.005798 
-0.015320 -0.020782 
-0.011505 0.005341 
0.020935 0.017517 
0.003876 -0.011230 
-0.021240 -0.007507 
0.006317 0.020630 
0.018372 0.002167 
-0.014069 -0.020996 
-0.009674 0.008820 
0.023743 0.016907 
0.005798 -0.017517 
-0.020782 -0.011780 
0.005341 0.021545 
0.017517 0.003876 
-0.011230 -0.022369 
-0.007507 0.003326 
0.020630 0.014282 
0.002167 -0.014893 
-0.020996 -0.007599 
0.008820 0.021667 
0.016907 -0.001984 
-0.017517 -0.026886 
-0.011780 0.003937 
0.021545 0.018860 
0.003876 -0.012573 
-0.022369 -0.011047 
0.003326 0.016052 
0.014282 -0.004486 
-0.014893 -0.023163 
-0.007599 0.010956 
0.021667 0.022614 
-0.001984 -0.013489 
-0.026886 -0.014435 
0.003937 0.014008 
0.018860 -0.001343 
-0.012573 -0.017456 
-0.011047 0.013367 
0.016052 0.020386 
-0.004486 -0.014221 
-0.023163 -0.012207 
0.010956 0.015991 
0.022614 -0.000793 
-0.013489 -0.017090 
-0.014435 0.013794 
0.014008 0.020294 
-0.001343 -0.016296 
-0.017456 -0.011505 
0.013367 0.018524 
0.020386 0.002228 
-0.014221 -0.015900 
-0.012207 0.011078 
0.015991 0.013824 
-0.000793 -0.019989 
-0.017090 -0.009613 
0.013794 0.022491 
0.020294 0.002716 
-0.016296 -0.018921 
-0.011505 0.007294 
0.018524 0.012787 
0.002228 -0.017029 
-0.015900 -0.006500 
0.011078 0.022888 
0.013824 0.001190 
-0.019989 -0.019562 
-0.009613 0.008606 
0.022491 0.014771 
0.002716 -0.015594 
-0.018921 -0.005737 
0.007294 0.020508 
0.012787 -0.003693 
-0.017029 -0.021698 
-0.006500 0.007538 
0.022888 0.012573 
0.001190 -0.016876 
-0.019562 -0.007385 
0.008606 0.017212 
0.014771 -0.005951 
-0.015594 -0.021912 
-0.005737 0.012024 
0.020508 0.017151 
-0.003693 -0.017639 
-0.021698 -0.009918 
0.007538 0.016418 
0.012573 -0.005280 
-0.016876 -0.021332 
-0.007385 0.010254 
0.017212 0.014954 
-0.005951 -0.016266 
-0.021912 -0.007904 
0.012024 0.018280 
0.017151 -0.004120 
-0.017639 -0.019043 
-0.009918 0.013641 
0.016418 0.015869 
-0.005280 -0.019257 
-0.021332 -0.010651 
0.010254 0.017548 
0.014954 -0.000244 
-0.016266 -0.015045 
-0.007904 0.010559 
0.018280 0.010712 
-0.004120 -0.020691 
-0.019043 -0.007477 
0.013641 0.019958 
0.015869 -0.001709 
-0.019257 -0.017029 
-0.010651 0.012299 
0.017548 0.014099 
-0.000244 -0.017456 
-0.015045 -0.006226 
0.010559 0.019775 
0.010712 -0.001404 
-0.020691 -0.016205 
-0.007477 0.011902 
0.019958 0.011078 
-0.001709 -0.020508 
-0.017029 -0.006805 
0.012299 0.022949 
0.014099 0.001953 
-0.017456 -0.015106 
-0.006226 0.009766 
0.019775 0.009216 
-0.001404 -0.017242 
-0.016205 -0.001678 
0.011902 0.023438 
0.011078 -0.002075 
-0.020508 -0.019958 
-0.006805 0.006470 
0.022949 0.010498 
0.001953 -0.014282 
-0.015106 -0.000427 
0.009766 0.019928 
0.009216 -0.005371 
-0.017242 -0.019043 
-0.001678 0.010010 
0.023438 0.012878 
-0.002075 -0.013733 
-0.019958 -0.003204 
0.006470 0.018707 
0.010498 -0.005524 
-0.014282 -0.017883 
-0.000427 0.011597 
0.019928 0.011200 
-0.005371 -0.016510 
-0.019043 -0.002533 
0.010010 0.021332 
0.012878 -0.003357 
-0.013733 -0.018738 
-0.003204 0.010254 
0.018707 0.013000 
-0.005524 -0.014374 
-0.017883 -0.002960 
0.011597 0.018036 
0.011200 -0.007996 
-0.016510 -0.020081 
-0.002533 0.011597 
0.021332 0.011475 
-0.003357 -0.018036 
-0.018738 -0.005463 
0.010254 0.016022 
0.013000 -0.006287 
-0.014374 -0.016266 
-0.002960 0.013153 
0.018036 0.012421 
-0.007996 -0.016632 
-0.020081 -0.006470 
0.011597 0.015076 
0.011475 -0.006042 
-0.018036 -0.014496 
-0.005463 0.014099 
0.016022 0.009827 
-0.006287 -0.018036 
-0.016266 -0.002625 
0.013153 0.018127 
0.012421 -0.005463 
-0.016632 -0.014679 
-0.006470 0.015961 
0.015076 0.012207 
-0.006042 -0.016785 
-0.014496 -0.003448 
0.014099 0.016968 
0.009827 -0.006805 
-0.018036 -0.014648 
-0.002625 0.013977 
0.018127 0.010345 
-0.005463 -0.016937 
-0.014679 -0.001343 
0.015961 0.019897 
0.012207 -0.005554 
-0.016785 -0.015778 
-0.003448 0.011963 
0.016968 0.009979 
-0.006805 -0.015503 
-0.014648 0.000458 
0.013977 0.019135 
0.010345 -0.007507 
-0.016937 -0.016113 
-0.001343 0.012909 
0.019897 0.009430 
-0.005554 -0.017029 
-0.015778 -0.000824 
0.011963 0.017487 
0.009979 -0.007843 
-0.015503 -0.014893 
0.000458 0.014984 
0.019135 0.010406 
-0.007507 -0.015778 
-0.016113 -0.001099 
0.012909 0.015442 
0.009430 -0.011597 
-0.017029 -0.018463 
-0.000824 0.014069 
0.017487 0.011841 
-0.007843 -0.014313 
-0.014893 -0.001556 
0.014984 0.012756 
0.010406 -0.011017 
-0.015778 -0.012817 
-0.001099 0.018036 
0.015442 0.010193 
-0.011597 -0.018646 
-0.018463 -0.003723 
0.014069 0.014496 
0.011841 -0.007019 
-0.014313 -0.010986 
-0.001556 0.014648 
0.012756 0.004852 
-0.011017 -0.022186 
-0.012817 -0.002319 
0.018036 0.018280 
0.010193 -0.004517 
-0.018646 -0.011322 
-0.003723 0.013153 
0.014496 0.004578 
-0.007019 -0.018677 
-0.010986 0.001007 
0.014648 0.017456 
0.004852 -0.007935 
-0.022186 -0.012299 
-0.002319 0.014191 
0.018280 0.004364 
-0.004517 -0.018860 
-0.011322 0.001282 
0.013153 0.018616 
0.004578 -0.005890 
-0.018677 -0.011078 
0.001007 0.014984 
0.017456 0.007263 
-0.007935 -0.016693 
-0.012299 0.001068 
0.014191 0.017700 
0.004364 -0.005371 
-0.018860 -0.011444 
0.001282 0.011230 
0.018616 0.002777 
-0.005890 -0.016296 
-0.011078 0.004364 
0.014984 0.018982 
0.007263 -0.009277 
-0.016693 -0.014618 
0.001068 0.013336 
0.017700 0.008026 
-0.005371 -0.012482 
-0.011444 0.003998 
0.011230 0.014160 
0.002777 -0.011780 
-0.016296 -0.011505 
0.004364 0.015594 
0.018982 0.006165 
-0.009277 -0.016754 
-0.014618 0.002319 
0.013336 0.016266 
0.008026 -0.008728 
-0.012482 -0.012085 
0.003998 0.013489 
0.014160 0.004303 
-0.011780 -0.016113 
-0.011505 0.004913 
0.015594 0.016144 
0.006165 -0.011749 
-0.016754 -0.014252 
0.002319 0.012543 
0.016266 0.004822 
-0.008728 -0.016479 
-0.012085 0.000122 
0.013489 0.011383 
0.004303 -0.011871 
-0.016113 -0.008392 
0.004913 0.017761 
0.016144 0.004944 
-0.011749 -0.018127 
-0.014252 -0.000031 
0.012543 0.011597 
0.004822 -0.011261 
-0.016479 -0.008881 
0.000122 0.016541 
0.011383 0.005066 
-0.011871 -0.016205 
-0.008392 0.002869 
0.017761 0.013245 
0.004944 -0.009918 
-0.018127 -0.007996 
-0.000031 0.016418 
0.011597 0.003296 
-0.011261 -0.016052 
-0.008881 0.006134 
0.016541 0.017242 
0.005066 -0.007996 
-0.016205 -0.008942 
0.002869 0.013672 
0.013245 0.001984 
-0.009918 -0.016602 
-0.007996 0.005188 
0.016418 0.016327 
0.003296 -0.009674 
-0.016052 -0.011841 
0.006134 0.013275 
0.017242 0.004242 
-0.007996 -0.011658 
-0.008942 0.007294 
0.013672 0.012512 
0.001984 -0.014069 
-0.016602 -0.010315 
0.005188 0.016418 
0.016327 0.004303 
-0.009674 -0.012970 
-0.011841 0.005157 
0.013275 0.011017 
0.004242 -0.013672 
-0.011658 -0.007904 
0.007294 0.018768 
0.012512 0.005859 
-0.014069 -0.014984 
-0.010315 0.002472 
0.016418 0.009918 
0.004303 -0.012512 
-0.012970 -0.006348 
0.005157 0.018372 
0.011017 0.002014 
-0.013672 -0.017029 
-0.007904 0.003204 
0.018768 0.010956 
0.005859 -0.011536 
-0.014984 -0.006500 
0.002472 0.016815 
0.009918 0.001770 
-0.012512 -0.015564 
-0.006348 0.005157 
0.018372 0.011658 
0.002014 -0.009766 
-0.017029 -0.005432 
0.003204 0.015503 
0.010956 -0.001831 
-0.011536 -0.017242 
-0.006500 0.006683 
0.016815 0.014130 
0.001770 -0.008087 
-0.015564 -0.005676 
0.005157 0.011841 
0.011658 -0.004395 
-0.009766 -0.016266 
-0.005432 0.010071 
0.015503 0.015808 
-0.001831 -0.011780 
-0.017242 -0.009308 
0.006683 0.011444 
0.014130 -0.001801 
-0.008087 -0.013580 
-0.005676 0.007477 
0.011841 0.009644 
-0.004395 -0.014557 
-0.016266 -0.006622 
0.010071 0.015656 
0.015808 -0.000885 
-0.011780 -0.017303 
-0.009308 0.004761 
0.011444 0.011536 
-0.001801 -0.010956 
-0.013580 -0.007111 
0.007477 0.011322 
0.009644 -0.002960 
-0.014557 -0.015228 
-0.006622 0.008484 
0.015656 0.014069 
-0.000885 -0.011810 
-0.017303 -0.006256 
0.004761 0.013123 
0.011536 -0.000305 
-0.010956 -0.012177 
-0.007111 0.009277 
0.011322 0.012421 
-0.002960 -0.012268 
-0.015228 -0.004974 
0.008484 0.014954 
0.014069 0.000366 
-0.011810 -0.012512 
-0.006256 0.008850 
0.013123 0.011322 
-0.000305 -0.012726 
-0.012177 -0.005737 
0.009277 0.015411 
0.012421 0.001648 
-0.012268 -0.010132 
-0.004974 0.007843 
0.014954 0.009186 
0.000366 -0.013458 
-0.012512 -0.003815 
0.008850 0.015137 
0.011322 -0.001678 
-0.012726 -0.014526 
-0.005737 0.006714 
0.015411 0.009613 
0.001648 -0.011139 
-0.010132 -0.004395 
0.007843 0.012787 
0.009186 -0.003448 
-0.013458 -0.013977 
-0.003815 0.007660 
0.015137 0.010773 
-0.001678 -0.010437 
-0.014526 -0.001678 
0.006714 0.014771 
0.009613 -0.004120 
-0.011139 -0.013885 
-0.004395 0.008362 
0.012787 0.009979 
-0.003448 -0.012817 
-0.013977 -0.005524 
0.007660 0.012390 
0.010773 -0.002258 
-0.010437 -0.009094 
-0.001678 0.012573 
0.014771 0.010773 
-0.004120 -0.013489 
-0.013885 -0.006226 
0.008362 0.010773 
0.009979 -0.004089 
-0.012817 -0.010834 
-0.005524 0.010254 
0.012390 0.009247 
-0.002258 -0.013763 
-0.009094 -0.005981 
0.012573 0.012024 
0.010773 -0.002808 
-0.013489 -0.009979 
-0.006226 0.010193 
0.010773 0.007385 
-0.004089 -0.014771 
-0.010834 -0.005402 
0.010254 0.014740 
0.009247 0.000916 
-0.013763 -0.008698 
-0.005981 0.007538 
0.012024 0.002686 
-0.002808 -0.017303 
-0.009979 -0.000153 
0.010193 0.019867 
0.007385 0.000336 
-0.014771 -0.014069 
-0.005402 0.006470 
0.014740 0.007904 
0.000916 -0.008301 
-0.008698 0.003052 
0.007538 0.014069 
0.002686 -0.006287 
-0.017303 -0.014069 
-0.000153 0.009888 
0.019867 0.009735 
0.000336 -0.010223 
-0.014069 -0.001007 
0.006470 0.012299 
0.007904 -0.004486 
-0.008301 -0.009796 
0.003052 0.010864 
0.014069 0.008057 
-0.006287 -0.012451 
-0.014069 -0.001648 
0.009888 0.012787 
0.009735 -0.004456 
-0.010223 -0.009399 
-0.001007 0.009064 
0.012299 0.005524 
-0.004486 -0.013672 
-0.009796 -0.000763 
0.010864 0.012939 
0.008057 -0.004730 
-0.012451 -0.009613 
-0.001648 0.010925 
0.012787 0.008057 
-0.004456 -0.011108 
-0.009399 0.000946 
0.009064 0.013702 
0.005524 -0.005615 
-0.013672 -0.011871 
-0.000763 0.009003 
0.012939 0.006470 
-0.004730 -0.011505 
-0.009613 -0.001862 
0.010925 0.010712 
0.008057 -0.006897 
-0.011108 -0.011505 
0.000946 0.009003 
0.013702 0.005646 
-0.005615 -0.012421 
-0.011871 -0.001282 
0.009003 0.011932 
0.006470 -0.005341 
-0.011505 -0.009094 
-0.001862 0.010376 
0.010712 0.004517 
-0.006897 -0.015106 
-0.011505 -0.003845 
0.009003 0.010925 
0.005646 -0.004822 
-0.012421 -0.007843 
-0.001282 0.010040 
0.011932 0.003998 
-0.005341 -0.012787 
-0.009094 0.000214 
0.010376 0.012421 
0.004517 -0.006592 
-0.015106 -0.010437 
-0.003845 0.008301 
0.010925 0.002594 
-0.004822 -0.012817 
-0.007843 0.002075 
0.010040 0.013550 
0.003998 -0.004547 
-0.012787 -0.009460 
0.000214 0.009430 
0.012421 0.004395 
-0.006592 -0.010529 
-0.010437 0.002655 
0.008301 0.012878 
0.002594 -0.004181 
-0.012817 -0.006958 
0.002075 0.010071 
0.013550 0.002899 
-0.004547 -0.011932 
-0.009460 0.004150 
0.009430 0.015594 
0.004395 -0.004303 
-0.010529 -0.010040 
0.002655 0.009155 
0.012878 0.006134 
-0.004181 -0.007050 
-0.006958 0.004333 
0.010071 0.010040 
0.002899 -0.009064 
-0.011932 -0.009369 
0.004150 0.012970 
0.015594 0.008148 
-0.004303 -0.009979 
-0.010040 -0.000671 
0.009155 0.006866 
0.006134 -0.008270 
-0.007050 -0.005402 
0.004333 0.014740 
0.010040 0.004913 
-0.009064 -0.016266 
-0.009369 -0.003113 
0.012970 0.010406 
0.008148 -0.004028 
-0.009979 -0.006042 
-0.000671 0.009857 
0.006866 0.000702 
-0.008270 -0.016479 
-0.005402 -0.001434 
0.014740 0.011200 
0.004913 -0.003632 
-0.016266 -0.005341 
-0.003113 0.010193 
0.010406 0.000580 
-0.004028 -0.013306 
-0.006042 0.002869 
0.009857 0.012604 
0.000702 -0.005707 
-0.016479 -0.008728 
-0.001434 0.007324 
0.011200 0.000519 
-0.003632 -0.012787 
-0.005341 0.001190 
0.010193 0.008698 
0.000580 -0.009003 
-0.013306 -0.008636 
0.002869 0.010162 
0.012604 0.002167 
-0.005707 -0.012695 
-0.008728 0.002533 
0.007324 0.010162 
0.000519 -0.008057 
-0.012787 -0.008636 
0.001190 0.007263 
0.008698 -0.000153 
-0.009003 -0.013153 
-0.008636 0.002441 
0.010162 0.010101 
0.002167 -0.007385 
-0.012695 -0.006683 
0.002533 0.009918 
0.010162 0.002625 
-0.008057 -0.007812 
-0.008636 0.006165 
0.007263 0.011505 
-0.000153 -0.006836 
-0.013153 -0.006470 
0.002441 0.009888 
0.010101 0.002106 
-0.007385 -0.010712 
-0.006683 0.004608 
0.009918 0.011017 
0.002625 -0.007050 
-0.007812 -0.007355 
0.006165 0.009979 
0.011505 0.003143 
-0.006836 -0.009064 
-0.006470 0.003754 
0.009888 0.008423 
0.002106 -0.008148 
-0.010712 -0.004486 
0.004608 0.011780 
0.011017 0.000885 
-0.007050 -0.012817 
-0.007355 0.001556 
0.009979 0.008484 
0.003143 -0.008423 
-0.009064 -0.005585 
0.003754 0.010620 
0.008423 0.001709 
-0.008148 -0.009033 
-0.004486 0.005829 
0.011780 0.010345 
0.000885 -0.007446 
-0.012817 -0.005035 
0.001556 0.010620 
0.008484 -0.000153 
-0.008423 -0.010681 
-0.005585 0.004059 
0.010620 0.008759 
0.001709 -0.005646 
-0.009033 -0.001801 
0.005829 0.010986 
0.010345 -0.002167 
-0.007446 -0.013916 
-0.005035 0.003876 
0.010620 0.011108 
-0.000153 -0.004669 
-0.010681 -0.003754 
0.004059 0.007904 
0.008759 -0.002380 
-0.005646 -0.010651 
-0.001801 0.006500 
0.010986 0.009552 
-0.002167 -0.010498 
-0.013916 -0.008331 
0.003876 0.006775 
0.011108 -0.001221 
-0.004669 -0.008362 
-0.003754 0.006836 
0.007904 0.006439 
-0.002380 -0.013367 
-0.010651 -0.009277 
0.006500 0.007507 
0.009552 0.001190 
-0.010498 -0.006897 
-0.008331 0.003479 
0.006775 0.002136 
-0.001221 -0.013855 
-0.008362 -0.005096 
0.006836 0.013245 
0.006439 0.002808 
-0.013367 -0.010040 
-0.009277 0.002014 
0.007507 0.003204 
0.001190 -0.011169 
-0.006897 -0.003998 
0.003479 0.011841 
0.002136 0.001617 
-0.013855 -0.009247 
-0.005096 0.003113 
0.013245 0.003784 
0.002808 -0.010284 
-0.010040 -0.003387 
0.002014 0.011108 
0.003204 0.001068 
-0.011169 -0.008759 
-0.003998 0.003906 
0.011841 0.005768 
0.001617 -0.007599 
-0.009247 -0.002380 
0.003113 0.010010 
0.003784 -0.002747 
-0.010284 -0.011261 
-0.003387 0.004211 
0.011108 0.006897 
0.001068 -0.006287 
-0.008759 -0.000214 
0.003906 0.010590 
0.005768 -0.001099 
-0.007599 -0.008423 
-0.002380 0.006775 
0.010010 0.006073 
-0.002747 -0.008850 
-0.011261 -0.002625 
0.004211 0.009857 
0.006897 -0.001984 
-0.006287 -0.009155 
-0.000214 0.005676 
0.010590 0.006592 
-0.001099 -0.007751 
-0.008423 -0.000458 
0.006775 0.010193 
0.006073 -0.003418 
-0.008850 -0.009003 
-0.002625 0.006134 
0.009857 0.006470 
-0.001984 -0.008789 
-0.009155 -0.003113 
0.005676 0.007812 
0.006592 -0.002777 
-0.007751 -0.008881 
-0.000458 0.003906 
0.010193 0.002686 
-0.003418 -0.010834 
-0.009003 -0.001160 
0.006134 0.010742 
0.006470 -0.002747 
-0.008789 -0.010437 
-0.003113 0.003387 
0.007812 0.005188 
-0.002777 -0.007141 
-0.008881 -0.000366 
0.003906 0.007507 
0.002686 -0.006287 
-0.010834 -0.009399 
-0.001160 0.007599 
0.010742 0.006500 
-0.002747 -0.009064 
-0.010437 -0.001770 
0.003387 0.010071 
0.005188 -0.000519 
-0.007141 -0.006744 
-0.000366 0.005341 
0.007507 0.004517 
-0.006287 -0.006592 
-0.009399 0.001251 
0.007599 0.012024 
0.006500 -0.001770 
-0.009064 -0.008606 
-0.001770 0.004517 
0.010071 0.003296 
-0.000519 -0.006592 
-0.006744 0.002472 
0.005341 0.011108 
0.004517 -0.003387 
-0.006592 -0.009003 
0.001251 0.005646 
0.012024 0.006714 
-0.001770 -0.004303 
-0.008606 0.000702 
0.004517 0.006165 
0.003296 -0.007263 
-0.006592 -0.009125 
0.002472 0.007111 
0.011108 0.005920 
-0.003387 -0.008301 
-0.009003 -0.002899 
0.005646 0.005371 
0.006714 -0.004486 
-0.004303 -0.005646 
0.000702 0.008636 
0.006165 0.003571 
-0.007263 -0.010071 
-0.009125 -0.001801 
0.007111 0.007660 
0.005920 -0.003082 
-0.008301 -0.005554 
-0.002899 0.007904 
0.005371 0.005981 
-0.004486 -0.008392 
-0.005646 -0.002167 
0.008636 0.005585 
0.003571 -0.003693 
-0.010071 -0.003479 
-0.001801 0.009888 
0.007660 0.004700 
-0.003082 -0.008972 
-0.005554 -0.000824 
0.007904 0.007965 
0.005981 -0.003113 
-0.008392 -0.005310 
-0.002167 0.005005 
0.005585 0.000275 
-0.003693 -0.010071 
-0.003479 0.000305 
0.009888 0.007904 
0.004700 -0.003906 
-0.008972 -0.006592 
-0.000824 0.005798 
0.007965 0.002991 
-0.003113 -0.006500 
-0.005310 0.001129 
0.005005 0.009338 
0.000275 -0.001831 
-0.010071 -0.003265 
0.000305 0.008484 
0.007904 0.002441 
-0.003906 -0.009521 
-0.006592 0.000671 
0.005798 0.010315 
0.002991 -0.001556 
-0.006500 -0.004364 
0.001129 0.006042 
0.009338 0.002686 
-0.001831 -0.006470 
-0.003265 0.003204 
0.008484 0.008514 
0.002441 -0.003540 
-0.009521 -0.004425 
0.000671 0.007904 
0.010315 0.001343 
-0.001556 -0.009338 
-0.004364 0.000885 
0.006042 0.008148 
0.002686 -0.002808 
-0.006470 -0.004364 
0.003204 0.004883 
0.008514 0.000244 
-0.003540 -0.007263 
-0.004425 0.003723 
0.007904 0.007172 
0.001343 -0.007233 
-0.009338 -0.008575 
0.000885 0.004456 
0.008148 0.000916 
-0.002808 -0.006653 
-0.004364 0.002411 
0.004883 0.006805 
0.000244 -0.006744 
-0.007263 -0.006989 
0.003723 0.007446 
0.007172 0.004456 
-0.007233 -0.005402 
-0.008575 0.002045 
0.004456 0.005890 
0.000916 -0.004547 
-0.006653 -0.002502 
0.002411 0.008911 
0.006805 0.001801 
-0.006744 -0.009155 
-0.006989 0.000061 
0.007446 0.006226 
0.004456 -0.003693 
-0.005402 -0.002533 
0.002045 0.008423 
0.005890 0.000000 
-0.004547 -0.009186 
-0.002502 0.001984 
0.008911 0.007385 
0.001801 -0.005341 
-0.009155 -0.006531 
0.000061 0.003967 
0.006226 -0.000946 
-0.003693 -0.006836 
-0.002533 0.004730 
0.008423 0.006805 
0.000000 -0.007477 
-0.009186 -0.006073 
0.001984 0.007324 
0.007385 0.004669 
-0.005341 -0.000397 
-0.006531 0.006195 
0.003967 0.005005 
-0.000946 -0.008270 
-0.006836 -0.004364 
0.004730 0.009369 
0.006805 0.003021 
-0.007477 -0.005157 
-0.006073 0.002441 
0.007324 0.004578 
0.004669 -0.006378 
-0.000397 -0.004089 
0.006195 0.006470 
0.005005 0.001190 
-0.008270 -0.003815 
-0.004364 0.004120 
0.009369 0.003021 
0.003021 -0.009155 
-0.005157 -0.003693 
0.002441 0.008667 
0.004578 0.001556 
-0.006378 -0.007782 
-0.004089 0.000122 
0.006470 0.003418 
0.001190 -0.005371 
-0.003815 -0.001740 
0.004120 0.006805 
0.003021 -0.000183 
-0.009155 -0.005432 
-0.003693 0.004486 
0.008667 0.003571 
0.001556 -0.008423 
-0.007782 -0.003540 
0.000122 0.008118 
0.003418 0.001129 
-0.005371 -0.007782 
-0.001740 -0.000641 
0.006805 0.001923 
-0.000183 -0.004761 
-0.005432 0.000793 
0.004486 0.008484 
0.003571 -0.001862 
-0.008423 -0.008118 
-0.003540 0.003632 
0.008118 0.007019 
0.001129 -0.002350 
-0.007782 -0.000977 
-0.000641 0.005463 
0.001923 -0.003632 
-0.004761 -0.006561 
0.000793 0.004730 
0.008484 0.004761 
-0.001862 -0.006775 
-0.008118 -0.001343 
0.003632 0.007141 
0.007019 -0.000671 
-0.002350 -0.007233 
-0.000977 0.003906 
0.005463 0.003387 
-0.003632 -0.006287 
-0.006561 -0.000946 
0.004730 0.006470 
0.004761 -0.001862 
-0.006775 -0.005493 
-0.001343 0.004181 
0.007141 0.004669 
-0.000671 -0.003265 
-0.007233 0.002228 
0.003906 0.008575 
0.003387 -0.000641 
-0.006287 -0.005035 
-0.000946 0.006134 
0.006470 0.007935 
-0.001862 -0.002472 
-0.005493 0.000275 
0.004181 0.005249 
0.004669 -0.002380 
-0.003265 -0.006653 
0.002228 0.003571 
0.008575 0.002655 
-0.000641 -0.007355 
-0.005035 -0.001953 
0.006134 0.006256 
0.007935 -0.000977 
-0.002472 -0.005219 
0.000275 0.003204 
0.005249 0.002075 
-0.002380 -0.007507 
-0.006653 -0.000122 
0.003571 0.007324 
0.002655 -0.004089 
-0.007355 -0.010406 
-0.001953 0.001434 
0.006256 0.005310 
-0.000977 -0.001892 
-0.005219 0.000092 
0.003204 0.002625 
0.002075 -0.006165 
-0.007507 -0.006409 
-0.000122 0.007996 
0.007324 0.008026 
-0.004089 -0.004974 
-0.010406 -0.003296 
0.001434 0.003418 
0.005310 -0.002502 
-0.001892 -0.004181 
0.000092 0.005707 
0.002625 0.002899 
-0.006165 -0.007477 
-0.006409 -0.001709 
0.007996 0.004883 
0.008026 -0.001343 
-0.004974 -0.002106 
-0.003296 0.007782 
0.003418 0.002319 
-0.002502 -0.008789 
-0.004181 -0.001282 
0.005707 0.007782 
0.002899 -0.000854 
-0.007477 -0.006134 
-0.001709 -0.000122 
0.004883 -0.002380 
-0.001343 -0.007324 
-0.002106 0.002197 
0.007782 0.008667 
0.002319 -0.003571 
-0.008789 -0.006744 
-0.001282 0.002808 
0.007782 0.002899 
-0.000854 -0.003174 
-0.006134 0.001770 
-0.000122 0.004547 
-0.002380 -0.004669 
-0.007324 -0.004364 
0.002197 0.007080 
0.008667 0.004547 
-0.003571 -0.006104 
-0.006744 -0.001709 
0.002808 0.004730 
0.002899 -0.001221 
-0.003174 -0.001129 
0.001770 0.007202 
0.004547 0.001617 
-0.004669 -0.007172 
-0.004364 0.000031 
0.007080 0.006378 
0.004547 -0.002472 
-0.006104 -0.004181 
-0.001709 0.003204 
0.004730 -0.000336 
-0.001221 -0.007050 
-0.001129 0.001740 
0.007202 0.006683 
0.001617 -0.002411 
-0.007172 -0.004700 
0.000031 0.004303 
0.006378 0.002991 
-0.002472 -0.004730 
-0.004181 0.000671 
0.003204 0.003998 
-0.000336 -0.004181 
-0.007050 -0.004822 
0.001740 0.005615 
0.006683 0.001862 
-0.002411 -0.005035 
-0.004700 0.000824 
0.004303 0.003296 
0.002991 -0.004639 
-0.004730 -0.002075 
0.000671 0.006989 
0.003998 0.002319 
-0.004181 -0.006226 
-0.004822 0.001556 
0.005615 0.005493 
0.001862 -0.001770 
-0.005035 -0.002075 
0.000824 0.004059 
0.003296 -0.000122 
-0.004639 -0.004303 
-0.002075 0.003693 
0.006989 0.005371 
0.002319 -0.004303 
-0.006226 -0.002197 
0.001556 0.007233 
0.005493 0.002777 
-0.001770 -0.006287 
-0.002075 -0.000580 
0.004059 0.003540 
-0.000122 -0.002899 
-0.004303 -0.002441 
0.003693 0.002350 
0.005371 -0.001984 
-0.004303 -0.004913 
-0.002197 0.003387 
0.007233 0.006378 
0.002777 -0.003571 
-0.006287 -0.003815 
-0.000580 0.004517 
0.003540 0.001556 
-0.002899 -0.003174 
-0.002441 0.002869 
0.002350 0.004242 
-0.001984 -0.003876 
-0.004913 -0.002502 
0.003387 0.005157 
0.006378 0.000366 
-0.003571 -0.003876 
-0.003815 0.004059 
0.004517 0.007080 
0.001556 -0.002594 
-0.003174 -0.002258 
0.002869 0.005127 
0.004242 0.001556 
-0.003876 -0.003998 
-0.002502 0.000916 
0.005157 0.001221 
0.000366 -0.006317 
-0.003876 -0.001740 
0.004059 0.006500 
0.007080 -0.000031 
-0.002594 -0.008667 
-0.002258 -0.003204 
0.005127 0.002838 
0.001556 -0.002289 
-0.003998 -0.000305 
0.000916 0.003906 
0.001221 -0.002655 
-0.006317 -0.006409 
-0.001740 0.001923 
0.006500 0.004761 
-0.000031 -0.004211 
-0.008667 -0.004272 
-0.003204 0.002350 
0.002838 -0.002167 
-0.002289 -0.004517 
-0.000305 0.003723 
0.003906 0.003876 
-0.002655 -0.004700 
-0.006409 -0.002441 
0.001923 0.006226 
0.004761 0.003662 
-0.004211 -0.001984 
-0.004272 0.002563 
0.002350 0.001678 
-0.002167 -0.005676 
-0.004517 0.000336 
0.003723 0.009155 
0.003876 0.000977 
-0.004700 -0.005859 
-0.002441 -0.000427 
0.006226 0.001221 
0.003662 -0.001923 
-0.001984 0.001526 
0.002563 0.006714 
0.001678 -0.002106 
-0.005676 -0.009308 
0.000336 -0.001160 
0.009155 0.003021 
0.000977 -0.001312 
-0.005859 -0.001587 
-0.000427 0.000031 
0.001221 -0.006958 
-0.001923 -0.006409 
0.001526 0.004456 
0.006714 0.004669 
-0.002106 -0.004456 
-0.009308 -0.002686 
-0.001160 0.004211 
0.003021 0.002228 
-0.001312 -0.001404 
-0.001587 0.004791 
0.000031 0.004608 
-0.006958 -0.002136 
-0.006409 0.001038 
0.004456 0.005646 
0.004669 0.000854 
-0.004456 -0.001801 
-0.002686 0.005219 
0.004211 0.003479 
0.002228 -0.005157 
-0.001404 -0.002228 
0.004791 0.005310 
0.004608 0.001770 
-0.002136 -0.002045 
0.001038 0.002106 
0.005646 0.000580 
0.000854 -0.005707 
-0.001801 -0.001801 
0.005219 0.004730 
0.003479 -0.002197 
-0.005157 -0.006500 
-0.002228 -0.000977 
0.005310 -0.000977 
0.001770 -0.004578 
-0.002045 0.001251 
0.002106 0.005676 
0.000580 -0.001709 
-0.005707 -0.005249 
-0.001801 0.001099 
0.004730 0.000702 
-0.002197 -0.003845 
-0.006500 0.002991 
-0.000977 0.006348 
-0.000977 -0.004333 
-0.004578 -0.008392 
0.001251 0.000092 
0.005676 0.004395 
-0.001709 0.000214 
-0.005249 0.002899 
0.001099 0.001770 
0.000702 -0.006042 
-0.003845 -0.005035 
0.002991 0.004944 
0.006348 0.005524 
-0.004333 -0.001923 
-0.008392 -0.000336 
0.000092 0.002014 
0.004395 -0.004181 
0.000214 -0.002869 
0.002899 0.006226 
0.001770 0.001923 
-0.006042 -0.007172 
-0.005035 -0.004639 
0.004944 0.001648 
0.005524 -0.000702 
-0.001923 -0.000458 
-0.000336 0.003113 
0.002014 -0.002136 
-0.004181 -0.006836 
-0.002869 0.000458 
0.006226 0.003937 
0.001923 -0.004639 
-0.007172 -0.005035 
-0.004639 0.002960 
0.001648 0.003113 
-0.000702 -0.002777 
-0.000458 0.000549 
0.003113 0.003967 
-0.002136 -0.001160 
-0.006836 -0.000763 
0.000458 0.005432 
0.003937 0.002991 
-0.004639 -0.002838 
-0.005035 0.000275 
0.002960 0.002533 
0.003113 -0.002686 
-0.002777 -0.001038 
0.000549 0.006104 
0.003967 0.001129 
-0.001160 -0.006958 
-0.000763 -0.002991 
0.005432 0.003632 
0.002991 0.002167 
-0.002838 0.000916 
0.000275 0.001923 
0.002533 -0.005188 
-0.002686 -0.007324 
-0.001038 0.002655 
0.006104 0.007111 
0.001129 -0.002441 
-0.006958 -0.005157 
-0.002991 0.000763 
0.003632 -0.000092 
0.002167 -0.001770 
0.000916 0.004211 
0.001923 0.004547 
-0.005188 -0.004242 
-0.007324 -0.001862 
0.002655 0.006592 
0.007111 0.002625 
-0.002441 -0.002533 
-0.005157 0.001556 
0.000763 0.003052 
-0.000092 -0.002716 
-0.001770 -0.001801 
0.004211 0.003632 
0.004547 0.002136 
-0.004242 -0.002319 
-0.001862 0.002197 
0.006592 0.002075 
0.002625 -0.003448 
-0.002533 -0.000275 
0.001556 0.005005 
0.003052 0.000610 
-0.002716 -0.005096 
-0.001801 -0.000824 
0.003632 0.001678 
0.002136 -0.003998 
-0.002319 -0.003937 
0.002197 0.001038 
0.002075 -0.001862 
-0.003448 -0.004852 
-0.000275 -0.000488 
0.005005 0.001099 
0.000610 -0.005310 
-0.005096 -0.002289 
-0.000824 0.004486 
0.001678 -0.000946 
-0.003998 -0.007050 
-0.003937 -0.001404 
0.001038 0.001099 
-0.001862 -0.002594 
-0.004852 -0.000458 
-0.000488 0.003662 
0.001099 -0.003296 
-0.005310 -0.007294 
-0.002289 0.000488 
0.004486 0.005676 
-0.000946 0.003418 
-0.007050 0.002747 
-0.001404 0.001343 
0.001099 -0.004272 
-0.002594 -0.003967 
-0.000458 0.007294 
0.003662 0.007690 
-0.003296 -0.003571 
-0.007294 -0.004364 
0.000488 0.001770 
0.005676 0.000549 
0.003418 -0.001709 
0.002747 0.004700 
0.001343 0.003082 
-0.004272 -0.003693 
-0.003967 -0.000702 
0.007294 0.004608 
0.007690 0.000732 
-0.003571 -0.000793 
-0.004364 0.005524 
0.001770 0.004028 
0.000549 -0.004700 
-0.001709 -0.002441 
0.004700 0.004547 
0.003082 0.001099 
-0.003693 -0.002472 
-0.000702 0.003174 
0.004608 0.002808 
0.000732 -0.003082 
-0.000793 -0.000122 
0.005524 0.003296 
0.004028 -0.002136 
-0.004700 -0.002960 
-0.002441 0.003326 
0.004547 0.003021 
0.001099 -0.006042 
-0.002472 -0.004822 
0.003174 0.001678 
0.002808 0.000885 
-0.003082 0.000549 
-0.000122 0.003296 
0.003296 -0.002716 
-0.002136 -0.008362 
-0.002960 -0.000763 
0.003326 0.008148 
0.003021 0.001556 
-0.006042 -0.004639 
-0.004822 -0.000397 
0.001678 0.000610 
0.000885 -0.002655 
0.000549 -0.000153 
0.003296 0.002716 
-0.002716 -0.003143 
-0.008362 -0.004608 
-0.000763 0.002777 
0.008148 0.001923 
0.001556 -0.003967 
-0.004639 -0.000244 
-0.000397 0.004730 
0.000610 -0.000488 
-0.002655 -0.003571 
-0.000153 0.001831 
0.002716 0.000977 
-0.003143 -0.003082 
-0.004608 0.000671 
0.002777 0.004608 
0.001923 -0.000702 
-0.003967 -0.001678 
-0.000244 0.003632 
0.004730 0.003143 
-0.000488 -0.002106 
-0.003571 0.002106 
0.001831 0.005554 
0.000977 -0.001892 
-0.003082 -0.003723 
0.000671 0.005249 
0.004608 0.004974 
-0.000702 -0.001617 
-0.001678 0.000763 
0.003632 0.002960 
0.003143 -0.003052 
-0.002106 -0.005310 
0.002106 0.002594 
0.005554 0.002777 
-0.001892 -0.001709 
-0.003723 0.000641 
0.005249 0.002289 
0.004974 -0.004181 
-0.001617 -0.002472 
0.000763 0.005585 
0.002960 0.003479 
-0.003052 -0.006592 
-0.005310 -0.004608 
0.002594 0.001984 
0.002777 0.000824 
-0.001709 0.001007 
0.000641 0.003601 
0.002289 -0.002380 
-0.004181 -0.006927 
-0.002472 0.001709 
0.005585 0.008911 
0.003479 0.000885 
-0.006592 -0.003357 
-0.004608 0.000946 
0.001984 -0.000488 
0.000824 -0.002716 
0.001007 0.003601 
0.003601 0.005951 
-0.002380 -0.001801 
-0.006927 -0.004578 
0.001709 0.001190 
0.008911 0.001038 
0.000885 -0.001801 
-0.003357 0.003723 
0.000946 0.004456 
-0.000488 -0.005737 
-0.002716 -0.005798 
0.003601 0.004486 
0.005951 0.005402 
-0.001801 -0.001221 
-0.004578 -0.002380 
0.001190 -0.001801 
0.001038 -0.007141 
-0.001801 -0.003174 
0.003723 0.005371 
0.004456 0.002930 
-0.005737 -0.003784 
-0.005798 0.000519 
0.004486 0.004303 
0.005402 -0.001740 
-0.001221 -0.002380 
-0.002380 0.004639 
-0.001801 0.003082 
-0.007141 -0.000732 
-0.003174 0.001312 
0.005371 -0.000122 
0.002930 -0.005981 
-0.003784 -0.000488 
0.000519 0.009613 
0.004303 0.004059 
-0.001740 -0.005981 
-0.002380 -0.003662 
0.004639 0.002258 
0.003082 -0.000641 
-0.000732 0.001007 
0.001312 0.005615 
-0.000122 0.000458 
-0.005981 -0.006073 
-0.000488 -0.000153 
0.009613 0.002869 
0.004059 -0.001923 
-0.005981 -0.000244 
-0.003662 0.003387 
0.002258 -0.002472 
-0.000641 -0.006683 
0.001007 -0.000214 
0.005615 0.003418 
0.000458 -0.002228 
-0.006073 -0.000549 
-0.000153 0.004517 
0.002869 -0.000977 
-0.001923 -0.005524 
-0.000244 -0.000519 
0.003387 0.001709 
-0.002472 -0.003540 
-0.006683 -0.001709 
-0.000214 0.003082 
0.003418 -0.001495 
-0.002228 -0.004211 
-0.000549 0.002991 
0.004517 0.002625 
-0.000977 -0.003479 
-0.005524 -0.000336 
-0.000519 0.006226 
0.001709 0.001190 
-0.003540 -0.005066 
-0.001709 -0.000366 
0.003082 0.002045 
-0.001495 -0.000610 
-0.004211 0.001495 
0.002991 0.003754 
0.002625 -0.003510 
-0.003479 -0.006409 
-0.000336 0.002380 
0.006226 0.004974 
0.001190 -0.002777 
-0.005066 -0.003937 
-0.000366 0.001282 
0.002045 -0.000244 
-0.000610 -0.000732 
0.001495 0.004761 
0.003754 0.000824 
-0.003510 -0.007355 
-0.006409 -0.002228 
0.002380 0.006104 
0.004974 0.002686 
-0.002777 -0.002655 
-0.003937 0.002197 
0.001282 0.002197 
-0.000244 -0.001587 
-0.000732 0.001648 
0.004761 0.007996 
0.000824 0.001556 
-0.007355 -0.003723 
-0.002228 0.000732 
0.006104 0.001068 
0.002686 -0.002869 
-0.002655 0.002075 
0.002197 0.005981 
0.002197 -0.001831 
-0.001587 -0.007385 
0.001648 0.000031 
0.007996 0.004059 
0.001556 -0.001251 
-0.003723 -0.001648 
0.000732 0.000305 
0.001068 -0.003571 
-0.002869 -0.002869 
0.002075 0.004730 
0.005981 0.002197 
-0.001831 -0.006561 
-0.007385 -0.005005 
0.000031 0.001434 
0.004059 -0.001556 
-0.001251 -0.003326 
-0.001648 0.003662 
0.000305 0.003387 
-0.003571 -0.002533 
-0.002869 -0.000427 
0.004730 0.002167 
0.002197 -0.002136 
-0.006561 -0.001740 
-0.005005 0.004730 
0.001434 0.002899 
-0.001556 -0.002991 
-0.003326 -0.001404 
0.003662 0.003265 
0.003387 -0.001434 
-0.002533 -0.001892 
-0.000427 0.004791 
0.002167 0.003815 
-0.002136 -0.003662 
-0.001740 -0.001831 
0.004730 0.004150 
0.002899 0.001343 
-0.002991 0.000580 
-0.001404 0.003693 
0.003265 0.000854 
-0.001434 -0.005157 
-0.001892 -0.001282 
0.004791 0.003510 
0.003815 -0.000488 
-0.003662 -0.002289 
-0.001831 0.003265 
0.004150 0.001831 
0.001343 -0.003632 
0.000580 -0.000977 
0.003693 0.004486 
0.000854 0.000183 
-0.005157 -0.000763 
-0.001282 0.003021 
0.003510 0.000000 
-0.000488 -0.004822 
-0.002289 0.001648 
0.003265 0.006439 
0.001831 0.000092 
-0.003632 -0.004333 
-0.000977 0.001343 
0.004486 0.001801 
0.000183 -0.002350 
-0.000763 0.002502 
0.003021 0.004517 
0.000000 -0.001648 
-0.004822 -0.002960 
0.001648 0.002899 
0.006439 0.000031 
0.000092 -0.006256 
-0.004333 -0.001190 
0.001343 0.003540 
0.001801 -0.002136 
-0.002350 -0.005402 
