-0.017644 0.028697 
-0.016247 0.029655 
-0.014799 0.031231 
-0.014047 0.031816 
-0.012472 0.033091 
-0.010817 0.035946 
-0.008763 0.036602 
-0.006937 0.038318 
-0.005753 0.039860 
-0.003987 0.040931 
-0.001589 0.040978 
-0.000662 0.039474 
0.000991 0.038705 
0.002710 0.036340 
0.003904 0.033484 
0.005468 0.030451 
0.006808 0.026440 
0.008584 0.022432 
0.009801 0.018766 
0.012193 0.014530 
0.013849 0.010307 
0.015813 0.006456 
0.019396 0.003384 
0.021618 0.002001 
0.023985 -0.000157 
0.026896 -0.000908 
0.029867 -0.000775 
0.032025 -0.001639 
0.034445 -0.001010 
0.036194 -0.000339 
0.037133 -0.000960 
0.038345 -0.001821 
0.037913 -0.001945 
0.037461 -0.003638 
0.036735 -0.006790 
0.035769 -0.010084 
0.035468 -0.015012 
0.034734 -0.019344 
0.034528 -0.023457 
0.033915 -0.028567 
0.033554 -0.033546 
0.032997 -0.038753 
0.030825 -0.042712 
0.029694 -0.046076 
0.027115 -0.049847 
0.023778 -0.052306 
0.020954 -0.053202 
0.017640 -0.053790 
0.014045 -0.054021 
0.008558 -0.053172 
0.005332 -0.051795 
0.002803 -0.049028 
-0.001311 -0.046048 
-0.004002 -0.043238 
-0.005596 -0.040138 
-0.007702 -0.037479 
-0.009151 -0.033842 
-0.009496 -0.030753 
-0.010874 -0.027623 
-0.010510 -0.024641 
-0.010518 -0.023034 
-0.011596 -0.020693 
-0.012070 -0.018914 
-0.013584 -0.017435 
-0.015726 -0.016629 
-0.019248 -0.016467 
-0.022568 -0.014529 
-0.026039 -0.013644 
-0.030592 -0.013387 
-0.034998 -0.012767 
-0.039378 -0.013366 
-0.044108 -0.012970 
-0.048168 -0.012865 
-0.051377 -0.012847 
-0.053345 -0.012542 
-0.054459 -0.012970 
-0.055865 -0.012106 
-0.054977 -0.011515 
-0.053694 -0.010101 
-0.052191 -0.007365 
-0.048958 -0.005393 
-0.045829 -0.002339 
-0.041031 0.001381 
-0.036067 0.004931 
-0.032761 0.009163 
-0.028895 0.013058 
-0.025139 0.017714 
-0.022487 0.022128 
-0.020066 0.025215 
-0.017475 0.029399 
-0.015802 0.033170 
-0.015029 0.036887 
-0.014116 0.039024 
-0.014073 0.040491 
-0.013535 0.043082 
-0.013405 0.044094 
-0.014110 0.045036 
-0.013707 0.045089 
-0.014340 0.045025 
-0.015150 0.044496 
-0.014823 0.043751 
-0.014575 0.042790 
-0.014478 0.040764 
-0.013621 0.040009 
-0.012261 0.038709 
-0.010476 0.037622 
-0.009160 0.035469 
-0.006980 0.033618 
-0.003584 0.033215 
-0.001643 0.031393 
0.001630 0.029449 
0.005231 0.026672 
0.009116 0.023730 
0.013540 0.021063 
0.016828 0.017956 
0.020909 0.013676 
0.025586 0.009375 
0.030510 0.005567 
0.033547 0.000633 
0.036005 -0.003784 
0.039435 -0.007667 
0.042476 -0.011383 
0.044677 -0.014232 
0.045617 -0.016917 
0.046523 -0.018481 
0.047137 -0.018808 
0.047094 -0.020403 
0.046245 -0.020980 
0.044774 -0.020254 
0.043075 -0.020461 
0.041373 -0.019654 
0.039630 -0.018533 
0.037284 -0.018212 
0.035213 -0.017637 
0.033266 -0.016294 
0.031043 -0.015130 
0.028718 -0.014850 
0.026051 -0.015026 
0.023561 -0.014776 
0.020524 -0.015429 
0.017516 -0.016581 
0.014507 -0.016856 
0.011322 -0.017625 
0.009773 -0.018039 
0.006376 -0.018703 
0.003040 -0.018671 
0.001095 -0.017832 
-0.002856 -0.016898 
-0.005578 -0.015579 
-0.008590 -0.014708 
-0.012266 -0.013118 
-0.014435 -0.012496 
-0.017285 -0.011726 
-0.020107 -0.010297 
-0.021394 -0.009743 
-0.022294 -0.008936 
-0.022876 -0.008754 
-0.022200 -0.008648 
-0.021017 -0.008387 
-0.020023 -0.008368 
-0.018589 -0.007225 
-0.016498 -0.005678 
-0.015103 -0.004682 
-0.013808 -0.002617 
-0.011901 0.000103 
-0.010626 0.002544 
-0.010822 0.005301 
-0.010649 0.008456 
-0.010550 0.011685 
-0.012110 0.014009 
-0.012792 0.016132 
-0.013373 0.018543 
-0.014464 0.020123 
-0.015618 0.021125 
-0.016372 0.022789 
-0.016522 0.024180 
-0.016443 0.024590 
-0.016029 0.026976 
-0.015920 0.029498 
-0.015312 0.030055 
-0.014741 0.032450 
-0.013102 0.034918 
-0.010890 0.036904 
-0.009580 0.039550 
-0.008516 0.041082 
-0.006826 0.042933 
-0.004581 0.044330 
-0.003001 0.043926 
-0.001597 0.042615 
-0.000183 0.041894 
0.001497 0.039934 
0.001991 0.036661 
0.003451 0.034019 
0.004868 0.029902 
0.005073 0.025632 
0.007131 0.021474 
0.008493 0.016744 
0.010706 0.012520 
0.013350 0.009476 
0.016221 0.007437 
0.020298 0.005248 
0.022679 0.003296 
0.025486 0.002521 
0.029307 0.002592 
0.030447 0.002198 
0.031265 0.002169 
0.033400 0.002040 
0.032803 0.001747 
0.033012 0.000740 
0.033475 -0.000988 
0.033125 -0.002282 
0.034372 -0.005088 
0.034099 -0.008792 
0.034026 -0.012741 
0.034534 -0.016299 
0.034975 -0.021163 
0.034715 -0.026957 
0.033910 -0.031310 
0.033301 -0.036349 
0.031886 -0.040794 
0.030551 -0.045075 
0.027741 -0.048657 
0.024836 -0.050630 
0.022430 -0.052935 
0.018559 -0.053982 
0.014187 -0.054435 
0.009998 -0.054458 
0.005543 -0.053433 
0.000755 -0.051749 
-0.002608 -0.048976 
-0.004895 -0.046836 
-0.006624 -0.044138 
-0.007493 -0.040390 
-0.008667 -0.037983 
-0.009148 -0.035320 
-0.008844 -0.032085 
-0.008919 -0.029578 
-0.009194 -0.026780 
-0.009786 -0.023959 
-0.010476 -0.022102 
-0.012680 -0.020752 
-0.015029 -0.018698 
-0.016688 -0.016478 
-0.020262 -0.016030 
-0.025173 -0.015469 
-0.031012 -0.014683 
-0.035404 -0.015197 
-0.039638 -0.014820 
-0.045190 -0.014601 
-0.049167 -0.015395 
-0.052138 -0.015758 
-0.055131 -0.015181 
-0.057963 -0.014885 
-0.058129 -0.014654 
-0.057141 -0.013099 
-0.055848 -0.012245 
-0.053737 -0.010598 
-0.051171 -0.007768 
-0.047184 -0.005031 
-0.043708 -0.001936 
-0.040333 0.001280 
-0.036648 0.005086 
-0.032530 0.009091 
-0.029651 0.013436 
-0.026741 0.017474 
-0.023202 0.021710 
-0.020983 0.025819 
-0.018712 0.029385 
-0.017959 0.032799 
-0.016607 0.036203 
-0.015351 0.039404 
-0.014621 0.041271 
-0.014038 0.043019 
-0.014768 0.043733 
-0.014505 0.044810 
-0.014586 0.044876 
-0.014402 0.044306 
-0.014305 0.044593 
-0.014375 0.042586 
-0.014434 0.042282 
-0.013714 0.041543 
-0.012262 0.040088 
-0.012001 0.039951 
-0.009885 0.038791 
-0.007765 0.038311 
-0.005672 0.037228 
-0.002391 0.035827 
-0.000003 0.034861 
0.002610 0.032463 
0.006100 0.029359 
0.010414 0.026446 
0.014034 0.022387 
0.017425 0.017922 
0.021728 0.013145 
0.027082 0.008771 
0.031257 0.004309 
0.034094 -0.000340 
0.037975 -0.003560 
0.040022 -0.007923 
0.042773 -0.011495 
0.044876 -0.014192 
0.044807 -0.016273 
0.046166 -0.018558 
0.045658 -0.020481 
0.044960 -0.020201 
0.043980 -0.021008 
0.043701 -0.020457 
0.043331 -0.019637 
0.040602 -0.019030 
0.039374 -0.017674 
0.037148 -0.016978 
0.035240 -0.016186 
0.033255 -0.016101 
0.030585 -0.016426 
0.028788 -0.016801 
0.026248 -0.017065 
0.023511 -0.017813 
0.021337 -0.019334 
0.019812 -0.020130 
0.016491 -0.020385 
0.013488 -0.021543 
0.010560 -0.021057 
0.007029 -0.020567 
0.003348 -0.020464 
-0.000818 -0.019499 
-0.003744 -0.018901 
-0.007369 -0.016691 
-0.011328 -0.016083 
-0.014744 -0.015245 
-0.017451 -0.013569 
-0.020311 -0.012912 
-0.021871 -0.012468 
-0.023109 -0.012653 
-0.024162 -0.012567 
-0.022858 -0.012730 
-0.022394 -0.011971 
-0.021232 -0.011824 
-0.019534 -0.010786 
-0.017886 -0.009208 
-0.016245 -0.007780 
-0.014451 -0.004885 
-0.013083 -0.002031 
-0.012998 0.000865 
-0.012089 0.003181 
-0.012498 0.006035 
-0.012957 0.008463 
-0.013306 0.010621 
-0.014714 0.012926 
-0.015287 0.015027 
-0.016013 0.016651 
-0.016918 0.017260 
-0.016476 0.018685 
-0.016251 0.020104 
-0.016623 0.021284 
-0.016076 0.023613 
-0.016340 0.025845 
-0.016398 0.027584 
-0.015180 0.030711 
-0.013711 0.033046 
-0.012051 0.035616 
-0.010023 0.038469 
-0.008139 0.040082 
-0.006790 0.041937 
-0.004701 0.043264 
-0.003723 0.044613 
-0.003896 0.044210 
-0.002376 0.042520 
-0.001626 0.040988 
-0.001023 0.038728 
0.000680 0.034796 
0.001631 0.030833 
0.004294 0.027222 
0.006345 0.022903 
0.008548 0.018727 
0.012139 0.014609 
0.015067 0.012425 
0.018818 0.010267 
0.021295 0.008128 
0.024411 0.006491 
0.026503 0.005778 
0.027273 0.005620 
0.029512 0.005593 
0.030732 0.005715 
0.031780 0.004463 
0.032567 0.005317 
0.033313 0.004202 
0.034011 0.002109 
0.034365 0.000679 
0.035153 -0.001827 
0.036334 -0.004113 
0.036752 -0.008659 
0.037510 -0.013583 
0.038748 -0.018376 
0.038588 -0.022473 
0.038921 -0.028091 
0.038652 -0.033827 
0.037318 -0.037559 
0.035478 -0.041926 
0.032735 -0.045737 
0.029758 -0.048758 
0.026092 -0.050898 
0.021672 -0.052417 
0.016981 -0.053239 
0.012610 -0.054269 
0.008577 -0.053259 
0.004672 -0.051294 
0.002585 -0.049975 
0.001323 -0.047638 
-0.001655 -0.045148 
-0.002616 -0.042242 
-0.003521 -0.040728 
-0.004637 -0.038004 
-0.003648 -0.034459 
-0.003893 -0.031373 
-0.003659 -0.028383 
-0.004006 -0.026473 
-0.004870 -0.023841 
-0.006395 -0.022162 
-0.009361 -0.019991 
-0.012615 -0.018106 
-0.016473 -0.017120 
-0.020613 -0.015415 
-0.026142 -0.015133 
-0.030650 -0.014806 
-0.036002 -0.014379 
-0.041490 -0.014512 
-0.044589 -0.014509 
-0.048590 -0.015511 
-0.052105 -0.015998 
-0.053862 -0.014895 
-0.054331 -0.014423 
-0.054874 -0.014155 
-0.055090 -0.013226 
-0.053493 -0.011743 
-0.051262 -0.009736 
-0.049244 -0.007380 
-0.045749 -0.004403 
-0.041491 -0.000952 
-0.038681 0.002889 
-0.035073 0.006167 
-0.031599 0.010416 
-0.029132 0.015430 
-0.026001 0.019632 
-0.023331 0.023616 
-0.021396 0.027150 
-0.019494 0.030920 
-0.018019 0.033971 
-0.017176 0.036934 
-0.016368 0.039144 
-0.015323 0.040521 
-0.014856 0.042266 
-0.015345 0.042061 
-0.015263 0.041849 
-0.014876 0.042048 
-0.015467 0.041791 
-0.015776 0.041802 
-0.014898 0.041699 
-0.014693 0.041796 
-0.014249 0.042507 
-0.013069 0.042771 
-0.012580 0.041718 
-0.010228 0.041166 
-0.008150 0.040583 
-0.006844 0.039611 
-0.004059 0.037283 
-0.001193 0.034707 
0.002626 0.032643 
0.006935 0.028832 
0.011476 0.025558 
0.015610 0.021487 
0.019483 0.016862 
0.023595 0.012204 
0.027520 0.007210 
0.031797 0.003409 
0.034747 -0.000963 
0.038036 -0.005248 
0.041069 -0.009487 
0.041497 -0.012084 
0.042896 -0.014326 
0.044447 -0.016714 
0.043954 -0.017836 
0.044388 -0.019333 
0.044543 -0.018777 
0.043441 -0.018668 
0.042802 -0.018522 
0.041019 -0.017169 
0.039482 -0.017094 
0.038105 -0.017045 
0.036340 -0.016974 
0.034551 -0.016624 
0.032340 -0.017262 
0.031777 -0.018088 
0.029982 -0.019103 
0.027548 -0.020111 
0.025777 -0.020220 
0.022947 -0.021104 
0.021311 -0.021419 
0.018606 -0.020710 
0.014496 -0.020322 
0.011366 -0.020193 
0.007202 -0.018281 
0.002213 -0.017001 
-0.002270 -0.016922 
-0.006713 -0.016050 
-0.010550 -0.015209 
-0.013919 -0.014238 
-0.017395 -0.014373 
-0.020056 -0.013871 
-0.021660 -0.013685 
-0.022540 -0.014732 
-0.022425 -0.014729 
-0.021982 -0.014652 
-0.021047 -0.014587 
-0.019672 -0.013443 
-0.019824 -0.011741 
-0.019376 -0.010138 
-0.017548 -0.007239 
-0.015912 -0.004989 
-0.015191 -0.003126 
-0.015222 -0.000138 
-0.014689 0.002079 
-0.014740 0.004478 
-0.014562 0.007228 
-0.015282 0.009153 
-0.015776 0.010539 
-0.015788 0.012199 
-0.016859 0.013769 
-0.016717 0.015100 
-0.017988 0.017089 
-0.018701 0.018503 
-0.018828 0.019014 
-0.019007 0.021391 
-0.017507 0.023924 
-0.015923 0.026121 
-0.014476 0.029415 
-0.014341 0.032439 
-0.012400 0.035832 
-0.010915 0.038971 
-0.010254 0.041293 
-0.008404 0.042325 
-0.008252 0.043901 
-0.007717 0.045284 
-0.007492 0.044929 
-0.006931 0.044195 
-0.005965 0.042006 
-0.005741 0.039301 
-0.004304 0.035616 
-0.001971 0.031763 
0.000043 0.028338 
0.002156 0.024373 
0.004986 0.020067 
0.007692 0.017263 
0.010555 0.014767 
0.013536 0.011639 
0.016454 0.010937 
0.018678 0.009943 
0.020744 0.008900 
0.022624 0.008693 
0.024441 0.008796 
0.026374 0.008399 
0.027410 0.008226 
0.028697 0.008353 
0.029655 0.006434 
0.031231 0.005073 
0.031816 0.003110 
0.033091 0.000550 
0.035946 -0.002038 
0.036602 -0.005562 
0.038318 -0.009892 
0.039860 -0.014304 
0.040931 -0.018827 
0.040978 -0.024077 
0.039474 -0.029688 
0.038705 -0.034877 
0.036340 -0.038141 
0.033484 -0.042474 
0.030451 -0.045831 
0.026440 -0.048457 
0.022432 -0.050785 
0.018766 -0.051794 
0.014530 -0.053120 
0.010307 -0.052675 
0.006456 -0.052884 
0.003384 -0.051500 
0.002001 -0.049530 
-0.000157 -0.048276 
-0.000908 -0.045706 
-0.000775 -0.043763 
-0.001639 -0.041004 
-0.001010 -0.038217 
-0.000339 -0.034956 
-0.000960 -0.031926 
-0.001821 -0.029321 
-0.001945 -0.026603 
-0.003638 -0.024948 
-0.006790 -0.022878 
-0.010084 -0.021181 
-0.015012 -0.019710 
-0.019344 -0.018593 
-0.023457 -0.017733 
-0.028567 -0.017302 
-0.033546 -0.018042 
-0.038753 -0.017355 
-0.042712 -0.017485 
-0.046076 -0.018001 
-0.049847 -0.017289 
-0.052306 -0.017579 
-0.053202 -0.017461 
-0.053790 -0.017285 
-0.054021 -0.016053 
-0.053172 -0.014392 
-0.051795 -0.013186 
-0.049028 -0.010795 
-0.046048 -0.008288 
-0.043238 -0.004883 
-0.040138 -0.001388 
-0.037479 0.001468 
-0.033842 0.006228 
-0.030753 0.011325 
-0.027623 0.015308 
-0.024641 0.019648 
-0.023034 0.023443 
-0.020693 0.027486 
-0.018914 0.030677 
-0.017435 0.033364 
-0.016629 0.035665 
-0.016467 0.036980 
-0.014529 0.039101 
-0.013644 0.039548 
-0.013387 0.040467 
-0.012767 0.040735 
-0.013366 0.040899 
-0.012970 0.042144 
-0.012865 0.042035 
-0.012847 0.042896 
-0.012542 0.043477 
-0.012970 0.043820 
-0.012106 0.043929 
-0.011515 0.043597 
-0.010101 0.042714 
-0.007365 0.042154 
-0.005393 0.040547 
-0.002339 0.037800 
0.001381 0.035376 
0.004931 0.032223 
0.009163 0.029403 
0.013058 0.025190 
0.017714 0.021134 
0.022128 0.015766 
0.025215 0.010577 
0.029399 0.006194 
0.033170 0.001075 
0.036887 -0.002617 
0.039024 -0.006839 
0.040491 -0.009775 
0.043082 -0.013149 
0.044094 -0.014602 
0.045036 -0.015111 
0.045089 -0.016841 
0.045025 -0.016587 
0.044496 -0.017449 
0.043751 -0.017304 
0.042790 -0.016647 
0.040764 -0.016858 
0.040009 -0.016797 
0.038709 -0.017507 
0.037622 -0.018140 
0.035469 -0.018630 
0.033618 -0.019697 
0.033215 -0.020201 
0.031393 -0.020811 
0.029449 -0.022573 
0.026672 -0.022677 
0.023730 -0.022033 
0.021063 -0.021362 
0.017956 -0.019955 
0.013676 -0.019457 
0.009375 -0.018651 
0.005567 -0.017267 
0.000633 -0.016859 
-0.003784 -0.016585 
-0.007667 -0.016156 
-0.011383 -0.016110 
-0.014232 -0.015983 
-0.016917 -0.016035 
-0.018481 -0.016600 
-0.018808 -0.016373 
-0.020403 -0.015838 
-0.020980 -0.015605 
-0.020254 -0.014901 
-0.020461 -0.014118 
-0.019654 -0.012644 
-0.018533 -0.010728 
-0.018212 -0.008520 
-0.017637 -0.006804 
-0.016294 -0.004105 
-0.015130 -0.001107 
-0.014850 0.000715 
-0.015026 0.003686 
-0.014776 0.004716 
-0.015429 0.006022 
-0.016581 0.007968 
-0.016856 0.009354 
-0.017625 0.011326 
-0.018039 0.012333 
-0.018703 0.013859 
-0.018671 0.014647 
-0.017832 0.017544 
-0.016898 0.020890 
-0.015579 0.022404 
-0.014708 0.026264 
-0.013118 0.029925 
-0.012496 0.032844 
-0.011726 0.036281 
-0.010297 0.039692 
-0.009743 0.042820 
-0.008936 0.044948 
-0.008754 0.047256 
-0.008648 0.047900 
-0.008387 0.046525 
-0.008368 0.046014 
-0.007225 0.044062 
-0.005678 0.041295 
-0.004682 0.037625 
-0.002617 0.033955 
0.000103 0.031438 
0.002544 0.027412 
0.005301 0.024408 
0.008456 0.021655 
0.011685 0.018949 
0.014009 0.016890 
0.016132 0.015330 
0.018543 0.013828 
0.020123 0.012497 
0.021125 0.012544 
0.022789 0.011915 
0.024180 0.012263 
0.024590 0.012075 
0.026976 0.011063 
0.029498 0.010858 
0.030055 0.009400 
0.032450 0.007118 
0.034918 0.004926 
0.036904 0.002203 
0.039550 -0.001232 
0.041082 -0.004908 
0.042933 -0.009617 
0.044330 -0.014539 
0.043926 -0.019661 
0.042615 -0.025216 
0.041894 -0.030288 
0.039934 -0.034389 
0.036661 -0.038467 
0.034019 -0.042412 
0.029902 -0.045507 
0.025632 -0.048577 
0.021474 -0.050787 
0.016744 -0.052080 
0.012520 -0.052688 
0.009476 -0.053105 
0.007437 -0.052717 
0.005248 -0.052159 
0.003296 -0.050667 
0.002521 -0.048892 
0.002592 -0.047633 
0.002198 -0.044449 
0.002169 -0.041855 
0.002040 -0.038571 
0.001747 -0.035751 
0.000740 -0.033351 
-0.000988 -0.029425 
-0.002282 -0.027332 
-0.005088 -0.025401 
-0.008792 -0.022723 
-0.012741 -0.021121 
-0.016299 -0.020416 
-0.021163 -0.019417 
-0.026957 -0.018894 
-0.031310 -0.018408 
-0.036349 -0.017901 
-0.040794 -0.017619 
-0.045075 -0.017911 
-0.048657 -0.018216 
-0.050630 -0.018048 
-0.052935 -0.018693 
-0.053982 -0.017806 
-0.054435 -0.017439 
-0.054458 -0.017030 
-0.053433 -0.015550 
-0.051749 -0.013792 
-0.048976 -0.010974 
-0.046836 -0.008286 
-0.044138 -0.004211 
-0.040390 0.000064 
-0.037983 0.004604 
-0.035320 0.008886 
-0.032085 0.013097 
-0.029578 0.017262 
-0.026780 0.020548 
-0.023959 0.024585 
-0.022102 0.026904 
-0.020752 0.029364 
-0.018698 0.032653 
-0.016478 0.033697 
-0.016030 0.034894 
-0.015469 0.037342 
-0.014683 0.037703 
-0.015197 0.038070 
-0.014820 0.039996 
-0.014601 0.040823 
-0.015395 0.042445 
-0.015758 0.043353 
-0.015181 0.043184 
-0.014885 0.043829 
-0.014654 0.044237 
-0.013099 0.044917 
-0.012245 0.045432 
-0.010598 0.044997 
-0.007768 0.043652 
-0.005031 0.041701 
-0.001936 0.038998 
0.001280 0.036089 
0.005086 0.032846 
0.009091 0.028404 
0.013436 0.023877 
0.017474 0.019211 
0.021710 0.014095 
0.025819 0.009023 
0.029385 0.004278 
0.032799 0.000529 
0.036203 -0.002937 
0.039404 -0.006740 
0.041271 -0.009747 
0.043019 -0.011505 
0.043733 -0.013175 
0.044810 -0.014192 
0.044876 -0.014170 
0.044306 -0.014789 
0.044593 -0.015277 
0.042586 -0.016219 
0.042282 -0.016911 
0.041543 -0.017306 
0.040088 -0.018810 
0.039951 -0.019123 
0.038791 -0.020891 
0.038311 -0.022551 
0.037228 -0.022103 
0.035827 -0.022471 
0.034861 -0.022722 
0.032463 -0.023161 
0.029359 -0.022396 
0.026446 -0.021135 
0.022387 -0.020372 
0.017922 -0.018934 
0.013145 -0.018066 
0.008771 -0.018008 
0.004309 -0.017780 
-0.000340 -0.017465 
-0.003560 -0.018228 
-0.007923 -0.018098 
-0.011495 -0.017605 
-0.014192 -0.018505 
-0.016273 -0.018591 
-0.018558 -0.018302 
-0.020481 -0.018896 
-0.020201 -0.018308 
-0.021008 -0.016814 
-0.020457 -0.015763 
-0.019637 -0.013843 
-0.019030 -0.011526 
-0.017674 -0.009504 
-0.016978 -0.007718 
-0.016186 -0.004993 
-0.016101 -0.002723 
-0.016426 -0.001468 
-0.016801 0.000786 
-0.017065 0.002249 
-0.017813 0.003552 
-0.019334 0.004801 
-0.020130 0.005630 
-0.020385 0.006590 
-0.021543 0.007593 
-0.021057 0.009125 
-0.020567 0.010541 
-0.020464 0.012681 
-0.019499 0.015583 
-0.018901 0.018870 
-0.016691 0.022695 
-0.016083 0.026706 
-0.015245 0.031036 
-0.013569 0.034702 
-0.012912 0.038088 
-0.012468 0.041693 
-0.012653 0.043753 
-0.012567 0.045672 
-0.012730 0.046948 
-0.011971 0.046749 
-0.011824 0.046166 
-0.010786 0.044100 
-0.009208 0.041711 
-0.007780 0.039224 
-0.004885 0.036498 
-0.002031 0.032283 
0.000865 0.028728 
0.003181 0.026628 
0.006035 0.022930 
0.008463 0.020141 
0.010621 0.017859 
0.012926 0.016222 
0.015027 0.015720 
0.016651 0.014658 
0.017260 0.013867 
0.018685 0.014431 
0.020104 0.014262 
0.021284 0.013334 
0.023613 0.013365 
0.025845 0.012939 
0.027584 0.011637 
0.030711 0.009875 
0.033046 0.008262 
0.035616 0.004545 
0.038469 0.001105 
0.040082 -0.002188 
0.041937 -0.007265 
0.043264 -0.011666 
0.044613 -0.016942 
0.044210 -0.021684 
0.042520 -0.026339 
0.040988 -0.030682 
0.038728 -0.034317 
0.034796 -0.038173 
0.030833 -0.041984 
0.027222 -0.044848 
0.022903 -0.047102 
0.018727 -0.049973 
0.014609 -0.050712 
0.012425 -0.051997 
0.010267 -0.052806 
0.008128 -0.051785 
0.006491 -0.051466 
0.005778 -0.050175 
0.005620 -0.048123 
0.005593 -0.045304 
0.005715 -0.042002 
0.004463 -0.039222 
0.005317 -0.036671 
0.004202 -0.033691 
0.002109 -0.031457 
0.000679 -0.028774 
-0.001827 -0.025309 
-0.004113 -0.024516 
-0.008659 -0.023561 
-0.013583 -0.021016 
-0.018376 -0.019584 
-0.022473 -0.018054 
-0.028091 -0.017181 
-0.033827 -0.017123 
-0.037559 -0.017359 
-0.041926 -0.017730 
-0.045737 -0.018016 
-0.048758 -0.018937 
-0.050898 -0.018789 
-0.052417 -0.019629 
-0.053239 -0.019219 
-0.054269 -0.017549 
-0.053259 -0.016745 
-0.051294 -0.014494 
-0.049975 -0.012032 
-0.047638 -0.008275 
-0.045148 -0.004919 
-0.042242 -0.001415 
-0.040728 0.002729 
-0.038004 0.006286 
-0.034459 0.009886 
-0.031373 0.013964 
-0.028383 0.017441 
-0.026473 0.020311 
-0.023841 0.024383 
-0.022162 0.026429 
-0.019991 0.028672 
-0.018106 0.030300 
-0.017120 0.031809 
-0.015415 0.034011 
-0.015133 0.034933 
-0.014806 0.036718 
-0.014379 0.037738 
-0.014512 0.039363 
-0.014509 0.040834 
-0.015511 0.042049 
-0.015998 0.043120 
-0.014895 0.044955 
-0.014423 0.045778 
-0.014155 0.045899 
-0.013226 0.047869 
-0.011743 0.046650 
-0.009736 0.046177 
-0.007380 0.045424 
-0.004403 0.042527 
-0.000952 0.039698 
0.002889 0.035702 
0.006167 0.032253 
0.010416 0.027886 
0.015430 0.022244 
0.019632 0.017528 
0.023616 0.013414 
0.027150 0.008358 
0.030920 0.003695 
0.033971 -0.000397 
0.036934 -0.003236 
0.039144 -0.005467 
0.040521 -0.008080 
0.042266 -0.009762 
0.042061 -0.010905 
0.041849 -0.011947 
0.042048 -0.013328 
0.041791 -0.014090 
0.041802 -0.015724 
0.041699 -0.017368 
0.041796 -0.018393 
0.042507 -0.019644 
0.042771 -0.020627 
0.041718 -0.021776 
0.041166 -0.022070 
0.040583 -0.022831 
0.039611 -0.023524 
0.037283 -0.023029 
0.034707 -0.022107 
0.032643 -0.021619 
0.028832 -0.020400 
0.025558 -0.018664 
0.021487 -0.018608 
0.016862 -0.018351 
0.012204 -0.017862 
0.007210 -0.017830 
0.003409 -0.017718 
-0.000963 -0.017850 
-0.005248 -0.018068 
-0.009487 -0.018176 
-0.012084 -0.018910 
-0.014326 -0.019269 
-0.016714 -0.019054 
-0.017836 -0.019447 
-0.019333 -0.018695 
-0.018777 -0.016958 
-0.018668 -0.016033 
-0.018522 -0.014538 
-0.017169 -0.011575 
-0.017094 -0.009647 
-0.017045 -0.007727 
-0.016974 -0.005164 
-0.016624 -0.002927 
-0.017262 -0.000922 
-0.018088 -0.000306 
-0.019103 0.000803 
-0.020111 0.001392 
-0.020220 0.001633 
-0.021104 0.003369 
-0.021419 0.004197 
-0.020710 0.005121 
-0.020322 0.007084 
-0.020193 0.008881 
-0.018281 0.011853 
-0.017001 0.015982 
-0.016922 0.018769 
-0.016050 0.022487 
-0.015209 0.027080 
-0.014238 0.030507 
-0.014373 0.034733 
-0.013871 0.038745 
-0.013685 0.042713 
-0.014732 0.044519 
-0.014729 0.045670 
-0.014652 0.048173 
-0.014587 0.047555 
-0.013443 0.046963 
-0.011741 0.045771 
-0.010138 0.043171 
-0.007239 0.040979 
-0.004989 0.038096 
-0.003126 0.035147 
-0.000138 0.031743 
0.002079 0.028767 
0.004478 0.025574 
0.007228 0.023469 
0.009153 0.021265 
0.010539 0.019349 
0.012199 0.018976 
0.013769 0.017292 
0.015100 0.016493 
0.017089 0.016763 
0.018503 0.017399 
0.019014 0.016708 
0.021391 0.016137 
0.023924 0.016667 
0.026121 0.015119 
0.029415 0.013103 
0.032439 0.010667 
0.035832 0.007781 
0.038971 0.004642 
0.041293 0.000429 
0.042325 -0.003880 
0.043901 -0.008029 
0.045284 -0.012472 
0.044929 -0.017001 
0.044195 -0.022051 
0.042006 -0.026730 
0.039301 -0.031099 
0.035616 -0.035771 
0.031763 -0.039169 
0.028338 -0.042895 
0.024373 -0.046616 
0.020067 -0.049300 
0.017263 -0.051655 
0.014767 -0.052880 
0.011639 -0.053760 
0.010937 -0.053574 
0.009943 -0.052290 
0.008900 -0.051632 
0.008693 -0.050337 
0.008796 -0.048509 
0.008399 -0.046038 
0.008226 -0.043559 
0.008353 -0.041219 
0.006434 -0.038268 
0.005073 -0.036169 
0.003110 -0.033393 
0.000550 -0.031234 
-0.002038 -0.028393 
-0.005562 -0.025788 
-0.009892 -0.024025 
-0.014304 -0.021482 
-0.018827 -0.021334 
-0.024077 -0.020464 
-0.029688 -0.020273 
-0.034877 -0.020459 
-0.038141 -0.021099 
-0.042474 -0.022271 
-0.045831 -0.022211 
-0.048457 -0.023021 
-0.050785 -0.023101 
-0.051794 -0.022837 
-0.053120 -0.020979 
-0.052675 -0.020238 
-0.052884 -0.018051 
-0.051500 -0.014264 
-0.049530 -0.012237 
-0.048276 -0.008929 
-0.045706 -0.005239 
-0.043763 -0.000810 
-0.041004 0.002270 
-0.038217 0.005920 
-0.034956 0.009175 
-0.031926 0.012058 
-0.029321 0.016055 
-0.026603 0.018866 
-0.024948 0.021942 
-0.022878 0.024176 
-0.021181 0.026457 
-0.019710 0.028061 
-0.018593 0.029514 
-0.017733 0.031169 
-0.017302 0.032293 
-0.018042 0.033651 
-0.017355 0.035876 
-0.017485 0.038674 
-0.018001 0.040221 
-0.017289 0.041487 
-0.017579 0.043013 
-0.017461 0.044767 
-0.017285 0.045872 
-0.016053 0.047244 
-0.014392 0.047393 
-0.013186 0.046921 
-0.010795 0.046155 
-0.008288 0.044138 
-0.004883 0.042300 
-0.001388 0.037857 
0.001468 0.033969 
0.006228 0.029787 
0.011325 0.024200 
0.015308 0.019741 
0.019648 0.015334 
0.023443 0.011517 
0.027486 0.007131 
0.030677 0.003504 
0.033364 0.000802 
0.035665 -0.001681 
0.036980 -0.003745 
0.039101 -0.006070 
0.039548 -0.008243 
0.040467 -0.009928 
0.040735 -0.011290 
0.040899 -0.013044 
0.042144 -0.014970 
0.042035 -0.017282 
0.042896 -0.018932 
0.043477 -0.020090 
0.043820 -0.021538 
0.043929 -0.022374 
0.043597 -0.023827 
0.042714 -0.024436 
0.042154 -0.024166 
0.040547 -0.024414 
0.037800 -0.023720 
0.035376 -0.022955 
0.032223 -0.021416 
0.029403 -0.020630 
0.025190 -0.019918 
0.021134 -0.018346 
0.015766 -0.019222 
0.010577 -0.019084 
0.006194 -0.019409 
0.001075 -0.020349 
-0.002617 -0.019861 
-0.006839 -0.020950 
-0.009775 -0.021332 
-0.013149 -0.021344 
-0.014602 -0.021458 
-0.015111 -0.020784 
-0.016841 -0.019687 
-0.016587 -0.017528 
-0.017449 -0.015617 
-0.017304 -0.014449 
-0.016647 -0.012565 
-0.016858 -0.010237 
-0.016797 -0.008034 
-0.017507 -0.005106 
-0.018140 -0.004059 
-0.018630 -0.003536 
-0.019697 -0.002120 
-0.020201 -0.001668 
-0.020811 -0.000557 
-0.022573 -0.000695 
-0.022677 -0.000509 
-0.022033 0.001296 
-0.021362 0.003026 
-0.019955 0.004765 
-0.019457 0.006237 
-0.018651 0.009685 
-0.017267 0.013488 
-0.016859 0.017431 
-0.016585 0.021319 
-0.016156 0.025056 
-0.016110 0.030301 
-0.015983 0.034050 
-0.016035 0.037117 
-0.016600 0.040552 
-0.016373 0.043657 
-0.015838 0.045476 
-0.015605 0.045866 
-0.014901 0.046821 
-0.014118 0.047017 
-0.012644 0.046068 
-0.010728 0.044687 
-0.008520 0.042280 
-0.006804 0.040212 
-0.004105 0.037478 
-0.001107 0.033504 
0.000715 0.030464 
0.003686 0.027487 
0.004716 0.025759 
0.006022 0.023768 
0.007968 0.021350 
0.009354 0.020875 
0.011326 0.020394 
0.012333 0.020465 
0.013859 0.020488 
0.014647 0.020790 
0.017544 0.020315 
0.020890 0.019688 
0.022404 0.019453 
0.026264 0.017212 
0.029925 0.016170 
0.032844 0.014616 
0.036281 0.011730 
0.039692 0.008580 
0.042820 0.004563 
0.044948 0.001893 
0.047256 -0.001981 
0.047900 -0.007305 
0.046525 -0.011685 
0.046014 -0.016970 
0.044062 -0.021806 
0.041295 -0.026095 
0.037625 -0.032026 
0.033955 -0.036504 
0.031438 -0.040590 
0.027412 -0.045135 
0.024408 -0.047141 
0.021655 -0.049132 
0.018949 -0.051017 
0.016890 -0.052605 
0.015330 -0.054024 
0.013828 -0.053577 
0.012497 -0.054234 
0.012544 -0.052899 
0.011915 -0.050196 
0.012263 -0.049635 
0.012075 -0.047269 
0.011063 -0.044687 
0.010858 -0.041860 
0.009400 -0.038616 
0.007118 -0.035475 
0.004926 -0.031974 
0.002203 -0.029498 
-0.001232 -0.027199 
-0.004908 -0.025233 
-0.009617 -0.023519 
-0.014539 -0.022664 
-0.019661 -0.021938 
-0.025216 -0.021543 
-0.030288 -0.021980 
-0.034389 -0.022724 
-0.038467 -0.023194 
-0.042412 -0.023510 
-0.045507 -0.024534 
-0.048577 -0.024160 
-0.050787 -0.023781 
-0.052080 -0.023226 
-0.052688 -0.021880 
-0.053105 -0.019986 
-0.052717 -0.017830 
-0.052159 -0.015879 
-0.050667 -0.011860 
-0.048892 -0.007882 
-0.047633 -0.004176 
-0.044449 -0.000547 
-0.041855 0.002767 
-0.038571 0.006922 
-0.035751 0.010345 
-0.033351 0.012884 
-0.029425 0.015340 
-0.027332 0.018202 
-0.025401 0.020813 
-0.022723 0.023294 
-0.021121 0.025681 
-0.020416 0.027111 
-0.019417 0.029179 
-0.018894 0.031388 
-0.018408 0.033049 
-0.017901 0.034914 
-0.017619 0.036895 
-0.017911 0.039904 
-0.018216 0.042389 
-0.018048 0.044766 
-0.018693 0.047281 
-0.017806 0.048771 
-0.017439 0.049842 
-0.017030 0.050229 
-0.015550 0.050441 
-0.013792 0.049754 
-0.010974 0.048185 
-0.008286 0.044785 
-0.004211 0.041687 
0.000064 0.038066 
0.004604 0.033062 
0.008886 0.029972 
0.013097 0.025047 
0.017262 0.020636 
0.020548 0.017328 
0.024585 0.013737 
0.026904 0.010530 
0.029364 0.006944 
0.032653 0.004734 
0.033697 0.001880 
0.034894 -0.000667 
0.037342 -0.003563 
0.037703 -0.006514 
0.038070 -0.007713 
0.039996 -0.009992 
0.040823 -0.012331 
0.042445 -0.014622 
0.043353 -0.016808 
0.043184 -0.017931 
0.043829 -0.019344 
0.044237 -0.020065 
0.044917 -0.020608 
0.045432 -0.020856 
0.044997 -0.020630 
0.043652 -0.021067 
0.041701 -0.020120 
0.038998 -0.019525 
0.036089 -0.019547 
0.032846 -0.018902 
0.028404 -0.018373 
0.023877 -0.018811 
0.019211 -0.019584 
0.014095 -0.019429 
0.009023 -0.020161 
0.004278 -0.020243 
0.000529 -0.021234 
-0.002937 -0.022247 
-0.006740 -0.021740 
-0.009747 -0.021982 
-0.011505 -0.020959 
-0.013175 -0.020627 
-0.014192 -0.019750 
-0.014170 -0.017807 
-0.014789 -0.016713 
-0.015277 -0.014083 
-0.016219 -0.012207 
-0.016911 -0.010921 
-0.017306 -0.008143 
-0.018810 -0.006078 
-0.019123 -0.004617 
-0.020891 -0.004452 
-0.022551 -0.004615 
-0.022103 -0.002990 
-0.022471 -0.001857 
-0.022722 -0.001732 
-0.023161 -0.001421 
-0.022396 -0.000128 
-0.021135 0.000674 
-0.020372 0.001842 
-0.018934 0.004588 
-0.018066 0.007349 
-0.018008 0.010590 
-0.017780 0.014123 
-0.017465 0.018739 
-0.018228 0.023123 
-0.018098 0.026948 
-0.017605 0.031553 
-0.018505 0.035350 
-0.018591 0.039267 
-0.018302 0.042279 
-0.018896 0.043584 
-0.018308 0.045694 
-0.016814 0.046618 
-0.015763 0.046667 
-0.013843 0.047092 
-0.011526 0.045295 
-0.009504 0.042901 
-0.007718 0.040442 
-0.004993 0.037287 
-0.002723 0.034154 
-0.001468 0.031760 
0.000786 0.030070 
0.002249 0.027490 
0.003552 0.025664 
0.004801 0.024697 
0.005630 0.023572 
0.006590 0.022925 
0.007593 0.021774 
0.009125 0.021574 
0.010541 0.022412 
0.012681 0.021448 
0.015583 0.021018 
0.018870 0.020676 
0.022695 0.019079 
0.026706 0.017684 
0.031036 0.015749 
0.034702 0.014372 
0.038088 0.011954 
0.041693 0.008774 
0.043753 0.005199 
0.045672 0.000889 
0.046948 -0.002699 
0.046749 -0.008584 
0.046166 -0.014270 
0.044100 -0.018557 
0.041711 -0.024253 
0.039224 -0.028999 
0.036498 -0.033442 
0.032283 -0.037731 
0.028728 -0.041245 
0.026628 -0.045386 
0.022930 -0.048348 
0.020141 -0.050728 
0.017859 -0.052363 
0.016222 -0.053746 
0.015720 -0.055468 
0.014658 -0.055399 
0.013867 -0.055042 
0.014431 -0.054111 
0.014262 -0.052852 
0.013334 -0.050388 
0.013365 -0.047432 
0.012939 -0.044793 
0.011637 -0.041047 
0.009875 -0.038280 
0.008262 -0.034757 
0.004545 -0.031682 
0.001105 -0.030341 
-0.002188 -0.028075 
-0.007265 -0.025475 
-0.011666 -0.024551 
-0.016942 -0.024527 
-0.021684 -0.024041 
-0.026339 -0.024168 
-0.030682 -0.024754 
-0.034317 -0.025176 
-0.038173 -0.025643 
-0.041984 -0.026119 
-0.044848 -0.025494 
-0.047102 -0.025672 
-0.049973 -0.024889 
-0.050712 -0.022608 
-0.051997 -0.021612 
-0.052806 -0.019073 
-0.051785 -0.016513 
-0.051466 -0.014288 
-0.050175 -0.011118 
-0.048123 -0.007103 
-0.045304 -0.003898 
-0.042002 -0.000864 
-0.039222 0.003406 
-0.036671 0.005650 
-0.033691 0.008827 
-0.031457 0.011923 
-0.028774 0.014331 
-0.025309 0.016817 
-0.024516 0.017970 
-0.023561 0.020757 
-0.021016 0.022349 
-0.019584 0.023931 
-0.018054 0.026618 
-0.017181 0.028616 
-0.017123 0.031951 
-0.017359 0.034279 
-0.017730 0.036612 
-0.018016 0.040472 
-0.018937 0.043016 
-0.018789 0.045643 
-0.019629 0.048139 
-0.019219 0.049060 
-0.017549 0.050076 
-0.016745 0.049646 
-0.014494 0.048834 
-0.012032 0.047578 
-0.008275 0.044472 
-0.004919 0.041791 
-0.001415 0.038745 
0.002729 0.035569 
0.006286 0.031653 
0.009886 0.027731 
0.013964 0.023682 
0.017441 0.019261 
0.020311 0.016790 
0.024383 0.014007 
0.026429 0.009910 
0.028672 0.006353 
0.030300 0.004432 
0.031809 0.000841 
0.034011 -0.001761 
0.034933 -0.002990 
0.036718 -0.007167 
0.037738 -0.009709 
0.039363 -0.011871 
0.040834 -0.014863 
0.042049 -0.016551 
0.043120 -0.018077 
0.044955 -0.019831 
0.045778 -0.020794 
0.045899 -0.021142 
0.047869 -0.020939 
0.046650 -0.020423 
0.046177 -0.020987 
0.045424 -0.020891 
0.042527 -0.020220 
0.039698 -0.019655 
0.035702 -0.019751 
0.032253 -0.019506 
0.027886 -0.019318 
0.022244 -0.019764 
0.017528 -0.020418 
0.013414 -0.021923 
0.008358 -0.022481 
0.003695 -0.023174 
-0.000397 -0.023161 
-0.003236 -0.023530 
-0.005467 -0.023291 
-0.008080 -0.022183 
-0.009762 -0.022155 
-0.010905 -0.020078 
-0.011947 -0.018488 
-0.013328 -0.016740 
-0.014090 -0.014144 
-0.015724 -0.012582 
-0.017368 -0.011001 
-0.018393 -0.009447 
-0.019644 -0.007979 
-0.020627 -0.006597 
-0.021776 -0.006245 
-0.022070 -0.006525 
-0.022831 -0.006001 
-0.023524 -0.006012 
-0.023029 -0.005708 
-0.022107 -0.004986 
-0.021619 -0.004473 
-0.020400 -0.002563 
-0.018664 0.000046 
-0.018608 0.001674 
-0.018351 0.004421 
-0.017862 0.008237 
-0.017830 0.011435 
-0.017718 0.015911 
-0.017850 0.020146 
-0.018068 0.024302 
-0.018176 0.028878 
-0.018910 0.034179 
-0.019269 0.038935 
-0.019054 0.040970 
-0.019447 0.043688 
-0.018695 0.045873 
-0.016958 0.045991 
-0.016033 0.046515 
-0.014538 0.046565 
-0.011575 0.045125 
-0.009647 0.043115 
-0.007727 0.040419 
-0.005164 0.038954 
-0.002927 0.037673 
-0.000922 0.035162 
-0.000306 0.032812 
0.000803 0.030723 
0.001392 0.029554 
0.001633 0.028129 
0.003369 0.026683 
0.004197 0.024950 
0.005121 0.024585 
0.007084 0.023790 
0.008881 0.022909 
0.011853 0.024110 
0.015982 0.023278 
0.018769 0.023221 
0.022487 0.022692 
0.027080 0.021692 
0.030507 0.020202 
0.034733 0.017775 
0.038745 0.015750 
0.042713 0.012000 
0.044519 0.009637 
0.045670 0.005656 
0.048173 0.000403 
0.047555 -0.003880 
0.046963 -0.008550 
0.045771 -0.013497 
0.043171 -0.018450 
0.040979 -0.022478 
0.038096 -0.027359 
0.035147 -0.031730 
0.031743 -0.036277 
