-0.002543 0.016711 
-0.000410 0.017099 
0.000883 0.013311 
0.000819 0.013327 
0.002696 0.016548 
0.000657 0.016029 
0.002455 0.016993 
0.005105 0.016007 
0.007044 0.016664 
0.008393 0.019091 
0.008092 0.021991 
0.011000 0.023706 
0.011634 0.025807 
0.013441 0.027506 
0.014236 0.028382 
0.013888 0.032865 
0.014925 0.033452 
0.017023 0.034967 
0.019825 0.038576 
0.019519 0.040563 
0.020296 0.040875 
0.021613 0.042363 
0.022022 0.042980 
0.022160 0.042375 
0.021239 0.041355 
0.022733 0.037294 
0.023571 0.036326 
0.022000 0.033521 
0.023981 0.030790 
0.023693 0.027155 
0.021728 0.022394 
0.021657 0.020001 
0.021241 0.018098 
0.021478 0.015757 
0.020216 0.012038 
0.021500 0.011789 
0.020766 0.010615 
0.018156 0.009805 
0.021023 0.009596 
0.023520 0.009169 
0.024466 0.009485 
0.025977 0.009190 
0.026762 0.010642 
0.028734 0.010848 
0.032057 0.010405 
0.034243 0.012844 
0.036139 0.012861 
0.037376 0.011563 
0.040554 0.013066 
0.042372 0.011170 
0.041098 0.011344 
0.042486 0.010216 
0.042182 0.009278 
0.041561 0.008543 
0.041164 0.003324 
0.038437 0.003338 
0.036814 0.001563 
0.032906 0.000549 
0.030002 -0.002063 
0.028513 -0.005847 
0.023321 -0.005732 
0.019530 -0.007582 
0.015541 -0.008659 
0.013333 -0.012093 
0.011521 -0.012515 
0.007456 -0.011152 
0.007340 -0.014362 
0.005335 -0.015725 
0.002944 -0.015929 
0.003628 -0.017488 
0.003869 -0.017972 
0.004168 -0.018783 
0.005301 -0.019368 
0.007401 -0.020393 
0.007921 -0.021932 
0.008458 -0.021130 
0.009608 -0.021142 
0.008657 -0.021333 
0.008714 -0.024274 
0.008681 -0.025331 
0.007288 -0.023195 
0.008171 -0.025518 
0.007039 -0.025519 
0.004814 -0.024356 
0.002396 -0.024036 
-0.001328 -0.022834 
-0.002579 -0.023366 
-0.004997 -0.022215 
-0.008616 -0.020625 
-0.009705 -0.019639 
-0.011275 -0.017296 
-0.015385 -0.015942 
-0.016184 -0.014893 
-0.016965 -0.013141 
-0.019883 -0.011460 
-0.018751 -0.009417 
-0.019710 -0.007235 
-0.023610 -0.006449 
-0.022463 -0.005861 
-0.020206 -0.005709 
-0.022296 -0.006452 
-0.022568 -0.006351 
-0.021693 -0.008141 
-0.023270 -0.008484 
-0.024582 -0.008753 
-0.024808 -0.011477 
-0.024568 -0.012458 
-0.024640 -0.013792 
-0.024449 -0.015536 
-0.025523 -0.019003 
-0.026787 -0.020885 
-0.025066 -0.021904 
-0.023537 -0.023266 
-0.023103 -0.022078 
-0.021116 -0.023880 
-0.021286 -0.024275 
-0.021521 -0.023608 
-0.021168 -0.022179 
-0.020500 -0.019450 
-0.017887 -0.018724 
-0.018308 -0.016431 
-0.017753 -0.014283 
-0.016561 -0.012086 
-0.015209 -0.011789 
-0.013371 -0.009494 
-0.012573 -0.007207 
-0.011028 -0.006540 
-0.011865 -0.002978 
-0.011052 -0.003196 
-0.008092 -0.003572 
-0.009155 -0.004448 
-0.010493 -0.004314 
-0.008748 -0.002997 
-0.009820 -0.005094 
-0.012683 -0.006111 
-0.014289 -0.006726 
-0.015447 -0.008534 
-0.016289 -0.010129 
-0.017804 -0.011743 
-0.021059 -0.013647 
-0.022030 -0.014667 
-0.020586 -0.016306 
-0.023316 -0.017024 
-0.024290 -0.018720 
-0.025086 -0.018335 
-0.026073 -0.018302 
-0.023851 -0.019328 
-0.021400 -0.016752 
-0.019869 -0.017947 
-0.019593 -0.017577 
-0.017121 -0.016046 
-0.015542 -0.013677 
-0.013903 -0.013363 
-0.012757 -0.014135 
-0.010412 -0.013953 
-0.007492 -0.014087 
-0.005978 -0.011087 
-0.002884 -0.011584 
-0.001944 -0.007582 
-0.001602 -0.006680 
-0.001186 -0.006712 
-0.000073 -0.003128 
-0.001341 -0.003931 
-0.003242 -0.002565 
-0.003585 -0.003294 
-0.005289 -0.001789 
-0.007163 0.000031 
-0.009560 0.000135 
-0.011369 0.002600 
-0.012006 0.003511 
-0.012852 0.003833 
-0.015970 0.006141 
-0.017415 0.006116 
-0.018417 0.007492 
-0.019088 0.013291 
-0.017931 0.014561 
-0.017966 0.015373 
-0.018561 0.017532 
-0.016597 0.019199 
-0.014553 0.019401 
-0.015747 0.019623 
-0.014523 0.019870 
-0.013305 0.021124 
-0.009916 0.021712 
-0.008850 0.019806 
-0.010246 0.019915 
-0.006808 0.016830 
-0.005336 0.017056 
-0.005014 0.016723 
-0.005372 0.014101 
-0.004204 0.015192 
-0.002926 0.014711 
-0.001110 0.014809 
0.000216 0.013940 
-0.000069 0.014347 
0.002313 0.015239 
0.003626 0.016456 
0.004698 0.018925 
0.005855 0.020321 
0.007610 0.022814 
0.008111 0.023720 
0.009529 0.025624 
0.011201 0.028512 
0.012271 0.029930 
0.014167 0.034133 
0.014476 0.035698 
0.017791 0.039304 
0.016581 0.043914 
0.016547 0.042739 
0.019680 0.044080 
0.018633 0.042742 
0.019757 0.043836 
0.020121 0.041669 
0.021939 0.036542 
0.021590 0.037608 
0.020748 0.033690 
0.021070 0.030252 
0.018268 0.026732 
0.016872 0.024384 
0.014724 0.021335 
0.015583 0.019918 
0.016256 0.017900 
0.015268 0.012137 
0.015171 0.013220 
0.015798 0.011877 
0.016793 0.010279 
0.016612 0.009315 
0.020026 0.010691 
0.021817 0.012459 
0.023539 0.011492 
0.026019 0.013237 
0.028469 0.013408 
0.031873 0.014137 
0.032874 0.012465 
0.036371 0.011699 
0.038651 0.014077 
0.038228 0.013825 
0.039004 0.012483 
0.041070 0.011389 
0.041182 0.009961 
0.040113 0.010781 
0.039739 0.010135 
0.038582 0.008380 
0.038756 0.007729 
0.034917 0.003309 
0.031626 0.002776 
0.030680 0.002120 
0.026634 -0.001151 
0.024093 -0.001905 
0.019877 -0.002355 
0.016294 -0.006515 
0.013168 -0.008517 
0.010431 -0.006945 
0.009908 -0.011869 
0.006733 -0.011625 
0.006283 -0.011605 
0.005391 -0.015854 
0.004336 -0.017268 
0.004706 -0.017982 
0.005725 -0.017253 
0.008097 -0.018961 
0.007201 -0.017652 
0.009564 -0.018009 
0.011665 -0.019157 
0.010899 -0.018419 
0.012605 -0.021141 
0.013085 -0.021112 
0.009881 -0.022457 
0.008941 -0.023616 
0.010403 -0.022954 
0.009439 -0.025036 
0.006624 -0.024339 
0.003324 -0.023094 
0.001918 -0.023032 
-0.000529 -0.022934 
-0.002074 -0.021512 
-0.003854 -0.019042 
-0.006048 -0.019638 
-0.008608 -0.018449 
-0.010067 -0.015674 
-0.010498 -0.013574 
-0.014302 -0.013392 
-0.014377 -0.013200 
-0.015338 -0.011447 
-0.016624 -0.010165 
-0.017530 -0.008420 
-0.018282 -0.008202 
-0.017130 -0.006665 
-0.018520 -0.006943 
-0.022172 -0.007396 
-0.023255 -0.009022 
-0.022262 -0.011820 
-0.023491 -0.011838 
-0.020642 -0.015511 
-0.022972 -0.017402 
-0.024695 -0.017972 
-0.023355 -0.019165 
-0.024106 -0.020657 
-0.022617 -0.021105 
-0.024752 -0.022741 
-0.022891 -0.026418 
-0.022059 -0.025559 
-0.022720 -0.026085 
-0.020955 -0.026490 
-0.019756 -0.026561 
-0.019053 -0.024422 
-0.018562 -0.021814 
-0.016194 -0.023791 
-0.015315 -0.021272 
-0.015365 -0.018687 
-0.014004 -0.016885 
-0.012976 -0.012096 
-0.011650 -0.010524 
-0.008373 -0.009769 
-0.009287 -0.008345 
-0.008524 -0.006566 
-0.007615 -0.004538 
-0.006694 -0.004972 
-0.004082 -0.005780 
-0.006245 -0.006511 
-0.007372 -0.006529 
-0.009458 -0.007324 
-0.008940 -0.008523 
-0.008838 -0.009357 
-0.011678 -0.010887 
-0.013917 -0.012491 
-0.015583 -0.014059 
-0.017266 -0.014897 
-0.020785 -0.016848 
-0.021622 -0.015566 
-0.020523 -0.016290 
-0.020082 -0.017723 
-0.022622 -0.017156 
-0.022659 -0.019284 
-0.020972 -0.017618 
-0.019997 -0.018051 
-0.018886 -0.018950 
-0.018458 -0.018290 
-0.015217 -0.017852 
-0.011970 -0.016188 
-0.009936 -0.015032 
-0.007861 -0.014347 
-0.005720 -0.015999 
-0.005010 -0.015161 
-0.004162 -0.013404 
-0.001855 -0.012832 
-0.000580 -0.010265 
-0.001061 -0.006389 
-0.001373 -0.006746 
-0.002544 -0.008339 
-0.002159 -0.006943 
-0.001387 -0.005924 
-0.003480 -0.004093 
-0.005840 -0.002354 
-0.007207 -0.001804 
-0.006748 -0.002348 
-0.010272 0.001025 
-0.011288 0.001588 
-0.012373 0.001477 
-0.015583 0.006846 
-0.015297 0.007459 
-0.017079 0.009568 
-0.018179 0.010887 
-0.018905 0.012011 
-0.017084 0.014761 
-0.016833 0.015877 
-0.016953 0.019668 
-0.014439 0.019336 
-0.014297 0.019587 
-0.013238 0.020232 
-0.010780 0.020088 
-0.009767 0.020860 
-0.008713 0.018291 
-0.007103 0.018418 
-0.007279 0.017530 
-0.004713 0.017345 
-0.003394 0.017533 
-0.002361 0.014594 
-0.001866 0.014643 
-0.002648 0.012815 
-0.000109 0.010884 
0.000899 0.013187 
0.002307 0.014330 
0.003055 0.013559 
0.004220 0.016161 
0.004982 0.018321 
0.004486 0.018849 
0.006349 0.022927 
0.006769 0.025992 
0.007452 0.029695 
0.012007 0.032387 
0.014397 0.033780 
0.014918 0.038727 
0.015790 0.040425 
0.015319 0.042001 
0.015973 0.044801 
0.016644 0.044065 
0.020016 0.045231 
0.021144 0.045789 
0.021007 0.043748 
0.022716 0.042422 
0.022151 0.041002 
0.021805 0.039727 
0.020714 0.037543 
0.020513 0.033688 
0.020265 0.030108 
0.020484 0.027012 
0.018275 0.023074 
0.016901 0.020914 
0.018513 0.018338 
0.016333 0.016928 
0.016546 0.018089 
0.017597 0.016783 
0.016706 0.015431 
0.017727 0.013339 
0.019157 0.013710 
0.021780 0.013350 
0.023692 0.012223 
0.024156 0.015204 
0.028509 0.014415 
0.031481 0.013544 
0.033785 0.013585 
0.036930 0.013275 
0.038760 0.013211 
0.041308 0.012254 
0.041324 0.013697 
0.043350 0.012974 
0.044076 0.011009 
0.041680 0.011140 
0.041144 0.009819 
0.041000 0.008752 
0.038803 0.007147 
0.035668 0.004616 
0.034090 0.003204 
0.029725 0.000056 
0.025835 -0.001857 
0.023262 -0.003043 
0.020594 -0.005722 
0.018910 -0.007995 
0.015801 -0.009889 
0.014091 -0.009901 
0.012120 -0.010653 
0.008535 -0.011544 
0.007289 -0.011853 
0.007297 -0.013141 
0.007257 -0.013260 
0.007239 -0.014458 
0.008182 -0.016415 
0.008810 -0.016571 
0.009334 -0.017564 
0.012762 -0.019543 
0.013218 -0.020528 
0.012339 -0.020488 
0.013303 -0.021754 
0.012096 -0.024042 
0.011228 -0.025078 
0.010769 -0.025534 
0.009123 -0.025071 
0.007640 -0.026781 
0.005517 -0.026552 
0.003552 -0.022788 
0.002782 -0.023587 
0.001259 -0.023179 
-0.001999 -0.021218 
-0.004768 -0.020610 
-0.004716 -0.018004 
-0.007355 -0.018071 
-0.007461 -0.017586 
-0.008237 -0.013714 
-0.013567 -0.013173 
-0.012675 -0.011532 
-0.013736 -0.008855 
-0.015114 -0.010083 
-0.018001 -0.008597 
-0.019513 -0.007972 
-0.017472 -0.007427 
-0.020835 -0.004091 
-0.020953 -0.006663 
-0.021022 -0.008453 
-0.021981 -0.008776 
-0.022433 -0.010171 
-0.021501 -0.010581 
-0.020981 -0.014312 
-0.022644 -0.015992 
-0.022680 -0.018640 
-0.024187 -0.019819 
-0.024615 -0.018507 
-0.025371 -0.021820 
-0.024132 -0.021770 
-0.023556 -0.024119 
-0.023573 -0.024734 
-0.021662 -0.021494 
-0.021994 -0.023668 
-0.020763 -0.023246 
-0.020907 -0.022647 
-0.019861 -0.020615 
-0.018950 -0.018246 
-0.018788 -0.015287 
-0.015004 -0.011904 
-0.012909 -0.011973 
-0.013283 -0.006513 
-0.011995 -0.005811 
-0.008452 -0.006424 
-0.009516 -0.003740 
-0.008117 -0.004358 
-0.007131 -0.003609 
-0.011341 -0.003879 
-0.009488 -0.003715 
-0.009480 -0.006440 
-0.010910 -0.005963 
-0.013018 -0.006545 
-0.015444 -0.009908 
-0.013766 -0.007150 
-0.015191 -0.010597 
-0.017451 -0.012810 
-0.019628 -0.012324 
-0.021778 -0.013930 
-0.023929 -0.014021 
-0.024286 -0.014022 
-0.024244 -0.014418 
-0.025901 -0.016557 
-0.023724 -0.016650 
-0.024331 -0.017326 
-0.024795 -0.017856 
-0.020875 -0.017006 
-0.019279 -0.015977 
-0.017583 -0.015555 
-0.016656 -0.016485 
-0.014992 -0.017492 
-0.012287 -0.015970 
-0.012037 -0.012380 
-0.010665 -0.011979 
-0.009307 -0.009426 
-0.007480 -0.008310 
-0.005244 -0.009082 
-0.005467 -0.007273 
-0.004854 -0.007571 
-0.003718 -0.007773 
-0.005651 -0.006601 
-0.007060 -0.006765 
-0.007333 -0.007064 
-0.009349 -0.005979 
-0.010335 -0.005726 
-0.012853 -0.002305 
-0.014927 -0.000223 
-0.014846 -0.000229 
-0.016123 0.001488 
-0.016532 0.004047 
-0.016804 0.007476 
-0.019188 0.008306 
-0.020150 0.012260 
-0.019054 0.013163 
-0.019525 0.014606 
-0.018375 0.018778 
-0.017813 0.017526 
-0.017509 0.019778 
-0.016443 0.020618 
-0.014837 0.019139 
-0.013783 0.019794 
-0.015402 0.019432 
-0.012691 0.018427 
-0.011372 0.017939 
-0.010783 0.016838 
-0.009731 0.014747 
-0.009460 0.013055 
-0.007153 0.011842 
-0.006941 0.011638 
-0.004931 0.011490 
-0.003570 0.011660 
-0.003468 0.010798 
-0.001468 0.011251 
-0.000314 0.013339 
-0.000157 0.014746 
-0.000038 0.016619 
0.000859 0.018072 
0.003062 0.020623 
0.004890 0.024020 
0.006451 0.027123 
0.008120 0.030797 
0.009403 0.033801 
0.010799 0.034914 
0.011673 0.037717 
0.013667 0.041196 
0.015557 0.042917 
0.016714 0.043938 
0.017019 0.044537 
0.017421 0.045081 
0.018907 0.043268 
0.021184 0.040693 
0.020363 0.039276 
0.018076 0.038410 
0.019933 0.035244 
0.019409 0.030990 
0.016934 0.027718 
0.016711 0.024031 
0.017099 0.022241 
0.013311 0.019493 
0.013327 0.016133 
0.016548 0.015076 
0.016029 0.014097 
0.016993 0.012516 
0.016007 0.012839 
0.016664 0.014044 
0.019091 0.013062 
0.021991 0.012624 
0.023706 0.013846 
0.025807 0.014786 
0.027506 0.013311 
0.028382 0.014006 
0.032865 0.015445 
0.033452 0.013811 
0.034967 0.014242 
0.038576 0.012173 
0.040563 0.012576 
0.040875 0.014384 
0.042363 0.011407 
0.042980 0.012356 
0.042375 0.010279 
0.041355 0.008050 
0.037294 0.008256 
0.036326 0.005375 
0.033521 0.004289 
0.030790 0.002350 
0.027155 0.001287 
0.022394 -0.000867 
0.020001 -0.003636 
0.018098 -0.004951 
0.015757 -0.007381 
0.012038 -0.007391 
0.011789 -0.008472 
0.010615 -0.010600 
0.009805 -0.011238 
0.009596 -0.011610 
0.009169 -0.013329 
0.009485 -0.015764 
0.009190 -0.015989 
0.010642 -0.017121 
0.010848 -0.019434 
0.010405 -0.020292 
0.012844 -0.020001 
0.012861 -0.020760 
0.011563 -0.023060 
0.013066 -0.023297 
0.011170 -0.024303 
0.011344 -0.024872 
0.010216 -0.024070 
0.009278 -0.027028 
0.008543 -0.026146 
0.003324 -0.024974 
0.003338 -0.026269 
0.001563 -0.022769 
0.000549 -0.021816 
-0.002063 -0.022146 
-0.005847 -0.019262 
-0.005732 -0.018092 
-0.007582 -0.017846 
-0.008659 -0.015693 
-0.012093 -0.013161 
-0.012515 -0.011401 
-0.011152 -0.010140 
-0.014362 -0.008288 
-0.015725 -0.007471 
-0.015929 -0.007405 
-0.017488 -0.005958 
-0.017972 -0.006882 
-0.018783 -0.008841 
-0.019368 -0.009575 
-0.020393 -0.010548 
-0.021932 -0.010817 
-0.021130 -0.012904 
-0.021142 -0.015392 
-0.021333 -0.015063 
-0.024274 -0.017175 
-0.025331 -0.018797 
-0.023195 -0.020040 
-0.025518 -0.022294 
-0.025519 -0.023681 
-0.024356 -0.026558 
-0.024036 -0.026780 
-0.022834 -0.026853 
-0.023366 -0.025081 
-0.022215 -0.023355 
-0.020625 -0.022790 
-0.019639 -0.020547 
-0.017296 -0.018981 
-0.015942 -0.015623 
-0.014893 -0.012435 
-0.013141 -0.009640 
-0.011460 -0.008167 
-0.009417 -0.005848 
-0.007235 -0.005065 
-0.006449 -0.004705 
-0.005861 -0.005411 
-0.005709 -0.005706 
-0.006452 -0.004456 
-0.006351 -0.007286 
-0.008141 -0.005784 
-0.008484 -0.007006 
-0.008753 -0.007550 
-0.011477 -0.005863 
-0.012458 -0.008489 
-0.013792 -0.010156 
-0.015536 -0.010398 
-0.019003 -0.011539 
-0.020885 -0.013365 
-0.021904 -0.013288 
-0.023266 -0.015950 
-0.022078 -0.015048 
-0.023880 -0.015284 
-0.024275 -0.015513 
-0.023608 -0.015311 
-0.022179 -0.017224 
-0.019450 -0.016090 
-0.018724 -0.016003 
-0.016431 -0.013031 
-0.014283 -0.014489 
-0.012086 -0.013715 
-0.011789 -0.011521 
-0.009494 -0.012691 
-0.007207 -0.011735 
-0.006540 -0.010885 
-0.002978 -0.009820 
-0.003196 -0.010784 
-0.003572 -0.009559 
-0.004448 -0.010140 
-0.004314 -0.010944 
-0.002997 -0.010334 
-0.005094 -0.008492 
-0.006111 -0.008223 
-0.006726 -0.008724 
-0.008534 -0.005138 
-0.010129 -0.003852 
-0.011743 -0.001883 
-0.013647 -0.000343 
-0.014667 0.001232 
-0.016306 0.003871 
-0.017024 0.005342 
-0.018720 0.005987 
-0.018335 0.009364 
-0.018302 0.012696 
-0.019328 0.013244 
-0.016752 0.015553 
-0.017947 0.015927 
-0.017577 0.016333 
-0.016046 0.016897 
-0.013677 0.017766 
-0.013363 0.017904 
-0.014135 0.016748 
-0.013953 0.017751 
-0.014087 0.017614 
-0.011087 0.015795 
-0.011584 0.015588 
-0.007582 0.014164 
-0.006680 0.011253 
-0.006712 0.012087 
-0.003128 0.010368 
-0.003931 0.010075 
-0.002565 0.012876 
-0.003294 0.010900 
-0.001789 0.010099 
0.000031 0.011969 
0.000135 0.014309 
0.002600 0.019530 
0.003511 0.023787 
0.003833 0.024874 
0.006141 0.028583 
0.006116 0.031316 
0.007492 0.034514 
0.013291 0.037652 
0.014561 0.038412 
0.015373 0.043778 
0.017532 0.045799 
0.019199 0.044501 
0.019401 0.046057 
0.019623 0.045730 
0.019870 0.044647 
0.021124 0.043303 
0.021712 0.039346 
0.019806 0.037291 
0.019915 0.035834 
0.016830 0.031805 
0.017056 0.028387 
0.016723 0.024211 
0.014101 0.022450 
0.015192 0.023269 
0.014711 0.021436 
0.014809 0.019863 
0.013940 0.020277 
0.014347 0.018788 
0.015239 0.017375 
0.016456 0.018116 
0.018925 0.016837 
0.020321 0.015473 
0.022814 0.014612 
0.023720 0.014755 
0.025624 0.016467 
0.028512 0.015531 
0.029930 0.014819 
0.034133 0.016490 
0.035698 0.016265 
0.039304 0.014768 
0.043914 0.015588 
0.042739 0.015946 
0.044080 0.015459 
0.042742 0.015443 
0.043836 0.012996 
0.041669 0.009896 
0.036542 0.009054 
0.037608 0.008838 
0.033690 0.006956 
0.030252 0.004688 
0.026732 0.003634 
0.024384 0.000874 
0.021335 -0.002028 
0.019918 -0.002340 
0.017900 -0.003945 
0.012137 -0.005145 
0.013220 -0.004841 
0.011877 -0.006634 
0.010279 -0.008231 
0.009315 -0.009678 
0.010691 -0.011744 
0.012459 -0.011018 
0.011492 -0.012943 
0.013237 -0.016376 
0.013408 -0.016090 
0.014137 -0.018103 
0.012465 -0.019648 
0.011699 -0.020837 
0.014077 -0.022416 
0.013825 -0.023681 
0.012483 -0.025377 
0.011389 -0.025095 
0.009961 -0.025845 
0.010781 -0.025657 
0.010135 -0.025850 
0.008380 -0.025440 
0.007729 -0.024048 
0.003309 -0.023001 
0.002776 -0.021849 
0.002120 -0.020737 
-0.001151 -0.017854 
-0.001905 -0.016639 
-0.002355 -0.014778 
-0.006515 -0.013341 
-0.008517 -0.011642 
-0.006945 -0.010453 
-0.011869 -0.008599 
-0.011625 -0.005461 
-0.011605 -0.008117 
-0.015854 -0.008127 
-0.017268 -0.006321 
-0.017982 -0.005864 
-0.017253 -0.006170 
-0.018961 -0.009857 
-0.017652 -0.010089 
-0.018009 -0.010373 
-0.019157 -0.012229 
-0.018419 -0.012097 
-0.021141 -0.015387 
-0.021112 -0.017322 
-0.022457 -0.018040 
-0.023616 -0.019613 
-0.022954 -0.019874 
-0.025036 -0.023527 
-0.024339 -0.025040 
-0.023094 -0.025081 
-0.023032 -0.025737 
-0.022934 -0.024417 
-0.021512 -0.022511 
-0.019042 -0.022308 
-0.019638 -0.020291 
-0.018449 -0.015507 
-0.015674 -0.015330 
-0.013574 -0.013208 
-0.013392 -0.010838 
-0.013200 -0.009872 
-0.011447 -0.008542 
-0.010165 -0.008935 
-0.008420 -0.006802 
-0.008202 -0.004740 
-0.006665 -0.004124 
-0.006943 -0.005618 
-0.007396 -0.007148 
-0.009022 -0.006765 
-0.011820 -0.006876 
-0.011838 -0.006772 
-0.015511 -0.007011 
-0.017402 -0.009199 
-0.017972 -0.009537 
-0.019165 -0.010770 
-0.020657 -0.012584 
-0.021105 -0.012134 
-0.022741 -0.014493 
-0.026418 -0.015544 
-0.025559 -0.014325 
-0.026085 -0.014105 
-0.026490 -0.016523 
-0.026561 -0.015819 
-0.024422 -0.014955 
-0.021814 -0.015954 
-0.023791 -0.013763 
-0.021272 -0.015673 
-0.018687 -0.015429 
-0.016885 -0.013803 
-0.012096 -0.012643 
-0.010524 -0.011141 
-0.009769 -0.011425 
-0.008345 -0.009839 
-0.006566 -0.010455 
-0.004538 -0.011054 
-0.004972 -0.010126 
-0.005780 -0.009062 
-0.006511 -0.010902 
-0.006529 -0.011355 
-0.007324 -0.009696 
-0.008523 -0.010528 
-0.009357 -0.007572 
-0.010887 -0.005670 
-0.012491 -0.005734 
-0.014059 -0.004395 
-0.014897 -0.002691 
-0.016848 -0.000615 
-0.015566 0.001335 
-0.016290 0.004160 
-0.017723 0.006281 
-0.017156 0.009518 
-0.019284 0.010812 
-0.017618 0.010831 
-0.018051 0.013494 
-0.018950 0.015669 
-0.018290 0.017428 
-0.017852 0.017569 
-0.016188 0.018482 
-0.015032 0.019906 
-0.014347 0.018587 
-0.015999 0.017096 
-0.015161 0.016309 
-0.013404 0.014976 
-0.012832 0.013518 
-0.010265 0.011817 
-0.006389 0.010467 
-0.006746 0.011614 
-0.008339 0.009487 
-0.006943 0.007181 
-0.005924 0.009972 
-0.004093 0.011007 
-0.002354 0.010290 
-0.001804 0.011956 
-0.002348 0.015855 
0.001025 0.018001 
0.001588 0.020448 
0.001477 0.023656 
0.006846 0.026393 
0.007459 0.030539 
0.009568 0.034241 
0.010887 0.038389 
0.012011 0.040281 
0.014761 0.042103 
0.015877 0.043925 
0.019668 0.044080 
0.019336 0.045584 
0.019587 0.043955 
0.020232 0.042671 
0.020088 0.040699 
0.020860 0.038245 
0.018291 0.037101 
0.018418 0.034524 
0.017530 0.032797 
0.017345 0.029774 
0.017533 0.029393 
0.014594 0.027555 
0.014643 0.024065 
0.012815 0.022306 
0.010884 0.022062 
0.013187 0.022490 
0.014330 0.019799 
0.013559 0.020342 
0.016161 0.019101 
0.018321 0.018690 
0.018849 0.017863 
0.022927 0.016208 
0.025992 0.018638 
0.029695 0.016278 
0.032387 0.015998 
0.033780 0.018253 
0.038727 0.019268 
0.040425 0.019023 
0.042001 0.016976 
0.044801 0.015783 
0.044065 0.016438 
0.045231 0.016796 
0.045789 0.014577 
0.043748 0.012137 
0.042422 0.010440 
0.041002 0.009870 
0.039727 0.009654 
0.037543 0.008136 
0.033688 0.004669 
0.030108 0.003510 
0.027012 0.000518 
0.023074 -0.002417 
0.020914 -0.001735 
0.018338 -0.002133 
0.016928 -0.003858 
0.018089 -0.007523 
0.016783 -0.008139 
0.015431 -0.007812 
0.013339 -0.008719 
0.013710 -0.010544 
0.013350 -0.010829 
0.012223 -0.011854 
0.015204 -0.014544 
0.014415 -0.014772 
0.013544 -0.016611 
0.013585 -0.019101 
0.013275 -0.020280 
0.013211 -0.021651 
0.012254 -0.025048 
0.013697 -0.024605 
0.012974 -0.025516 
0.011009 -0.027737 
0.011140 -0.027613 
0.009819 -0.027510 
0.008752 -0.026099 
0.007147 -0.026526 
0.004616 -0.024170 
0.003204 -0.024401 
0.000056 -0.023090 
-0.001857 -0.019286 
-0.003043 -0.018320 
-0.005722 -0.016826 
-0.007995 -0.014960 
-0.009889 -0.013149 
-0.009901 -0.014462 
-0.010653 -0.012448 
-0.011544 -0.010073 
-0.011853 -0.008860 
-0.013141 -0.007009 
-0.013260 -0.006189 
-0.014458 -0.006568 
-0.016415 -0.006899 
-0.016571 -0.005599 
-0.017564 -0.008000 
-0.019543 -0.010213 
-0.020528 -0.011509 
-0.020488 -0.013831 
-0.021754 -0.015943 
-0.024042 -0.018441 
-0.025078 -0.020036 
-0.025534 -0.020358 
-0.025071 -0.021923 
-0.026781 -0.023511 
-0.026552 -0.023660 
-0.022788 -0.023737 
-0.023587 -0.022340 
-0.023179 -0.021726 
-0.021218 -0.021794 
-0.020610 -0.019838 
-0.018004 -0.017382 
-0.018071 -0.016730 
-0.017586 -0.015067 
-0.013714 -0.013139 
-0.013173 -0.012468 
-0.011532 -0.010320 
-0.008855 -0.008262 
-0.010083 -0.008981 
-0.008597 -0.008031 
-0.007972 -0.004881 
-0.007427 -0.006772 
-0.004091 -0.006646 
-0.006663 -0.005190 
-0.008453 -0.006932 
-0.008776 -0.006878 
-0.010171 -0.008404 
-0.010581 -0.008920 
-0.014312 -0.007345 
-0.015992 -0.009702 
-0.018640 -0.012542 
-0.019819 -0.013182 
-0.018507 -0.014090 
-0.021820 -0.015379 
-0.021770 -0.016048 
-0.024119 -0.013898 
-0.024734 -0.014531 
-0.021494 -0.017657 
-0.023668 -0.016815 
-0.023246 -0.016317 
-0.022647 -0.017493 
-0.020615 -0.015810 
-0.018246 -0.013278 
-0.015287 -0.015695 
-0.011904 -0.016345 
-0.011973 -0.013101 
-0.006513 -0.013451 
-0.005811 -0.014387 
-0.006424 -0.013650 
-0.003740 -0.013915 
-0.004358 -0.014663 
-0.003609 -0.013764 
-0.003879 -0.012442 
-0.003715 -0.014616 
-0.006440 -0.014332 
-0.005963 -0.012067 
-0.006545 -0.013622 
-0.009908 -0.011055 
-0.007150 -0.008626 
-0.010597 -0.008834 
-0.012810 -0.005141 
-0.012324 -0.003158 
-0.013930 -0.003730 
-0.014021 -0.001753 
-0.014022 0.002237 
-0.014418 0.005180 
-0.016557 0.006392 
-0.016650 0.008929 
-0.017326 0.010762 
-0.017856 0.012171 
-0.017006 0.014843 
-0.015977 0.015034 
-0.015555 0.016751 
-0.016485 0.016908 
-0.017492 0.016444 
-0.015970 0.016436 
-0.012380 0.015376 
-0.011979 0.015195 
-0.009426 0.011742 
-0.008310 0.010897 
-0.009082 0.009697 
-0.007273 0.008020 
-0.007571 0.008241 
-0.007773 0.006883 
-0.006601 0.005672 
-0.006765 0.005311 
-0.007064 0.006953 
-0.005979 0.009175 
-0.005726 0.009827 
-0.002305 0.011349 
-0.000223 0.014643 
-0.000229 0.017357 
0.001488 0.023252 
0.004047 0.026452 
0.007476 0.029128 
0.008306 0.031219 
0.012260 0.032607 
0.013163 0.037326 
0.014606 0.038015 
0.018778 0.038920 
0.017526 0.039664 
0.019778 0.039955 
0.020618 0.038559 
0.019139 0.039269 
0.019794 0.037500 
0.019432 0.034850 
0.018427 0.035391 
0.017939 0.033260 
0.016838 0.032634 
0.014747 0.028129 
0.013055 0.027432 
0.011842 0.025261 
0.011638 0.023630 
0.011490 0.023286 
0.011660 0.020806 
0.010798 0.023115 
0.011251 0.020084 
0.013339 0.019166 
0.014746 0.018651 
0.016619 0.018313 
0.018072 0.018239 
0.020623 0.015664 
0.024020 0.016189 
0.027123 0.016519 
0.030797 0.017094 
0.033801 0.018101 
0.034914 0.016600 
0.037717 0.015989 
0.041196 0.017463 
0.042917 0.015374 
0.043938 0.015718 
0.044537 0.015240 
0.045081 0.012772 
0.043268 0.011423 
0.040693 0.010132 
0.039276 0.009772 
0.038410 0.007646 
0.035244 0.006991 
0.030990 0.005733 
0.027718 0.004526 
0.024031 0.002052 
0.022241 -0.001689 
0.019493 -0.001390 
0.016133 -0.001142 
0.015076 -0.003211 
0.014097 -0.004547 
0.012516 -0.006127 
0.012839 -0.006202 
0.014044 -0.007116 
0.013062 -0.009555 
0.012624 -0.009463 
0.013846 -0.012294 
0.014786 -0.013710 
0.013311 -0.012879 
0.014006 -0.014169 
0.015445 -0.017618 
0.013811 -0.019841 
0.014242 -0.021006 
0.012173 -0.021938 
0.012576 -0.022263 
0.014384 -0.025442 
0.011407 -0.026212 
0.012356 -0.026501 
0.010279 -0.024978 
0.008050 -0.024759 
0.008256 -0.025776 
0.005375 -0.023285 
0.004289 -0.023595 
0.002350 -0.021522 
0.001287 -0.017990 
-0.000867 -0.017465 
-0.003636 -0.015682 
-0.004951 -0.014229 
-0.007381 -0.013893 
-0.007391 -0.012593 
-0.008472 -0.011007 
-0.010600 -0.007530 
-0.011238 -0.008256 
-0.011610 -0.008043 
-0.013329 -0.003964 
-0.015764 -0.004437 
-0.015989 -0.006607 
-0.017121 -0.008599 
-0.019434 -0.008977 
-0.020292 -0.011435 
-0.020001 -0.012225 
-0.020760 -0.012342 
-0.023060 -0.014786 
-0.023297 -0.017804 
-0.024303 -0.019669 
-0.024872 -0.020489 
-0.024070 -0.022223 
-0.027028 -0.020091 
-0.026146 -0.020805 
-0.024974 -0.021848 
-0.026269 -0.023147 
-0.022769 -0.022716 
-0.021816 -0.020521 
-0.022146 -0.020844 
-0.019262 -0.016884 
-0.018092 -0.014582 
-0.017846 -0.013563 
-0.015693 -0.011441 
-0.013161 -0.009399 
-0.011401 -0.010195 
-0.010140 -0.009082 
-0.008288 -0.004922 
-0.007471 -0.005278 
-0.007405 -0.005872 
-0.005958 -0.004600 
-0.006882 -0.003786 
-0.008841 -0.004683 
-0.009575 -0.004821 
-0.010548 -0.004967 
-0.010817 -0.006241 
-0.012904 -0.007420 
-0.015392 -0.007468 
-0.015063 -0.009288 
-0.017175 -0.010849 
-0.018797 -0.010521 
-0.020040 -0.012257 
-0.022294 -0.011985 
-0.023681 -0.011560 
-0.026558 -0.013835 
-0.026780 -0.015480 
-0.026853 -0.014367 
-0.025081 -0.015199 
-0.023355 -0.015699 
-0.022790 -0.015381 
-0.020547 -0.014766 
-0.018981 -0.012139 
-0.015623 -0.014255 
-0.012435 -0.013281 
-0.009640 -0.012354 
-0.008167 -0.013499 
-0.005848 -0.012408 
-0.005065 -0.012584 
-0.004705 -0.011422 
-0.005411 -0.014263 
-0.005706 -0.013517 
-0.004456 -0.011893 
-0.007286 -0.014122 
-0.005784 -0.010813 
-0.007006 -0.011337 
-0.007550 -0.012445 
-0.005863 -0.011278 
-0.008489 -0.010784 
-0.010156 -0.008653 
-0.010398 -0.005797 
-0.011539 -0.002157 
-0.013365 -0.003100 
-0.013288 -0.000779 
-0.015950 0.003504 
-0.015048 0.003392 
-0.015284 0.005706 
-0.015513 0.008936 
-0.015311 0.010876 
-0.017224 0.012539 
-0.016090 0.014306 
-0.016003 0.014368 
-0.013031 0.016220 
-0.014489 0.018339 
-0.013715 0.017227 
-0.011521 0.016137 
-0.012691 0.015273 
-0.011735 0.012674 
-0.010885 0.010282 
-0.009820 0.011139 
-0.010784 0.009464 
-0.009559 0.005801 
-0.010140 0.004458 
-0.010944 0.004252 
-0.010334 0.003509 
-0.008492 0.003925 
-0.008223 0.005677 
-0.008724 0.007727 
-0.005138 0.010060 
-0.003852 0.011831 
-0.001883 0.015641 
-0.000343 0.019260 
0.001232 0.022343 
0.003871 0.025709 
0.005342 0.030170 
0.005987 0.033348 
0.009364 0.034234 
0.012696 0.037579 
0.013244 0.040692 
0.015553 0.040862 
0.015927 0.040305 
0.016333 0.042090 
0.016897 0.043759 
0.017766 0.043085 
0.017904 0.041042 
0.016748 0.040857 
0.017751 0.038012 
0.017614 0.035969 
0.015795 0.036524 
0.015588 0.031155 
0.014164 0.029370 
0.011253 0.027603 
0.012087 0.025744 
0.010368 0.023976 
0.010075 0.021569 
0.012876 0.025224 
0.010900 0.022611 
0.010099 0.021216 
0.011969 0.023317 
0.014309 0.018895 
0.019530 0.018896 
0.023787 0.021146 
0.024874 0.019716 
0.028583 0.020631 
0.031316 0.020987 
0.034514 0.021901 
0.037652 0.022686 
0.038412 0.021957 
0.043778 0.021555 
0.045799 0.018865 
0.044501 0.019477 
0.046057 0.018315 
0.045730 0.015968 
0.044647 0.015948 
0.043303 0.015252 
0.039346 0.014712 
0.037291 0.011315 
0.035834 0.010484 
0.031805 0.009748 
0.028387 0.005385 
0.024211 0.003844 
0.022450 0.004726 
0.023269 0.002274 
0.021436 -0.000672 
0.019863 -0.000863 
0.020277 0.000541 
0.018788 0.001054 
0.017375 -0.002094 
0.018116 -0.004288 
0.016837 -0.007178 
0.015473 -0.009720 
0.014612 -0.010593 
0.014755 -0.010975 
0.016467 -0.012486 
0.015531 -0.017470 
0.014819 -0.019190 
0.016490 -0.018864 
0.016265 -0.018937 
0.014768 -0.020821 
0.015588 -0.024530 
0.015946 -0.023793 
0.015459 -0.023744 
0.015443 -0.026677 
0.012996 -0.025728 
0.009896 -0.026439 
0.009054 -0.025862 
0.008838 -0.022289 
0.006956 -0.025283 
0.004688 -0.023713 
0.003634 -0.018802 
0.000874 -0.019371 
-0.002028 -0.018320 
-0.002340 -0.015859 
-0.003945 -0.013435 
-0.005145 -0.012053 
-0.004841 -0.011719 
-0.006634 -0.009002 
-0.008231 -0.008074 
-0.009678 -0.009563 
-0.011744 -0.008276 
-0.011018 -0.006759 
-0.012943 -0.007052 
-0.016376 -0.008780 
-0.016090 -0.009715 
-0.018103 -0.011068 
-0.019648 -0.013934 
-0.020837 -0.015751 
-0.022416 -0.017910 
-0.023681 -0.019484 
-0.025377 -0.021504 
-0.025095 -0.023207 
-0.025845 -0.023555 
-0.025657 -0.022892 
-0.025850 -0.022826 
-0.025440 -0.024891 
-0.024048 -0.024557 
-0.023001 -0.022648 
-0.021849 -0.020712 
-0.020737 -0.019642 
-0.017854 -0.018841 
-0.016639 -0.017344 
-0.014778 -0.015930 
-0.013341 -0.013477 
-0.011642 -0.013099 
-0.010453 -0.011535 
-0.008599 -0.008303 
-0.005461 -0.008127 
-0.008117 -0.007271 
-0.008127 -0.005816 
-0.006321 -0.005715 
-0.005864 -0.006440 
-0.006170 -0.004991 
-0.009857 -0.003616 
-0.010089 -0.004473 
-0.010373 -0.004963 
-0.012229 -0.006700 
-0.012097 -0.007204 
-0.015387 -0.009817 
-0.017322 -0.011920 
-0.018040 -0.012287 
-0.019613 -0.012999 
-0.019874 -0.009963 
-0.023527 -0.011999 
-0.025040 -0.014692 
-0.025081 -0.013684 
-0.025737 -0.013248 
-0.024417 -0.014865 
-0.022511 -0.016077 
-0.022308 -0.013105 
-0.020291 -0.014201 
-0.015507 -0.014355 
-0.015330 -0.013115 
-0.013208 -0.014052 
-0.010838 -0.012870 
-0.009872 -0.013718 
-0.008542 -0.013777 
-0.008935 -0.012942 
-0.006802 -0.013464 
-0.004740 -0.013503 
-0.004124 -0.014222 
-0.005618 -0.014180 
-0.007148 -0.014124 
-0.006765 -0.014673 
-0.006876 -0.013125 
-0.006772 -0.012041 
-0.007011 -0.013172 
-0.009199 -0.011313 
-0.009537 -0.007829 
-0.010770 -0.008032 
-0.012584 -0.006705 
-0.012134 -0.003039 
-0.014493 -0.001430 
-0.015544 0.000866 
-0.014325 0.002865 
-0.014105 0.005772 
-0.016523 0.010443 
-0.015819 0.010538 
-0.014955 0.011977 
-0.015954 0.016288 
-0.013763 0.016352 
-0.015673 0.016344 
-0.015429 0.016858 
-0.013803 0.016817 
-0.012643 0.016345 
-0.011141 0.014733 
-0.011425 0.013266 
-0.009839 0.011583 
-0.010455 0.008977 
-0.011054 0.006398 
-0.010126 0.005267 
-0.009062 0.004577 
-0.010902 0.003650 
-0.011355 0.002585 
-0.009696 0.004116 
-0.010528 0.002836 
-0.007572 0.004275 
-0.005670 0.011277 
-0.005734 0.012391 
-0.004395 0.015874 
-0.002691 0.019238 
-0.000615 0.022467 
0.001335 0.026518 
0.004160 0.026948 
0.006281 0.031360 
0.009518 0.034344 
0.010812 0.035962 
0.010831 0.038381 
0.013494 0.039052 
0.015669 0.040874 
0.017428 0.041595 
0.017569 0.039785 
0.018482 0.039818 
0.019906 0.040491 
0.018587 0.039561 
0.017096 0.038761 
0.016309 0.036405 
0.014976 0.033302 
0.013518 0.032293 
0.011817 0.030779 
0.010467 0.028330 
0.011614 0.027544 
0.009487 0.025522 
0.007181 0.023852 
0.009972 0.023419 
0.011007 0.023456 
0.010290 0.023843 
0.011956 0.021928 
0.015855 0.020968 
0.018001 0.021905 
0.020448 0.020091 
0.023656 0.018307 
0.026393 0.019409 
0.030539 0.019397 
0.034241 0.021343 
0.038389 0.022905 
0.040281 0.021596 
0.042103 0.018558 
0.043925 0.018699 
0.044080 0.021045 
0.045584 0.017652 
0.043955 0.016392 
0.042671 0.015895 
0.040699 0.014940 
0.038245 0.012788 
0.037101 0.010425 
0.034524 0.009954 
0.032797 0.008128 
0.029774 0.007499 
0.029393 0.005293 
0.027555 0.004282 
0.024065 0.003623 
0.022306 0.001529 
0.022062 0.000175 
0.022490 -0.001081 
0.019799 -0.003223 
0.020342 -0.003331 
0.019101 -0.004870 
0.018690 -0.007808 
0.017863 -0.008576 
0.016208 -0.012243 
0.018638 -0.012501 
0.016278 -0.015488 
0.015998 -0.018302 
0.018253 -0.017414 
0.019268 -0.019405 
0.019023 -0.020417 
0.016976 -0.024201 
0.015783 -0.025630 
0.016438 -0.025212 
0.016796 -0.027043 
0.014577 -0.027479 
0.012137 -0.026918 
0.010440 -0.026285 
0.009870 -0.024946 
0.009654 -0.024903 
0.008136 -0.024618 
0.004669 -0.023534 
0.003510 -0.022188 
0.000518 -0.018814 
-0.002417 -0.017777 
-0.001735 -0.015361 
-0.002133 -0.013667 
-0.003858 -0.013517 
-0.007523 -0.011197 
-0.008139 -0.010829 
-0.007812 -0.009676 
-0.008719 -0.007245 
-0.010544 -0.008326 
-0.010829 -0.008855 
-0.011854 -0.007934 
-0.014544 -0.009844 
-0.014772 -0.010944 
-0.016611 -0.012971 
-0.019101 -0.014480 
