-0.005008 -0.026981 
-0.007011 -0.027655 
-0.008483 -0.028820 
-0.005693 -0.028853 
-0.005428 -0.029895 
-0.007629 -0.031614 
-0.006421 -0.031545 
-0.006499 -0.032493 
-0.006817 -0.032496 
-0.006017 -0.034205 
-0.009636 -0.034412 
-0.010767 -0.032294 
-0.010838 -0.033853 
-0.008837 -0.034360 
-0.008461 -0.032706 
-0.011798 -0.030813 
-0.011268 -0.028148 
-0.011615 -0.025925 
-0.008225 -0.025228 
-0.010075 -0.023103 
-0.013421 -0.018489 
-0.011051 -0.013451 
-0.011921 -0.009193 
-0.011276 -0.006690 
-0.013124 -0.002241 
-0.014658 0.003597 
-0.016224 0.008795 
-0.021612 0.011278 
-0.022275 0.012728 
-0.022720 0.016878 
-0.026724 0.017809 
-0.027128 0.021008 
-0.027642 0.024323 
-0.029618 0.022966 
-0.031013 0.023129 
-0.032451 0.021196 
-0.031304 0.021940 
-0.031053 0.020947 
-0.030708 0.017568 
-0.029242 0.017300 
-0.030025 0.013037 
-0.030620 0.009270 
-0.027114 0.007292 
-0.026944 0.005243 
-0.027428 0.001217 
-0.024696 -0.000674 
-0.023909 -0.002471 
-0.020884 -0.006618 
-0.020831 -0.006394 
-0.017706 -0.011306 
-0.012418 -0.013609 
-0.010818 -0.012751 
-0.007090 -0.015159 
-0.004000 -0.013134 
0.001082 -0.013730 
0.004027 -0.014601 
0.006744 -0.014355 
0.011614 -0.013251 
0.014686 -0.009141 
0.017619 -0.008529 
0.019471 -0.007650 
0.021662 -0.004281 
0.022021 -0.002914 
0.022525 -0.001825 
0.024554 0.000322 
0.023294 0.002898 
0.021358 0.005865 
0.020052 0.007221 
0.018448 0.006762 
0.015498 0.005760 
0.011376 0.007032 
0.010301 0.006880 
0.007089 0.005529 
0.002505 0.007714 
0.000847 0.006641 
-0.002890 0.005996 
-0.005579 0.007708 
-0.008729 0.006970 
-0.012431 0.007921 
-0.012568 0.009661 
-0.015123 0.011869 
-0.018008 0.017433 
-0.017157 0.020225 
-0.018122 0.020354 
-0.018550 0.025086 
-0.015711 0.029978 
-0.014602 0.034161 
-0.013287 0.035580 
-0.012399 0.035661 
-0.010776 0.038519 
-0.006492 0.039158 
-0.004209 0.040734 
-0.001600 0.042367 
0.000210 0.044686 
0.002168 0.045619 
0.005530 0.045218 
0.006163 0.049083 
0.006498 0.050057 
0.007363 0.051009 
0.008718 0.054793 
0.010472 0.056211 
0.010404 0.054546 
0.011184 0.054081 
0.013011 0.054628 
0.012151 0.052836 
0.014353 0.052323 
0.015551 0.049766 
0.014846 0.044968 
0.017215 0.041944 
0.017557 0.038876 
0.021575 0.034484 
0.021750 0.029020 
0.022868 0.026579 
0.027494 0.024825 
0.024761 0.020104 
0.027392 0.017158 
0.030912 0.014201 
0.034346 0.010955 
0.040053 0.010952 
0.042039 0.010936 
0.044887 0.010317 
0.049969 0.008507 
0.051380 0.007445 
0.050858 0.007080 
0.052484 0.004402 
0.052654 0.004069 
0.054892 0.003446 
0.055356 0.002434 
0.054735 0.002339 
0.054273 -0.001046 
0.052926 -0.003410 
0.052076 -0.005935 
0.049313 -0.009117 
0.049218 -0.012261 
0.048656 -0.016076 
0.045190 -0.017387 
0.042560 -0.019228 
0.041329 -0.021190 
0.038871 -0.020808 
0.038528 -0.021232 
0.034765 -0.025677 
0.030176 -0.025578 
0.027009 -0.023865 
0.020683 -0.026393 
0.019924 -0.025232 
0.013769 -0.026082 
0.008733 -0.025252 
0.006946 -0.024473 
0.003419 -0.026397 
0.001928 -0.024225 
-0.001664 -0.022040 
-0.001832 -0.020970 
-0.004159 -0.021914 
-0.005698 -0.021382 
-0.007646 -0.021767 
-0.008537 -0.020856 
-0.006577 -0.018368 
-0.009459 -0.018308 
-0.010244 -0.018624 
-0.008734 -0.018195 
-0.009461 -0.014694 
-0.011482 -0.014183 
-0.012762 -0.011725 
-0.015197 -0.010335 
-0.017358 -0.012031 
-0.020801 -0.010581 
-0.023982 -0.010182 
-0.026382 -0.009837 
-0.026759 -0.010564 
-0.026511 -0.009823 
-0.030908 -0.009287 
-0.031861 -0.010193 
-0.032439 -0.010075 
-0.030584 -0.009607 
-0.030353 -0.011109 
-0.032332 -0.012206 
-0.028700 -0.008877 
-0.028391 -0.008997 
-0.027104 -0.009773 
-0.024402 -0.007647 
-0.021993 -0.007615 
-0.019483 -0.008370 
-0.020427 -0.007555 
-0.019312 -0.006363 
-0.016422 -0.007287 
-0.015429 -0.007235 
-0.015600 -0.005265 
-0.014030 -0.007534 
-0.011074 -0.010191 
-0.011494 -0.010137 
-0.012081 -0.011064 
-0.012071 -0.012650 
-0.010769 -0.015816 
-0.008478 -0.016410 
-0.009888 -0.017401 
-0.010981 -0.020746 
-0.010269 -0.023131 
-0.007664 -0.024155 
-0.008478 -0.024022 
-0.009930 -0.025004 
-0.009651 -0.024121 
-0.008329 -0.025350 
-0.007741 -0.027021 
-0.010445 -0.027175 
-0.007858 -0.027908 
-0.010237 -0.029459 
-0.009748 -0.031665 
-0.007935 -0.031471 
-0.011535 -0.032783 
-0.010933 -0.033611 
-0.012520 -0.034411 
-0.011110 -0.033927 
-0.012047 -0.034603 
-0.011036 -0.036023 
-0.009152 -0.031867 
-0.011550 -0.030504 
-0.010231 -0.026829 
-0.010945 -0.022806 
-0.013306 -0.021323 
-0.013172 -0.015647 
-0.011735 -0.012500 
-0.012835 -0.008387 
-0.012857 -0.004696 
-0.014472 -0.002696 
-0.015292 0.003019 
-0.016542 0.007295 
-0.019538 0.011472 
-0.020189 0.015360 
-0.023119 0.018103 
-0.023878 0.018633 
-0.026126 0.019523 
-0.030016 0.024336 
-0.032216 0.024346 
-0.031784 0.024723 
-0.032924 0.024898 
-0.033320 0.022032 
-0.031439 0.023248 
-0.032088 0.021246 
-0.030833 0.017959 
-0.032346 0.016465 
-0.033548 0.013421 
-0.032353 0.009891 
-0.028303 0.006265 
-0.028962 0.004413 
-0.029311 -0.000019 
-0.024948 -0.004357 
-0.025945 -0.006313 
-0.022863 -0.009235 
-0.021463 -0.011385 
-0.018568 -0.013627 
-0.015543 -0.013162 
-0.012799 -0.014804 
-0.005393 -0.017476 
-0.002515 -0.016839 
0.002308 -0.016437 
0.006979 -0.015091 
0.011158 -0.014337 
0.015875 -0.011558 
0.019534 -0.009863 
0.022746 -0.007906 
0.025319 -0.005368 
0.026984 -0.003931 
0.026924 -0.000827 
0.028642 0.000646 
0.028699 0.004536 
0.027052 0.006338 
0.023620 0.006637 
0.019984 0.007024 
0.020251 0.005295 
0.016698 0.006601 
0.011568 0.007180 
0.011744 0.005845 
0.008758 0.006008 
0.004884 0.005703 
0.002907 0.004015 
0.000660 0.005345 
-0.001342 0.006006 
-0.004770 0.005214 
-0.006756 0.007500 
-0.009594 0.010415 
-0.010203 0.011038 
-0.012826 0.013662 
-0.015209 0.018037 
-0.014652 0.020943 
-0.015764 0.026453 
-0.013339 0.027566 
-0.014365 0.027272 
-0.012795 0.032047 
-0.009802 0.033476 
-0.009699 0.033418 
-0.007023 0.037188 
-0.005441 0.039863 
-0.003423 0.042233 
-0.001087 0.044761 
0.001158 0.044686 
0.002864 0.048289 
0.005670 0.051669 
0.006478 0.051234 
0.006864 0.052304 
0.009046 0.055688 
0.008824 0.056054 
0.008764 0.057317 
0.009209 0.057590 
0.008385 0.054184 
0.008359 0.054198 
0.011275 0.051032 
0.012854 0.049738 
0.013680 0.046154 
0.015472 0.040996 
0.018163 0.039045 
0.018615 0.033124 
0.019192 0.031085 
0.023112 0.028799 
0.024521 0.025168 
0.026867 0.022480 
0.029989 0.019977 
0.033160 0.018106 
0.035999 0.016481 
0.039921 0.014498 
0.043295 0.013184 
0.044072 0.013472 
0.048475 0.009681 
0.049593 0.007941 
0.048002 0.008950 
0.048461 0.006813 
0.048769 0.003269 
0.050207 0.000241 
0.051551 -0.002583 
0.051968 -0.004387 
0.050484 -0.006927 
0.048020 -0.008744 
0.048405 -0.011143 
0.049325 -0.016432 
0.047281 -0.016778 
0.045408 -0.018390 
0.043732 -0.020704 
0.041036 -0.022120 
0.040544 -0.023450 
0.037750 -0.023367 
0.033609 -0.026402 
0.032677 -0.027015 
0.025935 -0.027004 
0.021483 -0.026464 
0.020824 -0.027570 
0.016060 -0.028565 
0.012643 -0.026515 
0.007969 -0.026516 
0.005187 -0.025007 
0.002588 -0.025263 
0.001032 -0.026315 
0.000679 -0.025440 
-0.001422 -0.025718 
-0.001357 -0.025522 
-0.002363 -0.022932 
-0.002681 -0.022104 
-0.002243 -0.022534 
-0.001906 -0.020832 
-0.003306 -0.020534 
-0.004798 -0.018322 
-0.005909 -0.017801 
-0.005845 -0.017070 
-0.007822 -0.013977 
-0.012135 -0.015608 
-0.013275 -0.015210 
-0.018897 -0.015115 
-0.020089 -0.015623 
-0.020599 -0.015449 
-0.023607 -0.016154 
-0.024885 -0.015394 
-0.027119 -0.016622 
-0.027348 -0.016198 
-0.031296 -0.015846 
-0.030126 -0.015462 
-0.030379 -0.014482 
-0.031931 -0.015784 
-0.029877 -0.014508 
-0.030805 -0.013127 
-0.028286 -0.015066 
-0.026938 -0.014423 
-0.025013 -0.011669 
-0.024279 -0.011257 
-0.024434 -0.008734 
-0.023870 -0.008334 
-0.024037 -0.009896 
-0.021580 -0.009167 
-0.020166 -0.009266 
-0.017474 -0.010159 
-0.016954 -0.009296 
-0.017857 -0.008484 
-0.016414 -0.011974 
-0.016249 -0.012244 
-0.014822 -0.014537 
-0.012193 -0.017589 
-0.010543 -0.017949 
-0.009255 -0.020544 
-0.009017 -0.019627 
-0.009546 -0.022610 
-0.009217 -0.023365 
-0.007601 -0.021079 
-0.006683 -0.022791 
-0.008814 -0.021931 
-0.007953 -0.023414 
-0.005770 -0.024902 
-0.008330 -0.024148 
-0.007483 -0.024895 
-0.005486 -0.025687 
-0.008518 -0.028108 
-0.009451 -0.030924 
-0.008227 -0.033196 
-0.010216 -0.034106 
-0.011265 -0.034318 
-0.009266 -0.036696 
-0.009185 -0.035644 
-0.010551 -0.033700 
-0.009186 -0.034276 
-0.007775 -0.033034 
-0.010852 -0.030359 
-0.011536 -0.026781 
-0.009837 -0.022062 
-0.010399 -0.017988 
-0.010771 -0.014293 
-0.013829 -0.009612 
-0.014505 -0.006439 
-0.014960 -0.001806 
-0.018183 0.001691 
-0.018916 0.004302 
-0.021798 0.007371 
-0.024047 0.010095 
-0.025041 0.016257 
-0.027213 0.017358 
-0.028669 0.018676 
-0.028539 0.023901 
-0.029942 0.024468 
-0.031810 0.023266 
-0.031235 0.024684 
-0.032694 0.025578 
-0.032069 0.025117 
-0.030509 0.025184 
-0.031011 0.021802 
-0.032199 0.018134 
-0.031556 0.017400 
-0.029944 0.016076 
-0.029330 0.012152 
-0.028729 0.008941 
-0.030809 0.005247 
-0.027374 0.001509 
-0.025676 -0.000208 
-0.026779 -0.003078 
-0.022444 -0.004747 
-0.019384 -0.005048 
-0.014282 -0.006958 
-0.008550 -0.008762 
-0.005612 -0.008546 
-0.004593 -0.011220 
0.001865 -0.013041 
0.009483 -0.011686 
0.011773 -0.008855 
0.014887 -0.006869 
0.016976 -0.005038 
0.020039 -0.001942 
0.023132 -0.002365 
0.024440 -0.000163 
0.024023 0.001909 
0.024270 0.003910 
0.022761 0.003777 
0.020575 0.004420 
0.021204 0.006154 
0.017984 0.003549 
0.015807 0.004467 
0.012910 0.003639 
0.010317 0.006391 
0.008000 0.006841 
0.003261 0.004736 
0.002457 0.006259 
0.001212 0.006252 
-0.001995 0.008137 
-0.004916 0.008636 
-0.006123 0.009995 
-0.009705 0.011060 
-0.012917 0.013684 
-0.014374 0.016256 
-0.016515 0.018174 
-0.014696 0.020011 
-0.015877 0.021511 
-0.016125 0.024020 
-0.013376 0.024139 
-0.014265 0.027344 
-0.011597 0.029837 
-0.006254 0.032882 
-0.004911 0.034515 
-0.002738 0.036132 
0.000448 0.042176 
0.000816 0.043544 
0.003280 0.046361 
0.006504 0.048800 
0.008454 0.049272 
0.008394 0.053696 
0.008219 0.056299 
0.010675 0.056471 
0.010029 0.056972 
0.010504 0.058073 
0.010318 0.055623 
0.008126 0.052683 
0.009819 0.053091 
0.008400 0.049139 
0.008059 0.045667 
0.010361 0.044005 
0.011294 0.039725 
0.013383 0.036599 
0.013238 0.034993 
0.014860 0.030969 
0.019101 0.026462 
0.021988 0.025630 
0.024618 0.021937 
0.027036 0.019855 
0.029325 0.019106 
0.033031 0.018088 
0.036591 0.018374 
0.037191 0.015079 
0.039216 0.015256 
0.041611 0.013738 
0.042631 0.012178 
0.045564 0.012124 
0.047414 0.006974 
0.047478 0.005451 
0.048679 0.003410 
0.051230 0.000966 
0.052391 0.000521 
0.049421 -0.004664 
0.050208 -0.006055 
0.053115 -0.007171 
0.051293 -0.012045 
0.052442 -0.013102 
0.050831 -0.016124 
0.049946 -0.018189 
0.050086 -0.017755 
0.045591 -0.019830 
0.045122 -0.022220 
0.041098 -0.022765 
0.038278 -0.021525 
0.035019 -0.023009 
0.028366 -0.024562 
0.025106 -0.024516 
0.020236 -0.028011 
0.018036 -0.028273 
0.013473 -0.024613 
0.009352 -0.026817 
0.010367 -0.029155 
0.007894 -0.027285 
0.005689 -0.027155 
0.005770 -0.028805 
0.003428 -0.027198 
0.002619 -0.026090 
0.002284 -0.024688 
-0.001029 -0.024339 
-0.000989 -0.026895 
-0.002318 -0.023289 
-0.004642 -0.022159 
-0.004962 -0.020187 
-0.005783 -0.017729 
-0.007219 -0.019142 
-0.010712 -0.018606 
-0.012396 -0.019824 
-0.014295 -0.019113 
-0.015459 -0.017778 
-0.017448 -0.015263 
-0.021238 -0.015644 
-0.022490 -0.017245 
-0.025714 -0.016217 
-0.025911 -0.015114 
-0.025795 -0.016138 
-0.030235 -0.017449 
-0.028655 -0.013330 
-0.025654 -0.012456 
-0.025782 -0.010492 
-0.024974 -0.009498 
-0.024326 -0.009833 
-0.024154 -0.007598 
-0.024364 -0.007056 
-0.021561 -0.005360 
-0.019982 -0.005003 
-0.020822 -0.005167 
-0.019764 -0.005615 
-0.019568 -0.003882 
-0.019422 -0.003959 
-0.018140 -0.006006 
-0.015847 -0.005968 
-0.015593 -0.006563 
-0.014669 -0.007722 
-0.014946 -0.009624 
-0.017036 -0.011406 
-0.013560 -0.013115 
-0.012800 -0.013981 
-0.012679 -0.016615 
-0.009832 -0.018587 
-0.010809 -0.018824 
-0.011412 -0.017506 
-0.009744 -0.018798 
-0.008818 -0.022258 
-0.009529 -0.019989 
-0.010204 -0.021425 
-0.009385 -0.024045 
-0.008819 -0.022684 
-0.010536 -0.022081 
-0.012120 -0.024253 
-0.013246 -0.028784 
-0.012566 -0.029303 
-0.010445 -0.030584 
-0.012107 -0.033421 
-0.011990 -0.034303 
-0.008995 -0.036136 
-0.008146 -0.035175 
-0.008829 -0.035311 
-0.009627 -0.035023 
-0.009077 -0.032613 
-0.010315 -0.032148 
-0.011126 -0.028463 
-0.010179 -0.025666 
-0.010964 -0.023418 
-0.010524 -0.020281 
-0.011959 -0.015911 
-0.015719 -0.011805 
-0.016056 -0.008367 
-0.016390 -0.002990 
-0.018836 0.000545 
-0.021189 0.006604 
-0.023120 0.008577 
-0.023247 0.010766 
-0.024474 0.015740 
-0.026981 0.017766 
-0.027655 0.021435 
-0.028820 0.020648 
-0.028853 0.021100 
-0.029895 0.022957 
-0.031614 0.022547 
-0.031545 0.022226 
-0.032493 0.020553 
-0.032496 0.018136 
-0.034205 0.016393 
-0.034412 0.014299 
-0.032294 0.010885 
-0.033853 0.010661 
-0.034360 0.006612 
-0.032706 0.002726 
-0.030813 0.001249 
-0.028148 -0.003895 
-0.025925 -0.006743 
-0.025228 -0.009869 
-0.023103 -0.012250 
-0.018489 -0.013575 
-0.013451 -0.013131 
-0.009193 -0.012886 
-0.006690 -0.014150 
-0.002241 -0.011630 
0.003597 -0.010471 
0.008795 -0.009181 
0.011278 -0.007806 
0.012728 -0.007166 
0.016878 -0.005742 
0.017809 -0.004609 
0.021008 -0.003659 
0.024323 -0.002050 
0.022966 0.000927 
0.023129 0.000338 
0.021196 0.000916 
0.021940 0.001273 
0.020947 0.001705 
0.017568 0.003735 
0.017300 0.001492 
0.013037 0.001932 
0.009270 0.002849 
0.007292 0.003227 
0.005243 0.006041 
0.001217 0.006496 
-0.000674 0.006113 
-0.002471 0.009252 
-0.006618 0.011306 
-0.006394 0.012223 
-0.011306 0.013442 
-0.013609 0.014056 
-0.012751 0.017905 
-0.015159 0.017970 
-0.013134 0.019495 
-0.013730 0.023615 
-0.014601 0.022780 
-0.014355 0.023144 
-0.013251 0.026135 
-0.009141 0.029453 
-0.008529 0.031601 
-0.007650 0.034612 
-0.004281 0.037811 
-0.002914 0.039210 
-0.001825 0.040091 
0.000322 0.044877 
0.002898 0.047791 
0.005865 0.047504 
0.007221 0.050641 
0.006762 0.053647 
0.005760 0.056112 
0.007032 0.054697 
0.006880 0.052526 
0.005529 0.053329 
0.007714 0.053070 
0.006641 0.051221 
0.005996 0.050567 
0.007708 0.047749 
0.006970 0.043925 
0.007921 0.043000 
0.009661 0.038987 
0.011869 0.036174 
0.017433 0.033221 
0.020225 0.031621 
0.020354 0.031966 
0.025086 0.028111 
0.029978 0.026552 
0.034161 0.026584 
0.035580 0.024000 
0.035661 0.022215 
0.038519 0.021681 
0.039158 0.019398 
0.040734 0.018138 
0.042367 0.016483 
0.044686 0.014647 
0.045619 0.014331 
0.045218 0.012640 
0.049083 0.008409 
0.050057 0.004408 
0.051009 0.002259 
0.054793 -0.002012 
0.056211 -0.006061 
0.054546 -0.008168 
0.054081 -0.008447 
0.054628 -0.009061 
0.052836 -0.011623 
0.052323 -0.014755 
0.049766 -0.015697 
0.044968 -0.017050 
0.041944 -0.020603 
0.038876 -0.020133 
0.034484 -0.018835 
0.029020 -0.019393 
0.026579 -0.021393 
0.024825 -0.021045 
0.020104 -0.019348 
0.017158 -0.022436 
0.014201 -0.026191 
0.010955 -0.024734 
0.010952 -0.023090 
0.010936 -0.022950 
0.010317 -0.024310 
0.008507 -0.026019 
0.007445 -0.021506 
0.007080 -0.022859 
0.004402 -0.024069 
0.004069 -0.021132 
0.003446 -0.019206 
0.002434 -0.014641 
0.002339 -0.014718 
-0.001046 -0.015239 
-0.003410 -0.015025 
-0.005935 -0.014402 
-0.009117 -0.014615 
-0.012261 -0.014635 
-0.016076 -0.014653 
-0.017387 -0.014449 
-0.019228 -0.014029 
-0.021190 -0.016413 
-0.020808 -0.016286 
-0.021232 -0.015062 
-0.025677 -0.013959 
-0.025578 -0.015949 
-0.023865 -0.014359 
-0.026393 -0.014445 
-0.025232 -0.015196 
-0.026082 -0.009266 
-0.025252 -0.010228 
-0.024473 -0.010078 
-0.026397 -0.006520 
-0.024225 -0.005574 
-0.022040 -0.004108 
-0.020970 -0.003054 
-0.021914 -0.005175 
-0.021382 -0.005170 
-0.021767 -0.005263 
-0.020856 -0.006764 
-0.018368 -0.006194 
-0.018308 -0.008276 
-0.018624 -0.009281 
-0.018195 -0.011919 
-0.014694 -0.011734 
-0.014183 -0.011174 
-0.011725 -0.012587 
-0.010335 -0.012018 
-0.012031 -0.014760 
-0.010581 -0.014438 
-0.010182 -0.014477 
-0.009837 -0.014989 
-0.010564 -0.015024 
-0.009823 -0.017555 
-0.009287 -0.018173 
-0.010193 -0.019816 
-0.010075 -0.022335 
-0.009607 -0.023129 
-0.011109 -0.024799 
-0.012206 -0.028180 
-0.008877 -0.030480 
-0.008997 -0.031629 
-0.009773 -0.033001 
-0.007647 -0.033369 
-0.007615 -0.034302 
-0.008370 -0.034774 
-0.007555 -0.032359 
-0.006363 -0.032569 
-0.007287 -0.034121 
-0.007235 -0.032774 
-0.005265 -0.029561 
-0.007534 -0.025873 
-0.010191 -0.021442 
-0.010137 -0.019446 
-0.011064 -0.018902 
-0.012650 -0.014172 
-0.015816 -0.010266 
-0.016410 -0.006287 
-0.017401 -0.004391 
-0.020746 -0.001022 
-0.023131 0.002901 
-0.024155 0.002128 
-0.024022 0.006917 
-0.025004 0.009756 
-0.024121 0.012451 
-0.025350 0.015731 
-0.027021 0.014961 
-0.027175 0.017098 
-0.027908 0.017128 
-0.029459 0.017212 
-0.031665 0.017761 
-0.031471 0.015775 
-0.032783 0.015686 
-0.033611 0.014591 
-0.034411 0.012062 
-0.033927 0.009927 
-0.034603 0.007118 
-0.036023 0.006083 
-0.031867 0.001645 
-0.030504 -0.002629 
-0.026829 -0.004334 
-0.022806 -0.008971 
-0.021323 -0.009429 
-0.015647 -0.011413 
-0.012500 -0.011951 
-0.008387 -0.010867 
-0.004696 -0.013945 
-0.002696 -0.010763 
0.003019 -0.009820 
0.007295 -0.010845 
0.011472 -0.007582 
0.015360 -0.005516 
0.018103 -0.005705 
0.018633 -0.003176 
0.019523 0.000108 
0.024336 -0.003454 
0.024346 -0.002863 
0.024723 -0.001121 
0.024898 -0.000405 
0.022032 0.001460 
0.023248 -0.001078 
0.021246 -0.000653 
0.017959 -0.000469 
0.016465 -0.000337 
0.013421 -0.000330 
0.009891 0.000097 
0.006265 0.003152 
0.004413 0.004457 
-0.000019 0.005065 
-0.004357 0.005307 
-0.006313 0.007946 
-0.009235 0.009663 
-0.011385 0.009732 
-0.013627 0.009018 
-0.013162 0.010187 
-0.014804 0.013974 
-0.017476 0.015973 
-0.016839 0.016905 
-0.016437 0.016636 
-0.015091 0.020642 
-0.014337 0.024269 
-0.011558 0.024657 
-0.009863 0.027042 
-0.007906 0.031378 
-0.005368 0.036295 
-0.003931 0.038388 
-0.000827 0.041199 
0.000646 0.044754 
0.004536 0.047547 
0.006338 0.051296 
0.006637 0.053590 
0.007024 0.054732 
0.005295 0.055815 
0.006601 0.056338 
0.007180 0.054870 
0.005845 0.052600 
0.006008 0.053611 
0.005703 0.052518 
0.004015 0.048804 
0.005345 0.046155 
0.006006 0.042511 
0.005214 0.039182 
0.007500 0.035856 
0.010415 0.034554 
0.011038 0.031862 
0.013662 0.028050 
0.018037 0.027872 
0.020943 0.026493 
0.026453 0.024757 
0.027566 0.024881 
0.027272 0.023475 
0.032047 0.021575 
0.033476 0.021123 
0.033418 0.019577 
0.037188 0.018891 
0.039863 0.016731 
0.042233 0.013782 
0.044761 0.013537 
0.044686 0.011914 
0.048289 0.008799 
0.051669 0.005905 
0.051234 0.004584 
0.052304 0.001223 
0.055688 -0.002789 
0.056054 -0.004832 
0.057317 -0.007394 
0.057590 -0.007720 
0.054184 -0.008753 
0.054198 -0.012284 
0.051032 -0.012506 
0.049738 -0.013428 
0.046154 -0.014918 
0.040996 -0.014836 
0.039045 -0.015933 
0.033124 -0.015184 
0.031085 -0.017296 
0.028799 -0.018569 
0.025168 -0.019766 
0.022480 -0.022045 
0.019977 -0.021359 
0.018106 -0.022739 
0.016481 -0.022122 
0.014498 -0.022655 
0.013184 -0.022819 
0.013472 -0.023628 
0.009681 -0.024440 
0.007941 -0.022362 
0.008950 -0.022861 
0.006813 -0.021395 
0.003269 -0.022301 
0.000241 -0.022801 
-0.002583 -0.020020 
-0.004387 -0.019753 
-0.006927 -0.021158 
-0.008744 -0.020949 
-0.011143 -0.020942 
-0.016432 -0.022495 
-0.016778 -0.020646 
-0.018390 -0.020780 
-0.020704 -0.021194 
-0.022120 -0.020492 
-0.023450 -0.020250 
-0.023367 -0.018501 
-0.026402 -0.020311 
-0.027015 -0.020639 
-0.027004 -0.018280 
-0.026464 -0.016894 
-0.027570 -0.015253 
-0.028565 -0.013948 
-0.026515 -0.011633 
-0.026516 -0.009397 
-0.025007 -0.006586 
-0.025263 -0.004681 
-0.026315 -0.005017 
-0.025440 -0.003995 
-0.025718 -0.003984 
-0.025522 -0.005277 
-0.022932 -0.007166 
-0.022104 -0.008656 
-0.022534 -0.008245 
-0.020832 -0.008870 
-0.020534 -0.009411 
-0.018322 -0.008289 
-0.017801 -0.008820 
-0.017070 -0.010382 
-0.013977 -0.011024 
-0.015608 -0.012283 
-0.015210 -0.011900 
-0.015115 -0.012538 
-0.015623 -0.013490 
-0.015449 -0.012478 
-0.016154 -0.014728 
-0.015394 -0.015570 
-0.016622 -0.014533 
-0.016198 -0.018237 
-0.015846 -0.020289 
-0.015462 -0.020186 
-0.014482 -0.025698 
-0.015784 -0.026750 
-0.014508 -0.025962 
-0.013127 -0.030391 
-0.015066 -0.030950 
-0.014423 -0.030511 
-0.011669 -0.031945 
-0.011257 -0.032494 
-0.008734 -0.031642 
-0.008334 -0.032126 
-0.009896 -0.031822 
-0.009167 -0.030955 
-0.009266 -0.029547 
-0.010159 -0.026907 
-0.009296 -0.024794 
-0.008484 -0.019987 
-0.011974 -0.017615 
-0.012244 -0.014770 
-0.014537 -0.010950 
-0.017589 -0.008051 
-0.017949 -0.004294 
-0.020544 -0.001061 
-0.019627 0.004069 
-0.022610 0.007661 
-0.023365 0.011399 
-0.021079 0.014517 
-0.022791 0.017559 
-0.021931 0.022609 
-0.023414 0.022576 
-0.024902 0.022055 
-0.024148 0.024673 
-0.024895 0.025205 
-0.025687 0.025573 
-0.028108 0.023049 
-0.030924 0.020283 
-0.033196 0.018986 
-0.034106 0.016267 
-0.034318 0.015877 
-0.036696 0.010382 
-0.035644 0.006170 
-0.033700 0.004453 
-0.034276 -0.000715 
-0.033034 -0.004606 
-0.030359 -0.006456 
-0.026781 -0.006042 
-0.022062 -0.009462 
-0.017988 -0.010580 
-0.014293 -0.010067 
-0.009612 -0.010691 
-0.006439 -0.009376 
-0.001806 -0.009150 
0.001691 -0.007969 
0.004302 -0.006448 
0.007371 -0.004101 
0.010095 -0.001819 
0.016257 -0.000651 
0.017358 -0.000953 
0.018676 0.000269 
0.023901 0.000556 
0.024468 -0.001617 
0.023266 0.000351 
0.024684 0.001764 
0.025578 0.000057 
0.025117 0.000322 
0.025184 0.000620 
0.021802 -0.000010 
0.018134 0.001410 
0.017400 0.002270 
0.016076 0.003108 
0.012152 0.005244 
0.008941 0.007378 
0.005247 0.006763 
0.001509 0.007294 
-0.000208 0.009409 
-0.003078 0.010311 
-0.004747 0.013906 
-0.005048 0.014498 
-0.006958 0.015279 
-0.008762 0.017158 
-0.008546 0.017789 
-0.011220 0.019722 
-0.013041 0.020988 
-0.011686 0.024694 
-0.008855 0.027932 
-0.006869 0.028053 
-0.005038 0.030245 
-0.001942 0.032897 
-0.002365 0.034258 
-0.000163 0.037842 
0.001909 0.039041 
0.003910 0.041767 
0.003777 0.045262 
0.004420 0.046674 
0.006154 0.050398 
0.003549 0.049856 
0.004467 0.050188 
0.003639 0.051322 
0.006391 0.049954 
0.006841 0.049059 
0.004736 0.047302 
0.006259 0.046173 
0.006252 0.043830 
0.008137 0.040836 
0.008636 0.038661 
0.009995 0.036233 
0.011060 0.035336 
0.013684 0.035404 
0.016256 0.032649 
0.018174 0.030810 
0.020011 0.031414 
0.021511 0.029632 
0.024020 0.026653 
0.024139 0.026146 
0.027344 0.025367 
0.029837 0.024070 
0.032882 0.023624 
0.034515 0.020256 
0.036132 0.017294 
0.042176 0.015077 
0.043544 0.012978 
0.046361 0.010903 
0.048800 0.007781 
0.049272 0.005563 
0.053696 0.001973 
0.056299 -0.000208 
0.056471 -0.002291 
0.056972 -0.006115 
0.058073 -0.008220 
0.055623 -0.009510 
0.052683 -0.010281 
0.053091 -0.011234 
0.049139 -0.012784 
0.045667 -0.014191 
0.044005 -0.014236 
0.039725 -0.015905 
0.036599 -0.017132 
0.034993 -0.016828 
0.030969 -0.020145 
0.026462 -0.020725 
0.025630 -0.021260 
0.021937 -0.022140 
0.019855 -0.021786 
0.019106 -0.023723 
0.018088 -0.023026 
0.018374 -0.024292 
0.015079 -0.023766 
0.015256 -0.022505 
0.013738 -0.023631 
0.012178 -0.023356 
0.012124 -0.024670 
0.006974 -0.023226 
0.005451 -0.022445 
0.003410 -0.023254 
0.000966 -0.021519 
0.000521 -0.020333 
-0.004664 -0.021090 
-0.006055 -0.020282 
-0.007171 -0.019894 
-0.012045 -0.021052 
-0.013102 -0.021119 
-0.016124 -0.022269 
-0.018189 -0.021146 
-0.017755 -0.020296 
-0.019830 -0.021198 
-0.022220 -0.021230 
-0.022765 -0.019983 
-0.021525 -0.018307 
-0.023009 -0.018226 
-0.024562 -0.017729 
-0.024516 -0.016351 
-0.028011 -0.014456 
-0.028273 -0.012344 
-0.024613 -0.010268 
-0.026817 -0.010592 
-0.029155 -0.010654 
-0.027285 -0.008661 
-0.027155 -0.008024 
-0.028805 -0.009579 
-0.027198 -0.009632 
-0.026090 -0.008230 
-0.024688 -0.008841 
-0.024339 -0.008454 
-0.026895 -0.009267 
-0.023289 -0.012458 
-0.022159 -0.013486 
-0.020187 -0.012427 
-0.017729 -0.013934 
-0.019142 -0.012998 
-0.018606 -0.010491 
-0.019824 -0.010536 
-0.019113 -0.010830 
-0.017778 -0.013551 
-0.015263 -0.012816 
-0.015644 -0.013953 
-0.017245 -0.016465 
-0.016217 -0.016175 
-0.015114 -0.017875 
-0.016138 -0.019080 
-0.017449 -0.021929 
-0.013330 -0.024602 
-0.012456 -0.024843 
-0.010492 -0.026188 
-0.009498 -0.028849 
-0.009833 -0.029280 
-0.007598 -0.031096 
-0.007056 -0.033156 
-0.005360 -0.032792 
-0.005003 -0.033701 
-0.005167 -0.033514 
-0.005615 -0.030942 
-0.003882 -0.029334 
-0.003959 -0.027763 
-0.006006 -0.023918 
-0.005968 -0.022409 
-0.006563 -0.018922 
-0.007722 -0.015370 
-0.009624 -0.014257 
-0.011406 -0.010801 
-0.013115 -0.008124 
-0.013981 -0.005570 
-0.016615 -0.002718 
-0.018587 0.000657 
-0.018824 0.004413 
-0.017506 0.007243 
-0.018798 0.009498 
-0.022258 0.012581 
-0.019989 0.013950 
-0.021425 0.016179 
-0.024045 0.017481 
-0.022684 0.019575 
-0.022081 0.023903 
-0.024253 0.020767 
-0.028784 0.019939 
-0.029303 0.020119 
-0.030584 0.017344 
-0.033421 0.014138 
-0.034303 0.012145 
-0.036136 0.011813 
-0.035175 0.007584 
-0.035311 0.003712 
-0.035023 0.000023 
-0.032613 -0.001708 
-0.032148 -0.003785 
-0.028463 -0.005333 
-0.025666 -0.004072 
-0.023418 -0.005566 
-0.020281 -0.007735 
-0.015911 -0.007291 
-0.011805 -0.006637 
-0.008367 -0.005035 
-0.002990 -0.004154 
0.000545 -0.005923 
0.006604 -0.003222 
0.008577 -0.004409 
0.010766 -0.005473 
0.015740 -0.003502 
0.017766 -0.005097 
0.021435 -0.005693 
0.020648 -0.005222 
0.021100 -0.002251 
0.022957 -0.002500 
0.022547 -0.001976 
0.022226 -0.001049 
0.020553 -0.001177 
0.018136 0.000737 
0.016393 0.001232 
0.014299 0.003024 
0.010885 0.003673 
0.010661 0.004590 
0.006612 0.004605 
0.002726 0.003107 
0.001249 0.003924 
-0.003895 0.005325 
-0.006743 0.006503 
-0.009869 0.006439 
-0.012250 0.006396 
-0.013575 0.008569 
-0.013131 0.009539 
-0.012886 0.010045 
-0.014150 0.012275 
-0.011630 0.014483 
-0.010471 0.017467 
-0.009181 0.021066 
-0.007806 0.023288 
-0.007166 0.025197 
-0.005742 0.030323 
-0.004609 0.032743 
-0.003659 0.035156 
-0.002050 0.040382 
0.000927 0.045399 
0.000338 0.049278 
0.000916 0.049318 
0.001273 0.052632 
0.001705 0.055204 
0.003735 0.055680 
0.001492 0.054918 
0.001932 0.053460 
0.002849 0.052767 
0.003227 0.048368 
0.006041 0.045790 
0.006496 0.043768 
0.006113 0.041511 
0.009252 0.041318 
0.011306 0.038723 
0.012223 0.036045 
0.013442 0.035973 
0.014056 0.032217 
0.017905 0.032032 
0.017970 0.033543 
0.019495 0.029670 
0.023615 0.029882 
0.022780 0.031045 
0.023144 0.030638 
0.026135 0.029185 
0.029453 0.027003 
0.031601 0.024702 
0.034612 0.023059 
0.037811 0.019848 
0.039210 0.017226 
0.040091 0.015870 
0.044877 0.010970 
0.047791 0.006484 
0.047504 0.003768 
0.050641 0.004112 
0.053647 0.000875 
0.056112 -0.002062 
0.054697 -0.002577 
0.052526 -0.003663 
0.053329 -0.006002 
0.053070 -0.009709 
0.051221 -0.008920 
0.050567 -0.009752 
0.047749 -0.009420 
0.043925 -0.011238 
0.043000 -0.011403 
0.038987 -0.011687 
0.036174 -0.016639 
0.033221 -0.015755 
0.031621 -0.017105 
0.031966 -0.018307 
0.028111 -0.017494 
0.026552 -0.018225 
0.026584 -0.017848 
0.024000 -0.016054 
0.022215 -0.017367 
0.021681 -0.017467 
0.019398 -0.015982 
0.018138 -0.018027 
0.016483 -0.013400 
0.014647 -0.011777 
0.014331 -0.015288 
0.012640 -0.015131 
0.008409 -0.015099 
0.004408 -0.015070 
0.002259 -0.016608 
-0.002012 -0.016774 
-0.006061 -0.016054 
-0.008168 -0.018882 
-0.008447 -0.020987 
-0.009061 -0.021064 
-0.011623 -0.022033 
-0.014755 -0.021849 
-0.015697 -0.021870 
-0.017050 -0.022605 
-0.020603 -0.019755 
-0.020133 -0.019264 
-0.018835 -0.018197 
-0.019393 -0.013510 
-0.021393 -0.014719 
-0.021045 -0.013115 
-0.019348 -0.009442 
-0.022436 -0.009564 
-0.026191 -0.009042 
-0.024734 -0.007600 
-0.023090 -0.005079 
-0.022950 -0.005070 
-0.024310 -0.005296 
-0.026019 -0.005818 
-0.021506 -0.005364 
-0.022859 -0.005977 
-0.024069 -0.006503 
-0.021132 -0.007509 
-0.019206 -0.010927 
-0.014641 -0.009506 
-0.014718 -0.008375 
-0.015239 -0.009567 
-0.015025 -0.012812 
-0.014402 -0.012054 
-0.014615 -0.011980 
-0.014635 -0.013501 
-0.014653 -0.013047 
-0.014449 -0.013134 
-0.014029 -0.011691 
-0.016413 -0.014778 
-0.016286 -0.013971 
-0.015062 -0.014750 
-0.013959 -0.017144 
-0.015949 -0.018846 
-0.014359 -0.021482 
-0.014445 -0.023694 
-0.015196 -0.027485 
-0.009266 -0.027234 
-0.010228 -0.032305 
-0.010078 -0.033198 
-0.006520 -0.034644 
-0.005574 -0.037681 
-0.004108 -0.037296 
-0.003054 -0.039191 
-0.005175 -0.036856 
-0.005170 -0.037380 
-0.005263 -0.033663 
-0.006764 -0.032398 
-0.006194 -0.032839 
-0.008276 -0.029207 
-0.009281 -0.028165 
-0.011919 -0.023582 
-0.011734 -0.020161 
-0.011174 -0.016663 
-0.012587 -0.013582 
-0.012018 -0.010127 
-0.014760 -0.005735 
-0.014438 -0.002829 
-0.014477 0.003017 
-0.014989 0.006465 
-0.015024 0.007751 
-0.017555 0.012666 
-0.018173 0.017203 
-0.019816 0.018993 
-0.022335 0.020938 
-0.023129 0.023873 
-0.024799 0.022919 
-0.028180 0.022007 
-0.030480 0.021634 
-0.031629 0.016808 
-0.033001 0.016870 
-0.033369 0.013555 
-0.034302 0.008599 
-0.034774 0.007328 
-0.032359 0.001963 
-0.032569 -0.000410 
-0.034121 -0.003837 
-0.032774 -0.005807 
-0.029561 -0.006438 
-0.025873 -0.007987 
-0.021442 -0.007325 
-0.019446 -0.007218 
-0.018902 -0.005877 
-0.014172 -0.007556 
-0.010266 -0.007511 
-0.006287 -0.005988 
-0.004391 -0.006724 
-0.001022 -0.006763 
0.002901 -0.008007 
0.002128 -0.008328 
0.006917 -0.009497 
0.009756 -0.009883 
0.012451 -0.008522 
0.015731 -0.006888 
0.014961 -0.006219 
0.017098 -0.008386 
0.017128 -0.004729 
0.017212 -0.002411 
0.017761 -0.003495 
0.015775 -0.000717 
0.015686 -0.002427 
0.014591 -0.001422 
0.012062 0.001559 
0.009927 0.001131 
0.007118 0.002899 
0.006083 0.002103 
0.001645 0.001428 
-0.002629 0.003425 
-0.004334 0.003772 
-0.008971 0.003166 
-0.009429 0.003295 
-0.011413 0.005173 
-0.011951 0.006120 
-0.010867 0.006862 
-0.013945 0.010129 
-0.010763 0.012038 
-0.009820 0.014759 
-0.010845 0.016625 
-0.007582 0.019587 
-0.005516 0.025463 
-0.005705 0.027742 
-0.003176 0.032276 
0.000108 0.036319 
-0.003454 0.039132 
-0.002863 0.041088 
-0.001121 0.042291 
-0.000405 0.044868 
0.001460 0.045610 
-0.001078 0.048160 
-0.000653 0.047903 
-0.000469 0.047936 
-0.000337 0.048363 
-0.000330 0.046149 
0.000097 0.045545 
0.003152 0.045225 
0.004457 0.044643 
0.005065 0.044286 
0.005307 0.043896 
0.007946 0.040761 
0.009663 0.039859 
0.009732 0.038444 
0.009018 0.036654 
0.010187 0.035143 
0.013974 0.033637 
0.015973 0.034922 
0.016905 0.032714 
0.016636 0.033111 
0.020642 0.032364 
0.024269 0.031538 
0.024657 0.031680 
0.027042 0.027153 
0.031378 0.025764 
0.036295 0.023809 
0.038388 0.021656 
0.041199 0.019619 
0.044754 0.015313 
0.047547 0.013109 
0.051296 0.011219 
0.053590 0.009615 
0.054732 0.008111 
0.055815 0.003680 
0.056338 0.002302 
0.054870 0.001661 
0.052600 0.000023 
0.053611 -0.001601 
0.052518 -0.005658 
0.048804 -0.004111 
0.046155 -0.005721 
0.042511 -0.008012 
0.039182 -0.007746 
0.035856 -0.011621 
0.034554 -0.011939 
0.031862 -0.015080 
0.028050 -0.017522 
0.027872 -0.016089 
0.026493 -0.017190 
0.024757 -0.017676 
0.024881 -0.018587 
0.023475 -0.020230 
0.021575 -0.020011 
0.021123 -0.020051 
0.019577 -0.018625 
0.018891 -0.017034 
0.016731 -0.018088 
0.013782 -0.015631 
0.013537 -0.014926 
0.011914 -0.015500 
0.008799 -0.015419 
0.005905 -0.016925 
0.004584 -0.016019 
0.001223 -0.016155 
-0.002789 -0.017718 
-0.004832 -0.018852 
-0.007394 -0.018896 
-0.007720 -0.020276 
-0.008753 -0.022150 
-0.012284 -0.021648 
-0.012506 -0.020654 
-0.013428 -0.019445 
-0.014918 -0.016851 
-0.014836 -0.015694 
-0.015933 -0.015772 
-0.015184 -0.013776 
-0.017296 -0.013114 
-0.018569 -0.012353 
-0.019766 -0.012351 
-0.022045 -0.009433 
-0.021359 -0.006639 
-0.022739 -0.010786 
