0.010944 0.015048 
0.013253 0.014721 
0.015268 0.015393 
0.019810 0.015488 
0.024505 0.012468 
0.027323 0.010374 
0.029096 0.006615 
0.030077 0.002580 
0.031734 -0.001186 
0.030354 -0.007255 
0.028719 -0.011577 
0.025253 -0.016717 
0.022069 -0.022785 
0.020116 -0.026604 
0.017551 -0.028611 
0.014723 -0.031374 
0.011374 -0.031022 
0.010205 -0.028979 
0.008057 -0.028893 
0.007887 -0.026249 
0.007792 -0.022515 
0.005351 -0.017745 
0.002542 -0.013022 
-0.000191 -0.010620 
-0.002891 -0.009102 
-0.007705 -0.005306 
-0.011384 -0.000739 
-0.016495 0.001203 
-0.021211 0.003109 
-0.024253 0.004844 
-0.028913 0.006702 
-0.030773 0.009505 
-0.031115 0.011383 
-0.030876 0.011230 
-0.028208 0.009078 
-0.024698 0.006151 
-0.019795 0.003155 
-0.014230 -0.000433 
-0.008908 -0.003140 
-0.003989 -0.005958 
-0.001222 -0.010222 
0.003301 -0.014194 
0.007545 -0.018562 
0.008013 -0.021958 
0.009390 -0.025220 
0.010458 -0.028611 
0.011401 -0.030661 
0.010764 -0.031374 
0.008658 -0.029803 
0.007599 -0.029545 
0.005451 -0.029621 
0.003797 -0.027038 
0.001288 -0.024196 
-0.001764 -0.022240 
-0.005545 -0.019988 
-0.008940 -0.018332 
-0.012996 -0.017353 
-0.018131 -0.014277 
-0.020451 -0.012255 
-0.024202 -0.010745 
-0.026082 -0.007607 
-0.029189 -0.005674 
-0.031547 -0.001938 
-0.030308 0.002677 
-0.031831 0.004476 
-0.029681 0.008178 
-0.026949 0.012289 
-0.024856 0.014913 
-0.022437 0.018361 
-0.019254 0.016973 
-0.015407 0.017094 
-0.013444 0.018950 
-0.010445 0.015732 
-0.008423 0.014152 
-0.005207 0.012338 
-0.002467 0.009993 
-0.001484 0.007466 
0.001657 0.005428 
0.004108 0.004241 
0.004244 0.002598 
0.007223 0.003119 
0.010205 0.003252 
0.012450 0.005813 
0.016476 0.011416 
0.015984 0.014803 
0.017837 0.017806 
0.020202 0.022851 
0.018227 0.024565 
0.016795 0.026548 
0.016057 0.029068 
0.016172 0.028094 
0.013897 0.028166 
0.011292 0.026799 
0.008810 0.025357 
0.007155 0.023959 
0.006998 0.023926 
0.006294 0.021945 
0.006065 0.019419 
0.007532 0.020141 
0.011049 0.018632 
0.014146 0.020377 
0.018176 0.019825 
0.021551 0.018089 
0.023834 0.018390 
0.027527 0.016410 
0.030194 0.013917 
0.030920 0.008628 
0.030849 0.003234 
0.029971 -0.001710 
0.028769 -0.007000 
0.027538 -0.013554 
0.024065 -0.019025 
0.021819 -0.022253 
0.019896 -0.025641 
0.015737 -0.027236 
0.013891 -0.028767 
0.013138 -0.028463 
0.012964 -0.026822 
0.012394 -0.025807 
0.011250 -0.021390 
0.010743 -0.018939 
0.008617 -0.016614 
0.005396 -0.012013 
0.001121 -0.010339 
-0.003969 -0.006569 
-0.008343 -0.004087 
-0.012092 -0.001449 
-0.017697 0.002276 
-0.022401 0.005184 
-0.024954 0.008498 
-0.028941 0.008257 
-0.030694 0.009453 
-0.028691 0.007975 
-0.025837 0.007236 
-0.024271 0.008797 
-0.020714 0.005946 
-0.015680 0.004030 
-0.012061 -0.000045 
-0.005718 -0.004942 
-0.001042 -0.007369 
0.001355 -0.011160 
0.004846 -0.015157 
0.006881 -0.018421 
0.008795 -0.022721 
0.010770 -0.025324 
0.011728 -0.026878 
0.010868 -0.028204 
0.011060 -0.028013 
0.011544 -0.027547 
0.008388 -0.026485 
0.006158 -0.026055 
0.003452 -0.023878 
0.000257 -0.022841 
-0.002906 -0.021521 
-0.006937 -0.018998 
-0.009230 -0.020191 
-0.014555 -0.017574 
-0.018937 -0.014474 
-0.022136 -0.012917 
-0.026711 -0.009284 
-0.028614 -0.007696 
-0.030268 -0.004664 
-0.031068 -0.000404 
-0.030488 0.003340 
-0.030389 0.007286 
-0.030228 0.010700 
-0.027006 0.014137 
-0.023680 0.015767 
-0.022127 0.016826 
-0.019399 0.017962 
-0.015369 0.017516 
-0.013213 0.016627 
-0.012578 0.015376 
-0.008698 0.012505 
-0.006429 0.010624 
-0.004656 0.008476 
-0.001334 0.006356 
0.000091 0.007035 
0.001873 0.005584 
0.004959 0.005428 
0.007560 0.007825 
0.010512 0.010651 
0.013634 0.012877 
0.014174 0.014365 
0.016528 0.018616 
0.017814 0.021950 
0.016468 0.025212 
0.016532 0.027489 
0.015801 0.028046 
0.015121 0.028244 
0.013134 0.027655 
0.009018 0.026522 
0.005647 0.024709 
0.004201 0.022935 
0.004034 0.021331 
0.003613 0.021777 
0.002467 0.020635 
0.003694 0.021504 
0.007684 0.022454 
0.011033 0.021180 
0.014248 0.023322 
0.016914 0.022182 
0.018942 0.020139 
0.023982 0.019839 
0.026588 0.015174 
0.026724 0.009422 
0.028419 0.007525 
0.026898 0.002117 
0.025761 -0.004388 
0.023927 -0.007845 
0.022103 -0.014588 
0.021011 -0.019488 
0.019373 -0.022518 
0.017770 -0.025306 
0.014998 -0.026386 
0.015423 -0.028145 
0.014199 -0.028447 
0.013285 -0.025748 
0.012829 -0.023810 
0.011552 -0.020438 
0.010322 -0.016507 
0.007376 -0.015411 
0.003539 -0.011113 
-0.002754 -0.007787 
-0.007016 -0.005157 
-0.012803 -0.001744 
-0.017795 0.000924 
-0.022539 0.004421 
-0.026556 0.006949 
-0.027066 0.010635 
-0.030299 0.010672 
-0.030701 0.010367 
-0.029590 0.011446 
-0.027234 0.010781 
-0.022992 0.010595 
-0.020006 0.006620 
-0.015065 0.003359 
-0.009364 0.001135 
-0.006924 -0.003633 
-0.003828 -0.007834 
0.000111 -0.013164 
0.002317 -0.016885 
0.005611 -0.019151 
0.007102 -0.023550 
0.008137 -0.025120 
0.009679 -0.026504 
0.009688 -0.027975 
0.008457 -0.026474 
0.009537 -0.026520 
0.009434 -0.027034 
0.005906 -0.027162 
0.003991 -0.026074 
-0.000202 -0.024816 
-0.003363 -0.022084 
-0.006615 -0.019581 
-0.010664 -0.019896 
-0.012837 -0.018737 
-0.017517 -0.017783 
-0.021536 -0.013655 
-0.025021 -0.010933 
-0.027695 -0.009322 
-0.028649 -0.004399 
-0.029730 -0.000337 
-0.029309 0.005377 
-0.028706 0.008892 
-0.027537 0.012148 
-0.025514 0.014944 
-0.022357 0.016493 
-0.018778 0.017117 
-0.018175 0.017014 
-0.016996 0.017283 
-0.015780 0.012686 
-0.013515 0.010132 
-0.010820 0.008011 
-0.010031 0.006804 
-0.007175 0.004744 
-0.005045 0.001210 
-0.001707 0.002873 
0.001669 0.001070 
0.004337 0.002176 
0.007977 0.006129 
0.009797 0.008827 
0.011778 0.011919 
0.013365 0.013782 
0.014568 0.017758 
0.014745 0.021419 
0.014578 0.023163 
0.014034 0.022773 
0.011806 0.024961 
0.010609 0.024937 
0.008823 0.022247 
0.006016 0.021233 
0.003574 0.019463 
0.000382 0.020618 
0.000823 0.019594 
0.003391 0.018469 
0.003832 0.019095 
0.006313 0.019740 
0.009495 0.021337 
0.011834 0.021606 
0.015443 0.022065 
0.020008 0.021015 
0.023024 0.019000 
0.024791 0.016198 
0.025147 0.012435 
0.025314 0.006892 
0.026023 0.001376 
0.023863 -0.003564 
0.022700 -0.009612 
0.021105 -0.013636 
0.018295 -0.017172 
0.017450 -0.020223 
0.016384 -0.024787 
0.015269 -0.027829 
0.015048 -0.027908 
0.014721 -0.029388 
0.015393 -0.028654 
0.015488 -0.027403 
0.012468 -0.025669 
0.010374 -0.021933 
0.006615 -0.018388 
0.002580 -0.015165 
-0.001186 -0.011953 
-0.007255 -0.008386 
-0.011577 -0.005137 
-0.016717 -0.002667 
-0.022785 0.001119 
-0.026604 0.005681 
-0.028611 0.006905 
-0.031374 0.007496 
-0.031022 0.009503 
-0.028979 0.010222 
-0.028893 0.009835 
-0.026249 0.009211 
-0.022515 0.007195 
-0.017745 0.004218 
-0.013022 0.000278 
-0.010620 -0.003821 
-0.009102 -0.007325 
-0.005306 -0.012519 
-0.000739 -0.015914 
0.001203 -0.018999 
0.003109 -0.021392 
0.004844 -0.022346 
0.006702 -0.025594 
0.009505 -0.026753 
0.011383 -0.027397 
0.011230 -0.026847 
0.009078 -0.025984 
0.006151 -0.026606 
0.003155 -0.025569 
-0.000433 -0.025491 
-0.003140 -0.025112 
-0.005958 -0.023466 
-0.010222 -0.021203 
-0.014194 -0.020712 
-0.018562 -0.020443 
-0.021958 -0.017447 
-0.025220 -0.015246 
-0.028611 -0.012192 
-0.030661 -0.007378 
-0.031374 -0.002558 
-0.029803 0.001625 
-0.029545 0.005577 
-0.029621 0.009855 
-0.027038 0.012438 
-0.024196 0.014426 
-0.022240 0.016878 
-0.019988 0.017361 
-0.018332 0.015770 
-0.017353 0.013704 
-0.014277 0.011849 
-0.012255 0.008716 
-0.010745 0.005947 
-0.007607 0.004116 
-0.005674 0.000206 
-0.001938 0.000722 
0.002677 0.001965 
0.004476 0.000666 
0.008178 0.004510 
0.012289 0.007270 
0.014913 0.010875 
0.018361 0.015911 
0.016973 0.017937 
0.017094 0.022413 
0.018950 0.024813 
0.015732 0.024650 
0.014152 0.025797 
0.012338 0.025411 
0.009993 0.024715 
0.007466 0.022775 
0.005428 0.020324 
0.004241 0.021012 
0.002598 0.021537 
0.003119 0.021717 
0.003252 0.023010 
0.005813 0.024104 
0.011416 0.024334 
0.014803 0.024691 
0.017806 0.025569 
0.022851 0.025031 
0.024565 0.023347 
0.026548 0.019724 
0.029068 0.014653 
0.028094 0.009543 
0.028166 0.005200 
0.026799 0.000506 
0.025357 -0.003855 
0.023959 -0.009043 
0.023926 -0.015338 
0.021945 -0.017664 
0.019419 -0.020290 
0.020141 -0.023821 
0.018632 -0.027572 
0.020377 -0.028468 
0.019825 -0.026808 
0.018089 -0.027484 
0.018390 -0.025727 
0.016410 -0.023669 
0.013917 -0.020852 
0.008628 -0.017020 
0.003234 -0.014312 
-0.001710 -0.010624 
-0.007000 -0.006627 
-0.013554 -0.003427 
-0.019025 0.000229 
-0.022253 0.002984 
-0.025641 0.006523 
-0.027236 0.010145 
-0.028767 0.009348 
-0.028463 0.011335 
-0.026822 0.011379 
-0.025807 0.009987 
-0.021390 0.009124 
-0.018939 0.005594 
-0.016614 0.003097 
-0.012013 -0.001911 
-0.010339 -0.004728 
-0.006569 -0.009051 
-0.004087 -0.012999 
-0.001449 -0.014444 
0.002276 -0.018610 
0.005184 -0.020269 
0.008498 -0.022408 
0.008257 -0.023590 
0.009453 -0.023328 
0.007975 -0.024028 
0.007236 -0.024376 
0.008797 -0.025678 
0.005946 -0.025940 
0.004030 -0.024706 
-0.000045 -0.024454 
-0.004942 -0.023926 
-0.007369 -0.022910 
-0.011160 -0.022569 
-0.015157 -0.022472 
-0.018421 -0.019863 
-0.022721 -0.015255 
-0.025324 -0.012335 
-0.026878 -0.008400 
-0.028204 -0.003656 
-0.028013 0.000362 
-0.027547 0.004230 
-0.026485 0.009964 
-0.026055 0.013191 
-0.023878 0.014559 
-0.022841 0.017290 
-0.021521 0.016788 
-0.018998 0.018069 
-0.020191 0.017272 
-0.017574 0.014313 
-0.014474 0.011668 
-0.012917 0.008509 
-0.009284 0.007339 
-0.007696 0.004953 
-0.004664 0.003573 
-0.000404 0.003194 
0.003340 0.004602 
0.007286 0.007138 
0.010700 0.009144 
0.014137 0.011816 
0.015767 0.015923 
0.016826 0.018742 
0.017962 0.020777 
0.017516 0.024791 
0.016627 0.025471 
0.015376 0.024398 
0.012505 0.025195 
0.010624 0.026165 
0.008476 0.024626 
0.006356 0.024146 
0.007035 0.024581 
0.005584 0.023104 
0.005428 0.024668 
0.007825 0.027735 
0.010651 0.027691 
0.012877 0.028227 
0.014365 0.028442 
0.018616 0.026060 
0.021950 0.027009 
0.025212 0.025360 
0.027489 0.021721 
0.028046 0.020427 
0.028244 0.017202 
0.027655 0.011138 
0.026522 0.005528 
0.024709 0.001968 
0.022935 -0.004298 
0.021331 -0.010019 
0.021777 -0.014982 
0.020635 -0.018259 
0.021504 -0.020965 
0.022454 -0.023697 
0.021180 -0.024778 
0.023322 -0.025896 
0.022182 -0.025604 
0.020139 -0.026370 
0.019839 -0.026367 
0.015174 -0.024291 
0.009422 -0.020181 
0.007525 -0.018002 
0.002117 -0.014156 
-0.004388 -0.009412 
-0.007845 -0.007410 
-0.014588 -0.002975 
-0.019488 0.000808 
-0.022518 0.004112 
-0.025306 0.006040 
-0.026386 0.009409 
-0.028145 0.011216 
-0.028447 0.012027 
-0.025748 0.012424 
-0.023810 0.008204 
-0.020438 0.004791 
-0.016507 0.001457 
-0.015411 -0.001659 
-0.011113 -0.004947 
-0.007787 -0.008522 
-0.005157 -0.013987 
-0.001744 -0.016946 
0.000924 -0.018939 
0.004421 -0.021759 
0.006949 -0.022952 
0.010635 -0.025032 
0.010672 -0.024745 
0.010367 -0.026450 
0.011446 -0.026239 
0.010781 -0.026085 
0.010595 -0.027634 
0.006620 -0.027532 
0.003359 -0.027181 
0.001135 -0.026778 
-0.003633 -0.027722 
-0.007834 -0.025221 
-0.013164 -0.025187 
-0.016885 -0.023616 
-0.019151 -0.020124 
-0.023550 -0.017980 
-0.025120 -0.012823 
-0.026504 -0.008837 
-0.027975 -0.003250 
-0.026474 0.001528 
-0.026520 0.004510 
-0.027034 0.007514 
-0.027162 0.010827 
-0.026074 0.013605 
-0.024816 0.013886 
-0.022084 0.015107 
-0.019581 0.014354 
-0.019896 0.010305 
-0.018737 0.008152 
-0.017783 0.005734 
-0.013655 0.003116 
-0.010933 0.003573 
-0.009322 0.001402 
-0.004399 -0.000368 
-0.000337 0.002390 
0.005377 0.004879 
0.008892 0.006435 
0.012148 0.008756 
0.014944 0.012636 
0.016493 0.016489 
0.017117 0.018666 
0.017014 0.021653 
0.017283 0.022409 
0.012686 0.019713 
0.010132 0.021538 
0.008011 0.020989 
0.006804 0.019864 
0.004744 0.020704 
0.001210 0.018942 
0.002873 0.021407 
0.001070 0.021491 
0.002176 0.022337 
0.006129 0.025351 
0.008827 0.025868 
0.011919 0.028272 
0.013782 0.028177 
0.017758 0.026742 
0.021419 0.026523 
0.023163 0.025035 
0.022773 0.021057 
0.024961 0.017407 
0.024937 0.013439 
0.022247 0.007532 
0.021233 0.003328 
0.019463 -0.001475 
0.020618 -0.007447 
0.019594 -0.011211 
0.018469 -0.015551 
0.019095 -0.019151 
0.019740 -0.022123 
0.021337 -0.025418 
0.021606 -0.024396 
0.022065 -0.025351 
0.021015 -0.025786 
0.019000 -0.023892 
0.016198 -0.023753 
0.012435 -0.021581 
0.006892 -0.020359 
0.001376 -0.017352 
-0.003564 -0.013209 
-0.009612 -0.009834 
-0.013636 -0.005076 
-0.017172 -0.001867 
-0.020223 0.001548 
-0.024787 0.006296 
-0.027829 0.008919 
-0.027908 0.010089 
-0.029388 0.012562 
-0.028654 0.011365 
-0.027403 0.007929 
-0.025669 0.006968 
-0.021933 0.005050 
-0.018388 0.001736 
-0.015165 -0.003066 
-0.011953 -0.006737 
-0.008386 -0.008727 
-0.005137 -0.012953 
-0.002667 -0.014968 
0.001119 -0.016417 
0.005681 -0.019967 
0.006905 -0.021234 
0.007496 -0.022441 
0.009503 -0.024181 
0.010222 -0.025436 
0.009835 -0.025584 
0.009211 -0.026279 
0.007195 -0.028461 
0.004218 -0.028262 
0.000278 -0.026907 
-0.003821 -0.027216 
-0.007325 -0.027163 
-0.012519 -0.025101 
-0.015914 -0.023485 
-0.018999 -0.021723 
-0.021392 -0.018656 
-0.022346 -0.013837 
-0.025594 -0.010262 
-0.026753 -0.007890 
-0.027397 -0.001180 
-0.026847 0.004156 
-0.025984 0.007370 
-0.026606 0.010826 
-0.025569 0.012124 
-0.025491 0.013108 
-0.025112 0.013179 
-0.023466 0.013230 
-0.021203 0.011738 
-0.020712 0.007651 
-0.020443 0.004245 
-0.017447 0.001828 
-0.015246 0.000147 
-0.012192 -0.001022 
-0.007378 0.000880 
-0.002558 0.002157 
0.001625 0.003296 
0.005577 0.008105 
0.009855 0.009802 
0.012438 0.012575 
0.014426 0.015069 
0.016878 0.015417 
0.017361 0.018026 
0.015770 0.017540 
0.013704 0.018619 
0.011849 0.018494 
0.008716 0.016041 
0.005947 0.017853 
0.004116 0.018002 
0.000206 0.018639 
0.000722 0.019765 
0.001965 0.020653 
0.000666 0.023181 
0.004510 0.024628 
0.007270 0.026229 
0.010875 0.025933 
0.015911 0.026654 
0.017937 0.026043 
0.022413 0.024006 
0.024813 0.023776 
0.024650 0.021241 
0.025797 0.019297 
0.025411 0.014635 
0.024715 0.010690 
0.022775 0.006845 
0.020324 0.001209 
0.021012 -0.003054 
0.021537 -0.009368 
0.021717 -0.012656 
0.023010 -0.017380 
0.024104 -0.020787 
0.024334 -0.021251 
0.024691 -0.024624 
0.025569 -0.025605 
0.025031 -0.025743 
0.023347 -0.026157 
0.019724 -0.024888 
0.014653 -0.023643 
0.009543 -0.021333 
0.005200 -0.016321 
0.000506 -0.014071 
-0.003855 -0.010680 
-0.009043 -0.005068 
-0.015338 -0.002018 
-0.017664 0.001336 
-0.020290 0.004554 
-0.023821 0.008187 
-0.027572 0.010069 
-0.028468 0.011313 
-0.026808 0.011964 
-0.027484 0.009979 
-0.025727 0.008689 
-0.023669 0.007546 
-0.020852 0.004182 
-0.017020 0.000615 
-0.014312 -0.001864 
-0.010624 -0.005701 
-0.006627 -0.009165 
-0.003427 -0.011461 
0.000229 -0.014403 
0.002984 -0.017461 
0.006523 -0.019076 
0.010145 -0.022053 
0.009348 -0.023910 
0.011335 -0.023627 
0.011379 -0.026014 
0.009987 -0.026403 
0.009124 -0.026438 
0.005594 -0.027935 
0.003097 -0.027760 
-0.001911 -0.027864 
-0.004728 -0.028190 
-0.009051 -0.027940 
-0.012999 -0.026852 
-0.014444 -0.024367 
-0.018610 -0.021358 
-0.020269 -0.016424 
-0.022408 -0.011061 
-0.023590 -0.006894 
-0.023328 -0.002540 
-0.024028 0.001694 
-0.024376 0.007688 
-0.025678 0.010351 
-0.025940 0.011212 
-0.024706 0.013223 
-0.024454 0.013693 
-0.023926 0.013119 
-0.022910 0.009346 
-0.022569 0.006515 
-0.022472 0.004192 
-0.019863 0.002065 
-0.015255 0.001322 
-0.012335 0.000704 
-0.008400 0.001400 
-0.003656 0.003194 
0.000362 0.005024 
0.004230 0.007333 
0.009964 0.010942 
0.013191 0.012449 
0.014559 0.014550 
0.017290 0.017029 
0.016788 0.018439 
0.018069 0.018758 
0.017272 0.017755 
0.014313 0.019025 
0.011668 0.019587 
0.008509 0.018903 
0.007339 0.019406 
0.004953 0.019248 
0.003573 0.019899 
0.003194 0.022620 
0.004602 0.023092 
0.007138 0.024826 
0.009144 0.027214 
0.011816 0.028258 
0.015923 0.029485 
0.018742 0.028175 
0.020777 0.027569 
0.024791 0.025982 
0.025471 0.023803 
0.024398 0.021826 
0.025195 0.017993 
0.026165 0.013783 
0.024626 0.009779 
0.024146 0.005447 
0.024581 0.000381 
0.023104 -0.005235 
0.024668 -0.010975 
0.027735 -0.014107 
0.027691 -0.016527 
0.028227 -0.019100 
0.028442 -0.021665 
0.026060 -0.023097 
0.027009 -0.024910 
0.025360 -0.026831 
0.021721 -0.025343 
0.020427 -0.024593 
0.017202 -0.023083 
0.011138 -0.020016 
0.005528 -0.016867 
0.001968 -0.012849 
-0.004298 -0.009059 
-0.010019 -0.005776 
-0.014982 -0.001809 
-0.018259 0.001532 
-0.020965 0.005174 
-0.023697 0.008204 
-0.024778 0.009886 
-0.025896 0.012135 
-0.025604 0.009469 
-0.026370 0.008316 
-0.026367 0.008053 
-0.024291 0.004367 
-0.020181 0.002947 
-0.018002 0.000510 
-0.014156 -0.002704 
-0.009412 -0.005742 
-0.007410 -0.008146 
-0.002975 -0.009685 
0.000808 -0.012358 
0.004112 -0.015052 
0.006040 -0.016145 
0.009409 -0.017559 
0.011216 -0.018411 
0.012027 -0.018999 
0.012424 -0.022143 
0.008204 -0.025057 
0.004791 -0.026572 
0.001457 -0.027040 
-0.001659 -0.028417 
-0.004947 -0.028447 
-0.008522 -0.026778 
-0.013987 -0.027195 
-0.016946 -0.024739 
-0.018939 -0.021316 
-0.021759 -0.020745 
-0.022952 -0.014772 
-0.025032 -0.008285 
-0.024745 -0.005507 
-0.026450 0.000607 
-0.026239 0.006413 
-0.026085 0.009682 
-0.027634 0.011369 
-0.027532 0.012360 
-0.027181 0.012198 
-0.026778 0.011096 
-0.027722 0.009425 
-0.025221 0.007377 
-0.025187 0.004105 
-0.023616 0.000660 
-0.020124 0.000636 
-0.017980 0.001232 
-0.012823 0.002267 
-0.008837 0.003013 
-0.003250 0.007070 
0.001528 0.009278 
0.004510 0.009893 
0.007514 0.013668 
0.010827 0.014321 
0.013605 0.016059 
0.013886 0.016685 
0.015107 0.016868 
0.014354 0.017108 
0.010305 0.017231 
0.008152 0.017020 
0.005734 0.016526 
0.003116 0.018197 
0.003573 0.019594 
0.001402 0.021741 
-0.000368 0.022034 
0.002390 0.024943 
0.004879 0.027237 
0.006435 0.028863 
0.008756 0.032100 
0.012636 0.030818 
0.016489 0.030325 
0.018666 0.031240 
0.021653 0.031005 
0.022409 0.029153 
0.019713 0.026662 
0.021538 0.023848 
0.020989 0.019732 
0.019864 0.014505 
0.020704 0.010348 
0.018942 0.006246 
0.021407 0.001278 
0.021491 -0.003322 
0.022337 -0.008371 
0.025351 -0.011941 
0.025868 -0.015127 
0.028272 -0.018269 
0.028177 -0.020139 
0.026742 -0.022944 
0.026523 -0.024663 
0.025035 -0.023237 
0.021057 -0.024383 
0.017407 -0.023014 
0.013439 -0.019901 
0.007532 -0.017920 
0.003328 -0.013025 
-0.001475 -0.010171 
-0.007447 -0.005372 
-0.011211 -0.001493 
-0.015551 0.001438 
-0.019151 0.006022 
-0.022123 0.008450 
-0.025418 0.009009 
-0.024396 0.009113 
-0.025351 0.010763 
-0.025786 0.010039 
-0.023892 0.007588 
-0.023753 0.004936 
-0.021581 0.003717 
-0.020359 0.001605 
-0.017352 -0.001941 
-0.013209 -0.004090 
-0.009834 -0.006296 
-0.005076 -0.009077 
-0.001867 -0.011477 
0.001548 -0.014026 
0.006296 -0.016374 
0.008919 -0.016552 
0.010089 -0.019713 
0.012562 -0.020894 
0.011365 -0.022715 
0.007929 -0.025425 
0.006968 -0.025666 
0.005050 -0.030395 
0.001736 -0.030694 
-0.003066 -0.029350 
-0.006737 -0.031898 
-0.008727 -0.031684 
-0.012953 -0.027160 
-0.014968 -0.024529 
-0.016417 -0.021689 
-0.019967 -0.016044 
-0.021234 -0.011980 
-0.022441 -0.005345 
-0.024181 0.000075 
-0.025436 0.003731 
-0.025584 0.006802 
-0.026279 0.007855 
-0.028461 0.009984 
-0.028262 0.011008 
-0.026907 0.010316 
-0.027216 0.009264 
-0.027163 0.006622 
-0.025101 0.003323 
-0.023485 0.001482 
-0.021723 0.000088 
-0.018656 0.001185 
-0.013837 0.003354 
-0.010262 0.004638 
-0.007890 0.006842 
-0.001180 0.008036 
0.004156 0.010268 
0.007370 0.012796 
0.010826 0.013320 
0.012124 0.015168 
0.013108 0.016157 
0.013179 0.017527 
0.013230 0.018396 
0.011738 0.015670 
0.007651 0.015973 
0.004245 0.016430 
0.001828 0.015906 
0.000147 0.017843 
-0.001022 0.019370 
0.000880 0.021852 
0.002157 0.024151 
0.003296 0.024593 
0.008105 0.027177 
0.009802 0.030057 
0.012575 0.031051 
0.015069 0.031143 
0.015417 0.029854 
0.018026 0.029994 
0.017540 0.029325 
0.018619 0.027502 
0.018494 0.024748 
0.016041 0.021446 
0.017853 0.018010 
0.018002 0.013018 
0.018639 0.008646 
0.019765 0.003634 
0.020653 -0.000173 
0.023181 -0.006230 
0.024628 -0.010252 
0.026229 -0.012413 
0.025933 -0.017926 
0.026654 -0.019538 
0.026043 -0.022225 
0.024006 -0.025549 
0.023776 -0.026019 
0.021241 -0.025110 
0.019297 -0.024736 
0.014635 -0.024602 
0.010690 -0.021202 
0.006845 -0.017324 
0.001209 -0.015253 
-0.003054 -0.010864 
-0.009368 -0.005389 
-0.012656 -0.003659 
-0.017380 0.000682 
-0.020787 0.005000 
-0.021251 0.006365 
-0.024624 0.007646 
-0.025605 0.007649 
-0.025743 0.006323 
-0.026157 0.005954 
-0.024888 0.005063 
-0.023643 0.001466 
-0.021333 0.001122 
-0.016321 -0.001716 
-0.014071 -0.005083 
-0.010680 -0.005144 
-0.005068 -0.007123 
-0.002018 -0.009362 
0.001336 -0.011598 
0.004554 -0.012216 
0.008187 -0.014030 
0.010069 -0.017023 
0.011313 -0.018952 
0.011964 -0.021086 
0.009979 -0.024333 
0.008689 -0.028111 
0.007546 -0.029816 
0.004182 -0.030559 
0.000615 -0.033489 
-0.001864 -0.034658 
-0.005701 -0.033588 
-0.009165 -0.031938 
-0.011461 -0.027362 
-0.014403 -0.024686 
-0.017461 -0.019218 
-0.019076 -0.012719 
-0.022053 -0.008964 
-0.023910 -0.003222 
-0.023627 0.001207 
-0.026014 0.003191 
-0.026403 0.004832 
-0.026438 0.007223 
-0.027935 0.007291 
-0.027760 0.007976 
-0.027864 0.005783 
-0.028190 0.003893 
-0.027940 0.003929 
-0.026852 -0.000146 
-0.024367 0.000976 
-0.021358 0.000126 
-0.016424 -0.000418 
-0.011061 0.003686 
-0.006894 0.003856 
-0.002540 0.006523 
0.001694 0.008948 
0.007688 0.008293 
0.010351 0.011270 
0.011212 0.013552 
0.013223 0.012923 
0.013693 0.014105 
0.013119 0.014572 
0.009346 0.014848 
0.006515 0.015722 
0.004192 0.015713 
0.002065 0.016827 
0.001322 0.017214 
0.000704 0.018153 
0.001400 0.020074 
0.003194 0.020306 
0.005024 0.023672 
0.007333 0.027007 
0.010942 0.028414 
0.012449 0.030176 
0.014550 0.029723 
0.017029 0.031047 
0.018439 0.030834 
0.018758 0.030629 
0.017755 0.029857 
0.019025 0.025916 
0.019587 0.023990 
0.018903 0.019553 
0.019406 0.014673 
0.019248 0.012045 
0.019899 0.008826 
0.022620 0.003181 
0.023092 -0.002688 
0.024826 -0.007304 
0.027214 -0.010459 
0.028258 -0.014364 
0.029485 -0.020395 
0.028175 -0.023325 
0.027569 -0.025143 
0.025982 -0.025058 
0.023803 -0.025017 
0.021826 -0.026103 
0.017993 -0.024235 
0.013783 -0.021277 
0.009779 -0.018627 
0.005447 -0.014736 
0.000381 -0.009349 
-0.005235 -0.006172 
-0.010975 -0.003146 
-0.014107 0.001270 
-0.016527 0.003278 
-0.019100 0.005214 
-0.021665 0.007837 
-0.023097 0.007440 
-0.024910 0.007510 
-0.026831 0.005765 
-0.025343 0.005281 
-0.024593 0.005377 
-0.023083 0.001344 
-0.020016 0.001417 
-0.016867 -0.000479 
-0.012849 -0.002622 
-0.009059 -0.004145 
-0.005776 -0.007089 
-0.001809 -0.007879 
0.001532 -0.008596 
0.005174 -0.010188 
0.008204 -0.013852 
0.009886 -0.014885 
0.012135 -0.018199 
0.009469 -0.021955 
0.008316 -0.024058 
0.008053 -0.027336 
0.004367 -0.029747 
0.002947 -0.032452 
0.000510 -0.033701 
-0.002704 -0.033586 
-0.005742 -0.030998 
-0.008146 -0.028130 
-0.009685 -0.024655 
-0.012358 -0.019898 
-0.015052 -0.014351 
-0.016145 -0.008126 
-0.017559 -0.000764 
-0.018411 0.002581 
-0.018999 0.003819 
-0.022143 0.008090 
-0.025057 0.007673 
-0.026572 0.009700 
-0.027040 0.010284 
-0.028417 0.007649 
-0.028447 0.005493 
-0.026778 0.003971 
-0.027195 0.004531 
-0.024739 0.002057 
-0.021316 0.004347 
-0.020745 0.004102 
-0.014772 0.003896 
-0.008285 0.006702 
-0.005507 0.007254 
0.000607 0.009450 
0.006413 0.009398 
0.009682 0.012807 
0.011369 0.014510 
0.012360 0.014727 
0.012198 0.015556 
0.011096 0.014939 
0.009425 0.016404 
0.007377 0.014860 
0.004105 0.015020 
0.000660 0.015006 
0.000636 0.015056 
0.001232 0.017948 
0.002267 0.018903 
0.003013 0.021815 
0.007070 0.024528 
0.009278 0.026304 
0.009893 0.029398 
0.013668 0.030120 
0.014321 0.031265 
0.016059 0.033641 
0.016685 0.033288 
0.016868 0.033682 
0.017108 0.032740 
0.017231 0.028583 
0.017020 0.026589 
0.016526 0.023011 
0.018197 0.018892 
0.019594 0.016755 
0.021741 0.011818 
0.022034 0.007981 
0.024943 0.003992 
0.027237 -0.002586 
0.028863 -0.005500 
0.032100 -0.009399 
0.030818 -0.016413 
0.030325 -0.021292 
0.031240 -0.024113 
0.031005 -0.026101 
0.029153 -0.025776 
0.026662 -0.025230 
0.023848 -0.026167 
0.019732 -0.022514 
0.014505 -0.020163 
0.010348 -0.017505 
0.006246 -0.012097 
0.001278 -0.010834 
-0.003322 -0.006688 
-0.008371 -0.002237 
-0.011941 0.000820 
-0.015127 0.003811 
-0.018269 0.003860 
-0.020139 0.004472 
-0.022944 0.005689 
-0.024663 0.005346 
-0.023237 0.005412 
-0.024383 0.004165 
-0.023014 0.001957 
-0.019901 0.001932 
-0.017920 0.000000 
-0.013025 -0.000306 
-0.010171 -0.001831 
-0.005372 -0.003940 
-0.001493 -0.005469 
0.001438 -0.008167 
0.006022 -0.007404 
0.008450 -0.009363 
0.009009 -0.011604 
0.009113 -0.014742 
0.010763 -0.018530 
0.010039 -0.022934 
0.007588 -0.027723 
0.004936 -0.029737 
0.003717 -0.032972 
0.001605 -0.034768 
-0.001941 -0.034876 
-0.004090 -0.032742 
-0.006296 -0.030408 
-0.009077 -0.025649 
-0.011477 -0.020405 
-0.014026 -0.016066 
-0.016374 -0.009956 
-0.016552 -0.005625 
-0.019713 -0.000948 
-0.020894 0.002718 
-0.022715 0.004837 
-0.025425 0.006553 
-0.025666 0.008302 
-0.030395 0.006844 
-0.030694 0.005293 
-0.029350 0.004591 
-0.031898 0.003018 
-0.031684 0.001602 
-0.027160 0.001134 
-0.024529 0.003293 
-0.021689 0.001973 
-0.016044 0.003919 
-0.011980 0.006322 
-0.005345 0.007478 
0.000075 0.010102 
0.003731 0.010408 
0.006802 0.012030 
0.007855 0.011684 
0.009984 0.012553 
0.011008 0.014125 
0.010316 0.014451 
0.009264 0.014125 
0.006622 0.014612 
0.003323 0.014372 
0.001482 0.013733 
0.000088 0.016082 
0.001185 0.016664 
0.003354 0.020050 
0.004638 0.022397 
0.006842 0.023615 
0.008036 0.026923 
0.010268 0.029008 
0.012796 0.031265 
0.013320 0.031398 
0.015168 0.033861 
0.016157 0.035758 
0.017527 0.033838 
0.018396 0.033520 
0.015670 0.033698 
0.015973 0.031304 
0.016430 0.026956 
0.015906 0.023303 
0.017843 0.019483 
0.019370 0.016211 
0.021852 0.012191 
0.024151 0.006325 
0.024593 0.000314 
0.027177 -0.004784 
0.030057 -0.008572 
0.031051 -0.014182 
0.031143 -0.018605 
0.029854 -0.021277 
0.029994 -0.024696 
0.029325 -0.026933 
0.027502 -0.026751 
0.024748 -0.025455 
0.021446 -0.024277 
0.018010 -0.021871 
0.013018 -0.019741 
0.008646 -0.016529 
0.003634 -0.012917 
-0.000173 -0.007759 
-0.006230 -0.004028 
-0.010252 -0.003484 
-0.012413 0.001263 
-0.017926 0.003874 
-0.019538 0.003711 
-0.022225 0.004315 
-0.025549 0.003914 
-0.026019 0.003519 
-0.025110 0.002630 
-0.024736 0.000484 
-0.024602 -0.000626 
-0.021202 -0.001371 
-0.017324 -0.003168 
-0.015253 -0.003835 
-0.010864 -0.005465 
-0.005389 -0.005164 
-0.003659 -0.005735 
0.000682 -0.009029 
0.005000 -0.011587 
0.006365 -0.013968 
0.007646 -0.017020 
0.007649 -0.021092 
0.006323 -0.025539 
0.005954 -0.032032 
0.005063 -0.034640 
0.001466 -0.035734 
0.001122 -0.037271 
-0.001716 -0.037465 
-0.005083 -0.036894 
-0.005144 -0.033658 
-0.007123 -0.030500 
-0.009362 -0.025170 
-0.011598 -0.020636 
-0.012216 -0.015406 
-0.014030 -0.008645 
-0.017023 -0.006148 
-0.018952 -0.003643 
-0.021086 -0.000659 
-0.024333 0.000248 
-0.028111 0.001633 
-0.029816 0.001297 
-0.030559 0.000492 
-0.033489 0.000956 
-0.034658 -0.000865 
-0.033588 -0.000978 
-0.031938 -0.000912 
-0.027362 -0.000365 
-0.024686 0.001101 
-0.019218 0.002245 
-0.012719 0.004263 
-0.008964 0.004206 
-0.003222 0.005974 
0.001207 0.007676 
0.003191 0.007656 
0.004832 0.010155 
0.007223 0.011936 
0.007291 0.010963 
0.007976 0.011265 
0.005783 0.011746 
0.003893 0.011675 
0.003929 0.012200 
-0.000146 0.012528 
0.000976 0.013922 
0.000126 0.015205 
-0.000418 0.017615 
0.003686 0.019396 
0.003856 0.020506 
0.006523 0.024335 
0.008948 0.027077 
0.008293 0.028444 
0.011270 0.030325 
0.013552 0.030068 
0.012923 0.031606 
0.014105 0.033460 
0.014572 0.031902 
0.014848 0.031923 
0.015722 0.029408 
0.015713 0.026637 
0.016827 0.026470 
0.017214 0.023771 
0.018153 0.018632 
0.020074 0.015239 
0.020306 0.011371 
0.023672 0.003786 
0.027007 -0.000404 
0.028414 -0.004528 
0.030176 -0.009607 
0.029723 -0.014295 
0.031047 -0.020112 
0.030834 -0.022383 
0.030629 -0.023967 
0.029857 -0.025230 
0.025916 -0.024801 
0.023990 -0.024157 
0.019553 -0.021532 
0.014673 -0.019156 
0.012045 -0.016675 
0.008826 -0.012058 
0.003181 -0.007921 
-0.002688 -0.003904 
-0.007304 -0.001470 
-0.010459 0.001157 
-0.014364 0.004043 
-0.020395 0.004572 
-0.023325 0.004967 
-0.025143 0.004859 
-0.025058 0.003999 
-0.025017 0.002948 
-0.026103 0.002019 
-0.024235 0.001535 
-0.021277 0.001691 
-0.018627 -0.000100 
-0.014736 -0.000120 
-0.009349 0.000384 
-0.006172 -0.001283 
-0.003146 -0.000676 
0.001270 -0.001685 
0.003278 -0.004834 
0.005214 -0.008289 
0.007837 -0.011156 
0.007440 -0.015779 
0.007510 -0.020666 
0.005765 -0.024792 
0.005281 -0.029841 
0.005377 -0.032025 
0.001344 -0.033126 
0.001417 -0.034338 
-0.000479 -0.033591 
-0.002622 -0.030702 
-0.004145 -0.027733 
-0.007089 -0.023289 
-0.007879 -0.018746 
-0.008596 -0.014601 
-0.010188 -0.009470 
-0.013852 -0.005442 
-0.014885 -0.003502 
-0.018199 -0.001133 
-0.021955 0.001561 
-0.024058 0.002183 
-0.027336 0.002829 
-0.029747 0.000292 
-0.032452 0.001049 
-0.033701 0.002454 
-0.033586 -0.000193 
-0.030998 0.001251 
-0.028130 0.002337 
-0.024655 0.001565 
-0.019898 0.002979 
-0.014351 0.005698 
-0.008126 0.004748 
-0.000764 0.006969 
0.002581 0.009728 
0.003819 0.008550 
0.008090 0.010389 
0.007673 0.011579 
0.009700 0.012845 
0.010284 0.013382 
0.007649 0.012472 
0.005493 0.012665 
0.003971 0.013741 
0.004531 0.013958 
0.002057 0.014559 
0.004347 0.016781 
0.004102 0.019385 
0.003896 0.020879 
0.006702 0.022233 
0.007254 0.026133 
0.009450 0.026642 
0.009398 0.027588 
0.012807 0.031164 
0.014510 0.031394 
0.014727 0.031333 
0.015556 0.032387 
0.014939 0.033094 
0.016404 0.033708 
0.014860 0.032901 
0.015020 0.030515 
0.015006 0.028833 
0.015056 0.026229 
0.017948 0.022289 
0.018903 0.018509 
0.021815 0.014490 
0.024528 0.008170 
0.026304 0.002558 
0.029398 -0.001818 
0.030120 -0.007036 
0.031265 -0.010961 
0.033641 -0.015927 
0.033288 -0.020114 
0.033682 -0.023126 
0.032740 -0.024715 
0.028583 -0.023985 
0.026589 -0.023522 
0.023011 -0.023181 
0.018892 -0.021893 
0.016755 -0.017244 
0.011818 -0.014257 
0.007981 -0.012743 
0.003992 -0.008792 
-0.002586 -0.004877 
-0.005500 -0.001228 
-0.009399 -0.000105 
-0.016413 0.002289 
-0.021292 0.004252 
-0.024113 0.002507 
-0.026101 0.002505 
-0.025776 0.002569 
-0.025230 0.002753 
-0.026167 0.001888 
-0.022514 0.000287 
-0.020163 0.000739 
-0.017505 0.000776 
-0.012097 -0.000671 
-0.010834 -0.001665 
-0.006688 -0.002411 
-0.002237 -0.002721 
0.000820 -0.004717 
0.003811 -0.010706 
0.003860 -0.012906 
0.004472 -0.016215 
0.005689 -0.021636 
0.005346 -0.026946 
0.005412 -0.031642 
0.004165 -0.032894 
0.001957 -0.035829 
0.001932 -0.035778 
0.000000 -0.035116 
-0.000306 -0.032873 
-0.001831 -0.031361 
-0.003940 -0.027480 
-0.005469 -0.021781 
-0.008167 -0.020992 
-0.007404 -0.014889 
-0.009363 -0.011315 
-0.011604 -0.007836 
-0.014742 -0.004215 
-0.018530 -0.003440 
-0.022934 -0.002627 
-0.027723 -0.003347 
-0.029737 -0.002221 
-0.032972 -0.002772 
-0.034768 -0.002300 
-0.034876 -0.001781 
-0.032742 -0.001815 
-0.030408 -0.001425 
-0.025649 -0.000376 
-0.020405 0.001535 
-0.016066 0.002366 
-0.009956 0.003303 
-0.005625 0.004534 
-0.000948 0.004644 
0.002718 0.005565 
0.004837 0.007537 
0.006553 0.007838 
0.008302 0.009253 
0.006844 0.008340 
0.005293 0.007348 
0.004591 0.007988 
0.003018 0.009822 
0.001602 0.010221 
0.001134 0.009542 
0.003293 0.013247 
0.001973 0.014700 
0.003919 0.015629 
0.006322 0.018898 
0.007478 0.021355 
0.010102 0.021276 
0.010408 0.023941 
0.012030 0.025610 
0.011684 0.027000 
0.012553 0.030288 
0.014125 0.030746 
0.014451 0.031512 
0.014125 0.029963 
0.014612 0.032468 
0.014372 0.031474 
0.013733 0.027156 
0.016082 0.026518 
0.016664 0.022915 
0.020050 0.018833 
0.022397 0.015643 
0.023615 0.011364 
0.026923 0.004111 
0.029008 -0.000402 
0.031265 -0.005103 
0.031398 -0.010079 
0.033861 -0.014992 
0.035758 -0.019836 
0.033838 -0.022795 
0.033520 -0.025234 
0.033698 -0.025752 
0.031304 -0.027156 
0.026956 -0.026236 
0.023303 -0.024814 
0.019483 -0.021559 
0.016211 -0.018678 
0.012191 -0.015198 
0.006325 -0.009773 
0.000314 -0.008099 
-0.004784 -0.004240 
-0.008572 -0.001194 
-0.014182 -0.000234 
-0.018605 0.001422 
-0.021277 0.001721 
-0.024696 0.001473 
-0.026933 0.001542 
-0.026751 0.000969 
-0.025455 0.001725 
-0.024277 0.002705 
-0.021871 0.003236 
-0.019741 0.004062 
-0.016529 0.004118 
-0.012917 0.003893 
-0.007759 0.002588 
-0.004028 0.002060 
-0.003484 -0.000594 
0.001263 -0.004140 
0.003874 -0.007942 
0.003711 -0.012056 
0.004315 -0.016721 
0.003914 -0.022007 
0.003519 -0.025866 
0.002630 -0.028952 
0.000484 -0.030485 
-0.000626 -0.034803 
-0.001371 -0.034359 
-0.003168 -0.031642 
-0.003835 -0.028730 
-0.005465 -0.024404 
-0.005164 -0.022730 
-0.005735 -0.017421 
-0.009029 -0.014101 
-0.011587 -0.010033 
-0.013968 -0.007528 
-0.017020 -0.006099 
-0.021092 -0.002635 
-0.025539 -0.002808 
-0.032032 -0.000813 
-0.034640 0.000103 
-0.035734 -0.000216 
-0.037271 -0.000583 
-0.037465 0.000445 
-0.036894 0.002616 
-0.033658 0.001258 
-0.030500 0.002435 
-0.025170 0.004462 
-0.020636 0.004136 
-0.015406 0.005942 
-0.008645 0.008654 
-0.006148 0.009369 
-0.003643 0.009273 
-0.000659 0.009668 
0.000248 0.009062 
0.001633 0.007957 
0.001297 0.009140 
0.000492 0.009325 
0.000956 0.007278 
-0.000865 0.008858 
-0.000978 0.012163 
-0.000912 0.012787 
-0.000365 0.013122 
0.001101 0.014316 
0.002245 0.017536 
0.004263 0.019937 
0.004206 0.020916 
0.005974 0.023096 
0.007676 0.024175 
0.007656 0.027156 
0.010155 0.029806 
0.011936 0.030960 
0.010963 0.031875 
0.011265 0.031954 
0.011746 0.033796 
0.011675 0.034108 
0.012200 0.033732 
0.012528 0.032568 
0.013922 0.030197 
0.015205 0.028270 
0.017615 0.024770 
0.019396 0.020625 
0.020506 0.017128 
0.024335 0.012168 
0.027077 0.005541 
0.028444 -0.000282 
0.030325 -0.005920 
0.030068 -0.009881 
0.031606 -0.013584 
0.033460 -0.017145 
0.031902 -0.019736 
0.031923 -0.021916 
0.029408 -0.020883 
0.026637 -0.021095 
0.026470 -0.020141 
0.023771 -0.017013 
0.018632 -0.016637 
0.015239 -0.013644 
0.011371 -0.009032 
0.003786 -0.005621 
-0.000404 -0.002878 
-0.004528 -0.001191 
-0.009607 0.000577 
-0.014295 0.000774 
-0.020112 0.000850 
-0.022383 0.001854 
-0.023967 0.002385 
-0.025230 0.001839 
-0.024801 0.002614 
-0.024157 0.004877 
-0.021532 0.005836 
-0.019156 0.008015 
-0.016675 0.008476 
-0.012058 0.007888 
-0.007921 0.007380 
-0.003904 0.004923 
-0.001470 0.002604 
0.001157 -0.002178 
0.004043 -0.006522 
0.004572 -0.009840 
0.004967 -0.016454 
0.004859 -0.022027 
0.003999 -0.024748 
0.002948 -0.029665 
0.002019 -0.031858 
0.001535 -0.031488 
0.001691 -0.034022 
-0.000100 -0.032218 
-0.000120 -0.029105 
0.000384 -0.027093 
-0.001283 -0.023044 
-0.000676 -0.020531 
-0.001685 -0.017924 
-0.004834 -0.014310 
-0.008289 -0.012041 
-0.011156 -0.009118 
-0.015779 -0.006645 
-0.020666 -0.005781 
-0.024792 -0.003626 
-0.029841 -0.002665 
-0.032025 -0.003241 
-0.033126 -0.002744 
-0.034338 -0.002024 
-0.033591 -0.002601 
-0.030702 -0.000736 
-0.027733 0.001691 
-0.023289 0.002357 
-0.018746 0.003758 
-0.014601 0.004745 
-0.009470 0.006801 
-0.005442 0.006468 
-0.003502 0.006213 
-0.001133 0.006563 
0.001561 0.007296 
0.002183 0.009215 
0.002829 0.008235 
0.000292 0.008272 
0.001049 0.008281 
0.002454 0.009337 
-0.000193 0.010868 
0.001251 0.010670 
0.002337 0.011463 
0.001565 0.013740 
0.002979 0.014642 
0.005698 0.016460 
0.004748 0.018417 
0.006969 0.019828 
0.009728 0.023897 
0.008550 0.024261 
0.010389 0.027947 
0.011579 0.030695 
0.012845 0.031392 
0.013382 0.034338 
0.012472 0.033713 
0.012665 0.034746 
0.013741 0.034586 
0.013958 0.034730 
0.014559 0.033084 
0.016781 0.030336 
0.019385 0.027172 
0.020879 0.023077 
0.022233 0.019576 
0.026133 0.013946 
0.026642 0.009793 
0.027588 0.003475 
0.031164 -0.002006 
0.031394 -0.006986 
0.031333 -0.011570 
0.032387 -0.014457 
0.033094 -0.018336 
0.033708 -0.019912 
0.032901 -0.020881 
0.030515 -0.022587 
0.028833 -0.020642 
0.026229 -0.016911 
0.022289 -0.016220 
0.018509 -0.013520 
0.014490 -0.011739 
0.008170 -0.008356 
0.002558 -0.005393 
-0.001818 -0.005979 
-0.007036 -0.002460 
-0.010961 -0.001535 
-0.015927 -0.002968 
-0.020114 -0.001922 
-0.023126 0.000158 
-0.024715 0.001447 
-0.023985 0.002613 
-0.023522 0.003673 
-0.023181 0.005759 
-0.021893 0.006613 
-0.017244 0.007335 
-0.014257 0.008695 
-0.012743 0.007131 
-0.008792 0.007273 
-0.004877 0.004150 
-0.001228 -0.000395 
-0.000105 -0.005260 
0.002289 -0.011562 
0.004252 -0.014670 
0.002507 -0.018961 
0.002505 -0.025058 
0.002569 -0.028078 
0.002753 -0.030488 
0.001888 -0.033627 
0.000287 -0.032772 
0.000739 -0.033543 
0.000776 -0.031038 
-0.000671 -0.027465 
-0.001665 -0.026978 
-0.002411 -0.023042 
-0.002721 -0.020229 
-0.004717 -0.016910 
-0.010706 -0.013913 
-0.012906 -0.012132 
-0.016215 -0.010849 
-0.021636 -0.010119 
-0.026946 -0.008571 
-0.031642 -0.006330 
-0.032894 -0.006017 
-0.035829 -0.005780 
-0.035778 -0.005444 
-0.035116 -0.006616 
-0.032873 -0.003731 
-0.031361 -0.002142 
-0.027480 -0.000949 
-0.021781 0.000972 
-0.020992 0.001776 
-0.014889 0.003512 
-0.011315 0.004065 
-0.007836 0.004687 
-0.004215 0.005314 
-0.003440 0.005323 
-0.002627 0.005585 
-0.003347 0.006557 
-0.002221 0.006410 
-0.002772 0.006040 
-0.002300 0.006104 
-0.001781 0.008407 
-0.001815 0.008301 
-0.001425 0.007164 
-0.000376 0.010121 
0.001535 0.010312 
0.002366 0.011600 
0.003303 0.013871 
0.004534 0.014690 
0.004644 0.016217 
0.005565 0.019474 
0.007537 0.021381 
0.007838 0.023580 
0.009253 0.028424 
0.008340 0.029011 
