2.000000 0.000000
1.891634 0.649399
1.578281 1.228425
1.093896 1.674333
0.490971 1.938801
-0.165159 1.993169
-0.803391 1.831547
-1.354563 1.471448
-1.758948 0.951895
-1.972723 0.329189
-1.972723 -0.329189
-1.758948 -0.951895
-1.354563 -1.471448
-0.803391 -1.831547
-0.165159 -1.993169
0.490971 -1.938801
1.093896 -1.674333
1.578281 -1.228425
1.891634 -0.649399
2.000000 -0.000000
2.500000 0.000000
2.398732 0.704331
2.103134 1.351602
1.637152 1.889374
1.038538 2.274080
0.355787 2.474554
-0.355787 2.474554
-1.038538 2.274080
-1.637152 1.889374
-2.103134 1.351602
-2.398732 0.704331
-2.500000 0.000000
-2.398732 -0.704331
-2.103134 -1.351602
-1.637152 -1.889374
-1.038538 -2.274080
-0.355787 -2.474554
0.355787 -2.474554
1.038538 -2.274080
1.637152 -1.889374
2.103134 -1.351602
2.398732 -0.704331
2.500000 -0.000000
3.000000 0.000000
2.905749 0.746070
2.628920 1.445261
2.186906 2.053641
1.607480 2.532984
0.927051 2.853170
0.188372 2.994080
-0.562144 2.946862
-1.277338 2.714481
-1.912272 2.311540
-2.427051 1.763356
-2.789329 1.104374
-2.976344 0.376000
-2.976344 -0.376000
-2.789329 -1.104374
-2.427051 -1.763356
-1.912272 -2.311540
-1.277338 -2.714481
-0.562144 -2.946862
0.188372 -2.994080
0.927051 -2.853170
1.607480 -2.532984
2.186906 -2.053641
2.628920 -1.445261
2.905749 -0.746070
3.000000 -0.000000
3.500000 0.000000
3.412248 0.778823
3.153391 1.518593
2.736410 2.182214
2.182214 2.736410
1.518593 3.153391
0.778823 3.412248
0.000000 3.500000
-0.778823 3.412248
-1.518593 3.153391
-2.182214 2.736410
-2.736410 2.182214
-3.153391 1.518593
-3.412248 0.778823
-3.500000 0.000000
-3.412248 -0.778823
-3.153391 -1.518593
-2.736410 -2.182214
-2.182214 -2.736410
-1.518593 -3.153391
-0.778823 -3.412248
-0.000000 -3.500000
0.778823 -3.412248
1.518593 -3.153391
2.182214 -2.736410
2.736410 -2.182214
3.153391 -1.518593
3.412248 -0.778823
3.500000 -0.000000
4.000000 0.000000
3.918120 0.805194
3.675831 1.577423
3.283054 2.285073
2.755868 2.899171
2.115856 3.394577
1.389221 3.751009
0.605711 3.953873
-0.202597 3.994866
-1.002610 3.872308
-1.761577 3.591218
-2.448424 3.163103
-3.035032 2.605490
-3.497386 1.941208
-3.816557 1.197452
-3.979477 0.404673
-3.979477 -0.404673
-3.816557 -1.197452
-3.497386 -1.941208
-3.035032 -2.605490
-2.448424 -3.163103
-1.761577 -3.591218
-1.002610 -3.872308
-0.202597 -3.994866
0.605711 -3.953873
1.389221 -3.751009
2.115856 -3.394577
2.755868 -2.899171
3.283054 -2.285073
3.675831 -1.577423
3.918120 -0.805194
4.000000 -0.000000
