1.000000 0.000000
0.999502 0.031553
0.998007 0.062980
0.995517 0.094156
0.992035 0.124956
0.987565 0.155259
0.982109 0.184943
0.975675 0.213889
0.968268 0.241983
0.959896 0.269112
0.950567 0.295168
0.940291 0.320048
0.929077 0.343652
0.916938 0.365886
0.903884 0.386662
0.889929 0.405896
0.875087 0.423512
0.859373 0.439440
0.842802 0.453616
0.825391 0.465984
0.807157 0.476494
0.788119 0.485105
0.768295 0.491783
0.747705 0.496499
0.726370 0.499237
0.704311 0.499984
0.681549 0.498739
0.658109 0.495505
0.634012 0.490296
0.609283 0.483133
0.583947 0.474043
0.558029 0.463064
0.531555 0.450240
0.504550 0.435620
0.477043 0.419264
0.449060 0.401236
0.420630 0.381609
0.391780 0.360461
0.362540 0.337876
0.332939 0.313944
0.303005 0.288761
0.272770 0.262426
0.242262 0.235045
0.211513 0.206728
0.180554 0.177586
0.149414 0.147737
0.118125 0.117298
0.086719 0.086392
0.055226 0.055142
0.023678 0.023671
-0.007893 -0.007893
-0.039457 -0.039426
-0.070981 -0.070802
-0.102435 -0.101896
-0.133786 -0.132584
-0.165004 -0.162743
-0.196058 -0.192253
-0.226916 -0.220997
-0.257548 -0.248860
-0.287923 -0.275731
-0.318012 -0.301503
-0.347783 -0.326072
-0.377207 -0.349343
-0.406256 -0.371220
-0.434899 -0.391618
-0.463109 -0.410454
-0.490858 -0.427655
-0.518117 -0.443151
-0.544860 -0.456880
-0.571059 -0.468788
-0.596689 -0.478827
-0.621725 -0.486957
-0.646141 -0.493146
-0.669912 -0.497370
-0.693016 -0.499611
-0.715429 -0.499860
-0.737129 -0.498116
-0.758094 -0.494387
-0.778304 -0.488688
-0.797737 -0.481040
-0.816376 -0.471474
-0.834200 -0.460029
-0.851193 -0.446751
-0.867338 -0.431691
-0.882618 -0.414911
-0.897018 -0.396476
-0.910524 -0.376462
-0.923123 -0.354946
-0.934801 -0.332016
-0.945547 -0.307762
-0.955351 -0.282281
-0.964202 -0.255675
-0.972093 -0.228050
-0.979014 -0.199515
-0.984960 -0.170186
-0.989923 -0.140178
-0.993900 -0.109611
-0.996886 -0.078607
-0.998879 -0.047290
-0.999875 -0.015784
-0.999875 0.015784
-0.998879 0.047290
-0.996886 0.078607
-0.993900 0.109611
-0.989923 0.140178
-0.984960 0.170186
-0.979014 0.199515
-0.972093 0.228050
-0.964202 0.255675
-0.955351 0.282281
-0.945547 0.307762
-0.934801 0.332016
-0.923123 0.354946
-0.910524 0.376462
-0.897018 0.396476
-0.882618 0.414911
-0.867338 0.431691
-0.851193 0.446751
-0.834200 0.460029
-0.816376 0.471474
-0.797737 0.481040
-0.778304 0.488688
-0.758094 0.494387
-0.737129 0.498116
-0.715429 0.499860
-0.693016 0.499611
-0.669912 0.497370
-0.646141 0.493146
-0.621725 0.486957
-0.596689 0.478827
-0.571059 0.468788
-0.544860 0.456880
-0.518117 0.443151
-0.490858 0.427655
-0.463109 0.410454
-0.434899 0.391618
-0.406256 0.371220
-0.377207 0.349343
-0.347783 0.326072
-0.318012 0.301503
-0.287923 0.275731
-0.257548 0.248860
-0.226916 0.220997
-0.196058 0.192253
-0.165004 0.162743
-0.133786 0.132584
-0.102435 0.101896
-0.070981 0.070802
-0.039457 0.039426
-0.007893 0.007893
0.023678 -0.023671
0.055226 -0.055142
0.086719 -0.086392
0.118125 -0.117298
0.149414 -0.147737
0.180554 -0.177586
0.211513 -0.206728
0.242262 -0.235045
0.272770 -0.262426
0.303005 -0.288761
0.332939 -0.313944
0.362540 -0.337876
0.391780 -0.360461
0.420630 -0.381609
0.449060 -0.401236
0.477043 -0.419264
0.504550 -0.435620
0.531555 -0.450240
0.558029 -0.463064
0.583947 -0.474043
0.609283 -0.483133
0.634012 -0.490296
0.658109 -0.495505
0.681549 -0.498739
0.704311 -0.499984
0.726370 -0.499237
0.747705 -0.496499
0.768295 -0.491783
0.788119 -0.485105
0.807157 -0.476494
0.825391 -0.465984
0.842802 -0.453616
0.859373 -0.439440
0.875087 -0.423512
0.889929 -0.405896
0.903884 -0.386662
0.916938 -0.365886
0.929077 -0.343652
0.940291 -0.320048
0.950567 -0.295168
0.959896 -0.269112
0.968268 -0.241983
0.975675 -0.213889
0.982109 -0.184943
0.987565 -0.155259
0.992035 -0.124956
0.995517 -0.094156
0.998007 -0.062980
0.999502 -0.031553
1.000000 -0.000000
