-0.060614 0.014665 
-0.062329 0.007817 
-0.063488 0.001952 
-0.065158 -0.004265 
-0.064994 -0.009196 
-0.064240 -0.013092 
-0.063231 -0.017827 
-0.061029 -0.022037 
-0.058841 -0.025771 
-0.055994 -0.029099 
-0.050656 -0.032449 
-0.044951 -0.034313 
-0.040474 -0.036999 
-0.033882 -0.040263 
-0.026789 -0.042495 
-0.019156 -0.044009 
-0.010577 -0.045285 
-0.003322 -0.048358 
0.005306 -0.048907 
0.015087 -0.052046 
0.021896 -0.055052 
0.028904 -0.055201 
0.038629 -0.056595 
0.046420 -0.057740 
0.052448 -0.059304 
0.058949 -0.059595 
0.065702 -0.060550 
0.070889 -0.060085 
0.075689 -0.060618 
0.079838 -0.061320 
0.083385 -0.061702 
0.086539 -0.061800 
0.087187 -0.060732 
0.088674 -0.061541 
0.089594 -0.059762 
0.088793 -0.059649 
0.086960 -0.059049 
0.085310 -0.057510 
0.083578 -0.056099 
0.080246 -0.052466 
0.077197 -0.049718 
0.072592 -0.046588 
0.066798 -0.043803 
0.061081 -0.038980 
0.055240 -0.032855 
0.048730 -0.026712 
0.041744 -0.020284 
0.034793 -0.013707 
0.027970 -0.006989 
0.021641 -0.001335 
0.014665 0.006883 
0.007817 0.015330 
0.001952 0.022103 
-0.004265 0.029049 
-0.009196 0.035554 
-0.013092 0.042103 
-0.017827 0.047256 
-0.022037 0.052772 
-0.025771 0.057282 
-0.029099 0.061338 
-0.032449 0.065917 
-0.034313 0.068508 
-0.036999 0.071878 
-0.040263 0.072747 
-0.042495 0.073980 
-0.044009 0.074767 
-0.045285 0.074128 
-0.048358 0.074789 
-0.048907 0.073607 
-0.052046 0.071930 
-0.055052 0.068209 
-0.055201 0.065954 
-0.056595 0.062767 
-0.057740 0.057999 
-0.059304 0.053948 
-0.059595 0.049305 
-0.060550 0.044926 
-0.060085 0.038818 
-0.060618 0.034204 
-0.061320 0.029692 
-0.061702 0.023771 
-0.061800 0.019529 
-0.060732 0.015616 
-0.061541 0.010302 
-0.059762 0.006712 
-0.059649 0.003416 
-0.059049 0.000563 
-0.057510 -0.001400 
-0.056099 -0.003212 
-0.052466 -0.004366 
-0.049718 -0.006259 
-0.046588 -0.006301 
-0.043803 -0.007207 
-0.038980 -0.007619 
-0.032855 -0.008856 
-0.026712 -0.009871 
-0.020284 -0.010428 
-0.013707 -0.012841 
-0.006989 -0.013465 
-0.001335 -0.014592 
0.006883 -0.016016 
0.015330 -0.018121 
0.022103 -0.018899 
0.029049 -0.021088 
0.035554 -0.023095 
0.042103 -0.025275 
0.047256 -0.028587 
0.052772 -0.029969 
0.057282 -0.034038 
0.061338 -0.035420 
0.065917 -0.037040 
0.068508 -0.040779 
0.071878 -0.044342 
0.072747 -0.048509 
0.073980 -0.050758 
0.074767 -0.053295 
0.074128 -0.055611 
0.074789 -0.058121 
0.073607 -0.060795 
0.071930 -0.062693 
0.068209 -0.065169 
0.065954 -0.065856 
0.062767 -0.065294 
0.057999 -0.064710 
0.053948 -0.063293 
0.049305 -0.062389 
0.044926 -0.059239 
0.038818 -0.056192 
0.034204 -0.052014 
0.029692 -0.045848 
0.023771 -0.040872 
0.019529 -0.034464 
0.015616 -0.027491 
0.010302 -0.019756 
0.006712 -0.012217 
0.003416 -0.004255 
0.000563 0.003512 
-0.001400 0.011989 
-0.003212 0.020473 
-0.004366 0.027606 
-0.006259 0.035087 
-0.006301 0.043186 
-0.007207 0.051556 
-0.007619 0.057318 
-0.008856 0.063883 
-0.009871 0.069054 
-0.010428 0.073481 
-0.012841 0.078485 
-0.013465 0.081595 
-0.014592 0.084297 
-0.016016 0.086694 
-0.018121 0.088340 
-0.018899 0.089476 
-0.021088 0.090522 
-0.023095 0.088318 
-0.025275 0.087133 
-0.028587 0.085645 
-0.029969 0.082381 
-0.034038 0.078628 
-0.035420 0.073965 
-0.037040 0.069219 
-0.040779 0.063344 
-0.044342 0.058188 
-0.048509 0.050535 
-0.050758 0.043577 
-0.053295 0.037891 
-0.055611 0.031184 
-0.058121 0.024011 
-0.060795 0.017387 
-0.062693 0.010636 
-0.065169 0.003793 
-0.065856 -0.000543 
-0.065294 -0.007018 
-0.064710 -0.011934 
-0.063293 -0.015564 
-0.062389 -0.020096 
-0.059239 -0.023512 
-0.056192 -0.026914 
-0.052014 -0.029725 
-0.045848 -0.032195 
-0.040872 -0.034688 
-0.034464 -0.037275 
-0.027491 -0.039184 
-0.019756 -0.042941 
-0.012217 -0.045460 
-0.004255 -0.046333 
0.003512 -0.049465 
0.011989 -0.051537 
0.020473 -0.053044 
0.027606 -0.055228 
0.035087 -0.056263 
0.043186 -0.058387 
0.051556 -0.060080 
0.057318 -0.059528 
0.063883 -0.060449 
0.069054 -0.061154 
0.073481 -0.061201 
0.078485 -0.061462 
0.081595 -0.062347 
0.084297 -0.062876 
0.086694 -0.062342 
0.088340 -0.062577 
0.089476 -0.061052 
0.090522 -0.059556 
0.088318 -0.059368 
0.087133 -0.057745 
0.085645 -0.056392 
0.082381 -0.054565 
0.078628 -0.051302 
0.073965 -0.048134 
0.069219 -0.043793 
0.063344 -0.040071 
0.058188 -0.034479 
0.050535 -0.027560 
0.043577 -0.022558 
0.037891 -0.015203 
0.031184 -0.008237 
0.024011 -0.001354 
0.017387 0.006298 
0.010636 0.012065 
0.003793 0.019340 
-0.000543 0.027507 
-0.007018 0.032805 
-0.011934 0.038951 
-0.015564 0.045797 
-0.020096 0.050564 
-0.023512 0.055234 
-0.026914 0.058795 
-0.029725 0.063470 
-0.032195 0.067308 
-0.034688 0.069134 
-0.037275 0.071682 
-0.039184 0.073892 
-0.042941 0.074842 
-0.045460 0.075016 
-0.046333 0.074858 
-0.049465 0.073551 
-0.051537 0.071824 
-0.053044 0.069040 
-0.055228 0.067503 
-0.056263 0.063818 
-0.058387 0.059334 
-0.060080 0.056503 
-0.059528 0.050027 
-0.060449 0.044606 
-0.061154 0.040148 
-0.061201 0.035226 
-0.061462 0.029714 
-0.062347 0.024396 
-0.062876 0.020683 
-0.062342 0.016206 
-0.062577 0.011657 
-0.061052 0.008120 
-0.059556 0.005559 
-0.059368 0.002545 
-0.057745 0.000843 
-0.056392 -0.000231 
-0.054565 -0.002802 
-0.051302 -0.005425 
-0.048134 -0.006402 
-0.043793 -0.006594 
-0.040071 -0.008268 
-0.034479 -0.009956 
-0.027560 -0.010577 
-0.022558 -0.012184 
-0.015203 -0.014394 
-0.008237 -0.014940 
-0.001354 -0.015522 
0.006298 -0.016427 
0.012065 -0.018086 
0.019340 -0.019732 
0.027507 -0.020963 
0.032805 -0.023036 
0.038951 -0.025334 
0.045797 -0.028225 
0.050564 -0.030728 
0.055234 -0.033767 
0.058795 -0.035983 
0.063470 -0.038836 
0.067308 -0.042601 
0.069134 -0.044827 
0.071682 -0.048182 
0.073892 -0.051697 
0.074842 -0.055273 
0.075016 -0.058028 
0.074858 -0.059656 
0.073551 -0.062274 
0.071824 -0.064396 
0.069040 -0.065935 
0.067503 -0.067589 
0.063818 -0.067468 
0.059334 -0.067365 
0.056503 -0.066379 
0.050027 -0.063286 
0.044606 -0.061568 
0.040148 -0.057813 
0.035226 -0.052956 
0.029714 -0.048251 
0.024396 -0.042022 
0.020683 -0.035952 
0.016206 -0.029409 
0.011657 -0.021899 
0.008120 -0.014052 
0.005559 -0.006061 
0.002545 0.003420 
0.000843 0.011206 
-0.000231 0.018190 
-0.002802 0.026577 
-0.005425 0.035191 
-0.006402 0.043367 
-0.006594 0.049529 
-0.008268 0.056130 
-0.009956 0.062455 
-0.010577 0.068702 
-0.012184 0.073999 
-0.014394 0.078237 
-0.014940 0.082637 
-0.015522 0.084930 
-0.016427 0.087830 
-0.018086 0.089975 
-0.019732 0.090494 
-0.020963 0.090435 
-0.023036 0.089450 
-0.025334 0.089007 
-0.028225 0.086749 
-0.030728 0.083136 
-0.033767 0.079222 
-0.035983 0.074330 
-0.038836 0.070079 
-0.042601 0.065156 
-0.044827 0.058902 
-0.048182 0.052210 
-0.051697 0.045123 
-0.055273 0.038820 
-0.058028 0.031894 
-0.059656 0.024516 
-0.062274 0.018229 
-0.064396 0.011967 
-0.065935 0.005790 
-0.067589 0.000151 
-0.067468 -0.004110 
-0.067365 -0.008554 
-0.066379 -0.013242 
-0.063286 -0.016348 
-0.061568 -0.020154 
-0.057813 -0.024235 
-0.052956 -0.027205 
-0.048251 -0.030021 
-0.042022 -0.033119 
-0.035952 -0.036216 
-0.029409 -0.039748 
-0.021899 -0.042796 
-0.014052 -0.044476 
-0.006061 -0.047701 
0.003420 -0.050143 
0.011206 -0.050571 
0.018190 -0.052664 
0.026577 -0.054088 
0.035191 -0.054258 
0.043367 -0.056044 
0.049529 -0.057468 
0.056130 -0.058642 
0.062455 -0.059646 
0.068702 -0.059771 
0.073999 -0.061617 
0.078237 -0.062268 
0.082637 -0.062960 
0.084930 -0.063655 
0.087830 -0.063110 
0.089975 -0.064087 
0.090494 -0.063536 
0.090435 -0.063085 
0.089450 -0.062174 
0.089007 -0.060755 
0.086749 -0.059649 
0.083136 -0.057856 
0.079222 -0.054845 
0.074330 -0.050332 
0.070079 -0.047313 
0.065156 -0.041735 
0.058902 -0.035907 
0.052210 -0.030116 
0.045123 -0.023066 
0.038820 -0.017091 
0.031894 -0.009308 
0.024516 -0.003082 
0.018229 0.003916 
0.011967 0.011422 
0.005790 0.017874 
0.000151 0.025577 
-0.004110 0.031725 
-0.008554 0.037813 
-0.013242 0.043691 
-0.016348 0.048810 
-0.020154 0.053804 
-0.024235 0.058267 
-0.027205 0.062492 
-0.030021 0.067022 
-0.033119 0.069686 
-0.036216 0.070667 
-0.039748 0.074797 
-0.042796 0.076784 
-0.044476 0.075625 
-0.047701 0.075215 
-0.050143 0.074114 
-0.050571 0.073505 
-0.052664 0.071454 
-0.054088 0.068004 
-0.054258 0.064173 
-0.056044 0.059777 
-0.057468 0.055227 
-0.058642 0.050645 
-0.059646 0.045426 
-0.059771 0.038831 
-0.061617 0.034755 
-0.062268 0.030434 
-0.062960 0.025098 
-0.063655 0.021334 
-0.063110 0.016329 
-0.064087 0.012427 
-0.063536 0.009398 
-0.063085 0.007163 
-0.062174 0.005257 
-0.060755 0.001627 
-0.059649 -0.000028 
-0.057856 -0.001268 
-0.054845 -0.002636 
-0.050332 -0.004469 
-0.047313 -0.006007 
-0.041735 -0.006389 
-0.035907 -0.009032 
-0.030116 -0.009281 
-0.023066 -0.009663 
-0.017091 -0.012022 
-0.009308 -0.013757 
-0.003082 -0.015038 
0.003916 -0.015582 
0.011422 -0.017130 
0.017874 -0.018369 
0.025577 -0.020515 
0.031725 -0.021136 
0.037813 -0.023658 
0.043691 -0.027210 
0.048810 -0.028580 
0.053804 -0.031980 
0.058267 -0.034347 
0.062492 -0.037224 
0.067022 -0.040428 
0.069686 -0.044111 
0.070667 -0.047353 
0.074797 -0.050816 
0.076784 -0.054520 
0.075625 -0.056713 
0.075215 -0.059486 
0.074114 -0.061812 
0.073505 -0.064667 
0.071454 -0.066067 
0.068004 -0.067466 
0.064173 -0.066985 
0.059777 -0.066538 
0.055227 -0.066404 
0.050645 -0.063791 
0.045426 -0.062638 
0.038831 -0.058130 
0.034755 -0.053794 
0.030434 -0.049634 
0.025098 -0.043136 
0.021334 -0.036490 
0.016329 -0.028634 
0.012427 -0.022139 
0.009398 -0.014904 
0.007163 -0.006974 
0.005257 0.001537 
0.001627 0.010706 
-0.000028 0.017580 
-0.001268 0.025965 
-0.002636 0.034761 
-0.004469 0.041221 
-0.006007 0.049132 
-0.006389 0.055634 
-0.009032 0.060827 
-0.009281 0.067032 
-0.009663 0.072649 
-0.012022 0.077575 
-0.013757 0.081600 
-0.015038 0.085084 
-0.015582 0.087776 
-0.017130 0.090255 
-0.018369 0.091781 
-0.020515 0.091953 
-0.021136 0.090778 
-0.023658 0.089523 
-0.027210 0.088389 
-0.028580 0.085566 
-0.031980 0.081563 
-0.034347 0.077120 
-0.037224 0.072295 
-0.040428 0.066427 
-0.044111 0.059942 
-0.047353 0.052892 
-0.050816 0.046667 
-0.054520 0.039997 
-0.056713 0.032686 
-0.059486 0.026628 
-0.061812 0.020377 
-0.064667 0.014076 
-0.066067 0.009360 
-0.067466 0.004380 
-0.066985 -0.001871 
-0.066538 -0.005854 
-0.066404 -0.010123 
-0.063791 -0.014090 
-0.062638 -0.018586 
-0.058130 -0.023824 
-0.053794 -0.026114 
-0.049634 -0.029448 
-0.043136 -0.032670 
-0.036490 -0.035877 
-0.028634 -0.038615 
-0.022139 -0.040743 
-0.014904 -0.044600 
-0.006974 -0.046777 
0.001537 -0.048546 
0.010706 -0.051352 
0.017580 -0.052683 
0.025965 -0.054119 
0.034761 -0.056500 
0.041221 -0.057868 
0.049132 -0.058422 
0.055634 -0.059117 
0.060827 -0.059943 
0.067032 -0.060843 
0.072649 -0.062180 
0.077575 -0.062300 
0.081600 -0.063385 
0.085084 -0.065006 
0.087776 -0.065131 
0.090255 -0.065990 
0.091781 -0.066389 
0.091953 -0.066414 
0.090778 -0.065710 
0.089523 -0.064005 
0.088389 -0.061621 
0.085566 -0.059607 
0.081563 -0.056665 
0.077120 -0.052609 
0.072295 -0.048319 
0.066427 -0.042863 
0.059942 -0.037765 
0.052892 -0.031560 
0.046667 -0.024859 
0.039997 -0.018118 
0.032686 -0.011904 
0.026628 -0.004804 
0.020377 0.002741 
0.014076 0.008887 
0.009360 0.015391 
0.004380 0.022316 
-0.001871 0.030059 
-0.005854 0.036466 
-0.010123 0.041913 
-0.014090 0.046566 
-0.018586 0.052279 
-0.023824 0.057478 
-0.026114 0.061326 
-0.029448 0.066107 
-0.032670 0.069592 
-0.035877 0.072654 
-0.038615 0.074523 
-0.040743 0.075650 
-0.044600 0.075359 
-0.046777 0.075288 
-0.048546 0.074901 
-0.051352 0.072873 
-0.052683 0.070644 
-0.054119 0.066967 
-0.056500 0.063877 
-0.057868 0.060609 
-0.058422 0.056588 
-0.059117 0.051481 
-0.059943 0.046025 
-0.060843 0.041390 
-0.062180 0.036646 
-0.062300 0.031654 
-0.063385 0.027881 
-0.065006 0.023406 
-0.065131 0.019287 
-0.065990 0.016108 
-0.066389 0.011218 
-0.066414 0.009543 
-0.065710 0.006932 
-0.064005 0.003617 
-0.061621 0.001548 
-0.059607 -0.000304 
-0.056665 -0.000992 
-0.052609 -0.002958 
-0.048319 -0.004806 
-0.042863 -0.006793 
-0.037765 -0.006399 
-0.031560 -0.008532 
-0.024859 -0.010305 
-0.018118 -0.010098 
-0.011904 -0.012957 
-0.004804 -0.013195 
0.002741 -0.015308 
0.008887 -0.017233 
0.015391 -0.017078 
0.022316 -0.018944 
0.030059 -0.021465 
0.036466 -0.024865 
0.041913 -0.027515 
0.046566 -0.030094 
0.052279 -0.032188 
0.057478 -0.034364 
0.061326 -0.038329 
0.066107 -0.041131 
0.069592 -0.044256 
0.072654 -0.048301 
0.074523 -0.051185 
0.075650 -0.054217 
0.075359 -0.056962 
0.075288 -0.060937 
0.074901 -0.064594 
0.072873 -0.066877 
0.070644 -0.068671 
0.066967 -0.068620 
0.063877 -0.069371 
0.060609 -0.069296 
0.056588 -0.067668 
0.051481 -0.065778 
0.046025 -0.062878 
0.041390 -0.059564 
0.036646 -0.055862 
0.031654 -0.050763 
0.027881 -0.044122 
0.023406 -0.038613 
0.019287 -0.032099 
0.016108 -0.024910 
0.011218 -0.018863 
0.009543 -0.010140 
0.006932 -0.001569 
0.003617 0.006246 
0.001548 0.014335 
-0.000304 0.022080 
-0.000992 0.030533 
-0.002958 0.037214 
-0.004806 0.044178 
-0.006793 0.051718 
-0.006399 0.059164 
-0.008532 0.064835 
-0.010305 0.069787 
-0.010098 0.076208 
-0.012957 0.079975 
-0.013195 0.084131 
-0.015308 0.087073 
-0.017233 0.088803 
-0.017078 0.090587 
-0.018944 0.091204 
-0.021465 0.091424 
-0.024865 0.090082 
-0.027515 0.088219 
-0.030094 0.084125 
-0.032188 0.080889 
-0.034364 0.076177 
-0.038329 0.070313 
-0.041131 0.066294 
-0.044256 0.060000 
-0.048301 0.052830 
-0.051185 0.046958 
-0.054217 0.041439 
-0.056962 0.033949 
-0.060937 0.028487 
-0.064594 0.023126 
-0.066877 0.015870 
-0.068671 0.009355 
-0.068620 0.004147 
-0.069371 -0.000422 
-0.069296 -0.005428 
-0.067668 -0.009029 
-0.065778 -0.014093 
-0.062878 -0.018486 
-0.059564 -0.022220 
-0.055862 -0.025494 
-0.050763 -0.028874 
-0.044122 -0.033734 
-0.038613 -0.036091 
-0.032099 -0.039785 
-0.024910 -0.043184 
-0.018863 -0.044110 
-0.010140 -0.046402 
-0.001569 -0.048719 
0.006246 -0.049656 
0.014335 -0.051281 
0.022080 -0.052803 
0.030533 -0.054159 
0.037214 -0.055649 
0.044178 -0.056449 
0.051718 -0.058028 
0.059164 -0.058803 
0.064835 -0.060189 
0.069787 -0.061884 
0.076208 -0.062371 
0.079975 -0.064483 
0.084131 -0.065987 
0.087073 -0.066272 
0.088803 -0.068368 
0.090587 -0.068922 
0.091204 -0.067844 
0.091424 -0.067319 
0.090082 -0.066033 
0.088219 -0.063918 
0.084125 -0.061212 
0.080889 -0.058583 
0.076177 -0.053088 
0.070313 -0.048449 
0.066294 -0.044711 
0.060000 -0.038669 
0.052830 -0.032804 
0.046958 -0.026007 
0.041439 -0.020200 
0.033949 -0.013296 
0.028487 -0.005968 
0.023126 0.000558 
0.015870 0.006777 
0.009355 0.013714 
0.004147 0.021823 
-0.000422 0.027201 
-0.005428 0.033339 
-0.009029 0.039413 
-0.014093 0.045585 
-0.018486 0.052758 
-0.022220 0.057255 
-0.025494 0.061508 
-0.028874 0.066554 
-0.033734 0.070562 
-0.036091 0.073432 
-0.039785 0.075584 
-0.043184 0.077104 
-0.044110 0.077525 
-0.046402 0.076842 
-0.048719 0.075974 
-0.049656 0.074206 
-0.051281 0.071646 
-0.052803 0.068877 
-0.054159 0.065329 
-0.055649 0.060254 
-0.056449 0.055677 
-0.058028 0.051297 
-0.058803 0.046531 
-0.060189 0.042891 
-0.061884 0.037868 
-0.062371 0.033222 
-0.064483 0.028511 
-0.065987 0.024567 
-0.066272 0.021301 
-0.068368 0.016342 
-0.068922 0.013849 
-0.067844 0.011107 
-0.067319 0.007317 
-0.066033 0.004969 
-0.063918 0.002842 
-0.061212 0.001256 
-0.058583 -0.000411 
-0.053088 -0.002133 
-0.048449 -0.003604 
-0.044711 -0.005649 
-0.038669 -0.006602 
-0.032804 -0.007316 
-0.026007 -0.008987 
-0.020200 -0.009563 
-0.013296 -0.011208 
-0.005968 -0.014035 
0.000558 -0.014572 
0.006777 -0.015729 
0.013714 -0.018979 
0.021823 -0.019688 
0.027201 -0.021905 
0.033339 -0.025194 
0.039413 -0.025814 
0.045585 -0.028572 
0.052758 -0.031801 
0.057255 -0.034831 
0.061508 -0.037865 
0.066554 -0.041008 
0.070562 -0.044738 
0.073432 -0.047213 
0.075584 -0.050627 
0.077104 -0.054522 
0.077525 -0.058177 
0.076842 -0.063080 
0.075974 -0.064779 
0.074206 -0.065375 
0.071646 -0.068558 
0.068877 -0.069159 
0.065329 -0.070430 
0.060254 -0.070221 
0.055677 -0.067804 
0.051297 -0.066986 
0.046531 -0.064054 
0.042891 -0.061133 
0.037868 -0.057269 
0.033222 -0.051947 
0.028511 -0.045745 
0.024567 -0.039321 
0.021301 -0.033390 
0.016342 -0.026269 
0.013849 -0.018429 
0.011107 -0.010663 
0.007317 -0.003248 
0.004969 0.004659 
0.002842 0.012044 
0.001256 0.020167 
-0.000411 0.028414 
-0.002133 0.036222 
-0.003604 0.043313 
-0.005649 0.050005 
-0.006602 0.057299 
-0.007316 0.063691 
-0.008987 0.070447 
-0.009563 0.075076 
-0.011208 0.079420 
-0.014035 0.084338 
-0.014572 0.087502 
-0.015729 0.090787 
-0.018979 0.092557 
-0.019688 0.092782 
-0.021905 0.092620 
-0.025194 0.091713 
-0.025814 0.089432 
-0.028572 0.085786 
-0.031801 0.082020 
-0.034831 0.077262 
-0.037865 0.070922 
-0.041008 0.066240 
-0.044738 0.061216 
-0.047213 0.054732 
-0.050627 0.049928 
-0.054522 0.043647 
-0.058177 0.036615 
-0.063080 0.030812 
-0.064779 0.024912 
-0.065375 0.019388 
-0.068558 0.013761 
-0.069159 0.008252 
-0.070430 0.003616 
-0.070221 -0.000810 
-0.067804 -0.006003 
-0.066986 -0.011070 
-0.064054 -0.015389 
-0.061133 -0.020013 
-0.057269 -0.023857 
-0.051947 -0.027071 
-0.045745 -0.031396 
-0.039321 -0.035378 
-0.033390 -0.038164 
-0.026269 -0.040882 
-0.018429 -0.043342 
-0.010663 -0.045126 
-0.003248 -0.047298 
0.004659 -0.048787 
0.012044 -0.051236 
0.020167 -0.053478 
0.028414 -0.053634 
0.036222 -0.055939 
0.043313 -0.056750 
0.050005 -0.058341 
0.057299 -0.060347 
0.063691 -0.060577 
0.070447 -0.064063 
0.075076 -0.064970 
0.079420 -0.065867 
0.084338 -0.068108 
0.087502 -0.068943 
0.090787 -0.069761 
0.092557 -0.068840 
0.092782 -0.069510 
0.092620 -0.069413 
0.091713 -0.067505 
0.089432 -0.065878 
0.085786 -0.062668 
0.082020 -0.059677 
0.077262 -0.056524 
0.070922 -0.051195 
0.066240 -0.045982 
0.061216 -0.041265 
0.054732 -0.035537 
0.049928 -0.029214 
0.043647 -0.022590 
0.036615 -0.015949 
0.030812 -0.008893 
0.024912 -0.002452 
0.019388 0.004087 
0.013761 0.011306 
0.008252 0.018571 
0.003616 0.025910 
-0.000810 0.031900 
-0.006003 0.037416 
-0.011070 0.043676 
-0.015389 0.051432 
-0.020013 0.056568 
-0.023857 0.059698 
-0.027071 0.064907 
-0.031396 0.068640 
-0.035378 0.071639 
-0.038164 0.074347 
-0.040882 0.075092 
-0.043342 0.075541 
-0.045126 0.076407 
-0.047298 0.074795 
-0.048787 0.072885 
-0.051236 0.072664 
-0.053478 0.069465 
-0.053634 0.065326 
-0.055939 0.060889 
-0.056750 0.056481 
-0.058341 0.053098 
-0.060347 0.048166 
-0.060577 0.044137 
-0.064063 0.039584 
-0.064970 0.034265 
-0.065867 0.031334 
-0.068108 0.026667 
-0.068943 0.021419 
-0.069761 0.018165 
-0.068840 0.015291 
-0.069510 0.012214 
-0.069413 0.008553 
-0.067505 0.007573 
-0.065878 0.005257 
-0.062668 0.002454 
-0.059677 0.001968 
-0.056524 -0.000177 
-0.051195 -0.000795 
-0.045982 -0.002692 
-0.041265 -0.004533 
-0.035537 -0.006274 
-0.029214 -0.008963 
-0.022590 -0.009395 
-0.015949 -0.010803 
-0.008893 -0.011692 
-0.002452 -0.013484 
0.004087 -0.014069 
0.011306 -0.015411 
0.018571 -0.018689 
0.025910 -0.019657 
0.031900 -0.021727 
0.037416 -0.023812 
0.043676 -0.027262 
0.051432 -0.030005 
0.056568 -0.032853 
0.059698 -0.035816 
0.064907 -0.038475 
0.068640 -0.044072 
0.071639 -0.046948 
0.074347 -0.051346 
0.075092 -0.055810 
0.075541 -0.058781 
0.076407 -0.062467 
0.074795 -0.064222 
0.072885 -0.067253 
0.072664 -0.068694 
0.069465 -0.070406 
0.065326 -0.071132 
0.060889 -0.070321 
0.056481 -0.069641 
0.053098 -0.066146 
0.048166 -0.065081 
0.044137 -0.062571 
0.039584 -0.058162 
0.034265 -0.054141 
0.031334 -0.048013 
0.026667 -0.041976 
0.021419 -0.035069 
0.018165 -0.028176 
0.015291 -0.020328 
0.012214 -0.012866 
0.008553 -0.006050 
0.007573 0.002522 
0.005257 0.010853 
0.002454 0.019070 
0.001968 0.026519 
-0.000177 0.033627 
-0.000795 0.041353 
-0.002692 0.049009 
-0.004533 0.055593 
-0.006274 0.061789 
-0.008963 0.068342 
-0.009395 0.074697 
-0.010803 0.079476 
-0.011692 0.083532 
-0.013484 0.087717 
-0.014069 0.089352 
-0.015411 0.091480 
-0.018689 0.092750 
-0.019657 0.091465 
-0.021727 0.090209 
-0.023812 0.088953 
-0.027262 0.086569 
-0.030005 0.081669 
-0.032853 0.077948 
-0.035816 0.073425 
-0.038475 0.067666 
-0.044072 0.063265 
-0.046948 0.057760 
-0.051346 0.051107 
-0.055810 0.044750 
-0.058781 0.038824 
-0.062467 0.032565 
-0.064222 0.027467 
-0.067253 0.022192 
-0.068694 0.016469 
-0.070406 0.010833 
-0.071132 0.004154 
-0.070321 -0.000837 
-0.069641 -0.004562 
-0.066146 -0.009469 
-0.065081 -0.014433 
-0.062571 -0.018856 
-0.058162 -0.023244 
-0.054141 -0.027214 
-0.048013 -0.031015 
-0.041976 -0.034451 
-0.035069 -0.036673 
-0.028176 -0.038917 
-0.020328 -0.041723 
-0.012866 -0.043348 
-0.006050 -0.045908 
0.002522 -0.047751 
0.010853 -0.048832 
0.019070 -0.051978 
0.026519 -0.053415 
0.033627 -0.054759 
0.041353 -0.056515 
0.049009 -0.058293 
0.055593 -0.059965 
0.061789 -0.062326 
0.068342 -0.065245 
0.074697 -0.066206 
0.079476 -0.068414 
0.083532 -0.069796 
0.087717 -0.070697 
0.089352 -0.071812 
0.091480 -0.071339 
0.092750 -0.070913 
0.091465 -0.070448 
0.090209 -0.069103 
0.088953 -0.066624 
0.086569 -0.063508 
0.081669 -0.059930 
0.077948 -0.056929 
0.073425 -0.052461 
0.067666 -0.047299 
0.063265 -0.042361 
0.057760 -0.036711 
0.051107 -0.031107 
0.044750 -0.024363 
0.038824 -0.017870 
0.032565 -0.012135 
0.027467 -0.005996 
0.022192 0.000628 
0.016469 0.007935 
0.010833 0.015847 
0.004154 0.022702 
-0.000837 0.029523 
-0.004562 0.037235 
-0.009469 0.043871 
-0.014433 0.050068 
-0.018856 0.056572 
-0.023244 0.061422 
-0.027214 0.065224 
-0.031015 0.068857 
-0.034451 0.070768 
-0.036673 0.073211 
-0.038917 0.075110 
-0.041723 0.076149 
-0.043348 0.076064 
-0.045908 0.075279 
-0.047751 0.074186 
-0.048832 0.070998 
-0.051978 0.069348 
-0.053415 0.065529 
-0.054759 0.062067 
-0.056515 0.059772 
-0.058293 0.054046 
-0.059965 0.050140 
-0.062326 0.046362 
-0.065245 0.041019 
-0.066206 0.037031 
-0.068414 0.033225 
-0.069796 0.028297 
-0.070697 0.025231 
-0.071812 0.021498 
-0.071339 0.017318 
-0.070913 0.015486 
-0.070448 0.012320 
-0.069103 0.008896 
-0.066624 0.006629 
-0.063508 0.005282 
-0.059930 0.003165 
-0.056929 0.001353 
-0.052461 -0.000346 
-0.047299 -0.002302 
-0.042361 -0.003402 
-0.036711 -0.006181 
-0.031107 -0.007412 
-0.024363 -0.008211 
-0.017870 -0.010209 
-0.012135 -0.010868 
-0.005996 -0.012597 
0.000628 -0.014556 
0.007935 -0.015147 
0.015847 -0.016679 
0.022702 -0.018705 
0.029523 -0.020038 
0.037235 -0.022896 
0.043871 -0.026356 
0.050068 -0.028486 
0.056572 -0.032248 
0.061422 -0.036626 
0.065224 -0.039582 
0.068857 -0.043593 
0.070768 -0.047636 
0.073211 -0.051803 
0.075110 -0.055798 
0.076149 -0.059213 
0.076064 -0.062635 
0.075279 -0.064802 
0.074186 -0.067128 
0.070998 -0.068902 
0.069348 -0.070619 
0.065529 -0.071525 
0.062067 -0.070929 
0.059772 -0.070121 
0.054046 -0.068105 
0.050140 -0.065355 
0.046362 -0.061738 
0.041019 -0.057783 
0.037031 -0.052892 
0.033225 -0.047461 
0.028297 -0.041748 
0.025231 -0.035655 
0.021498 -0.028869 
0.017318 -0.021123 
0.015486 -0.014805 
0.012320 -0.007349 
0.008896 0.000647 
0.006629 0.007708 
0.005282 0.015976 
0.003165 0.024135 
0.001353 0.032577 
-0.000346 0.041540 
-0.002302 0.049666 
-0.003402 0.057212 
-0.006181 0.063509 
-0.007412 0.069830 
-0.008211 0.076142 
-0.010209 0.081343 
-0.010868 0.086597 
-0.012597 0.089612 
-0.014556 0.091973 
-0.015147 0.092905 
-0.016679 0.092924 
-0.018705 0.093836 
-0.020038 0.092006 
-0.022896 0.089974 
-0.026356 0.086755 
-0.028486 0.083361 
-0.032248 0.079792 
-0.036626 0.074832 
-0.039582 0.069680 
-0.043593 0.063990 
-0.047636 0.060053 
-0.051803 0.053793 
-0.055798 0.048310 
-0.059213 0.043228 
-0.062635 0.036397 
-0.064802 0.031726 
-0.067128 0.025161 
-0.068902 0.019990 
-0.070619 0.014856 
-0.071525 0.007554 
-0.070929 0.002806 
-0.070121 -0.002419 
-0.068105 -0.007669 
-0.065355 -0.012134 
-0.061738 -0.017143 
-0.057783 -0.020876 
-0.052892 -0.025164 
-0.047461 -0.029154 
-0.041748 -0.031493 
-0.035655 -0.035177 
-0.028869 -0.038223 
-0.021123 -0.040664 
-0.014805 -0.042965 
-0.007349 -0.043617 
0.000647 -0.045715 
0.007708 -0.047448 
0.015976 -0.049207 
0.024135 -0.052228 
0.032577 -0.053843 
0.041540 -0.056205 
0.049666 -0.058191 
0.057212 -0.060516 
0.063509 -0.063144 
0.069830 -0.064637 
0.076142 -0.067044 
0.081343 -0.068657 
0.086597 -0.070471 
0.089612 -0.072261 
0.091973 -0.072412 
0.092905 -0.072403 
0.092924 -0.072927 
0.093836 -0.071749 
0.092006 -0.069876 
0.089974 -0.068821 
0.086755 -0.065488 
0.083361 -0.061445 
0.079792 -0.057865 
0.074832 -0.053668 
0.069680 -0.048955 
0.063990 -0.044657 
0.060053 -0.038747 
0.053793 -0.032987 
0.048310 -0.028437 
0.043228 -0.021038 
0.036397 -0.014226 
0.031726 -0.007666 
0.025161 0.000101 
0.019990 0.007500 
0.014856 0.014126 
0.007554 0.021986 
0.002806 0.029959 
-0.002419 0.035954 
-0.007669 0.042434 
-0.012134 0.047917 
-0.017143 0.053443 
-0.020876 0.059020 
-0.025164 0.063982 
-0.029154 0.068146 
-0.031493 0.071903 
-0.035177 0.074697 
-0.038223 0.075073 
-0.040664 0.076118 
-0.042965 0.077095 
-0.043617 0.076089 
-0.045715 0.074830 
-0.047448 0.073795 
-0.049207 0.069799 
-0.052228 0.066681 
-0.053843 0.063310 
-0.056205 0.059259 
-0.058191 0.056224 
-0.060516 0.050975 
-0.063144 0.047823 
-0.064637 0.042569 
-0.067044 0.037674 
-0.068657 0.034701 
-0.070471 0.030997 
-0.072261 0.027265 
-0.072412 0.022767 
-0.072403 0.021108 
-0.072927 0.017372 
-0.071749 0.014021 
-0.069876 0.011062 
-0.068821 0.008244 
-0.065488 0.006609 
-0.061445 0.003818 
-0.057865 0.003060 
-0.053668 0.000574 
-0.048955 -0.001047 
-0.044657 -0.002394 
-0.038747 -0.005291 
-0.032987 -0.007089 
-0.028437 -0.007763 
-0.021038 -0.008799 
-0.014226 -0.010943 
-0.007666 -0.011524 
0.000101 -0.013708 
0.007500 -0.014533 
0.014126 -0.015161 
0.021986 -0.018482 
0.029959 -0.020076 
0.035954 -0.023185 
0.042434 -0.026588 
0.047917 -0.029172 
0.053443 -0.033124 
0.059020 -0.036611 
0.063982 -0.040565 
0.068146 -0.044040 
0.071903 -0.047720 
0.074697 -0.052285 
0.075073 -0.055283 
0.076118 -0.059096 
0.077095 -0.062577 
0.076089 -0.065653 
0.074830 -0.069044 
0.073795 -0.071034 
0.069799 -0.072140 
0.066681 -0.073177 
0.063310 -0.073483 
0.059259 -0.071751 
0.056224 -0.070684 
0.050975 -0.067401 
0.047823 -0.063141 
0.042569 -0.059740 
0.037674 -0.055323 
0.034701 -0.050486 
0.030997 -0.043950 
0.027265 -0.039261 
0.022767 -0.032585 
0.021108 -0.024272 
0.017372 -0.018409 
0.014021 -0.010844 
0.011062 -0.002309 
0.008244 0.005295 
0.006609 0.012566 
0.003818 0.020252 
0.003060 0.028877 
0.000574 0.037843 
-0.001047 0.045959 
-0.002394 0.053383 
-0.005291 0.060721 
-0.007089 0.068591 
-0.007763 0.073861 
-0.008799 0.078732 
-0.010943 0.083849 
-0.011524 0.087060 
-0.013708 0.089793 
-0.014533 0.090602 
-0.015161 0.092342 
-0.018482 0.091670 
-0.020076 0.089741 
-0.023185 0.088359 
-0.026588 0.085448 
-0.029172 0.083082 
-0.033124 0.079275 
-0.036611 0.074926 
-0.040565 0.070255 
-0.044040 0.065925 
-0.047720 0.060638 
-0.052285 0.055417 
-0.055283 0.050029 
-0.059096 0.044219 
-0.062577 0.039170 
-0.065653 0.032199 
-0.069044 0.027336 
-0.071034 0.022296 
-0.072140 0.016014 
-0.073177 0.010847 
-0.073483 0.004558 
-0.071751 -0.000623 
-0.070684 -0.005934 
-0.067401 -0.011225 
-0.063141 -0.014263 
-0.059740 -0.018841 
-0.055323 -0.023144 
-0.050486 -0.025860 
-0.043950 -0.028736 
-0.039261 -0.031268 
-0.032585 -0.034767 
-0.024272 -0.037536 
-0.018409 -0.039453 
-0.010844 -0.041255 
-0.002309 -0.043890 
0.005295 -0.046848 
0.012566 -0.049711 
0.020252 -0.052088 
0.028877 -0.053425 
0.037843 -0.055749 
0.045959 -0.058197 
0.053383 -0.061557 
0.060721 -0.063754 
0.068591 -0.066265 
0.073861 -0.068222 
0.078732 -0.068360 
0.083849 -0.070564 
0.087060 -0.071586 
0.089793 -0.072425 
0.090602 -0.072392 
0.092342 -0.071355 
0.091670 -0.070737 
0.089741 -0.069087 
0.088359 -0.067630 
0.085448 -0.065356 
0.083082 -0.061480 
0.079275 -0.057784 
0.074926 -0.055237 
0.070255 -0.050721 
0.065925 -0.045595 
0.060638 -0.040903 
0.055417 -0.035144 
0.050029 -0.029541 
0.044219 -0.022238 
0.039170 -0.015257 
0.032199 -0.008293 
0.027336 -0.000985 
0.022296 0.005611 
0.016014 0.013556 
0.010847 0.019943 
0.004558 0.027315 
-0.000623 0.035830 
-0.005934 0.042236 
-0.011225 0.048146 
-0.014263 0.054344 
-0.018841 0.059603 
-0.023144 0.062977 
-0.025860 0.067608 
-0.028736 0.071200 
-0.031268 0.073238 
-0.034767 0.074871 
-0.037536 0.075368 
-0.039453 0.075726 
-0.041255 0.074146 
-0.043890 0.072942 
-0.046848 0.071847 
-0.049711 0.068716 
-0.052088 0.066697 
-0.053425 0.064198 
-0.055749 0.060187 
-0.058197 0.056469 
-0.061557 0.051744 
-0.063754 0.048349 
-0.066265 0.044401 
-0.068222 0.039886 
-0.068360 0.035916 
-0.070564 0.031659 
-0.071586 0.028219 
-0.072425 0.023991 
-0.072392 0.021414 
-0.071355 0.017873 
-0.070737 0.014796 
-0.069087 0.011403 
-0.067630 0.007577 
-0.065356 0.005737 
-0.061480 0.002924 
-0.057784 0.001057 
-0.055237 -0.001460 
-0.050721 -0.002150 
-0.045595 -0.003453 
-0.040903 -0.005420 
-0.035144 -0.006354 
-0.029541 -0.007495 
-0.022238 -0.008784 
-0.015257 -0.010613 
-0.008293 -0.011108 
-0.000985 -0.013650 
0.005611 -0.015486 
0.013556 -0.016504 
0.019943 -0.018185 
0.027315 -0.021253 
0.035830 -0.024281 
0.042236 -0.027071 
0.048146 -0.029814 
0.054344 -0.033574 
0.059603 -0.038499 
0.062977 -0.040874 
0.067608 -0.046042 
0.071200 -0.050110 
0.073238 -0.054906 
0.074871 -0.058160 
0.075368 -0.060988 
0.075726 -0.065340 
0.074146 -0.067310 
0.072942 -0.072258 
0.071847 -0.073116 
0.068716 -0.074376 
0.066697 -0.074297 
0.064198 -0.073194 
0.060187 -0.071967 
0.056469 -0.068912 
0.051744 -0.068645 
0.048349 -0.064643 
0.044401 -0.062430 
0.039886 -0.058596 
0.035916 -0.052967 
0.031659 -0.048171 
0.028219 -0.041928 
0.023991 -0.036317 
0.021414 -0.029189 
0.017873 -0.022298 
0.014796 -0.014651 
0.011403 -0.006081 
0.007577 0.003189 
0.005737 0.010917 
0.002924 0.019250 
0.001057 0.028294 
-0.001460 0.036094 
-0.002150 0.045367 
-0.003453 0.053361 
-0.005420 0.061226 
-0.006354 0.068974 
-0.007495 0.075050 
-0.008784 0.080012 
-0.010613 0.083863 
-0.011108 0.087642 
-0.013650 0.090275 
-0.015486 0.091549 
-0.016504 0.092427 
-0.018185 0.091381 
-0.021253 0.090124 
-0.024281 0.089203 
-0.027071 0.086380 
-0.029814 0.083401 
-0.033574 0.080097 
-0.038499 0.076433 
-0.040874 0.072325 
-0.046042 0.067984 
-0.050110 0.063305 
-0.054906 0.058044 
-0.058160 0.053846 
-0.060988 0.047967 
-0.065340 0.041837 
-0.067310 0.037180 
-0.072258 0.030561 
-0.073116 0.023953 
-0.074376 0.018226 
-0.074297 0.012527 
-0.073194 0.006734 
-0.071967 0.000505 
-0.068912 -0.003837 
-0.068645 -0.008898 
-0.064643 -0.013948 
-0.062430 -0.017334 
-0.058596 -0.021241 
-0.052967 -0.024673 
-0.048171 -0.028259 
-0.041928 -0.030104 
-0.036317 -0.032482 
-0.029189 -0.035451 
-0.022298 -0.038048 
-0.014651 -0.040973 
-0.006081 -0.041983 
0.003189 -0.044416 
0.010917 -0.046297 
0.019250 -0.049834 
0.028294 -0.053221 
0.036094 -0.054942 
0.045367 -0.058303 
0.053361 -0.060226 
0.061226 -0.064161 
0.068974 -0.066303 
0.075050 -0.068456 
0.080012 -0.070736 
0.083863 -0.071513 
0.087642 -0.075098 
0.090275 -0.074767 
0.091549 -0.074118 
0.092427 -0.074605 
0.091381 -0.072865 
0.090124 -0.071761 
0.089203 -0.070273 
0.086380 -0.067332 
0.083401 -0.065094 
0.080097 -0.062330 
0.076433 -0.057554 
0.072325 -0.053696 
0.067984 -0.049297 
0.063305 -0.044331 
0.058044 -0.038804 
0.053846 -0.031985 
0.047967 -0.025479 
0.041837 -0.020241 
0.037180 -0.013661 
0.030561 -0.004910 
0.023953 0.002577 
0.018226 0.010397 
0.012527 0.018110 
0.006734 0.024662 
0.000505 0.031324 
-0.003837 0.038590 
-0.008898 0.045743 
-0.013948 0.051996 
-0.017334 0.057362 
-0.021241 0.061822 
-0.024673 0.066342 
-0.028259 0.069767 
-0.030104 0.071701 
-0.032482 0.073646 
-0.035451 0.074773 
-0.038048 0.074208 
-0.040973 0.073493 
-0.041983 0.072331 
-0.044416 0.071091 
-0.046297 0.068599 
-0.049834 0.065591 
-0.053221 0.062911 
-0.054942 0.057893 
-0.058303 0.054506 
-0.060226 0.051646 
-0.064161 0.047179 
-0.066303 0.043787 
-0.068456 0.040466 
-0.070736 0.036514 
-0.071513 0.032642 
-0.075098 0.028426 
-0.074767 0.025345 
-0.074118 0.022563 
-0.074605 0.018395 
-0.072865 0.015814 
-0.071761 0.012498 
-0.070273 0.009909 
-0.067332 0.007518 
-0.065094 0.004930 
-0.062330 0.003824 
-0.057554 0.000107 
-0.053696 -0.000947 
-0.049297 -0.001585 
-0.044331 -0.004002 
-0.038804 -0.004645 
-0.031985 -0.006550 
-0.025479 -0.008270 
-0.020241 -0.009491 
-0.013661 -0.010726 
-0.004910 -0.011750 
0.002577 -0.013330 
0.010397 -0.014979 
0.018110 -0.016370 
0.024662 -0.018292 
0.031324 -0.021458 
0.038590 -0.025006 
0.045743 -0.027907 
0.051996 -0.031217 
0.057362 -0.036404 
0.061822 -0.040883 
0.066342 -0.044118 
0.069767 -0.049235 
0.071701 -0.054478 
0.073646 -0.057946 
0.074773 -0.061793 
0.074208 -0.065227 
0.073493 -0.068739 
0.072331 -0.071555 
0.071091 -0.072517 
0.068599 -0.073796 
0.065591 -0.073798 
0.062911 -0.073560 
0.057893 -0.072748 
0.054506 -0.071969 
0.051646 -0.069979 
0.047179 -0.065320 
0.043787 -0.062242 
0.040466 -0.057815 
0.036514 -0.053318 
0.032642 -0.049032 
0.028426 -0.042902 
0.025345 -0.036887 
0.022563 -0.031008 
0.018395 -0.023396 
0.015814 -0.015045 
0.012498 -0.007982 
0.009909 0.001312 
0.007518 0.008765 
0.004930 0.017215 
0.003824 0.027875 
0.000107 0.035565 
-0.000947 0.044591 
-0.001585 0.052696 
-0.004002 0.059585 
-0.004645 0.066995 
-0.006550 0.072460 
-0.008270 0.077544 
-0.009491 0.082388 
-0.010726 0.085266 
-0.011750 0.088704 
-0.013330 0.089374 
-0.014979 0.089739 
-0.016370 0.090957 
-0.018292 0.089241 
-0.021458 0.089492 
-0.025006 0.086814 
-0.027907 0.083931 
-0.031217 0.082087 
-0.036404 0.078151 
-0.040883 0.074113 
-0.044118 0.069541 
-0.049235 0.065739 
-0.054478 0.060243 
-0.057946 0.055203 
-0.061793 0.049390 
-0.065227 0.043237 
-0.068739 0.038044 
-0.071555 0.032523 
-0.072517 0.026181 
-0.073796 0.019959 
-0.073798 0.015515 
-0.073560 0.009825 
-0.072748 0.004872 
-0.071969 -0.001167 
-0.069979 -0.006312 
-0.065320 -0.010149 
-0.062242 -0.015270 
-0.057815 -0.018601 
-0.053318 -0.022482 
-0.049032 -0.024987 
-0.042902 -0.027500 
-0.036887 -0.031042 
-0.031008 -0.032514 
-0.023396 -0.035581 
-0.015045 -0.038398 
-0.007982 -0.040095 
0.001312 -0.042717 
0.008765 -0.046085 
0.017215 -0.049987 
0.027875 -0.051997 
0.035565 -0.054801 
0.044591 -0.057660 
0.052696 -0.061189 
0.059585 -0.064338 
0.066995 -0.065732 
0.072460 -0.068470 
0.077544 -0.069233 
0.082388 -0.070947 
0.085266 -0.071811 
0.088704 -0.072540 
0.089374 -0.073601 
0.089739 -0.072458 
0.090957 -0.072530 
0.089241 -0.071384 
0.089492 -0.069454 
0.086814 -0.066672 
0.083931 -0.064160 
0.082087 -0.061114 
0.078151 -0.057598 
0.074113 -0.053955 
0.069541 -0.049230 
0.065739 -0.044110 
0.060243 -0.038073 
0.055203 -0.032856 
0.049390 -0.026434 
0.043237 -0.019760 
0.038044 -0.012256 
0.032523 -0.004801 
0.026181 0.002718 
0.019959 0.010587 
0.015515 0.017462 
0.009825 0.025552 
0.004872 0.031858 
-0.001167 0.038759 
-0.006312 0.045361 
-0.010149 0.051097 
-0.015270 0.056804 
-0.018601 0.061319 
-0.022482 0.065523 
-0.024987 0.068285 
-0.027500 0.072579 
-0.031042 0.073916 
-0.032514 0.074110 
-0.035581 0.075952 
-0.038398 0.074827 
-0.040095 0.073628 
-0.042717 0.072194 
-0.046085 0.070043 
-0.049987 0.067004 
-0.051997 0.064415 
-0.054801 0.060999 
-0.057660 0.057056 
-0.061189 0.054894 
-0.064338 0.050549 
-0.065732 0.046139 
-0.068470 0.042070 
-0.069233 0.038144 
-0.070947 0.035315 
-0.071811 0.031910 
-0.072540 0.028282 
-0.073601 0.024690 
-0.072458 0.021176 
-0.072530 0.018029 
-0.071384 0.015012 
-0.069454 0.011391 
-0.066672 0.008646 
-0.064160 0.006471 
-0.061114 0.004466 
-0.057598 0.002294 
-0.053955 0.000584 
-0.049230 -0.000425 
-0.044110 -0.002071 
-0.038073 -0.003849 
-0.032856 -0.005035 
-0.026434 -0.006121 
-0.019760 -0.007724 
-0.012256 -0.008001 
-0.004801 -0.010155 
0.002718 -0.012642 
0.010587 -0.013852 
0.017462 -0.015971 
0.025552 -0.018061 
0.031858 -0.021377 
0.038759 -0.024459 
0.045361 -0.028294 
0.051097 -0.032158 
0.056804 -0.035989 
0.061319 -0.041096 
0.065523 -0.045822 
0.068285 -0.050278 
0.072579 -0.055023 
0.073916 -0.059328 
0.074110 -0.062213 
0.075952 -0.064901 
0.074827 -0.067884 
0.073628 -0.070490 
0.072194 -0.072244 
0.070043 -0.073597 
0.067004 -0.074281 
0.064415 -0.074270 
0.060999 -0.072899 
0.057056 -0.071857 
0.054894 -0.069934 
0.050549 -0.067970 
0.046139 -0.065940 
0.042070 -0.061170 
0.038144 -0.058165 
0.035315 -0.052466 
0.031910 -0.046474 
0.028282 -0.040496 
0.024690 -0.032955 
0.021176 -0.026443 
0.018029 -0.017493 
0.015012 -0.010330 
0.011391 -0.001734 
0.008646 0.007362 
0.006471 0.015371 
0.004466 0.025306 
0.002294 0.034516 
0.000584 0.042798 
-0.000425 0.050469 
-0.002071 0.058581 
-0.003849 0.065222 
-0.005035 0.071350 
-0.006121 0.077030 
-0.007724 0.080543 
-0.008001 0.084450 
-0.010155 0.086531 
-0.012642 0.087553 
-0.013852 0.090003 
-0.015971 0.090541 
-0.018061 0.089931 
-0.021377 0.087994 
-0.024459 0.086559 
-0.028294 0.085310 
-0.032158 0.081793 
-0.035989 0.079375 
-0.041096 0.076058 
-0.045822 0.071512 
-0.050278 0.067261 
-0.055023 0.062820 
-0.059328 0.057213 
-0.062213 0.051375 
-0.064901 0.046250 
-0.067884 0.041067 
-0.070490 0.034475 
-0.072244 0.027826 
-0.073597 0.022812 
-0.074281 0.016134 
-0.074270 0.010001 
-0.072899 0.004385 
-0.071857 -0.000889 
-0.069934 -0.005119 
-0.067970 -0.009012 
-0.065940 -0.012606 
-0.061170 -0.016222 
-0.058165 -0.019271 
-0.052466 -0.021998 
-0.046474 -0.024262 
-0.040496 -0.027221 
-0.032955 -0.029798 
-0.026443 -0.033841 
-0.017493 -0.036012 
-0.010330 -0.038140 
-0.001734 -0.042769 
0.007362 -0.045200 
0.015371 -0.047890 
0.025306 -0.050975 
0.034516 -0.054872 
0.042798 -0.057141 
0.050469 -0.060287 
0.058581 -0.064587 
0.065222 -0.067124 
0.071350 -0.069164 
0.077030 -0.069873 
0.080543 -0.071797 
0.084450 -0.073496 
0.086531 -0.073334 
0.087553 -0.073652 
0.090003 -0.074418 
0.090541 -0.073137 
0.089931 -0.072570 
0.087994 -0.071693 
0.086559 -0.068904 
0.085310 -0.065993 
0.081793 -0.063442 
0.079375 -0.060495 
0.076058 -0.055236 
0.071512 -0.051719 
0.067261 -0.047116 
0.062820 -0.040879 
0.057213 -0.035631 
0.051375 -0.029076 
0.046250 -0.021681 
0.041067 -0.015179 
0.034475 -0.007852 
0.027826 0.001161 
0.022812 0.008626 
0.016134 0.016310 
0.010001 0.023376 
0.004385 0.030340 
-0.000889 0.037499 
-0.005119 0.043879 
-0.009012 0.050711 
-0.012606 0.057033 
-0.016222 0.061916 
-0.019271 0.064535 
-0.021998 0.067857 
-0.024262 0.070880 
-0.027221 0.073285 
-0.029798 0.075107 
-0.033841 0.074072 
-0.036012 0.074052 
-0.038140 0.073699 
-0.042769 0.070743 
-0.045200 0.069047 
-0.047890 0.067156 
-0.050975 0.064249 
-0.054872 0.061569 
-0.057141 0.059029 
-0.060287 0.055675 
-0.064587 0.050564 
-0.067124 0.047388 
-0.069164 0.043647 
-0.069873 0.039735 
-0.071797 0.036415 
-0.073496 0.031847 
-0.073334 0.028897 
-0.073652 0.024674 
-0.074418 0.021363 
-0.073137 0.018635 
-0.072570 0.014731 
-0.071693 0.012659 
-0.068904 0.009402 
-0.065993 0.005616 
-0.063442 0.003751 
-0.060495 0.001773 
-0.055236 -0.000164 
-0.051719 -0.001312 
-0.047116 -0.003391 
-0.040879 -0.004857 
-0.035631 -0.005446 
-0.029076 -0.006568 
-0.021681 -0.007589 
-0.015179 -0.009005 
-0.007852 -0.010108 
0.001161 -0.011189 
0.008626 -0.014135 
0.016310 -0.016729 
0.023376 -0.017823 
0.030340 -0.020821 
0.037499 -0.025373 
0.043879 -0.030485 
0.050711 -0.034734 
0.057033 -0.037669 
0.061916 -0.042922 
0.064535 -0.047870 
0.067857 -0.051311 
0.070880 -0.056033 
0.073285 -0.060646 
0.075107 -0.064158 
0.074072 -0.067022 
0.074052 -0.069443 
0.073699 -0.070902 
0.070743 -0.072761 
0.069047 -0.074782 
0.067156 -0.074620 
0.064249 -0.074287 
0.061569 -0.074336 
0.059029 -0.073522 
0.055675 -0.072051 
0.050564 -0.069536 
0.047388 -0.066771 
0.043647 -0.063574 
0.039735 -0.058494 
0.036415 -0.054138 
0.031847 -0.050028 
0.028897 -0.042908 
0.024674 -0.036123 
0.021363 -0.029522 
0.018635 -0.021294 
0.014731 -0.012551 
0.012659 -0.003228 
0.009402 0.005408 
0.005616 0.014307 
0.003751 0.023774 
0.001773 0.032326 
-0.000164 0.040474 
-0.001312 0.048907 
-0.003391 0.056112 
-0.004857 0.062461 
-0.005446 0.069341 
-0.006568 0.074680 
-0.007589 0.078842 
-0.009005 0.082737 
-0.010108 0.085690 
-0.011189 0.087034 
-0.014135 0.088129 
-0.016729 0.089492 
-0.017823 0.089808 
-0.020821 0.089522 
-0.025373 0.088430 
-0.030485 0.086426 
-0.034734 0.082658 
-0.037669 0.079594 
-0.042922 0.076976 
-0.047870 0.073466 
-0.051311 0.069692 
-0.056033 0.064401 
-0.060646 0.059896 
-0.064158 0.054713 
-0.067022 0.049130 
-0.069443 0.043101 
-0.070902 0.036291 
-0.072761 0.030359 
-0.074782 0.024208 
-0.074620 0.017928 
-0.074287 0.011802 
-0.074336 0.007715 
-0.073522 0.002433 
-0.072051 -0.002812 
-0.069536 -0.006709 
-0.066771 -0.010263 
-0.063574 -0.012784 
-0.058494 -0.017372 
-0.054138 -0.020473 
-0.050028 -0.023181 
-0.042908 -0.026876 
-0.036123 -0.029701 
-0.029522 -0.032292 
-0.021294 -0.035549 
-0.012551 -0.039360 
-0.003228 -0.041915 
0.005408 -0.044661 
0.014307 -0.047623 
0.023774 -0.051894 
0.032326 -0.055360 
0.040474 -0.057838 
0.048907 -0.061751 
0.056112 -0.064516 
0.062461 -0.066109 
0.069341 -0.068082 
0.074680 -0.070733 
0.078842 -0.072002 
0.082737 -0.073785 
0.085690 -0.075028 
0.087034 -0.074694 
0.088129 -0.076174 
0.089492 -0.075463 
0.089808 -0.074225 
0.089522 -0.073890 
0.088430 -0.071530 
0.086426 -0.069183 
0.082658 -0.066266 
0.079594 -0.062697 
0.076976 -0.058203 
0.073466 -0.053447 
0.069692 -0.048910 
0.064401 -0.043622 
0.059896 -0.037813 
0.054713 -0.031025 
0.049130 -0.025114 
0.043101 -0.018248 
0.036291 -0.010358 
0.030359 -0.003032 
0.024208 0.004934 
0.017928 0.012641 
0.011802 0.020509 
0.007715 0.028015 
0.002433 0.035358 
-0.002812 0.043227 
-0.006709 0.049696 
-0.010263 0.054773 
-0.012784 0.059742 
-0.017372 0.063155 
-0.020473 0.066557 
-0.023181 0.070175 
-0.026876 0.071896 
-0.029701 0.073478 
-0.032292 0.074396 
-0.035549 0.074096 
-0.039360 0.073080 
-0.041915 0.072561 
-0.044661 0.070230 
-0.047623 0.067073 
-0.051894 0.066338 
-0.055360 0.063157 
-0.057838 0.059380 
-0.061751 0.056035 
-0.064516 0.051701 
-0.066109 0.048797 
-0.068082 0.045529 
-0.070733 0.041738 
-0.072002 0.037785 
-0.073785 0.033965 
-0.075028 0.029884 
-0.074694 0.026228 
-0.076174 0.023665 
-0.075463 0.019779 
-0.074225 0.017102 
-0.073890 0.013868 
-0.071530 0.010267 
-0.069183 0.009169 
-0.066266 0.006910 
-0.062697 0.003922 
-0.058203 0.002240 
-0.053447 0.001819 
-0.048910 0.000347 
-0.043622 -0.000524 
-0.037813 -0.002086 
-0.031025 -0.004364 
-0.025114 -0.004452 
-0.018248 -0.005896 
-0.010358 -0.007442 
-0.003032 -0.009703 
0.004934 -0.012421 
0.012641 -0.014795 
0.020509 -0.017681 
0.028015 -0.021482 
0.035358 -0.024996 
0.043227 -0.028176 
0.049696 -0.033450 
0.054773 -0.037735 
0.059742 -0.043134 
0.063155 -0.047681 
0.066557 -0.050579 
0.070175 -0.054314 
0.071896 -0.058381 
0.073478 -0.062974 
0.074396 -0.065203 
0.074096 -0.068573 
0.073080 -0.071151 
0.072561 -0.071817 
0.070230 -0.074507 
0.067073 -0.075632 
0.066338 -0.075012 
0.063157 -0.075371 
0.059380 -0.074679 
0.056035 -0.073454 
0.051701 -0.072744 
0.048797 -0.069214 
0.045529 -0.065780 
0.041738 -0.062808 
0.037785 -0.058246 
0.033965 -0.052509 
0.029884 -0.045190 
0.026228 -0.038886 
0.023665 -0.031865 
0.019779 -0.023255 
0.017102 -0.014376 
0.013868 -0.005342 
