-0.019928 -0.004852 
-0.020660 -0.005035 
-0.020782 -0.005585 
-0.020569 -0.006409 
-0.019958 -0.006500 
-0.019623 -0.006744 
-0.017883 -0.008362 
-0.016571 -0.009491 
-0.014526 -0.009796 
-0.012238 -0.010834 
-0.009674 -0.011841 
-0.006744 -0.013763 
-0.004547 -0.014923 
-0.000519 -0.015930 
0.002686 -0.017517 
0.006104 -0.018097 
0.009247 -0.019470 
0.011993 -0.019684 
0.015106 -0.019989 
0.017548 -0.020935 
0.020111 -0.020203 
0.021423 -0.019562 
0.023376 -0.018890 
0.023743 -0.017731 
0.024628 -0.016449 
0.025208 -0.014404 
0.024231 -0.012115 
0.024353 -0.009430 
0.022858 -0.006287 
0.021637 -0.003967 
0.019440 -0.000549 
0.017731 0.003174 
0.015411 0.005493 
0.012634 0.008667 
0.011322 0.012207 
0.008575 0.015015 
0.007050 0.017609 
0.005005 0.020203 
0.003479 0.022156 
0.002747 0.023407 
0.001007 0.024384 
-0.000244 0.024353 
-0.001099 0.024506 
-0.001770 0.024048 
-0.002808 0.022797 
-0.002960 0.022644 
-0.003204 0.021423 
-0.004303 0.019073 
-0.004822 0.016998 
-0.004730 0.014984 
-0.004852 0.012360 
-0.005035 0.009918 
-0.005585 0.008514 
-0.006409 0.007050 
-0.006500 0.005219 
-0.006744 0.003326 
-0.008362 0.002380 
-0.009491 0.001312 
-0.009796 0.000183 
-0.010834 -0.000458 
-0.011841 -0.001404 
-0.013763 -0.002106 
-0.014923 -0.002625 
-0.015930 -0.003174 
-0.017517 -0.003601 
-0.018097 -0.003601 
-0.019470 -0.004181 
-0.019684 -0.003906 
-0.019989 -0.004639 
-0.020935 -0.005981 
-0.020203 -0.005493 
-0.019562 -0.006531 
-0.018890 -0.007080 
-0.017731 -0.007751 
-0.016449 -0.009521 
-0.014404 -0.010223 
-0.012115 -0.011169 
-0.009430 -0.012512 
-0.006287 -0.014099 
-0.003967 -0.014801 
-0.000549 -0.016144 
0.003174 -0.018341 
0.005493 -0.019226 
0.008667 -0.019623 
0.012207 -0.020416 
0.015015 -0.020935 
0.017609 -0.020935 
0.020203 -0.020905 
0.022156 -0.019958 
0.023407 -0.019043 
0.024384 -0.017639 
0.024353 -0.015137 
0.024506 -0.013794 
0.024048 -0.011688 
0.022797 -0.008942 
0.022644 -0.006165 
0.021423 -0.002747 
0.019073 0.000153 
0.016998 0.003723 
0.014984 0.006744 
0.012360 0.010132 
0.009918 0.013916 
0.008514 0.016235 
0.007050 0.018280 
0.005219 0.020538 
0.003326 0.022766 
0.002380 0.023743 
0.001312 0.024475 
0.000183 0.024597 
-0.000458 0.024628 
-0.001404 0.024414 
-0.002106 0.022858 
-0.002625 0.022186 
-0.003174 0.020599 
-0.003601 0.018463 
-0.003601 0.016937 
-0.004181 0.014618 
-0.003906 0.012665 
-0.004639 0.010681 
-0.005981 0.008453 
-0.005493 0.006958 
-0.006531 0.005066 
-0.007080 0.003754 
-0.007751 0.002716 
-0.009521 0.000366 
-0.010223 -0.000092 
-0.011169 -0.000397 
-0.012512 -0.002045 
-0.014099 -0.002472 
-0.014801 -0.002655 
-0.016144 -0.003113 
-0.018341 -0.003510 
-0.019226 -0.003906 
-0.019623 -0.004089 
-0.020416 -0.004547 
-0.020935 -0.005371 
-0.020935 -0.005402 
-0.020905 -0.005737 
-0.019958 -0.006775 
-0.019043 -0.007355 
-0.017639 -0.008057 
-0.015137 -0.008911 
-0.013794 -0.010284 
-0.011688 -0.011566 
-0.008942 -0.012390 
-0.006165 -0.014282 
-0.002747 -0.016235 
0.000153 -0.016815 
0.003723 -0.017883 
0.006744 -0.019165 
0.010132 -0.019470 
0.013916 -0.020325 
0.016235 -0.020966 
0.018280 -0.020325 
0.020538 -0.019470 
0.022766 -0.019287 
0.023743 -0.018829 
0.024475 -0.017273 
0.024597 -0.014923 
0.024628 -0.013000 
0.024414 -0.010651 
0.022858 -0.007477 
0.022186 -0.005035 
0.020599 -0.002197 
0.018463 0.001251 
0.016937 0.004852 
0.014618 0.007874 
0.012665 0.010864 
0.010681 0.014282 
0.008453 0.016479 
0.006958 0.018585 
0.005066 0.020721 
0.003754 0.022644 
0.002716 0.024200 
0.000366 0.024658 
-0.000092 0.025177 
-0.000397 0.025024 
-0.002045 0.023346 
-0.002472 0.022217 
-0.002655 0.020966 
-0.003113 0.019104 
-0.003510 0.017334 
-0.003906 0.014954 
-0.004089 0.012878 
-0.004547 0.010742 
-0.005371 0.009430 
-0.005402 0.007935 
-0.005737 0.005951 
-0.006775 0.004547 
-0.007355 0.002502 
-0.008057 0.001495 
-0.008911 0.000153 
-0.010284 -0.000763 
-0.011566 -0.001190 
-0.012390 -0.002228 
-0.014282 -0.002411 
-0.016235 -0.002808 
-0.016815 -0.003235 
-0.017883 -0.003967 
-0.019165 -0.004028 
-0.019470 -0.004456 
-0.020325 -0.005310 
-0.020966 -0.005096 
-0.020325 -0.005585 
-0.019470 -0.005981 
-0.019287 -0.006714 
-0.018829 -0.007751 
-0.017273 -0.008545 
-0.014923 -0.010193 
-0.013000 -0.011322 
-0.010651 -0.011658 
-0.007477 -0.013611 
-0.005035 -0.015503 
-0.002197 -0.016693 
0.001251 -0.018280 
0.004852 -0.019135 
0.007874 -0.020050 
0.010864 -0.021027 
0.014282 -0.021667 
0.016479 -0.021545 
0.018585 -0.021393 
0.020721 -0.020966 
0.022644 -0.019653 
0.024200 -0.018463 
0.024658 -0.016357 
0.025177 -0.014679 
0.025024 -0.012512 
0.023346 -0.009460 
0.022217 -0.007111 
0.020966 -0.003937 
0.019104 -0.000763 
0.017334 0.002106 
0.014954 0.005524 
0.012878 0.008911 
0.010742 0.011719 
0.009430 0.013977 
0.007935 0.016571 
0.005951 0.019379 
0.004547 0.021423 
0.002502 0.022644 
0.001495 0.023773 
0.000153 0.024689 
-0.000763 0.024597 
-0.001190 0.023987 
-0.002228 0.023499 
-0.002411 0.021820 
-0.002808 0.020294 
-0.003235 0.019165 
-0.003967 0.016815 
-0.004028 0.015015 
-0.004456 0.013489 
-0.005310 0.011902 
-0.005096 0.009613 
-0.005585 0.007050 
-0.005981 0.005920 
-0.006714 0.004333 
-0.007751 0.002625 
-0.008545 0.001984 
-0.010193 0.001068 
-0.011322 -0.000031 
-0.011658 -0.000885 
-0.013611 -0.001740 
-0.015503 -0.002136 
-0.016693 -0.002747 
-0.018280 -0.003174 
-0.019135 -0.002960 
-0.020050 -0.003632 
-0.021027 -0.003906 
-0.021667 -0.003876 
-0.021545 -0.003876 
-0.021393 -0.004242 
-0.020966 -0.005249 
-0.019653 -0.005951 
-0.018463 -0.006958 
-0.016357 -0.007568 
-0.014679 -0.009552 
-0.012512 -0.011108 
-0.009460 -0.011597 
-0.007111 -0.013458 
-0.003937 -0.014618 
-0.000763 -0.015961 
0.002106 -0.017365 
0.005524 -0.018402 
0.008911 -0.019379 
0.011719 -0.020111 
0.013977 -0.020935 
0.016571 -0.020844 
0.019379 -0.019897 
0.021423 -0.019440 
0.022644 -0.018860 
0.023773 -0.016968 
0.024689 -0.015564 
0.024597 -0.013794 
0.023987 -0.011230 
0.023499 -0.008942 
0.021820 -0.005737 
0.020294 -0.002350 
0.019165 0.000031 
0.016815 0.003021 
0.015015 0.006775 
0.013489 0.009766 
0.011902 0.012634 
0.009613 0.015320 
0.007050 0.018005 
0.005920 0.020050 
0.004333 0.021606 
0.002625 0.023407 
0.001984 0.024109 
0.001068 0.024139 
-0.000031 0.023743 
-0.000885 0.023438 
-0.001740 0.022339 
-0.002136 0.020691 
-0.002747 0.019501 
-0.003174 0.017456 
-0.002960 0.015442 
-0.003632 0.014038 
-0.003906 0.012299 
-0.003876 0.009949 
-0.003876 0.008484 
-0.004242 0.006744 
-0.005249 0.005219 
-0.005951 0.004425 
-0.006958 0.002716 
-0.007568 0.002106 
-0.009552 0.001556 
-0.011108 0.000122 
-0.011597 -0.000458 
-0.013458 -0.000458 
-0.014618 -0.001648 
-0.015961 -0.002533 
-0.017365 -0.002350 
-0.018402 -0.002228 
-0.019379 -0.002380 
-0.020111 -0.003143 
-0.020935 -0.003082 
-0.020844 -0.003784 
-0.019897 -0.004608 
-0.019440 -0.005096 
-0.018860 -0.005798 
-0.016968 -0.006622 
-0.015564 -0.008240 
-0.013794 -0.009613 
-0.011230 -0.011353 
-0.008942 -0.012726 
-0.005737 -0.013947 
-0.002350 -0.015259 
0.000031 -0.016968 
0.003021 -0.018341 
0.006775 -0.018677 
0.009766 -0.019623 
0.012634 -0.020355 
0.015320 -0.020874 
0.018005 -0.020935 
0.020050 -0.020721 
0.021606 -0.019440 
0.023407 -0.018585 
0.024109 -0.018311 
0.024139 -0.016266 
0.023743 -0.013580 
0.023438 -0.010803 
0.022339 -0.008209 
0.020691 -0.005005 
0.019501 -0.001770 
0.017456 0.001343 
0.015442 0.004791 
0.014038 0.008087 
0.012299 0.010895 
0.009949 0.013245 
0.008484 0.016327 
0.006744 0.018890 
0.005219 0.020935 
0.004425 0.022644 
0.002716 0.022858 
0.002106 0.023987 
0.001556 0.025238 
0.000122 0.024017 
-0.000458 0.023682 
-0.000458 0.022797 
-0.001648 0.020935 
-0.002533 0.019287 
-0.002350 0.017517 
-0.002228 0.016357 
-0.002380 0.013428 
-0.003143 0.011383 
-0.003082 0.009918 
-0.003784 0.007996 
-0.004608 0.006531 
-0.005096 0.004944 
-0.005798 0.003571 
-0.006622 0.002075 
-0.008240 0.001251 
-0.009613 0.000488 
-0.011353 0.000153 
-0.012726 -0.001221 
-0.013947 -0.002045 
-0.015259 -0.002075 
-0.016968 -0.002869 
-0.018341 -0.002716 
-0.018677 -0.003265 
-0.019623 -0.003235 
-0.020355 -0.003113 
-0.020874 -0.003632 
-0.020935 -0.003876 
-0.020721 -0.004578 
-0.019440 -0.005280 
-0.018585 -0.006042 
-0.018311 -0.007446 
-0.016266 -0.008392 
-0.013580 -0.009308 
-0.010803 -0.011475 
-0.008209 -0.012848 
-0.005005 -0.013977 
-0.001770 -0.015472 
0.001343 -0.016785 
0.004791 -0.017944 
0.008087 -0.019440 
0.010895 -0.020294 
0.013245 -0.020386 
0.016327 -0.021179 
0.018890 -0.020874 
0.020935 -0.020264 
0.022644 -0.020355 
0.022858 -0.019501 
0.023987 -0.017365 
0.025238 -0.015686 
0.024017 -0.013580 
0.023682 -0.010712 
0.022797 -0.007721 
0.020935 -0.004944 
0.019287 -0.002411 
0.017517 0.001740 
0.016357 0.004852 
0.013428 0.008240 
0.011383 0.011658 
0.009918 0.014099 
0.007996 0.017029 
0.006531 0.018738 
0.004944 0.021210 
0.003571 0.022797 
0.002075 0.023041 
0.001251 0.023865 
0.000488 0.024170 
0.000153 0.023621 
-0.001221 0.022980 
-0.002045 0.021881 
-0.002075 0.019836 
-0.002869 0.018707 
-0.002716 0.016724 
-0.003265 0.014374 
-0.003235 0.012573 
-0.003113 0.010590 
-0.003632 0.009064 
-0.003876 0.007446 
-0.004578 0.005890 
-0.005280 0.004791 
-0.006042 0.003296 
-0.007446 0.001465 
-0.008392 0.001495 
-0.009308 0.000732 
-0.011475 -0.000488 
-0.012848 -0.001007 
-0.013977 -0.001862 
-0.015472 -0.001648 
-0.016785 -0.002014 
-0.017944 -0.002319 
-0.019440 -0.002472 
-0.020294 -0.002808 
-0.020386 -0.003113 
-0.021179 -0.003754 
-0.020874 -0.004395 
-0.020264 -0.005371 
-0.020355 -0.005798 
-0.019501 -0.006958 
-0.017365 -0.007812 
-0.015686 -0.008484 
-0.013580 -0.009857 
-0.010712 -0.011566 
-0.007721 -0.013062 
-0.004944 -0.014160 
-0.002411 -0.016418 
0.001740 -0.017517 
0.004852 -0.018524 
0.008240 -0.019318 
0.011658 -0.019470 
0.014099 -0.019867 
0.017029 -0.020325 
0.018738 -0.021027 
0.021210 -0.019836 
0.022797 -0.018982 
0.023041 -0.017731 
0.023865 -0.016144 
0.024170 -0.014191 
0.023621 -0.011993 
0.022980 -0.010223 
0.021881 -0.006439 
0.019836 -0.003540 
0.018707 -0.001007 
0.016724 0.002502 
0.014374 0.005829 
0.012573 0.008545 
0.010590 0.011719 
0.009064 0.014862 
0.007446 0.017273 
0.005890 0.019806 
0.004791 0.021301 
0.003296 0.022919 
0.001465 0.023560 
0.001495 0.023651 
0.000732 0.023590 
-0.000488 0.023163 
-0.001007 0.022064 
-0.001862 0.020691 
-0.001648 0.019806 
-0.002014 0.018066 
-0.002319 0.016907 
-0.002472 0.014801 
-0.002808 0.013123 
-0.003113 0.011383 
-0.003754 0.009064 
-0.004395 0.008057 
-0.005371 0.006989 
-0.005798 0.005371 
-0.006958 0.003326 
-0.007812 0.002411 
-0.008484 0.001007 
-0.009857 0.000183 
-0.011566 -0.000153 
-0.013062 -0.001190 
-0.014160 -0.002136 
-0.016418 -0.002533 
-0.017517 -0.002533 
-0.018524 -0.002960 
-0.019318 -0.003082 
-0.019470 -0.003632 
-0.019867 -0.003357 
-0.020325 -0.004089 
-0.021027 -0.005676 
-0.019836 -0.005737 
-0.018982 -0.006317 
-0.017731 -0.007538 
-0.016144 -0.008911 
-0.014191 -0.010193 
-0.011993 -0.011475 
-0.010223 -0.012482 
-0.006439 -0.014435 
-0.003540 -0.016449 
-0.001007 -0.017090 
0.002502 -0.018036 
0.005829 -0.019562 
0.008545 -0.020050 
0.011719 -0.020721 
0.014862 -0.021393 
0.017273 -0.020813 
0.019806 -0.021118 
0.021301 -0.020752 
0.022919 -0.019623 
0.023560 -0.018555 
0.023651 -0.017120 
0.023590 -0.014801 
0.023163 -0.012238 
0.022064 -0.009705 
0.020691 -0.006470 
0.019806 -0.003448 
0.018066 -0.000305 
0.016907 0.002625 
0.014801 0.006378 
0.013123 0.008972 
0.011383 0.011749 
0.009064 0.015472 
0.008057 0.017456 
0.006989 0.019775 
0.005371 0.021423 
0.003326 0.022369 
0.002411 0.023010 
0.001007 0.023407 
0.000183 0.023560 
-0.000153 0.022736 
-0.001190 0.021729 
-0.002136 0.020264 
-0.002533 0.019012 
-0.002533 0.017975 
-0.002960 0.015778 
-0.003082 0.013977 
-0.003632 0.012024 
-0.003357 0.010040 
-0.004089 0.008942 
-0.005676 0.007019 
-0.005737 0.006104 
-0.006317 0.004059 
-0.007538 0.002380 
-0.008911 0.001770 
-0.010193 0.000580 
-0.011475 0.000183 
-0.012482 -0.001190 
-0.014435 -0.001434 
-0.016449 -0.002258 
-0.017090 -0.002716 
-0.018036 -0.002563 
-0.019562 -0.002930 
-0.020050 -0.002777 
-0.020721 -0.003571 
-0.021393 -0.003571 
-0.020813 -0.004425 
-0.021118 -0.005402 
-0.020752 -0.006073 
-0.019623 -0.007294 
-0.018555 -0.007599 
-0.017120 -0.008118 
-0.014801 -0.009521 
-0.012238 -0.011261 
-0.009705 -0.013031 
-0.006470 -0.014099 
-0.003448 -0.014954 
-0.000305 -0.016357 
0.002625 -0.017761 
0.006378 -0.019043 
0.008972 -0.019196 
0.011749 -0.019745 
0.015472 -0.020294 
0.017456 -0.020538 
0.019775 -0.020447 
0.021423 -0.019653 
0.022369 -0.018860 
0.023010 -0.017273 
0.023407 -0.016022 
0.023560 -0.013489 
0.022736 -0.010651 
0.021729 -0.008514 
0.020264 -0.005890 
0.019012 -0.002899 
0.017975 0.000732 
0.015778 0.004120 
0.013977 0.006775 
0.012024 0.010193 
0.010040 0.013672 
0.008942 0.015381 
0.007019 0.017700 
0.006104 0.020264 
0.004059 0.021179 
0.002380 0.021942 
0.001770 0.022827 
0.000580 0.022827 
0.000183 0.023041 
-0.001190 0.022797 
-0.001434 0.021515 
-0.002258 0.020569 
-0.002716 0.018890 
-0.002563 0.017273 
-0.002930 0.015747 
-0.002777 0.013916 
-0.003571 0.012238 
-0.003571 0.011078 
-0.004425 0.009247 
-0.005402 0.006897 
-0.006073 0.005646 
-0.007294 0.004639 
-0.007599 0.003876 
-0.008118 0.002319 
-0.009521 0.001251 
-0.011261 0.000519 
-0.013031 -0.000214 
-0.014099 -0.000610 
-0.014954 -0.001251 
-0.016357 -0.001343 
-0.017761 -0.001953 
-0.019043 -0.002136 
-0.019196 -0.002075 
-0.019745 -0.002991 
-0.020294 -0.003571 
-0.020538 -0.003418 
-0.020447 -0.004883 
-0.019653 -0.006012 
-0.018860 -0.006653 
-0.017273 -0.007690 
-0.016022 -0.008087 
-0.013489 -0.010193 
-0.010651 -0.011963 
-0.008514 -0.013580 
-0.005890 -0.015045 
-0.002899 -0.015594 
0.000732 -0.017578 
0.004120 -0.019348 
0.006775 -0.019928 
0.010193 -0.020599 
0.013672 -0.020905 
0.015381 -0.021118 
0.017700 -0.021271 
0.020264 -0.021240 
0.021179 -0.020691 
0.021942 -0.019226 
0.022827 -0.017517 
0.022827 -0.015045 
0.023041 -0.013245 
0.022797 -0.010590 
0.021515 -0.006866 
0.020569 -0.004059 
0.018890 -0.001099 
0.017273 0.002441 
0.015747 0.005768 
0.013916 0.008820 
0.012238 0.012360 
0.011078 0.014343 
0.009247 0.016785 
0.006897 0.019104 
0.005646 0.020569 
0.004639 0.022156 
0.003876 0.022675 
0.002319 0.023285 
0.001251 0.022949 
0.000519 0.022766 
-0.000214 0.022034 
-0.000610 0.020630 
-0.001251 0.019379 
-0.001343 0.018127 
-0.001953 0.016449 
-0.002136 0.014496 
-0.002075 0.013184 
-0.002991 0.010834 
-0.003571 0.008820 
-0.003418 0.008301 
-0.004883 0.006958 
-0.006012 0.004852 
-0.006653 0.003998 
-0.007690 0.002686 
-0.008087 0.001434 
-0.010193 0.001526 
-0.011963 0.000488 
-0.013580 -0.000458 
-0.015045 -0.000519 
-0.015594 -0.001678 
-0.017578 -0.002197 
-0.019348 -0.001099 
-0.019928 -0.002228 
-0.020599 -0.002808 
-0.020905 -0.002930 
-0.021118 -0.003937 
-0.021271 -0.004272 
-0.021240 -0.005280 
-0.020691 -0.005890 
-0.019226 -0.006714 
-0.017517 -0.008179 
-0.015045 -0.008911 
-0.013245 -0.010010 
-0.010590 -0.012207 
-0.006866 -0.013641 
-0.004059 -0.015442 
-0.001099 -0.016998 
0.002441 -0.018280 
0.005768 -0.019287 
0.008820 -0.019745 
0.012360 -0.021240 
0.014343 -0.020996 
0.016785 -0.020996 
0.019104 -0.020660 
0.020569 -0.019623 
0.022156 -0.019043 
0.022675 -0.017731 
0.023285 -0.016357 
0.022949 -0.014191 
0.022766 -0.012146 
0.022034 -0.009644 
0.020630 -0.007111 
0.019379 -0.003448 
0.018127 0.000031 
0.016449 0.003143 
0.014496 0.006531 
0.013184 0.009155 
0.010834 0.012939 
0.008820 0.015106 
0.008301 0.016937 
0.006958 0.019623 
0.004852 0.021240 
0.003998 0.022125 
0.002686 0.022644 
0.001434 0.023102 
0.001526 0.022430 
0.000488 0.021912 
-0.000458 0.021912 
-0.000519 0.020599 
-0.001678 0.019623 
-0.002197 0.018524 
-0.001099 0.016602 
-0.002228 0.015137 
-0.002808 0.013092 
-0.002930 0.011444 
-0.003937 0.009796 
-0.004272 0.007996 
-0.005280 0.006958 
-0.005890 0.005585 
-0.006714 0.004211 
-0.008179 0.003235 
-0.008911 0.002533 
-0.010010 0.001038 
-0.012207 0.000458 
-0.013641 0.000763 
-0.015442 -0.000183 
-0.016998 -0.000275 
-0.018280 -0.000610 
-0.019287 -0.001648 
-0.019745 -0.001678 
-0.021240 -0.002075 
-0.020996 -0.002258 
-0.020996 -0.002563 
-0.020660 -0.003479 
-0.019623 -0.004181 
-0.019043 -0.005280 
-0.017731 -0.006470 
-0.016357 -0.007721 
-0.014191 -0.008972 
-0.012146 -0.010742 
-0.009644 -0.012177 
-0.007111 -0.013458 
-0.003448 -0.015167 
0.000031 -0.016693 
0.003143 -0.017975 
0.006531 -0.018921 
0.009155 -0.019867 
0.012939 -0.020172 
0.015106 -0.021179 
0.016937 -0.021393 
0.019623 -0.020935 
0.021240 -0.020874 
0.022125 -0.019318 
0.022644 -0.017761 
0.023102 -0.016052 
0.022430 -0.014191 
0.021912 -0.012207 
0.021912 -0.009430 
0.020599 -0.006134 
0.019623 -0.002563 
0.018524 0.000580 
0.016602 0.003784 
0.015137 0.007080 
0.013092 0.010345 
0.011444 0.013275 
0.009796 0.015717 
0.007996 0.017639 
0.006958 0.019348 
0.005585 0.020782 
0.004211 0.021759 
0.003235 0.022491 
0.002533 0.022522 
0.001038 0.022644 
0.000458 0.022247 
0.000763 0.021637 
-0.000183 0.020874 
-0.000275 0.018951 
-0.000610 0.017761 
-0.001648 0.016083 
-0.001678 0.014008 
-0.002075 0.013214 
-0.002258 0.011353 
-0.002563 0.009613 
-0.003479 0.008484 
-0.004181 0.006409 
-0.005280 0.005005 
-0.006470 0.003784 
-0.007721 0.002258 
-0.008972 0.002106 
-0.010742 0.001312 
-0.012177 0.000214 
-0.013458 0.000275 
-0.015167 -0.000183 
-0.016693 -0.000397 
-0.017975 -0.000610 
-0.018921 -0.001160 
-0.019867 -0.001648 
-0.020172 -0.001953 
-0.021179 -0.002594 
-0.021393 -0.003174 
-0.020935 -0.003143 
-0.020874 -0.004425 
-0.019318 -0.005554 
-0.017761 -0.006226 
-0.016052 -0.007477 
-0.014191 -0.009216 
-0.012207 -0.010712 
-0.009430 -0.011871 
-0.006134 -0.013580 
-0.002563 -0.015411 
0.000580 -0.016724 
0.003784 -0.017914 
0.007080 -0.018982 
0.010345 -0.019318 
0.013275 -0.020264 
0.015717 -0.020813 
0.017639 -0.021118 
0.019348 -0.020660 
0.020782 -0.019714 
0.021759 -0.019196 
0.022491 -0.017365 
0.022522 -0.016174 
0.022644 -0.013763 
0.022247 -0.011292 
0.021637 -0.008881 
0.020874 -0.005249 
0.018951 -0.002655 
0.017761 0.000793 
0.016083 0.004333 
0.014008 0.007111 
0.013214 0.009857 
0.011353 0.012421 
0.009613 0.014893 
0.008484 0.017456 
0.006409 0.019470 
0.005005 0.021057 
0.003784 0.021393 
0.002258 0.021484 
0.002106 0.022705 
0.001312 0.021729 
0.000214 0.021301 
0.000275 0.020844 
-0.000183 0.019440 
-0.000397 0.018616 
-0.000610 0.016815 
-0.001160 0.015686 
-0.001648 0.013763 
-0.001953 0.011841 
-0.002594 0.010834 
-0.003174 0.009247 
-0.003143 0.007721 
-0.004425 0.006500 
-0.005554 0.005554 
-0.006226 0.004150 
-0.007477 0.002899 
-0.009216 0.001740 
-0.010712 0.001068 
-0.011871 0.000641 
-0.013580 0.000000 
-0.015411 -0.000397 
-0.016724 -0.001038 
-0.017914 -0.000946 
-0.018982 -0.001617 
-0.019318 -0.002075 
-0.020264 -0.002258 
-0.020813 -0.002930 
-0.021118 -0.003174 
-0.020660 -0.004303 
-0.019714 -0.004669 
-0.019196 -0.006134 
-0.017365 -0.007690 
-0.016174 -0.008911 
-0.013763 -0.010864 
-0.011292 -0.012054 
-0.008881 -0.014038 
-0.005249 -0.015228 
-0.002655 -0.016602 
0.000793 -0.017883 
0.004333 -0.018768 
0.007111 -0.020386 
0.009857 -0.021393 
0.012421 -0.022186 
0.014893 -0.021942 
0.017456 -0.021729 
0.019470 -0.021698 
0.021057 -0.021027 
0.021393 -0.019562 
0.021484 -0.018127 
0.022705 -0.016174 
0.021729 -0.013245 
0.021301 -0.010803 
0.020844 -0.007721 
0.019440 -0.004730 
0.018616 -0.001495 
0.016815 0.002045 
0.015686 0.004761 
0.013763 0.007935 
0.011841 0.010742 
0.010834 0.013214 
0.009247 0.015991 
0.007721 0.017792 
0.006500 0.019958 
0.005554 0.021759 
0.004150 0.021332 
0.002899 0.021851 
0.001740 0.022369 
0.001068 0.021515 
0.000641 0.021149 
0.000000 0.019958 
-0.000397 0.019348 
-0.001038 0.018646 
-0.000946 0.016571 
-0.001617 0.015015 
-0.002075 0.013306 
-0.002258 0.012177 
-0.002930 0.010803 
-0.003174 0.009003 
-0.004303 0.007416 
-0.004669 0.006134 
-0.006134 0.005127 
-0.007690 0.003571 
-0.008911 0.003418 
-0.010864 0.002411 
-0.012054 0.001099 
-0.014038 0.000916 
-0.015228 0.000641 
-0.016602 0.000397 
-0.017883 -0.000092 
-0.018768 -0.000702 
-0.020386 -0.001221 
-0.021393 -0.000854 
-0.022186 -0.001648 
-0.021942 -0.002472 
-0.021729 -0.003571 
-0.021698 -0.004211 
-0.021027 -0.004761 
-0.019562 -0.007202 
-0.018127 -0.007568 
-0.016174 -0.009216 
-0.013245 -0.010834 
-0.010803 -0.011688 
-0.007721 -0.014038 
-0.004730 -0.015106 
-0.001495 -0.016296 
0.002045 -0.017700 
0.004761 -0.018707 
0.007935 -0.020111 
0.010742 -0.021057 
0.013214 -0.021210 
0.015991 -0.022003 
0.017792 -0.021881 
0.019958 -0.020905 
0.021759 -0.020325 
0.021332 -0.018951 
0.021851 -0.017090 
0.022369 -0.015411 
0.021515 -0.013153 
0.021149 -0.009949 
0.019958 -0.006836 
0.019348 -0.003204 
0.018646 -0.000519 
0.016571 0.002167 
0.015015 0.005890 
0.013306 0.008148 
0.012177 0.010651 
0.010803 0.013794 
0.009003 0.015900 
0.007416 0.017883 
0.006134 0.019409 
0.005127 0.019897 
0.003571 0.020935 
0.003418 0.021515 
0.002411 0.021729 
0.001099 0.021332 
0.000916 0.020477 
0.000641 0.020142 
0.000397 0.019196 
-0.000092 0.018036 
-0.000702 0.016388 
-0.001221 0.014923 
-0.000854 0.013062 
-0.001648 0.011658 
-0.002472 0.010712 
-0.003571 0.008484 
-0.004211 0.007233 
-0.004761 0.006226 
-0.007202 0.004669 
-0.007568 0.004364 
-0.009216 0.003815 
-0.010834 0.002106 
-0.011688 0.001770 
-0.014038 0.001190 
-0.015106 0.000519 
-0.016296 0.000427 
-0.017700 -0.000732 
-0.018707 -0.000275 
-0.020111 -0.000763 
-0.021057 -0.001923 
-0.021210 -0.002228 
-0.022003 -0.003235 
-0.021881 -0.002716 
-0.020905 -0.003754 
-0.020325 -0.005798 
-0.018951 -0.006348 
-0.017090 -0.007751 
-0.015411 -0.008942 
-0.013153 -0.010468 
-0.009949 -0.012756 
-0.006836 -0.014069 
-0.003204 -0.015289 
-0.000519 -0.016632 
0.002167 -0.018250 
0.005890 -0.019653 
0.008148 -0.020538 
0.010651 -0.021545 
0.013794 -0.021423 
0.015900 -0.021149 
0.017883 -0.021484 
0.019409 -0.021057 
0.019897 -0.019562 
0.020935 -0.018127 
0.021515 -0.016571 
0.021729 -0.014130 
0.021332 -0.011444 
0.020477 -0.008453 
0.020142 -0.006042 
0.019196 -0.003326 
0.018036 0.000305 
0.016388 0.003479 
0.014923 0.006653 
0.013062 0.009308 
0.011658 0.011566 
0.010712 0.013763 
0.008484 0.016296 
0.007233 0.018188 
0.006226 0.019287 
0.004669 0.020660 
0.004364 0.020874 
0.003815 0.021484 
0.002106 0.021545 
0.001770 0.020508 
0.001190 0.020111 
0.000519 0.019165 
0.000427 0.018433 
-0.000732 0.017120 
-0.000275 0.015381 
-0.000763 0.013794 
-0.001923 0.012115 
-0.002228 0.010864 
-0.003235 0.009338 
-0.002716 0.008209 
-0.003754 0.006866 
-0.005798 0.005524 
-0.006348 0.004944 
-0.007751 0.003723 
-0.008942 0.002472 
-0.010468 0.002075 
-0.012756 0.001709 
-0.014069 0.000946 
-0.015289 0.000641 
-0.016632 0.000275 
-0.018250 -0.000397 
-0.019653 -0.000244 
-0.020538 -0.000519 
-0.021545 -0.001587 
-0.021423 -0.001740 
-0.021149 -0.002441 
-0.021484 -0.003479 
-0.021057 -0.004150 
-0.019562 -0.005432 
-0.018127 -0.006500 
-0.016571 -0.008209 
-0.014130 -0.009369 
-0.011444 -0.010101 
-0.008453 -0.011658 
-0.006042 -0.013275 
-0.003326 -0.014954 
0.000305 -0.016357 
0.003479 -0.017761 
0.006653 -0.019226 
0.009308 -0.020508 
0.011566 -0.020782 
0.013763 -0.021606 
0.016296 -0.022003 
0.018188 -0.021179 
0.019287 -0.020508 
0.020660 -0.019409 
0.020874 -0.018127 
0.021484 -0.016022 
0.021545 -0.013916 
0.020508 -0.011169 
0.020111 -0.008484 
0.019165 -0.005829 
0.018433 -0.002594 
0.017120 0.000916 
0.015381 0.004395 
0.013794 0.006439 
0.012115 0.009216 
0.010864 0.012115 
0.009338 0.014801 
0.008209 0.016815 
0.006866 0.019043 
0.005524 0.019928 
0.004944 0.020294 
0.003723 0.021851 
0.002472 0.021210 
0.002075 0.021332 
0.001709 0.020630 
0.000946 0.019958 
0.000641 0.019836 
0.000275 0.018127 
-0.000397 0.016388 
-0.000244 0.014496 
-0.000519 0.012909 
-0.001587 0.011353 
-0.001740 0.010559 
-0.002441 0.009094 
-0.003479 0.007874 
-0.004150 0.006470 
-0.005432 0.004761 
-0.006500 0.003571 
-0.008209 0.002411 
-0.009369 0.002167 
-0.010101 0.001617 
-0.011658 0.000916 
-0.013275 0.000092 
-0.014954 -0.000031 
-0.016357 -0.000397 
-0.017761 -0.000610 
-0.019226 -0.000549 
-0.020508 -0.001099 
-0.020782 -0.001984 
-0.021606 -0.002808 
-0.022003 -0.003357 
-0.021179 -0.004883 
-0.020508 -0.005310 
-0.019409 -0.006470 
-0.018127 -0.008057 
-0.016022 -0.009064 
-0.013916 -0.009827 
-0.011169 -0.011047 
-0.008484 -0.013184 
-0.005829 -0.014069 
-0.002594 -0.015961 
0.000916 -0.017670 
0.004395 -0.018951 
0.006439 -0.019897 
0.009216 -0.020508 
0.012115 -0.021484 
0.014801 -0.021606 
0.016815 -0.021362 
0.019043 -0.021210 
0.019928 -0.021057 
0.020294 -0.019318 
0.021851 -0.017487 
0.021210 -0.015747 
0.021332 -0.013062 
0.020630 -0.010193 
0.019958 -0.007599 
0.019836 -0.004333 
0.018127 -0.000488 
0.016388 0.001770 
0.014496 0.004517 
0.012909 0.007538 
0.011353 0.010315 
0.010559 0.013275 
0.009094 0.015320 
0.007874 0.017059 
0.006470 0.018829 
0.004761 0.019714 
0.003571 0.020233 
0.002411 0.021179 
0.002167 0.020996 
0.001617 0.020813 
0.000916 0.020416 
0.000092 0.019714 
-0.000031 0.019440 
-0.000397 0.017731 
-0.000610 0.015930 
-0.000549 0.014404 
-0.001099 0.012848 
-0.001984 0.012115 
-0.002808 0.010468 
-0.003357 0.008392 
-0.004883 0.007233 
-0.005310 0.005768 
-0.006470 0.004517 
-0.008057 0.003906 
-0.009064 0.002777 
-0.009827 0.002502 
-0.011047 0.002533 
-0.013184 0.001434 
-0.014069 0.001190 
-0.015961 0.000885 
-0.017670 -0.000092 
-0.018951 -0.000610 
-0.019897 -0.000580 
-0.020508 -0.000397 
-0.021484 -0.001099 
-0.021606 -0.002197 
-0.021362 -0.002960 
-0.021210 -0.003845 
-0.021057 -0.005463 
-0.019318 -0.006073 
-0.017487 -0.006592 
-0.015747 -0.008545 
-0.013062 -0.010040 
-0.010193 -0.011871 
-0.007599 -0.013397 
-0.004333 -0.015442 
-0.000488 -0.017334 
0.001770 -0.017883 
0.004517 -0.019073 
0.007538 -0.020020 
0.010315 -0.020721 
0.013275 -0.020966 
0.015320 -0.021393 
0.017059 -0.021881 
0.018829 -0.020782 
0.019714 -0.020172 
0.020233 -0.019318 
0.021179 -0.016907 
0.020996 -0.014709 
0.020813 -0.012482 
0.020416 -0.009491 
0.019714 -0.006561 
0.019440 -0.003632 
0.017731 -0.000488 
0.015930 0.002106 
0.014404 0.005188 
0.012848 0.008453 
0.012115 0.010345 
0.010468 0.013245 
0.008392 0.015259 
0.007233 0.016418 
0.005768 0.018494 
0.004517 0.018982 
0.003906 0.020050 
0.002777 0.020203 
0.002502 0.020050 
0.002533 0.020172 
0.001434 0.019379 
0.001190 0.019501 
0.000885 0.017578 
-0.000092 0.016541 
-0.000610 0.015686 
-0.000580 0.013824 
-0.000397 0.013092 
-0.001099 0.011200 
-0.002197 0.009827 
-0.002960 0.008545 
-0.003845 0.007233 
-0.005463 0.006073 
-0.006073 0.004883 
-0.006592 0.003876 
-0.008545 0.003143 
-0.010040 0.002441 
-0.011871 0.001831 
-0.013397 0.001587 
-0.015442 0.000641 
-0.017334 0.000824 
-0.017883 0.000397 
-0.019073 -0.000153 
-0.020020 -0.000702 
-0.020721 -0.001678 
-0.020966 -0.001434 
-0.021393 -0.002136 
-0.021881 -0.003326 
-0.020782 -0.004486 
-0.020172 -0.005066 
-0.019318 -0.006561 
-0.016907 -0.008301 
-0.014709 -0.009369 
-0.012482 -0.011261 
-0.009491 -0.012634 
-0.006561 -0.014160 
-0.003632 -0.015686 
-0.000488 -0.017303 
0.002106 -0.018890 
0.005188 -0.020416 
0.008453 -0.021057 
0.010345 -0.021057 
0.013245 -0.022064 
0.015259 -0.022583 
0.016418 -0.021973 
0.018494 -0.020935 
0.018982 -0.020264 
0.020050 -0.019409 
0.020203 -0.016998 
0.020050 -0.014557 
0.020172 -0.012146 
0.019379 -0.008728 
0.019501 -0.006317 
0.017578 -0.003143 
0.016541 -0.000061 
0.015686 0.002228 
0.013824 0.005707 
0.013092 0.008331 
0.011200 0.010315 
0.009827 0.012177 
0.008545 0.015137 
0.007233 0.017120 
0.006073 0.018066 
0.004883 0.019135 
0.003876 0.019196 
0.003143 0.020111 
0.002441 0.020447 
0.001831 0.020020 
0.001587 0.019012 
0.000641 0.018005 
0.000824 0.016968 
0.000397 0.015900 
-0.000153 0.014587 
-0.000702 0.012695 
-0.001678 0.012299 
-0.001434 0.011108 
-0.002136 0.008972 
-0.003326 0.007538 
-0.004486 0.006500 
-0.005066 0.005432 
-0.006561 0.004578 
-0.008301 0.003479 
-0.009369 0.002930 
-0.011261 0.002869 
-0.012634 0.001984 
-0.014160 0.002197 
-0.015686 0.002045 
-0.017303 0.001343 
-0.018890 0.000763 
-0.020416 0.000244 
-0.021057 -0.000214 
-0.021057 -0.000793 
-0.022064 -0.001312 
-0.022583 -0.002655 
-0.021973 -0.003052 
-0.020935 -0.003967 
-0.020264 -0.005524 
-0.019409 -0.006561 
-0.016998 -0.007660 
-0.014557 -0.008728 
-0.012146 -0.010590 
-0.008728 -0.011353 
-0.006317 -0.013031 
-0.003143 -0.015869 
-0.000061 -0.017029 
0.002228 -0.018219 
0.005707 -0.019623 
0.008331 -0.020874 
0.010315 -0.021484 
0.012177 -0.021637 
0.015137 -0.021698 
0.017120 -0.020905 
0.018066 -0.020203 
0.019135 -0.019562 
0.019196 -0.017853 
0.020111 -0.015778 
0.020447 -0.013824 
0.020020 -0.010956 
0.019012 -0.008209 
0.018005 -0.005310 
0.016968 -0.001984 
0.015900 0.001007 
0.014587 0.004089 
0.012695 0.006348 
0.012299 0.008911 
0.011108 0.011841 
0.008972 0.014465 
0.007538 0.016418 
0.006500 0.017426 
0.005432 0.019012 
0.004578 0.019836 
0.003479 0.020294 
0.002930 0.020142 
0.002869 0.019806 
0.001984 0.020233 
0.002197 0.019653 
0.002045 0.019012 
0.001343 0.017578 
0.000763 0.016327 
0.000244 0.015076 
-0.000214 0.013184 
-0.000793 0.012360 
-0.001312 0.010651 
-0.002655 0.009247 
-0.003052 0.007996 
-0.003967 0.006744 
-0.005524 0.006073 
-0.006561 0.004639 
-0.007660 0.003693 
-0.008728 0.003082 
-0.010590 0.003204 
-0.011353 0.002747 
-0.013031 0.001923 
-0.015869 0.001556 
-0.017029 0.001251 
-0.018219 0.001312 
-0.019623 0.000366 
-0.020874 -0.000214 
-0.021484 -0.000519 
-0.021637 -0.001190 
-0.021698 -0.002319 
-0.020905 -0.003632 
-0.020203 -0.003906 
-0.019562 -0.005676 
-0.017853 -0.007263 
-0.015778 -0.008057 
-0.013824 -0.010010 
-0.010956 -0.011536 
-0.008209 -0.013031 
-0.005310 -0.014587 
-0.001984 -0.016022 
0.001007 -0.017883 
0.004089 -0.019897 
0.006348 -0.020416 
0.008911 -0.020935 
0.011841 -0.022125 
0.014465 -0.022095 
0.016418 -0.022522 
0.017426 -0.021973 
0.019012 -0.020844 
0.019836 -0.019836 
0.020294 -0.017181 
0.020142 -0.015594 
0.019806 -0.013428 
0.020233 -0.010284 
0.019653 -0.007751 
0.019012 -0.004669 
0.017578 -0.001434 
0.016327 0.001526 
0.015076 0.004150 
0.013184 0.007416 
0.012360 0.010101 
0.010651 0.011749 
0.009247 0.013550 
0.007996 0.015381 
0.006744 0.017456 
0.006073 0.018524 
0.004639 0.019379 
0.003693 0.020294 
0.003082 0.020111 
0.003204 0.019531 
0.002747 0.019104 
0.001923 0.018585 
0.001556 0.017548 
0.001251 0.016235 
0.001312 0.014984 
0.000366 0.013428 
-0.000214 0.011963 
-0.000519 0.010895 
-0.001190 0.009216 
-0.002319 0.008179 
-0.003632 0.006897 
-0.003906 0.005768 
-0.005676 0.005920 
-0.007263 0.004700 
-0.008057 0.004181 
-0.010010 0.003876 
-0.011536 0.002838 
-0.013031 0.002594 
-0.014587 0.001831 
-0.016022 0.001282 
-0.017883 0.000854 
-0.019897 0.000305 
-0.020416 -0.000671 
-0.020935 -0.001221 
-0.022125 -0.001373 
-0.022095 -0.002411 
-0.022522 -0.002960 
-0.021973 -0.004242 
-0.020844 -0.004974 
-0.019836 -0.005402 
-0.017181 -0.007599 
-0.015594 -0.008850 
-0.013428 -0.010010 
-0.010284 -0.011688 
-0.007751 -0.013245 
-0.004669 -0.014862 
-0.001434 -0.016235 
0.001526 -0.018494 
0.004150 -0.019379 
0.007416 -0.019806 
0.010101 -0.021515 
0.011749 -0.021790 
0.013550 -0.022125 
0.015381 -0.022064 
0.017456 -0.020416 
0.018524 -0.019745 
0.019379 -0.018372 
0.020294 -0.016052 
0.020111 -0.014282 
0.019531 -0.011902 
0.019104 -0.009613 
0.018585 -0.006775 
0.017548 -0.003387 
0.016235 -0.000427 
0.014984 0.002533 
0.013428 0.005096 
0.011963 0.007507 
0.010895 0.010315 
0.009216 0.013062 
0.008179 0.014618 
0.006897 0.016205 
0.005768 0.017639 
0.005920 0.018707 
0.004700 0.019562 
0.004181 0.019684 
0.003876 0.020142 
0.002838 0.019470 
0.002594 0.018921 
0.001831 0.018463 
0.001282 0.016693 
0.000854 0.015656 
0.000305 0.014801 
-0.000671 0.013367 
-0.001221 0.012421 
-0.001373 0.011414 
-0.002411 0.009460 
-0.002960 0.008362 
-0.004242 0.007202 
-0.004974 0.006348 
-0.005402 0.005859 
-0.007599 0.004608 
-0.008850 0.003998 
-0.010010 0.003387 
-0.011688 0.003265 
-0.013245 0.001862 
-0.014862 0.001160 
-0.016235 0.001892 
-0.018494 0.001068 
-0.019379 0.000244 
-0.019806 -0.000580 
-0.021515 -0.000366 
-0.021790 -0.001038 
-0.022125 -0.002594 
-0.022064 -0.003326 
-0.020416 -0.004425 
-0.019745 -0.005219 
-0.018372 -0.006226 
-0.016052 -0.007690 
-0.014282 -0.008942 
-0.011902 -0.010712 
-0.009613 -0.012817 
-0.006775 -0.013672 
-0.003387 -0.015930 
-0.000427 -0.017822 
0.002533 -0.018463 
0.005096 -0.020172 
0.007507 -0.020691 
0.010315 -0.021973 
0.013062 -0.022217 
0.014618 -0.020966 
0.016205 -0.021210 
0.017639 -0.020630 
0.018707 -0.019226 
0.019562 -0.017426 
0.019684 -0.015533 
0.020142 -0.013733 
0.019470 -0.010925 
0.018921 -0.008850 
0.018463 -0.006470 
0.016693 -0.002747 
0.015656 -0.000366 
0.014801 0.002655 
0.013367 0.005707 
0.012421 0.008453 
0.011414 0.011169 
0.009460 0.012238 
0.008362 0.014832 
0.007202 0.016632 
0.006348 0.017151 
0.005859 0.018646 
0.004608 0.019165 
0.003998 0.019958 
0.003387 0.020203 
0.003265 0.019348 
0.001862 0.019104 
0.001160 0.018372 
0.001892 0.017059 
0.001068 0.016205 
0.000244 0.014740 
-0.000580 0.013123 
-0.000366 0.012451 
-0.001038 0.010742 
-0.002594 0.009094 
-0.003326 0.008240 
-0.004425 0.006622 
-0.005219 0.006104 
-0.006226 0.005890 
-0.007690 0.005096 
-0.008942 0.004150 
-0.010712 0.003326 
-0.012817 0.003296 
-0.013672 0.003082 
-0.015930 0.002472 
-0.017822 0.001678 
-0.018463 0.001801 
-0.020172 0.000977 
-0.020691 -0.000671 
-0.021973 -0.000854 
-0.022217 -0.001312 
-0.020966 -0.001770 
-0.021210 -0.003052 
-0.020630 -0.004456 
-0.019226 -0.004822 
-0.017426 -0.005890 
-0.015533 -0.007629 
-0.013733 -0.009583 
-0.010925 -0.010773 
-0.008850 -0.012390 
-0.006470 -0.014954 
-0.002747 -0.016479 
-0.000366 -0.017181 
0.002655 -0.018951 
0.005707 -0.020386 
0.008453 -0.021210 
0.011169 -0.022247 
0.012238 -0.022064 
0.014832 -0.022125 
0.016632 -0.021790 
0.017151 -0.020935 
0.018646 -0.019806 
0.019165 -0.017273 
0.019958 -0.015778 
0.020203 -0.013611 
0.019348 -0.010498 
0.019104 -0.008698 
0.018372 -0.005585 
0.017059 -0.002228 
0.016205 0.000092 
0.014740 0.002716 
0.013123 0.006134 
0.012451 0.008789 
0.010742 0.010223 
0.009094 0.012482 
0.008240 0.014557 
0.006622 0.016632 
0.006104 0.018158 
0.005890 0.018799 
0.005096 0.019653 
0.004150 0.019531 
0.003326 0.019501 
0.003296 0.019165 
0.003082 0.018616 
0.002472 0.017792 
0.001678 0.016296 
0.001801 0.015930 
0.000977 0.014343 
-0.000671 0.012573 
-0.000854 0.012024 
-0.001312 0.010101 
-0.001770 0.008911 
-0.003052 0.007904 
-0.004456 0.006836 
-0.004822 0.006256 
-0.005890 0.004395 
-0.007629 0.003815 
-0.009583 0.003693 
-0.010773 0.003235 
-0.012390 0.002991 
-0.014954 0.002014 
-0.016479 0.001862 
-0.017181 0.001587 
-0.018951 0.001038 
-0.020386 0.000763 
-0.021210 -0.000153 
-0.022247 -0.001007 
-0.022064 -0.001709 
-0.022125 -0.002441 
-0.021790 -0.002686 
-0.020935 -0.003632 
-0.019806 -0.004761 
-0.017273 -0.006287 
-0.015778 -0.007721 
-0.013611 -0.008728 
-0.010498 -0.011353 
-0.008698 -0.013367 
-0.005585 -0.014709 
-0.002228 -0.016479 
0.000092 -0.018005 
0.002716 -0.019318 
0.006134 -0.020660 
0.008789 -0.021606 
0.010223 -0.021393 
0.012482 -0.021667 
0.014557 -0.022003 
0.016632 -0.021423 
0.018158 -0.020294 
0.018799 -0.019287 
0.019653 -0.017456 
0.019531 -0.014801 
0.019501 -0.012604 
0.019165 -0.009460 
0.018616 -0.007355 
0.017792 -0.004639 
0.016296 -0.000824 
0.015930 0.001373 
0.014343 0.004089 
0.012573 0.006409 
0.012024 0.008789 
0.010101 0.011627 
0.008911 0.013367 
0.007904 0.015350 
0.006836 0.016968 
0.006256 0.018250 
0.004395 0.019073 
0.003815 0.019012 
0.003693 0.018829 
0.003235 0.018982 
0.002991 0.018341 
0.002014 0.017365 
0.001862 0.016663 
0.001587 0.015381 
0.001038 0.014343 
0.000763 0.012634 
-0.000153 0.011597 
-0.001007 0.010712 
-0.001709 0.008789 
-0.002441 0.008606 
-0.002686 0.007843 
-0.003632 0.006470 
-0.004761 0.005890 
-0.006287 0.005493 
-0.007721 0.004883 
-0.008728 0.004150 
-0.011353 0.003632 
-0.013367 0.002686 
-0.014709 0.002167 
-0.016479 0.001892 
-0.018005 0.001434 
-0.019318 0.000702 
-0.020660 0.000061 
-0.021606 -0.000031 
-0.021393 -0.000458 
-0.021667 -0.000824 
-0.022003 -0.001709 
-0.021423 -0.003387 
-0.020294 -0.004456 
-0.019287 -0.005707 
-0.017456 -0.007294 
-0.014801 -0.008728 
-0.012604 -0.010406 
-0.009460 -0.012207 
-0.007355 -0.014038 
-0.004639 -0.015381 
-0.000824 -0.017517 
0.001373 -0.019531 
0.004089 -0.020203 
0.006409 -0.021301 
0.008789 -0.022552 
0.011627 -0.022614 
0.013367 -0.021881 
0.015350 -0.021667 
0.016968 -0.021057 
0.018250 -0.019867 
0.019073 -0.018433 
0.019012 -0.016327 
0.018829 -0.013916 
0.018982 -0.011658 
0.018341 -0.009338 
0.017365 -0.006104 
0.016663 -0.003143 
0.015381 -0.000854 
0.014343 0.001953 
0.012634 0.004974 
0.011597 0.007721 
0.010712 0.010437 
0.008789 0.012390 
0.008606 0.014374 
0.007843 0.015930 
0.006470 0.017456 
0.005890 0.018921 
0.005493 0.019073 
0.004883 0.019958 
0.004150 0.020081 
0.003632 0.019592 
0.002686 0.019226 
0.002167 0.018829 
0.001892 0.017639 
0.001434 0.015839 
0.000702 0.014984 
0.000061 0.013580 
-0.000031 0.012665 
-0.000458 0.011414 
-0.000824 0.010376 
-0.001709 0.009460 
-0.003387 0.008392 
-0.004456 0.008209 
-0.005707 0.007111 
-0.007294 0.006165 
-0.008728 0.004944 
-0.010406 0.004395 
-0.012207 0.004150 
-0.014038 0.003326 
-0.015381 0.002808 
-0.017517 0.002441 
-0.019531 0.001801 
-0.020203 0.000977 
-0.021301 0.000977 
-0.022552 0.000092 
-0.022614 -0.001068 
-0.021881 -0.001221 
-0.021667 -0.001495 
-0.021057 -0.003021 
-0.019867 -0.004761 
-0.018433 -0.005646 
-0.016327 -0.006958 
-0.013916 -0.008636 
-0.011658 -0.010254 
-0.009338 -0.012360 
-0.006104 -0.014557 
-0.003143 -0.015930 
-0.000854 -0.017761 
0.001953 -0.019165 
0.004974 -0.019897 
0.007721 -0.021118 
0.010437 -0.021576 
0.012390 -0.022095 
0.014374 -0.021820 
0.015930 -0.021362 
0.017456 -0.020966 
0.018921 -0.019257 
0.019073 -0.017883 
0.019958 -0.015594 
0.020081 -0.013245 
0.019592 -0.011017 
0.019226 -0.007965 
0.018829 -0.005524 
0.017639 -0.002930 
0.015839 0.000092 
0.014984 0.002777 
0.013580 0.004974 
0.012665 0.007996 
0.011414 0.010284 
0.010376 0.012268 
0.009460 0.014709 
0.008392 0.016266 
0.008209 0.017792 
0.007111 0.018433 
0.006165 0.019440 
0.004944 0.019836 
0.004395 0.019073 
0.004150 0.018860 
0.003326 0.018372 
0.002808 0.017426 
0.002441 0.016418 
0.001801 0.015350 
0.000977 0.013855 
0.000977 0.012848 
0.000092 0.011475 
-0.001068 0.010254 
-0.001221 0.009888 
-0.001495 0.009003 
-0.003021 0.007782 
-0.004761 0.006989 
-0.005646 0.006134 
-0.006958 0.004974 
-0.008636 0.004761 
-0.010254 0.004242 
-0.012360 0.003662 
-0.014557 0.003693 
-0.015930 0.003052 
-0.017761 0.002014 
-0.019165 0.001740 
-0.019897 0.001099 
-0.021118 0.000336 
-0.021576 0.000458 
-0.022095 -0.000366 
-0.021820 -0.000824 
-0.021362 -0.001770 
-0.020966 -0.003082 
-0.019257 -0.003906 
-0.017883 -0.005554 
-0.015594 -0.007080 
-0.013245 -0.009033 
-0.011017 -0.010590 
-0.007965 -0.012299 
-0.005524 -0.014465 
-0.002930 -0.016083 
0.000092 -0.018005 
0.002777 -0.018890 
0.004974 -0.019684 
0.007996 -0.020630 
0.010284 -0.021118 
0.012268 -0.021637 
0.014709 -0.020935 
0.016266 -0.020447 
0.017792 -0.020081 
0.018433 -0.018646 
0.019440 -0.016693 
0.019836 -0.014709 
0.019073 -0.012848 
0.018860 -0.010010 
0.018372 -0.007690 
0.017426 -0.005402 
0.016418 -0.002228 
0.015350 0.000946 
0.013855 0.004089 
0.012848 0.007080 
0.011475 0.009583 
0.010254 0.011200 
0.009888 0.013062 
0.009003 0.015045 
0.007782 0.016632 
0.006989 0.018127 
0.006134 0.019104 
0.004974 0.019165 
0.004761 0.019348 
0.004242 0.019043 
0.003662 0.018250 
0.003693 0.018005 
0.003052 0.017242 
0.002014 0.015991 
0.001740 0.015289 
0.001099 0.014282 
0.000336 0.012665 
0.000458 0.011658 
-0.000366 0.010498 
-0.000824 0.010284 
-0.001770 0.009399 
-0.003082 0.007416 
-0.003906 0.007294 
-0.005554 0.006531 
-0.007080 0.004852 
-0.009033 0.004608 
-0.010590 0.004547 
-0.012299 0.003540 
-0.014465 0.003723 
-0.016083 0.003082 
-0.018005 0.002838 
-0.018890 0.002197 
-0.019684 0.000763 
-0.020630 0.000854 
-0.021118 -0.000366 
-0.021637 -0.000244 
-0.020935 -0.001190 
-0.020447 -0.002228 
-0.020081 -0.003113 
-0.018646 -0.005005 
-0.016693 -0.005707 
-0.014709 -0.008392 
-0.012848 -0.010223 
-0.010010 -0.012054 
-0.007690 -0.014221 
-0.005402 -0.015472 
-0.002228 -0.016754 
0.000946 -0.018463 
0.004089 -0.019806 
0.007080 -0.020691 
0.009583 -0.021698 
0.011200 -0.021729 
0.013062 -0.022308 
0.015045 -0.021820 
0.016632 -0.021057 
0.018127 -0.020264 
0.019104 -0.018402 
0.019165 -0.016663 
0.019348 -0.014679 
0.019043 -0.011993 
0.018250 -0.009674 
0.018005 -0.007202 
0.017242 -0.003693 
0.015991 -0.001495 
0.015289 0.001312 
0.014282 0.004211 
0.012665 0.006317 
0.011658 0.008698 
0.010498 0.011230 
0.010284 0.013824 
0.009399 0.015381 
0.007416 0.016693 
0.007294 0.017731 
0.006531 0.018250 
0.004852 0.018372 
0.004608 0.018463 
0.004547 0.017883 
0.003540 0.018036 
0.003723 0.017792 
0.003082 0.016479 
0.002838 0.015808 
0.002197 0.014435 
0.000763 0.013336 
0.000854 0.012024 
-0.000366 0.011749 
-0.000244 0.011139 
-0.001190 0.009399 
-0.002228 0.009277 
-0.003113 0.008087 
-0.005005 0.007080 
-0.005707 0.006500 
-0.008392 0.005463 
-0.010223 0.005402 
-0.012054 0.004517 
-0.014221 0.003845 
-0.015472 0.003540 
-0.016754 0.002991 
-0.018463 0.002899 
-0.019806 0.002411 
-0.020691 0.002045 
-0.021698 0.001556 
-0.021729 0.000977 
-0.022308 -0.000732 
-0.021820 -0.001648 
-0.021057 -0.002106 
-0.020264 -0.003723 
-0.018402 -0.004852 
-0.016663 -0.006989 
-0.014679 -0.007874 
-0.011993 -0.009491 
-0.009674 -0.012085 
-0.007202 -0.013336 
-0.003693 -0.015350 
-0.001495 -0.017242 
0.001312 -0.019073 
0.004211 -0.019684 
0.006317 -0.020508 
0.008698 -0.021790 
0.011230 -0.022278 
0.013824 -0.021698 
0.015381 -0.020844 
0.016693 -0.020844 
0.017731 -0.019257 
0.018250 -0.017792 
0.018372 -0.016052 
0.018463 -0.013824 
0.017883 -0.012115 
0.018036 -0.009033 
0.017792 -0.006042 
0.016479 -0.003418 
0.015808 -0.000641 
0.014435 0.001648 
0.013336 0.004303 
0.012024 0.007477 
0.011749 0.009613 
0.011139 0.011108 
0.009399 0.013245 
0.009277 0.014832 
0.008087 0.016571 
0.007080 0.017609 
0.006500 0.017609 
0.005463 0.018341 
0.005402 0.018188 
0.004517 0.017822 
0.003845 0.017792 
0.003540 0.017181 
0.002991 0.016357 
0.002899 0.015015 
0.002411 0.014252 
0.002045 0.013885 
0.001556 0.012543 
0.000977 0.011353 
-0.000732 0.010498 
-0.001648 0.009735 
-0.002106 0.009064 
-0.003723 0.007782 
-0.004852 0.006348 
-0.006989 0.005920 
-0.007874 0.006439 
-0.009491 0.004883 
-0.012085 0.004150 
-0.013336 0.004730 
-0.015350 0.003906 
-0.017242 0.003693 
-0.019073 0.002777 
-0.019684 0.002106 
-0.020508 0.001648 
-0.021790 0.001068 
-0.022278 0.000427 
-0.021698 -0.001129 
-0.020844 -0.001495 
-0.020844 -0.002625 
-0.019257 -0.004272 
-0.017792 -0.005432 
-0.016052 -0.007019 
-0.013824 -0.008942 
-0.012115 -0.010895 
-0.009033 -0.012329 
-0.006042 -0.014282 
-0.003418 -0.016296 
-0.000641 -0.017517 
0.001648 -0.019165 
0.004303 -0.020630 
0.007477 -0.020905 
0.009613 -0.021576 
0.011108 -0.021332 
