0.001542 -0.092344 
-0.008237 -0.094379 
-0.017425 -0.094182 
-0.026318 -0.092672 
-0.033800 -0.089161 
-0.041578 -0.082992 
-0.048305 -0.074788 
-0.054803 -0.064549 
-0.061103 -0.053162 
-0.065665 -0.040856 
-0.071407 -0.026811 
-0.076395 -0.012733 
-0.080202 0.000230 
-0.084435 0.013159 
-0.087323 0.025596 
-0.089062 0.037148 
-0.089423 0.046796 
-0.087422 0.054868 
-0.084304 0.062908 
-0.079546 0.068618 
-0.071539 0.072392 
-0.061727 0.075181 
-0.050930 0.076658 
-0.039018 0.075805 
-0.025761 0.072326 
-0.012208 0.068060 
0.002035 0.061891 
0.016572 0.054901 
0.029436 0.046894 
0.041315 0.037771 
0.052013 0.028517 
0.061202 0.017228 
0.068749 0.006432 
0.073901 -0.003380 
0.077610 -0.013389 
0.079480 -0.021987 
0.078463 -0.028878 
0.076133 -0.034982 
0.072622 -0.039510 
0.068060 -0.042300 
0.061792 -0.043842 
0.054573 -0.043580 
0.046796 -0.042989 
0.037016 -0.041808 
0.028025 -0.039412 
0.017786 -0.036787 
0.007023 -0.033735 
-0.002625 -0.030716 
-0.013356 -0.027729 
-0.022512 -0.024842 
-0.030355 -0.022249 
-0.037148 -0.018607 
-0.042168 -0.015194 
-0.046631 -0.012929 
-0.049027 -0.010009 
-0.049454 -0.007679 
-0.048699 -0.004693 
-0.046631 -0.001772 
-0.044334 0.000558 
-0.040560 0.004594 
-0.035868 0.007252 
-0.031733 0.010271 
-0.026843 0.014242 
-0.022545 0.016867 
-0.018475 0.020182 
-0.014537 0.024973 
-0.010567 0.030880 
-0.007121 0.036262 
-0.004857 0.041873 
-0.002330 0.047583 
-0.000722 0.053129 
0.001772 0.058347 
0.005021 0.062482 
0.007712 0.066058 
0.011092 0.067568 
0.014111 0.067831 
0.017589 0.066977 
0.021724 0.064582 
0.025498 0.060545 
0.029469 0.054967 
0.033571 0.049651 
0.037935 0.042858 
0.042464 0.035966 
0.046664 0.029436 
0.051029 0.022085 
0.055196 0.015522 
0.058478 0.008073 
0.061661 0.000427 
0.064615 -0.006662 
0.065927 -0.014012 
0.065698 -0.022118 
0.064057 -0.030945 
0.061431 -0.038723 
0.056968 -0.047255 
0.051094 -0.055721 
0.045023 -0.063368 
0.037049 -0.071178 
0.028615 -0.078003 
0.019460 -0.084534 
0.009517 -0.089456 
0.000394 -0.093394 
-0.008434 -0.095396 
-0.017327 -0.095101 
-0.025892 -0.093558 
-0.032553 -0.089095 
-0.039412 -0.083123 
-0.046730 -0.074459 
-0.053424 -0.064188 
-0.059955 -0.052998 
-0.065993 -0.040068 
-0.072129 -0.027828 
-0.077610 -0.015194 
-0.082631 -0.002658 
-0.087553 0.010074 
-0.090408 0.023365 
-0.091885 0.034654 
-0.092180 0.044597 
-0.089916 0.054146 
-0.086765 0.062186 
-0.080497 0.068192 
-0.072917 0.072687 
-0.063991 0.075214 
-0.052112 0.075739 
-0.040790 0.075313 
-0.027040 0.072917 
-0.013651 0.068027 
0.000000 0.062547 
0.014472 0.054835 
0.027073 0.045384 
0.039018 0.036459 
0.049257 0.026384 
0.058905 0.016080 
0.066157 0.005743 
0.071900 -0.004069 
0.075280 -0.013290 
0.076625 -0.022216 
0.077117 -0.028386 
0.074788 -0.033669 
0.071867 -0.038165 
0.067273 -0.040068 
0.061235 -0.041315 
0.054048 -0.042562 
0.045975 -0.042004 
0.036885 -0.040823 
0.026942 -0.039445 
0.016703 -0.036459 
0.005940 -0.033932 
-0.004332 -0.031503 
-0.013783 -0.029141 
-0.022577 -0.026187 
-0.030978 -0.022118 
-0.037049 -0.019591 
-0.041775 -0.016769 
-0.045581 -0.013816 
-0.047911 -0.011650 
-0.048797 -0.008729 
-0.047813 -0.006202 
-0.046435 -0.003839 
-0.043547 -0.000919 
-0.040134 0.001706 
-0.036557 0.004266 
-0.031963 0.006727 
-0.027434 0.009812 
-0.023923 0.013717 
-0.020313 0.018082 
-0.016835 0.023168 
-0.013947 0.028550 
-0.010468 0.035146 
-0.007351 0.041578 
-0.004791 0.047649 
-0.002822 0.053359 
0.000361 0.057920 
0.003249 0.062416 
0.005546 0.065402 
0.009156 0.066748 
0.012043 0.066354 
0.015620 0.064647 
0.019329 0.062317 
0.022413 0.058183 
0.027139 0.052374 
0.031602 0.046435 
0.035605 0.041250 
0.040987 0.035376 
0.046041 0.029108 
0.050733 0.022807 
0.055000 0.016408 
0.059069 0.009517 
0.063138 0.002658 
0.065074 -0.004299 
0.066780 -0.012109 
0.067043 -0.018771 
0.065566 -0.027106 
0.063302 -0.035737 
0.058445 -0.043448 
0.051849 -0.052998 
0.044466 -0.061727 
0.036852 -0.070226 
0.028583 -0.078430 
0.020051 -0.085617 
0.010796 -0.091392 
0.002330 -0.095068 
-0.005152 -0.097365 
-0.012995 -0.096938 
-0.020215 -0.094149 
-0.028222 -0.089128 
-0.035113 -0.082040 
-0.041611 -0.074230 
-0.049913 -0.064615 
-0.056968 -0.053031 
-0.063203 -0.040856 
-0.070456 -0.028484 
-0.077183 -0.015752 
-0.082926 -0.002330 
-0.087750 0.011059 
-0.091064 0.022807 
-0.092869 0.033505 
-0.092213 0.044400 
-0.090408 0.053621 
-0.086929 0.061103 
-0.080596 0.067371 
-0.072950 0.070882 
-0.063171 0.073836 
-0.051718 0.075542 
-0.039215 0.074952 
-0.025465 0.072589 
-0.011551 0.067863 
0.002527 0.062121 
0.015784 0.054606 
0.028090 0.045155 
0.039773 0.035080 
0.049355 0.025006 
0.057822 0.014800 
0.065501 0.004594 
0.070784 -0.004922 
0.074328 -0.013717 
0.076035 -0.020937 
0.076395 -0.027861 
0.076297 -0.033800 
0.073081 -0.037148 
0.068651 -0.039478 
0.063761 -0.041184 
0.055689 -0.041381 
0.046992 -0.040823 
0.038231 -0.040101 
0.028058 -0.038034 
0.017524 -0.036491 
0.007318 -0.034358 
-0.002691 -0.031241 
-0.012339 -0.028386 
-0.021133 -0.025629 
-0.028812 -0.022971 
-0.035015 -0.018902 
-0.040396 -0.016080 
-0.044269 -0.013258 
-0.046139 -0.010698 
-0.046467 -0.009057 
-0.045483 -0.006038 
-0.043415 -0.004693 
-0.040856 -0.002658 
-0.037870 -0.000328 
-0.034358 0.001805 
-0.031142 0.005054 
-0.027434 0.008237 
-0.024382 0.012995 
-0.021659 0.017918 
-0.018147 0.023923 
-0.015555 0.031011 
-0.012700 0.037640 
-0.009451 0.044137 
-0.006333 0.050405 
-0.003413 0.056312 
-0.001149 0.060709 
0.001575 0.063761 
0.004693 0.066223 
0.007646 0.067568 
0.010829 0.066452 
0.014406 0.064615 
0.017753 0.061825 
0.021232 0.058150 
0.025596 0.054540 
0.030092 0.048994 
0.034325 0.043350 
0.039346 0.038559 
0.044794 0.033275 
0.050274 0.026253 
0.056017 0.020018 
0.060316 0.014111 
0.063105 0.006891 
0.065698 0.000066 
0.066518 -0.007548 
0.065894 -0.015030 
0.064090 -0.023824 
0.060053 -0.033899 
0.055426 -0.042989 
0.049749 -0.052407 
0.042365 -0.061694 
0.034522 -0.071014 
0.027270 -0.079710 
0.019591 -0.085781 
0.010862 -0.090769 
0.003774 -0.094674 
-0.003675 -0.095954 
-0.011256 -0.095396 
-0.017622 -0.092311 
-0.025235 -0.088537 
-0.032488 -0.082598 
-0.040101 -0.073180 
-0.048272 -0.064155 
-0.056181 -0.053851 
-0.064319 -0.042497 
-0.071309 -0.030355 
-0.077872 -0.017294 
-0.083845 -0.004561 
-0.088472 0.008270 
-0.092344 0.020149 
-0.094379 0.031208 
-0.094182 0.041315 
-0.092672 0.050799 
-0.089161 0.059134 
-0.082992 0.065796 
-0.074788 0.071440 
-0.064549 0.074591 
-0.053162 0.075542 
-0.040856 0.074788 
-0.026811 0.071407 
-0.012733 0.066912 
0.000230 0.060611 
0.013159 0.052407 
0.025596 0.044072 
0.037148 0.034358 
0.046796 0.024185 
0.054868 0.013947 
0.062908 0.004365 
0.068618 -0.004463 
0.072392 -0.012995 
0.075181 -0.019460 
0.076658 -0.025662 
0.075805 -0.030749 
0.072326 -0.033439 
0.068060 -0.036262 
0.061891 -0.038263 
0.054901 -0.038624 
0.046894 -0.038493 
0.037771 -0.038099 
0.028517 -0.037213 
0.017228 -0.035540 
0.006432 -0.033177 
-0.003380 -0.030716 
-0.013389 -0.027729 
-0.021987 -0.024710 
-0.028878 -0.022085 
-0.034982 -0.019427 
-0.039510 -0.016638 
-0.042300 -0.014931 
-0.043842 -0.013389 
-0.043580 -0.010862 
-0.042989 -0.008795 
-0.041808 -0.007055 
-0.039412 -0.005612 
-0.036787 -0.003610 
-0.033735 -0.000919 
-0.030716 0.002592 
-0.027729 0.007023 
-0.024842 0.012011 
-0.022249 0.017622 
-0.018607 0.023890 
-0.015194 0.031536 
-0.012929 0.038526 
-0.010009 0.044695 
-0.007679 0.050372 
-0.004693 0.055262 
-0.001772 0.059069 
0.000558 0.061661 
0.004594 0.064122 
0.007252 0.064057 
0.010271 0.063433 
0.014242 0.061989 
0.016867 0.058084 
0.020182 0.055492 
0.024973 0.051554 
0.030880 0.046369 
0.036262 0.041447 
0.041873 0.036327 
0.047583 0.031766 
0.053129 0.026318 
0.058347 0.021659 
0.062482 0.016145 
0.066058 0.008335 
0.067568 0.001149 
0.067831 -0.006596 
0.066977 -0.015423 
0.064582 -0.023857 
0.060545 -0.033177 
0.054967 -0.043481 
0.049651 -0.053424 
0.042858 -0.063138 
0.035966 -0.071670 
0.029436 -0.079546 
0.022085 -0.086175 
0.015522 -0.091294 
0.008073 -0.094871 
0.000427 -0.095363 
-0.006662 -0.095232 
-0.014012 -0.092869 
-0.022118 -0.088012 
-0.030945 -0.082270 
-0.038723 -0.073705 
-0.047255 -0.063597 
-0.055721 -0.052604 
-0.063368 -0.041381 
-0.071178 -0.029928 
-0.078003 -0.017261 
-0.084534 -0.004332 
-0.089456 0.008138 
-0.093394 0.020083 
-0.095396 0.031372 
-0.095101 0.042136 
-0.093558 0.052243 
-0.089095 0.060414 
-0.083123 0.066649 
-0.074459 0.070882 
-0.064188 0.073836 
-0.052998 0.075017 
-0.040068 0.073869 
-0.027828 0.070948 
-0.015194 0.065894 
-0.002658 0.059101 
0.010074 0.051226 
0.023365 0.042759 
0.034654 0.033702 
0.044597 0.024415 
0.054146 0.015194 
0.062186 0.006333 
0.068192 -0.001903 
0.072687 -0.009910 
0.075214 -0.016670 
0.075739 -0.021855 
0.075313 -0.026581 
0.072917 -0.030716 
0.068027 -0.033374 
0.062547 -0.034982 
0.054835 -0.036393 
0.045384 -0.037082 
0.036459 -0.035999 
0.026384 -0.034982 
0.016080 -0.033768 
0.005743 -0.031831 
-0.004069 -0.030092 
-0.013290 -0.026778 
-0.022216 -0.023595 
-0.028386 -0.020871 
-0.033669 -0.018475 
-0.038165 -0.016277 
-0.040068 -0.014439 
-0.041315 -0.012831 
-0.042562 -0.011420 
-0.042004 -0.012043 
-0.040823 -0.010796 
-0.039445 -0.008598 
-0.036459 -0.006629 
-0.033932 -0.003413 
-0.031503 0.000427 
-0.029141 0.005710 
-0.026187 0.011223 
-0.022118 0.018147 
-0.019591 0.025629 
-0.016769 0.032291 
-0.013816 0.039018 
-0.011650 0.045089 
-0.008729 0.051521 
-0.006202 0.056378 
-0.003839 0.059069 
-0.000919 0.062317 
0.001706 0.064319 
0.004266 0.064090 
0.006727 0.063236 
0.009812 0.061202 
0.013717 0.058609 
0.018082 0.055590 
0.023168 0.051390 
0.028550 0.047386 
0.035146 0.043711 
0.041578 0.039576 
0.047649 0.035113 
0.053359 0.030158 
0.057920 0.025203 
0.062416 0.019624 
0.065402 0.012765 
0.066748 0.005447 
0.066354 -0.003183 
0.064647 -0.012470 
0.062317 -0.022741 
0.058183 -0.033243 
0.052374 -0.043383 
0.046435 -0.053227 
0.041250 -0.062777 
0.035376 -0.072589 
0.029108 -0.080596 
0.022807 -0.087586 
0.016408 -0.092836 
0.009517 -0.096380 
0.002658 -0.098120 
-0.004299 -0.096544 
-0.012109 -0.093427 
-0.018771 -0.088734 
-0.027106 -0.082827 
-0.035737 -0.074000 
-0.043448 -0.064450 
-0.052998 -0.055951 
-0.061727 -0.045155 
-0.070226 -0.032750 
-0.078430 -0.020149 
-0.085617 -0.007679 
-0.091392 0.004857 
-0.095068 0.016900 
-0.097365 0.028517 
-0.096938 0.039478 
-0.094149 0.049519 
-0.089128 0.058380 
-0.082040 0.064811 
-0.074230 0.069931 
-0.064615 0.072917 
-0.053031 0.073672 
-0.040856 0.072884 
-0.028484 0.069537 
-0.015752 0.064746 
-0.002330 0.057953 
0.011059 0.049847 
0.022807 0.042037 
0.033505 0.032553 
0.044400 0.022971 
0.053621 0.014275 
0.061103 0.005185 
0.067371 -0.002658 
0.070882 -0.009714 
0.073836 -0.016277 
0.075542 -0.021987 
0.074952 -0.026548 
0.072589 -0.029994 
0.067863 -0.033111 
0.062121 -0.034686 
0.054606 -0.035769 
0.045155 -0.036557 
0.035080 -0.035376 
0.025006 -0.034260 
0.014800 -0.033111 
0.004594 -0.030223 
-0.004922 -0.027533 
-0.013717 -0.025432 
-0.020937 -0.022216 
-0.027861 -0.020149 
-0.033800 -0.019263 
-0.037148 -0.017753 
-0.039478 -0.017228 
-0.041184 -0.016769 
-0.041381 -0.016080 
-0.040823 -0.015456 
-0.040101 -0.013717 
-0.038034 -0.011912 
-0.036491 -0.008860 
-0.034358 -0.004299 
-0.031241 0.000722 
-0.028386 0.006432 
-0.025629 0.013159 
-0.022971 0.019624 
-0.018902 0.025925 
-0.016080 0.033111 
-0.013258 0.039970 
-0.010698 0.045811 
-0.009057 0.051062 
-0.006038 0.055787 
-0.004693 0.058478 
-0.002658 0.060611 
-0.000328 0.061727 
0.001805 0.061202 
0.005054 0.060939 
0.008237 0.058937 
0.012995 0.056640 
0.017918 0.054835 
0.023923 0.052112 
0.031011 0.048502 
0.037640 0.045352 
0.044137 0.042792 
0.050405 0.038263 
0.056312 0.033078 
0.060709 0.028090 
0.063761 0.021855 
0.066223 0.015259 
0.067568 0.007187 
0.066452 -0.002363 
0.064615 -0.011256 
0.061825 -0.021494 
0.058150 -0.032357 
0.054540 -0.042792 
0.048994 -0.053031 
0.043350 -0.062547 
0.038559 -0.071703 
0.033275 -0.078857 
0.026253 -0.085748 
0.020018 -0.090802 
0.014111 -0.093296 
0.006891 -0.094904 
0.000066 -0.094313 
-0.007548 -0.092508 
-0.015030 -0.088701 
-0.023824 -0.082959 
-0.033899 -0.075674 
-0.042989 -0.067043 
-0.052407 -0.057362 
-0.061694 -0.046172 
-0.071014 -0.033669 
-0.079710 -0.022019 
-0.085781 -0.009484 
-0.090769 0.004594 
-0.094674 0.016310 
-0.095954 0.028484 
-0.095396 0.040889 
-0.092311 0.051455 
-0.088537 0.059397 
-0.082598 0.065894 
-0.073180 0.071440 
-0.064155 0.073705 
-0.053851 0.074558 
-0.042497 0.072786 
-0.030355 0.069274 
-0.017294 0.064155 
-0.004561 0.057756 
0.008270 0.050438 
0.020149 0.041873 
0.031208 0.033374 
0.041315 0.024415 
0.050799 0.017228 
0.059134 0.008467 
0.065796 -0.000066 
0.071440 -0.006662 
0.074591 -0.013651 
0.075542 -0.018771 
0.074788 -0.023824 
0.071407 -0.027664 
0.066912 -0.030716 
0.060611 -0.033571 
0.052407 -0.034555 
0.044072 -0.034522 
0.034358 -0.034457 
0.024185 -0.033669 
0.013947 -0.030716 
0.004365 -0.029042 
-0.004463 -0.027073 
-0.012995 -0.024349 
-0.019460 -0.023168 
-0.025662 -0.020871 
-0.030749 -0.020051 
-0.033439 -0.020018 
-0.036262 -0.019099 
-0.038263 -0.018311 
-0.038624 -0.017491 
-0.038493 -0.016605 
-0.038099 -0.014209 
-0.037213 -0.011715 
-0.035540 -0.008565 
-0.033177 -0.004135 
-0.030716 0.000722 
-0.027729 0.006465 
-0.024710 0.012601 
-0.022085 0.019230 
-0.019427 0.026679 
-0.016638 0.033800 
-0.014931 0.040068 
-0.013389 0.046435 
-0.010862 0.050701 
-0.008795 0.054310 
-0.007055 0.057887 
-0.005612 0.058905 
-0.003610 0.059003 
-0.000919 0.058642 
0.002592 0.058084 
0.007023 0.056607 
0.012011 0.055098 
0.017622 0.053588 
0.023890 0.051193 
0.031536 0.048600 
0.038526 0.045417 
0.044695 0.042628 
0.050372 0.038657 
0.055262 0.033735 
0.059069 0.028878 
0.061661 0.022840 
0.064122 0.015752 
0.064057 0.007941 
0.063433 -0.001247 
0.061989 -0.011387 
0.058084 -0.021593 
0.055492 -0.033144 
0.051554 -0.044236 
0.046369 -0.054278 
0.041447 -0.064221 
0.036327 -0.072950 
0.031766 -0.080235 
0.026318 -0.086076 
0.021659 -0.090802 
0.016145 -0.094543 
0.008335 -0.096151 
0.001149 -0.095429 
-0.006596 -0.093657 
-0.015423 -0.089489 
-0.023857 -0.083517 
-0.033177 -0.076789 
-0.043481 -0.068749 
-0.053424 -0.059364 
-0.063138 -0.047550 
-0.071670 -0.035638 
-0.079546 -0.023496 
-0.086175 -0.010403 
-0.091294 0.002461 
-0.094871 0.016047 
-0.095363 0.028090 
-0.095232 0.039609 
-0.092869 0.050176 
-0.088012 0.058150 
-0.082270 0.064779 
-0.073705 0.068388 
-0.063597 0.071112 
-0.052604 0.071933 
-0.041381 0.069898 
-0.029928 0.067109 
-0.017261 0.061628 
-0.004332 0.054934 
0.008138 0.048010 
0.020083 0.041020 
0.031372 0.033078 
0.042136 0.024645 
0.052243 0.016572 
0.060414 0.007974 
0.066649 0.000492 
0.070882 -0.007023 
0.073836 -0.013914 
0.075017 -0.019854 
0.073869 -0.025301 
0.070948 -0.028615 
0.065894 -0.031241 
0.059101 -0.033210 
0.051226 -0.033833 
0.042759 -0.033604 
0.033702 -0.031733 
0.024415 -0.029698 
0.015194 -0.027795 
0.006333 -0.025301 
-0.001903 -0.023956 
-0.009910 -0.022380 
-0.016670 -0.021396 
-0.021855 -0.020740 
-0.026581 -0.020247 
-0.030716 -0.021133 
-0.033374 -0.020543 
-0.034982 -0.020346 
-0.036393 -0.020149 
-0.037082 -0.018639 
-0.035999 -0.017261 
-0.034982 -0.014341 
-0.033768 -0.010009 
-0.031831 -0.005743 
-0.030092 -0.000361 
-0.026778 0.006957 
-0.023595 0.014111 
-0.020871 0.021330 
-0.018475 0.028976 
-0.016277 0.036032 
-0.014439 0.041578 
-0.012831 0.046402 
-0.011420 0.050865 
-0.012043 0.053818 
-0.010796 0.055886 
-0.008598 0.058019 
-0.006629 0.059036 
-0.003413 0.058150 
0.000427 0.058412 
0.005710 0.057297 
0.011223 0.055196 
0.018147 0.055000 
0.025629 0.053523 
0.032291 0.051127 
0.039018 0.049027 
0.045089 0.046074 
0.051521 0.042300 
0.056378 0.038953 
0.059069 0.033800 
0.062317 0.026909 
0.064319 0.018377 
0.064090 0.009976 
0.063236 0.001444 
0.061202 -0.010337 
0.058609 -0.020707 
0.055590 -0.031306 
0.051390 -0.042136 
0.047386 -0.052374 
0.043711 -0.062941 
0.039576 -0.071178 
0.035113 -0.079382 
0.030158 -0.085748 
0.025203 -0.090342 
0.019624 -0.093558 
0.012765 -0.094346 
0.005447 -0.094346 
-0.003183 -0.092803 
-0.012470 -0.089259 
-0.022741 -0.083779 
-0.033243 -0.077216 
-0.043383 -0.069143 
-0.053227 -0.059069 
-0.062777 -0.047747 
-0.072589 -0.035638 
-0.080596 -0.022315 
-0.087586 -0.009517 
-0.092836 0.003511 
-0.096380 0.017655 
-0.098120 0.029863 
-0.096544 0.040790 
-0.093427 0.050011 
-0.088734 0.058839 
-0.082827 0.066058 
-0.074000 0.069570 
-0.064450 0.072162 
-0.055951 0.071539 
-0.045155 0.069504 
-0.032750 0.066977 
-0.020149 0.062022 
-0.007679 0.056181 
0.004857 0.049191 
0.016900 0.041545 
0.028517 0.033407 
0.039478 0.025268 
0.049519 0.017097 
0.058380 0.009320 
0.064811 0.001706 
0.069931 -0.005940 
0.072917 -0.012503 
0.073672 -0.018246 
0.072884 -0.022643 
0.069537 -0.027204 
0.064746 -0.030125 
0.057953 -0.030453 
0.049847 -0.031077 
0.042037 -0.030617 
0.032553 -0.028878 
0.022971 -0.027729 
0.014275 -0.026975 
0.005185 -0.025432 
-0.002658 -0.024021 
-0.009714 -0.023398 
-0.016277 -0.023135 
-0.021987 -0.022151 
-0.026548 -0.022019 
-0.029994 -0.023102 
-0.033111 -0.022774 
-0.034686 -0.023431 
-0.035769 -0.023234 
-0.036557 -0.021298 
-0.035376 -0.019099 
-0.034260 -0.015588 
-0.033111 -0.011453 
-0.030223 -0.006202 
-0.027533 -0.000197 
-0.025432 0.006662 
-0.022216 0.013487 
-0.020149 0.020149 
-0.019263 0.026515 
-0.017753 0.032389 
-0.017228 0.038690 
-0.016769 0.043383 
-0.016080 0.047288 
-0.015456 0.050504 
-0.013717 0.052702 
-0.011912 0.054146 
-0.008860 0.054442 
-0.004299 0.055360 
0.000722 0.056050 
0.006432 0.056214 
0.013159 0.056181 
0.019624 0.054835 
0.025925 0.054343 
0.033111 0.053753 
0.039970 0.050537 
0.045811 0.047911 
0.051062 0.044892 
0.055787 0.039806 
0.058478 0.033997 
0.060611 0.026712 
0.061727 0.018410 
0.061202 0.009943 
0.060939 0.001280 
0.058937 -0.009582 
0.056640 -0.020871 
0.054835 -0.031667 
0.052112 -0.042431 
0.048502 -0.052177 
0.045352 -0.062153 
0.042792 -0.070489 
0.038263 -0.077610 
0.033078 -0.084764 
0.028090 -0.090309 
0.021855 -0.093066 
0.015259 -0.095199 
0.007187 -0.096971 
-0.002363 -0.094674 
-0.011256 -0.091064 
-0.021494 -0.086962 
-0.032357 -0.079841 
-0.042792 -0.071243 
-0.053031 -0.060972 
-0.062547 -0.048797 
-0.071703 -0.036721 
-0.078857 -0.023299 
-0.085748 -0.008959 
-0.090802 0.004463 
-0.093296 0.017885 
-0.094904 0.029436 
-0.094313 0.040298 
-0.092508 0.049979 
-0.088701 0.056837 
-0.082959 0.063269 
-0.075674 0.066780 
-0.067043 0.067995 
-0.057362 0.068684 
-0.046172 0.066058 
-0.033669 0.062810 
-0.022019 0.059134 
-0.009484 0.053621 
0.004594 0.048108 
0.016310 0.040462 
0.028484 0.032816 
0.040889 0.025170 
0.051455 0.016605 
0.059397 0.008467 
0.065894 0.000000 
0.071440 -0.006629 
0.073705 -0.013323 
0.074558 -0.018935 
0.072786 -0.023070 
0.069274 -0.026581 
0.064155 -0.028156 
0.057756 -0.029961 
0.050438 -0.029764 
0.041873 -0.029206 
0.033374 -0.029009 
0.024415 -0.027368 
0.017228 -0.025662 
0.008467 -0.024021 
-0.000066 -0.023824 
-0.006662 -0.023890 
-0.013651 -0.023660 
-0.018771 -0.024579 
-0.023824 -0.025039 
-0.027664 -0.024612 
-0.030716 -0.025400 
-0.033571 -0.025400 
-0.034555 -0.023792 
-0.034522 -0.022315 
-0.034457 -0.019525 
-0.033669 -0.015784 
-0.030716 -0.011190 
-0.029042 -0.004890 
-0.027073 0.001772 
-0.024349 0.008007 
-0.023168 0.015555 
-0.020871 0.022938 
-0.020051 0.028386 
-0.020018 0.034654 
-0.019099 0.039970 
-0.018311 0.044564 
-0.017491 0.048075 
-0.016605 0.050011 
-0.014209 0.052702 
-0.011715 0.053556 
-0.008565 0.054310 
-0.004135 0.055196 
0.000722 0.055328 
0.006465 0.056082 
0.012601 0.056050 
0.019230 0.056115 
0.026679 0.055262 
0.033800 0.053687 
0.040068 0.052538 
0.046435 0.050011 
0.050701 0.046139 
0.054310 0.041840 
0.057887 0.036262 
0.058905 0.029108 
0.059003 0.020969 
0.058642 0.011551 
0.058084 0.001411 
0.056607 -0.008827 
0.055098 -0.019361 
0.053588 -0.030256 
0.051193 -0.040462 
0.048600 -0.050898 
0.045417 -0.061005 
0.042628 -0.069471 
0.038657 -0.076855 
0.033735 -0.083352 
0.028878 -0.089128 
0.022840 -0.092836 
0.015752 -0.095002 
0.007941 -0.095396 
-0.001247 -0.094182 
-0.011387 -0.090999 
-0.021593 -0.086207 
-0.033144 -0.079579 
-0.044236 -0.069996 
-0.054278 -0.060841 
-0.064221 -0.049454 
-0.072950 -0.036163 
-0.080235 -0.023529 
-0.086076 -0.009090 
-0.090802 0.005251 
-0.094543 0.017491 
-0.096151 0.029337 
-0.095429 0.039871 
-0.093657 0.048305 
-0.089489 0.056115 
-0.083517 0.061333 
-0.076789 0.065566 
-0.068749 0.068126 
-0.059364 0.068257 
-0.047550 0.067404 
-0.035638 0.064549 
-0.023496 0.060841 
-0.010403 0.055229 
0.002461 0.048666 
0.016047 0.041414 
0.028090 0.033078 
0.039609 0.024612 
0.050176 0.016474 
0.058150 0.008270 
0.064779 -0.000295 
0.068388 -0.007055 
0.071112 -0.012109 
0.071933 -0.017064 
0.069898 -0.021855 
0.067109 -0.024612 
0.061628 -0.026121 
0.054934 -0.026647 
0.048010 -0.026679 
0.041020 -0.026679 
0.033078 -0.025662 
0.024645 -0.024579 
0.016572 -0.024153 
0.007974 -0.024153 
0.000492 -0.023857 
-0.007023 -0.024973 
-0.013914 -0.025400 
-0.019854 -0.026121 
-0.025301 -0.027500 
-0.028615 -0.028287 
-0.031241 -0.029534 
-0.033210 -0.028451 
-0.033833 -0.027008 
-0.033604 -0.025039 
-0.031733 -0.021363 
-0.029698 -0.016999 
-0.027795 -0.012076 
-0.025301 -0.005579 
-0.023956 0.001575 
-0.022380 0.008106 
-0.021396 0.015423 
-0.020740 0.021560 
-0.020247 0.027959 
-0.021133 0.033177 
-0.020543 0.036819 
-0.020346 0.041053 
-0.020149 0.044236 
-0.018639 0.047091 
-0.017261 0.048994 
-0.014341 0.050865 
-0.010009 0.052210 
-0.005743 0.052768 
-0.000361 0.054639 
0.006957 0.056247 
0.014111 0.056279 
0.021330 0.057001 
0.028976 0.057494 
0.036032 0.055623 
0.041578 0.053917 
0.046402 0.051423 
0.050865 0.046894 
0.053818 0.042529 
0.055886 0.036065 
0.058019 0.028419 
0.059036 0.020772 
0.058150 0.010961 
0.058412 0.001575 
0.057297 -0.008631 
0.055196 -0.019591 
0.055000 -0.029863 
0.053523 -0.040659 
0.051127 -0.050733 
0.049027 -0.060611 
0.046074 -0.069012 
0.042300 -0.076428 
0.038953 -0.083648 
0.033800 -0.089325 
0.026909 -0.093657 
0.018377 -0.096118 
0.009976 -0.096938 
0.001444 -0.096544 
-0.010337 -0.093854 
-0.020707 -0.088570 
-0.031306 -0.081679 
-0.042136 -0.072425 
-0.052374 -0.061924 
-0.062941 -0.050274 
-0.071178 -0.036885 
-0.079382 -0.023201 
-0.085748 -0.009451 
-0.090342 0.003938 
-0.093558 0.017097 
-0.094346 0.028681 
-0.094346 0.038526 
-0.092803 0.047682 
-0.089259 0.055754 
-0.083779 0.061235 
-0.077216 0.065008 
-0.069143 0.068126 
-0.059069 0.067962 
-0.047747 0.066682 
-0.035638 0.063564 
-0.022315 0.058248 
-0.009517 0.054113 
0.003511 0.047747 
0.017655 0.039871 
0.029863 0.031733 
0.040790 0.023726 
0.050011 0.016670 
0.058839 0.008434 
0.066058 0.001181 
0.069570 -0.005316 
0.072162 -0.011321 
0.071539 -0.015817 
0.069504 -0.019296 
0.066977 -0.020937 
0.062022 -0.022446 
0.056181 -0.022676 
0.049191 -0.021921 
0.041545 -0.021659 
0.033407 -0.021527 
0.025268 -0.021855 
0.017097 -0.021987 
0.009320 -0.022348 
0.001706 -0.023266 
-0.005940 -0.024415 
-0.012503 -0.025695 
-0.018246 -0.026614 
-0.022643 -0.027664 
-0.027204 -0.029042 
-0.030125 -0.028812 
-0.030453 -0.028090 
-0.031077 -0.025925 
-0.030617 -0.021987 
-0.028878 -0.018804 
-0.027729 -0.014144 
-0.026975 -0.008434 
-0.025432 -0.002199 
-0.024021 0.004529 
-0.023398 0.011059 
-0.023135 0.017130 
-0.022151 0.022479 
-0.022019 0.028123 
-0.023102 0.032717 
-0.022774 0.036918 
-0.023431 0.040626 
-0.023234 0.042628 
-0.021298 0.045220 
-0.019099 0.048207 
-0.015588 0.049683 
-0.011453 0.051882 
-0.006202 0.054310 
-0.000197 0.055229 
0.006662 0.056936 
0.013487 0.058248 
0.020149 0.059200 
0.026515 0.059594 
0.032389 0.057756 
0.038690 0.055721 
0.043383 0.053490 
0.047288 0.049388 
0.050504 0.044236 
0.052702 0.038362 
0.054146 0.031175 
0.054442 0.022807 
0.055360 0.014537 
0.056050 0.005447 
0.056214 -0.005546 
0.056181 -0.015752 
0.054835 -0.026121 
0.054343 -0.036721 
0.053753 -0.046861 
0.050537 -0.056476 
0.047911 -0.066190 
0.044892 -0.075313 
0.039806 -0.082204 
0.033997 -0.089095 
0.026712 -0.093624 
0.018410 -0.096873 
0.009943 -0.098776 
0.001280 -0.097496 
-0.009582 -0.094313 
-0.020871 -0.088603 
-0.031667 -0.081351 
-0.042431 -0.071637 
-0.052177 -0.060414 
-0.062153 -0.048338 
-0.070489 -0.035737 
-0.077610 -0.023004 
-0.084764 -0.009779 
-0.090309 0.002592 
-0.093066 0.014176 
-0.095199 0.025400 
-0.096971 0.035671 
-0.094674 0.044137 
-0.091064 0.051488 
-0.086962 0.056509 
-0.079841 0.060874 
-0.071243 0.063466 
-0.060972 0.063597 
-0.048797 0.063860 
-0.036721 0.061005 
-0.023299 0.056739 
-0.008959 0.052243 
0.004463 0.045581 
0.017885 0.038788 
0.029436 0.030683 
0.040298 0.021593 
0.049979 0.014209 
0.056837 0.006399 
0.063269 -0.000952 
0.066780 -0.007285 
0.067995 -0.012043 
0.068684 -0.015489 
0.066058 -0.019460 
0.062810 -0.020838 
0.059134 -0.022479 
0.053621 -0.022971 
0.048108 -0.021494 
0.040462 -0.021954 
0.032816 -0.021494 
0.025170 -0.021757 
0.016605 -0.022741 
0.008467 -0.023595 
0.000000 -0.025268 
-0.006629 -0.026318 
-0.013323 -0.027237 
-0.018935 -0.029337 
-0.023070 -0.031306 
-0.026581 -0.031831 
-0.028156 -0.031799 
-0.029961 -0.030355 
-0.029764 -0.028320 
-0.029206 -0.025761 
-0.029009 -0.020871 
-0.027368 -0.015752 
-0.025662 -0.009943 
-0.024021 -0.003577 
-0.023824 0.003019 
-0.023890 0.010009 
-0.023660 0.015227 
-0.024579 0.020772 
-0.025039 0.025826 
-0.024612 0.030584 
-0.025400 0.035113 
-0.025400 0.037935 
-0.023792 0.041053 
-0.022315 0.043219 
-0.019525 0.045844 
-0.015784 0.048600 
-0.011190 0.051062 
-0.004890 0.053260 
0.001772 0.055393 
0.008007 0.058248 
0.015555 0.059101 
0.022938 0.060480 
0.028386 0.060611 
0.034654 0.059003 
0.039970 0.058183 
0.044564 0.055131 
0.048075 0.051226 
0.050011 0.046106 
0.052702 0.039740 
0.053556 0.032488 
0.054310 0.023726 
0.055196 0.015817 
0.055328 0.006169 
0.056082 -0.004725 
0.056050 -0.014176 
0.056115 -0.024743 
0.055262 -0.035244 
0.053687 -0.045319 
0.052538 -0.055853 
0.050011 -0.065337 
0.046139 -0.074000 
0.041840 -0.082926 
0.036262 -0.089752 
0.029108 -0.094083 
0.020969 -0.097332 
0.011551 -0.097890 
0.001411 -0.096315 
-0.008827 -0.092311 
-0.019361 -0.087225 
-0.030256 -0.079841 
-0.040462 -0.069832 
-0.050898 -0.059594 
-0.061005 -0.047747 
-0.069471 -0.035769 
-0.076855 -0.022938 
-0.083352 -0.010173 
-0.089128 0.001575 
-0.092836 0.013816 
-0.095002 0.025432 
-0.095396 0.035769 
-0.094182 0.044597 
-0.090999 0.052309 
-0.086207 0.057526 
-0.079579 0.061989 
-0.069996 0.065140 
-0.060841 0.065566 
-0.049454 0.064910 
-0.036163 0.062219 
-0.023529 0.058084 
-0.009090 0.052801 
0.005251 0.046238 
0.017491 0.038362 
0.029337 0.030322 
0.039871 0.022643 
0.048305 0.014505 
0.056115 0.007613 
0.061333 0.001674 
0.065566 -0.003905 
0.068126 -0.008270 
0.068257 -0.010993 
0.067404 -0.013028 
0.064549 -0.015128 
0.060841 -0.015916 
0.055229 -0.015850 
0.048666 -0.016474 
0.041414 -0.016966 
0.033078 -0.017589 
0.024612 -0.019394 
0.016474 -0.020576 
0.008270 -0.022577 
-0.000295 -0.025498 
-0.007055 -0.027008 
-0.012109 -0.029206 
-0.017064 -0.031339 
-0.021855 -0.032849 
-0.024612 -0.032882 
-0.026121 -0.031175 
-0.026647 -0.029436 
-0.026679 -0.026384 
-0.026679 -0.023037 
-0.025662 -0.018902 
-0.024579 -0.013192 
-0.024153 -0.007449 
-0.024153 -0.001017 
-0.023857 0.004463 
-0.024973 0.009156 
-0.025400 0.015194 
-0.026121 0.019558 
-0.027500 0.023365 
-0.028287 0.027992 
-0.029534 0.031241 
-0.028451 0.034851 
-0.027008 0.037345 
-0.025039 0.039839 
-0.021363 0.043744 
-0.016999 0.046631 
-0.012076 0.049782 
-0.005579 0.052604 
0.001575 0.055557 
0.008106 0.058773 
0.015423 0.060020 
0.021560 0.061038 
0.027959 0.061596 
0.033177 0.060775 
0.036819 0.059167 
0.041053 0.055590 
0.044236 0.051455 
0.047091 0.046435 
0.048994 0.040134 
0.050865 0.033144 
0.052210 0.024907 
0.052768 0.016703 
0.054639 0.007023 
0.056247 -0.002527 
0.056279 -0.012503 
0.057001 -0.023693 
0.057494 -0.034129 
0.055623 -0.045384 
0.053917 -0.055853 
0.051423 -0.066058 
0.046894 -0.075969 
0.042529 -0.084042 
0.036065 -0.090244 
0.028419 -0.094838 
0.020772 -0.097791 
0.010961 -0.098612 
0.001575 -0.097398 
-0.008631 -0.094050 
-0.019591 -0.088866 
-0.029863 -0.081121 
-0.040659 -0.072129 
-0.050733 -0.061300 
-0.060611 -0.049290 
-0.069012 -0.037115 
-0.076428 -0.024021 
-0.083648 -0.011387 
-0.089325 0.002035 
-0.093657 0.013455 
-0.096118 0.023988 
-0.096938 0.034293 
-0.096544 0.042923 
-0.093854 0.050635 
-0.088570 0.055886 
-0.081679 0.060217 
-0.072425 0.063105 
-0.061924 0.063893 
-0.050274 0.062514 
-0.036885 0.059594 
-0.023201 0.055032 
-0.009451 0.049519 
0.003938 0.043186 
0.017097 0.035113 
0.028681 0.028353 
0.038526 0.020576 
0.047682 0.012962 
0.055754 0.006465 
0.061235 -0.000098 
0.065008 -0.004791 
0.068126 -0.008565 
0.067962 -0.011321 
0.066682 -0.013619 
0.063564 -0.014866 
0.058248 -0.015489 
0.054113 -0.016638 
0.047747 -0.017557 
0.039871 -0.018278 
0.031733 -0.019886 
0.023726 -0.021790 
0.016670 -0.023135 
0.008434 -0.025859 
0.001181 -0.028615 
-0.005316 -0.030388 
-0.011321 -0.032422 
-0.015817 -0.033800 
-0.019296 -0.034293 
-0.020937 -0.034719 
-0.022446 -0.033768 
-0.022676 -0.031306 
-0.021921 -0.028386 
-0.021659 -0.024218 
-0.021527 -0.019427 
-0.021855 -0.014669 
-0.021987 -0.009156 
-0.022348 -0.002986 
-0.023266 0.002494 
-0.024415 0.007843 
-0.025695 0.012831 
-0.026614 0.017163 
-0.027664 0.022446 
-0.029042 0.026745 
-0.028812 0.029600 
-0.028090 0.033374 
-0.025925 0.037345 
-0.021987 0.040429 
-0.018804 0.044072 
-0.014144 0.048338 
-0.008434 0.051193 
-0.002199 0.054146 
0.004529 0.057395 
0.011059 0.059561 
0.017130 0.061399 
0.022479 0.062613 
0.028123 0.062482 
0.032717 0.060939 
0.036918 0.059167 
0.040626 0.056411 
0.042628 0.052505 
0.045220 0.048174 
0.048207 0.042497 
0.049683 0.036393 
0.051882 0.029042 
0.054310 0.020379 
0.055229 0.011650 
0.056936 0.001838 
0.058248 -0.008795 
0.059200 -0.020149 
0.059594 -0.032389 
0.057756 -0.044137 
0.055721 -0.055360 
0.053490 -0.066190 
0.049388 -0.076067 
0.044236 -0.084206 
0.038362 -0.090441 
0.031175 -0.095363 
0.022807 -0.097463 
0.014537 -0.098218 
0.005447 -0.096971 
-0.005546 -0.092311 
-0.015752 -0.086634 
-0.026121 -0.078693 
-0.036721 -0.069668 
-0.046861 -0.059200 
-0.056476 -0.047485 
-0.066190 -0.036196 
-0.075313 -0.023496 
-0.082204 -0.011157 
-0.089095 0.000591 
-0.093624 0.012831 
-0.096873 0.023857 
-0.098776 0.034588 
-0.097496 0.044433 
-0.094313 0.051029 
-0.088603 0.056968 
-0.081351 0.061628 
-0.071637 0.063696 
-0.060414 0.064254 
-0.048338 0.062941 
-0.035737 0.060578 
-0.023004 0.055262 
-0.009779 0.049224 
0.002592 0.043251 
0.014176 0.036032 
0.025400 0.028419 
0.035671 0.020149 
0.044137 0.014373 
0.051488 0.008204 
0.056509 0.001772 
0.060874 -0.001575 
0.063466 -0.004725 
0.063597 -0.006760 
0.063860 -0.008499 
0.061005 -0.009878 
0.056739 -0.010435 
0.052243 -0.011978 
0.045581 -0.013290 
0.038788 -0.015325 
0.030683 -0.017294 
0.021593 -0.019427 
0.014209 -0.022413 
0.006399 -0.024645 
-0.000952 -0.027729 
-0.007285 -0.030650 
-0.012043 -0.032816 
-0.015489 -0.034883 
-0.019460 -0.035868 
-0.020838 -0.035277 
-0.022479 -0.033997 
-0.022971 -0.031044 
-0.021494 -0.027008 
-0.021954 -0.022840 
-0.021494 -0.017524 
-0.021757 -0.012404 
-0.022741 -0.006629 
-0.023595 -0.001641 
-0.025268 0.003019 
-0.026318 0.007843 
-0.027237 0.012273 
-0.029337 0.016605 
-0.031306 0.019788 
-0.031831 0.024645 
-0.031799 0.027565 
-0.030355 0.030256 
-0.028320 0.034588 
-0.025761 0.037968 
-0.020871 0.042628 
-0.015752 0.045909 
-0.009943 0.049224 
-0.003577 0.053556 
0.003019 0.056968 
0.010009 0.058839 
0.015227 0.059988 
0.020772 0.060677 
0.025826 0.061202 
0.030584 0.060217 
0.035113 0.057264 
0.037935 0.055721 
0.041053 0.052112 
0.043219 0.047353 
0.045844 0.041873 
0.048600 0.035015 
0.051062 0.028648 
0.053260 0.020379 
0.055393 0.011157 
0.058248 0.001050 
0.059101 -0.009090 
0.060480 -0.020182 
0.060611 -0.032783 
0.059003 -0.044236 
0.058183 -0.055328 
0.055131 -0.065829 
0.051226 -0.075181 
0.046106 -0.083713 
0.039740 -0.090342 
0.032488 -0.093952 
0.023726 -0.096348 
0.015817 -0.097496 
0.006169 -0.095823 
-0.004725 -0.092541 
-0.014176 -0.087684 
-0.024743 -0.080268 
-0.035244 -0.071539 
-0.045319 -0.061792 
-0.055853 -0.050668 
-0.065337 -0.037935 
-0.074000 -0.025367 
-0.082926 -0.013553 
-0.089752 0.000000 
-0.094083 0.012240 
-0.097332 0.023431 
-0.097890 0.034522 
-0.096315 0.042989 
-0.092311 0.051160 
-0.087225 0.057756 
-0.079841 0.061103 
-0.069832 0.062646 
-0.059594 0.062449 
-0.047747 0.061038 
-0.035769 0.057592 
-0.022938 0.052177 
-0.010173 0.046992 
0.001575 0.041184 
0.013816 0.033964 
0.025432 0.026482 
0.035769 0.019821 
0.044597 0.014078 
0.052309 0.008795 
0.057526 0.004890 
0.061989 0.001280 
0.065140 -0.001838 
0.065566 -0.003118 
0.064910 -0.004397 
0.062219 -0.005710 
0.058084 -0.007416 
0.052801 -0.009221 
0.046238 -0.010961 
0.038362 -0.013750 
0.030322 -0.016835 
0.022643 -0.020379 
0.014505 -0.023726 
0.007613 -0.026909 
0.001674 -0.029502 
-0.003905 -0.032160 
-0.008270 -0.034457 
-0.010993 -0.034260 
-0.013028 -0.034391 
-0.015128 -0.033899 
-0.015916 -0.031635 
-0.015850 -0.028747 
-0.016474 -0.025301 
-0.016966 -0.021101 
-0.017589 -0.016277 
-0.019394 -0.011650 
-0.020576 -0.006104 
-0.022577 -0.001542 
-0.025498 0.002691 
-0.027008 0.007285 
-0.029206 0.010961 
-0.031339 0.014570 
-0.032849 0.018147 
-0.032882 0.021888 
-0.031175 0.025793 
-0.029436 0.030552 
-0.026384 0.034949 
-0.023037 0.039543 
-0.018902 0.043809 
-0.013192 0.047189 
-0.007449 0.050930 
-0.001017 0.053917 
0.004463 0.056673 
0.009156 0.058905 
0.015194 0.060086 
0.019558 0.060644 
0.023365 0.060611 
0.027992 0.060677 
0.031241 0.059528 
0.034851 0.057231 
0.037345 0.054015 
0.039839 0.048929 
0.043744 0.044597 
0.046631 0.038953 
0.049782 0.030913 
0.052604 0.022741 
0.055557 0.013290 
0.058773 0.002494 
0.060020 -0.008959 
0.061038 -0.020116 
0.061596 -0.032553 
0.060775 -0.044761 
0.059167 -0.056509 
0.055590 -0.067404 
0.051455 -0.076560 
0.046435 -0.084665 
0.040134 -0.090080 
0.033144 -0.094937 
0.024907 -0.097234 
0.016703 -0.097857 
0.007023 -0.095954 
-0.002527 -0.092246 
-0.012503 -0.087225 
-0.023693 -0.079086 
-0.034129 -0.071178 
-0.045384 -0.060349 
-0.055853 -0.049322 
-0.066058 -0.038231 
-0.075969 -0.025170 
-0.084042 -0.012208 
-0.090244 0.000197 
-0.094838 0.011748 
-0.097791 0.023004 
-0.098612 0.033768 
-0.097398 0.043055 
-0.094050 0.049651 
-0.088866 0.055754 
-0.081121 0.059430 
-0.072129 0.061431 
-0.061300 0.061267 
-0.049290 0.058970 
-0.037115 0.056050 
-0.024021 0.050865 
-0.011387 0.045778 
0.002035 0.039084 
0.013455 0.032291 
0.023988 0.025925 
0.034293 0.019919 
0.042923 0.014045 
0.050635 0.009484 
0.055886 0.006071 
0.060217 0.002330 
0.063105 0.000328 
0.063893 -0.002199 
0.062514 -0.003610 
0.059594 -0.005644 
0.055032 -0.007777 
0.049519 -0.009353 
0.043186 -0.012733 
0.035113 -0.014964 
0.028353 -0.017786 
0.020576 -0.021823 
0.012962 -0.025334 
0.006465 -0.027664 
-0.000098 -0.030584 
-0.004791 -0.033702 
-0.008565 -0.034851 
-0.011321 -0.035605 
-0.013619 -0.035244 
-0.014866 -0.033604 
-0.015489 -0.031996 
-0.016638 -0.028156 
-0.017557 -0.024382 
-0.018278 -0.020838 
-0.019886 -0.015719 
-0.021790 -0.011617 
-0.023135 -0.006891 
-0.025859 -0.002396 
-0.028615 0.001838 
-0.030388 0.005546 
-0.032422 0.009385 
-0.033800 0.014308 
-0.034293 0.018246 
-0.034719 0.022577 
-0.033768 0.026614 
-0.031306 0.031142 
-0.028386 0.035605 
-0.024218 0.039937 
-0.019427 0.043908 
-0.014669 0.047517 
-0.009156 0.051652 
-0.002986 0.054310 
0.002494 0.057297 
0.007843 0.059594 
0.012831 0.060578 
0.017163 0.062186 
0.022446 0.063039 
0.026745 0.062974 
0.029600 0.062153 
0.033374 0.060184 
0.037345 0.057690 
0.040429 0.053621 
0.044072 0.048469 
0.048338 0.042201 
0.051193 0.033768 
0.054146 0.025006 
0.057395 0.015128 
0.059561 0.003905 
0.061399 -0.008302 
0.062613 -0.020215 
0.062482 -0.032291 
0.060939 -0.044630 
0.059167 -0.055623 
0.056411 -0.066026 
0.052505 -0.075050 
0.048174 -0.082368 
0.042497 -0.087980 
0.036393 -0.092541 
0.029042 -0.095330 
0.020379 -0.096085 
0.011650 -0.094871 
0.001838 -0.091360 
-0.008795 -0.085945 
-0.020149 -0.078857 
-0.032389 -0.071637 
-0.044137 -0.061956 
-0.055360 -0.050930 
-0.066190 -0.039674 
-0.076067 -0.026942 
-0.084206 -0.014997 
-0.090441 -0.002297 
-0.095363 0.010993 
-0.097463 0.022249 
-0.098218 0.032685 
-0.096971 0.042136 
-0.092311 0.048896 
-0.086634 0.054048 
-0.078693 0.057690 
-0.069668 0.059101 
-0.059200 0.058642 
-0.047485 0.056936 
-0.036196 0.052965 
-0.023496 0.047878 
-0.011157 0.042661 
0.000591 0.035540 
0.012831 0.029239 
0.023857 0.023988 
0.034588 0.018443 
0.044433 0.014439 
0.051029 0.010796 
0.056968 0.007318 
0.061628 0.004922 
0.063696 0.002855 
0.064254 0.001247 
0.062941 -0.000591 
0.060578 -0.003249 
0.055262 -0.005874 
0.049224 -0.008204 
0.043251 -0.011223 
0.036032 -0.015063 
0.028419 -0.019329 
0.020149 -0.022807 
0.014373 -0.026023 
0.008204 -0.030716 
0.001772 -0.033374 
-0.001575 -0.035704 
-0.004725 -0.036951 
-0.006760 -0.036393 
-0.008499 -0.036327 
-0.009878 -0.033669 
-0.010435 -0.031110 
-0.011978 -0.027729 
-0.013290 -0.024120 
-0.015325 -0.020543 
-0.017294 -0.015686 
-0.019427 -0.012437 
-0.022413 -0.008959 
-0.024645 -0.004791 
-0.027729 -0.001247 
-0.030650 0.002560 
-0.032816 0.007712 
-0.034883 0.011682 
-0.035868 0.015358 
-0.035277 0.019657 
-0.033997 0.023956 
-0.031044 0.028583 
-0.027008 0.033210 
-0.022840 0.037673 
-0.017524 0.041676 
-0.012404 0.046631 
-0.006629 0.049979 
-0.001641 0.052866 
0.003019 0.055984 
0.007843 0.057953 
0.012273 0.059758 
0.016605 0.061267 
0.019788 0.062678 
0.024645 0.062810 
0.027565 0.061694 
0.030256 0.059298 
0.034588 0.057395 
0.037968 0.054409 
0.042628 0.049224 
0.045909 0.042661 
0.049224 0.034818 
0.053556 0.026286 
0.056968 0.015949 
0.058839 0.004988 
0.059988 -0.006399 
0.060677 -0.017852 
0.061202 -0.030125 
0.060217 -0.042037 
0.057264 -0.052834 
0.055721 -0.063663 
0.052112 -0.073048 
0.047353 -0.080924 
0.041873 -0.087225 
0.035015 -0.091721 
0.028648 -0.094674 
0.020379 -0.095232 
0.011157 -0.093427 
0.001050 -0.090375 
-0.009090 -0.085387 
-0.020182 -0.078725 
-0.032783 -0.070292 
-0.044236 -0.060841 
-0.055328 -0.049651 
-0.065829 -0.037574 
-0.075181 -0.025892 
-0.083713 -0.012208 
-0.090342 0.000230 
-0.093952 0.012536 
-0.096348 0.024874 
-0.097496 0.034522 
-0.095823 0.042628 
-0.092541 0.049224 
-0.087684 0.054442 
-0.080268 0.057428 
-0.071539 0.057789 
-0.061792 0.056804 
-0.050668 0.054179 
-0.037935 0.050011 
-0.025367 0.045844 
-0.013553 0.040429 
0.000000 0.035835 
0.012240 0.031011 
0.023431 0.025826 
0.034522 0.021790 
0.042989 0.017360 
0.051160 0.014341 
0.057756 0.011453 
0.061103 0.009254 
0.062646 0.006859 
0.062449 0.004102 
0.061038 0.001739 
0.057592 -0.001477 
0.052177 -0.003938 
0.046992 -0.007055 
0.041184 -0.011321 
0.033964 -0.015227 
0.026482 -0.019591 
0.019821 -0.024251 
0.014078 -0.027434 
0.008795 -0.030158 
0.004890 -0.032455 
0.001280 -0.034522 
-0.001838 -0.034785 
-0.003118 -0.033243 
-0.004397 -0.032192 
-0.005710 -0.030191 
-0.007416 -0.028189 
-0.009221 -0.025170 
-0.010961 -0.022479 
-0.013750 -0.020018 
-0.016835 -0.016310 
-0.020379 -0.013290 
-0.023726 -0.009845 
-0.026909 -0.006202 
-0.029502 -0.002625 
-0.032160 0.001378 
-0.034457 0.005710 
-0.034260 0.009681 
-0.034391 0.013586 
-0.033899 0.018410 
-0.031635 0.022971 
-0.028747 0.027336 
-0.025301 0.032357 
-0.021101 0.037016 
-0.016277 0.040757 
-0.011650 0.043941 
-0.006104 0.047878 
-0.001542 0.051062 
0.002691 0.053392 
0.007285 0.056870 
0.010961 0.059233 
0.014570 0.061070 
0.018147 0.062186 
0.021888 0.062843 
0.025793 0.062580 
0.030552 0.060808 
0.034949 0.058511 
0.039543 0.054245 
0.043809 0.049125 
0.047189 0.042529 
0.050930 0.034982 
0.053917 0.025728 
0.056673 0.014767 
0.058905 0.004529 
0.060086 -0.006694 
0.060644 -0.019033 
0.060611 -0.031733 
0.060677 -0.044039 
0.059528 -0.054704 
0.057231 -0.065107 
0.054015 -0.074952 
0.048929 -0.081712 
0.044597 -0.087258 
0.038953 -0.091917 
0.030913 -0.095035 
0.022741 -0.096249 
0.013290 -0.095494 
0.002494 -0.092902 
-0.008959 -0.087553 
-0.020116 -0.080596 
-0.032553 -0.072556 
-0.044761 -0.063138 
-0.056509 -0.051324 
-0.067404 -0.039904 
-0.076560 -0.027861 
-0.084665 -0.014341 
-0.090080 -0.001706 
-0.094937 0.011157 
-0.097234 0.021823 
-0.097857 0.031438 
-0.095954 0.040298 
-0.092246 0.046796 
-0.087225 0.051094 
-0.079086 0.053326 
-0.071178 0.054278 
-0.060349 0.053326 
-0.049322 0.050898 
-0.038231 0.047386 
-0.025170 0.043383 
-0.012208 0.038723 
0.000197 0.033997 
0.011748 0.029272 
0.023004 0.025071 
0.033768 0.021363 
0.043055 0.017228 
0.049651 0.014997 
0.055754 0.012962 
0.059430 0.010271 
0.061431 0.008598 
0.061267 0.005743 
0.058970 0.002921 
0.056050 0.000919 
0.050865 -0.002953 
0.045778 -0.007252 
0.039084 -0.011321 
0.032291 -0.015588 
0.025925 -0.019558 
0.019919 -0.023824 
0.014045 -0.027237 
0.009484 -0.029403 
0.006071 -0.031930 
0.002330 -0.033833 
0.000328 -0.033275 
-0.002199 -0.032914 
-0.003610 -0.031963 
-0.005644 -0.029337 
-0.007777 -0.028025 
-0.009353 -0.025334 
-0.012733 -0.022610 
-0.014964 -0.020641 
-0.017786 -0.017261 
-0.021823 -0.014931 
-0.025334 -0.011289 
-0.027664 -0.006990 
-0.030584 -0.003249 
-0.033702 0.000689 
-0.034851 0.004890 
-0.035605 0.009648 
-0.035244 0.013323 
-0.033604 0.017983 
-0.031996 0.022610 
-0.028156 0.027467 
-0.024382 0.031635 
-0.020838 0.035211 
-0.015719 0.039904 
-0.011617 0.043022 
-0.006891 0.047222 
-0.002396 0.050930 
0.001838 0.054146 
0.005546 0.058019 
0.009385 0.060742 
0.014308 0.063072 
0.018246 0.064057 
0.022577 0.065468 
0.026614 0.065894 
0.031142 0.064188 
0.035605 0.062383 
0.039937 0.058544 
0.043908 0.052637 
0.047517 0.045942 
0.051652 0.037148 
0.054310 0.027270 
0.057297 0.016966 
0.059594 0.005316 
0.060578 -0.006760 
0.062186 -0.018344 
0.063039 -0.029994 
0.062974 -0.041972 
0.062153 -0.053031 
0.060184 -0.062777 
0.057690 -0.071900 
0.053621 -0.080366 
0.048469 -0.086273 
0.042201 -0.091228 
0.033768 -0.094641 
0.025006 -0.095429 
0.015128 -0.095199 
0.003905 -0.091852 
-0.008302 -0.088242 
-0.020215 -0.081974 
-0.032291 -0.072556 
-0.044630 -0.063991 
-0.055623 -0.052604 
-0.066026 -0.039970 
-0.075050 -0.027008 
-0.082368 -0.013258 
-0.087980 -0.001017 
-0.092541 0.011420 
-0.095330 0.022610 
-0.096085 0.030847 
-0.094871 0.038854 
-0.091360 0.044794 
-0.085945 0.048338 
-0.078857 0.050176 
-0.071637 0.050569 
-0.061956 0.050340 
-0.050930 0.047550 
-0.039674 0.043842 
-0.026942 0.039904 
-0.014997 0.035507 
-0.002297 0.031142 
0.010993 0.027664 
0.022249 0.024054 
0.032685 0.020412 
0.042136 0.018246 
0.048896 0.015719 
0.054048 0.013914 
0.057690 0.011847 
0.059101 0.009681 
0.058642 0.007580 
0.056936 0.003938 
0.052965 0.000131 
0.047878 -0.004233 
0.042661 -0.008795 
0.035540 -0.013126 
0.029239 -0.017589 
0.023988 -0.021626 
0.018443 -0.025629 
0.014439 -0.028878 
0.010796 -0.031142 
0.007318 -0.032947 
0.004922 -0.033604 
0.002855 -0.033997 
0.001247 -0.032914 
-0.000591 -0.031011 
-0.003249 -0.029994 
-0.005874 -0.028123 
-0.008204 -0.026450 
-0.011223 -0.023824 
-0.015063 -0.020838 
-0.019329 -0.019263 
-0.022807 -0.016178 
-0.026023 -0.012897 
-0.030716 -0.009648 
-0.033374 -0.004955 
-0.035704 -0.000427 
-0.036951 0.003150 
-0.036393 0.007285 
-0.036327 0.012404 
-0.033669 0.016605 
-0.031110 0.021133 
-0.027729 0.026220 
-0.024120 0.030059 
-0.020543 0.034129 
-0.015686 0.038034 
-0.012437 0.042431 
-0.008959 0.046303 
-0.004791 0.049388 
-0.001247 0.053227 
0.002560 0.056968 
0.007712 0.060545 
0.011682 0.062908 
0.015358 0.064647 
0.019657 0.066026 
0.023956 0.066026 
0.028583 0.064680 
0.033210 0.062121 
0.037673 0.058183 
0.041676 0.052801 
0.046631 0.045745 
0.049979 0.037279 
0.052866 0.028583 
0.055984 0.018443 
0.057953 0.006826 
0.059758 -0.004266 
0.061267 -0.016277 
0.062678 -0.028615 
0.062810 -0.040101 
0.061694 -0.051948 
0.059298 -0.061891 
0.057395 -0.071342 
0.054409 -0.079579 
0.049224 -0.085682 
0.042661 -0.091031 
0.034818 -0.094116 
0.026286 -0.096085 
0.015949 -0.095002 
0.004988 -0.092082 
-0.006399 -0.088242 
-0.017852 -0.081613 
-0.030125 -0.072819 
-0.042037 -0.062482 
-0.052834 -0.051029 
-0.063663 -0.038034 
-0.073048 -0.025465 
-0.080924 -0.012273 
-0.087225 0.000131 
-0.091721 0.011223 
-0.094674 0.022085 
-0.095232 0.030716 
-0.093427 0.037902 
-0.090375 0.043547 
-0.085387 0.046467 
-0.078725 0.048371 
-0.070292 0.049125 
-0.060841 0.047321 
-0.049651 0.044991 
-0.037574 0.042201 
-0.025892 0.039510 
-0.012208 0.035802 
0.000230 0.032258 
0.012536 0.030027 
0.024874 0.027697 
0.034522 0.025695 
0.042628 0.023070 
0.049224 0.021232 
0.054442 0.018377 
0.057428 0.015686 
0.057789 0.012897 
0.056804 0.009090 
0.054179 0.006202 
0.050011 0.001936 
0.045844 -0.002560 
0.040429 -0.006924 
0.035835 -0.011387 
0.031011 -0.015358 
0.025826 -0.019099 
0.021790 -0.022479 
0.017360 -0.025039 
0.014341 -0.027926 
0.011453 -0.029403 
0.009254 -0.030322 
0.006859 -0.030814 
0.004102 -0.030289 
0.001739 -0.030978 
-0.001477 -0.029928 
-0.003938 -0.029239 
-0.007055 -0.028287 
-0.011321 -0.026515 
-0.015227 -0.024054 
-0.019591 -0.020412 
-0.024251 -0.017622 
-0.027434 -0.014242 
-0.030158 -0.010632 
-0.032455 -0.006005 
-0.034522 -0.002035 
-0.034785 0.002264 
-0.033243 0.007121 
-0.032192 0.010961 
-0.030191 0.015456 
-0.028189 0.020051 
-0.025170 0.023693 
-0.022479 0.027697 
-0.020018 0.032652 
-0.016310 0.036590 
-0.013290 0.040200 
-0.009845 0.043612 
-0.006202 0.048830 
-0.002625 0.053588 
0.001378 0.057133 
0.005710 0.061235 
0.009681 0.063794 
0.013586 0.065698 
0.018410 0.066748 
0.022971 0.066912 
0.027336 0.065238 
0.032357 0.062613 
0.037016 0.058642 
0.040757 0.053195 
0.043941 0.046041 
0.047878 0.037279 
0.051062 0.028123 
0.053392 0.016802 
0.056870 0.006005 
0.059233 -0.005283 
0.061070 -0.017524 
0.062186 -0.028615 
0.062843 -0.040331 
0.062580 -0.051685 
0.060808 -0.061596 
0.058511 -0.070554 
0.054245 -0.078857 
0.049125 -0.086109 
0.042529 -0.091163 
0.034982 -0.094608 
0.025728 -0.096741 
0.014767 -0.095790 
0.004529 -0.093197 
-0.006694 -0.088439 
-0.019033 -0.081219 
-0.031733 -0.072983 
-0.044039 -0.062580 
-0.054704 -0.050635 
-0.065107 -0.037738 
-0.074952 -0.025006 
-0.081712 -0.013258 
-0.087258 -0.001149 
-0.091917 0.010665 
-0.095035 0.020740 
-0.096249 0.028944 
-0.095494 0.035572 
-0.092902 0.040528 
-0.087553 0.043055 
-0.080596 0.044269 
-0.072556 0.044137 
-0.063138 0.043251 
-0.051324 0.041676 
-0.039904 0.038788 
-0.027861 0.036491 
-0.014341 0.033964 
-0.001706 0.031831 
0.011157 0.029633 
0.021823 0.027762 
0.031438 0.025892 
0.040298 0.024153 
0.046796 0.022643 
0.051094 0.019985 
0.053326 0.017557 
0.054278 0.014176 
0.053326 0.010895 
0.050898 0.006563 
0.047386 0.001575 
0.043383 -0.003249 
0.038723 -0.008270 
0.033997 -0.012404 
0.029272 -0.016638 
0.025071 -0.019854 
0.021363 -0.022741 
0.017228 -0.025170 
0.014997 -0.027434 
0.012962 -0.028911 
0.010271 -0.029830 
0.008598 -0.030716 
0.005743 -0.030486 
0.002921 -0.030125 
0.000919 -0.029370 
-0.002953 -0.028583 
-0.007252 -0.026942 
-0.011321 -0.025104 
-0.015588 -0.023070 
-0.019558 -0.019854 
-0.023824 -0.016933 
-0.027237 -0.013816 
-0.029403 -0.009681 
-0.031930 -0.005677 
-0.033833 -0.001969 
-0.033275 0.001674 
-0.032914 0.006104 
-0.031963 0.010829 
-0.029337 0.014111 
-0.028025 0.018246 
-0.025334 0.022151 
-0.022610 0.026417 
-0.020641 0.031536 
-0.017261 0.035638 
-0.014931 0.039904 
-0.011289 0.044466 
-0.006990 0.049946 
-0.003249 0.054376 
0.000689 0.058576 
0.004890 0.062646 
0.009648 0.065533 
0.013323 0.067732 
0.017983 0.068060 
0.022610 0.067634 
0.027467 0.066288 
0.031635 0.064319 
0.035211 0.060381 
0.039904 0.054179 
0.043022 0.047583 
0.047222 0.039149 
0.050930 0.029337 
0.054146 0.019361 
0.058019 0.008499 
0.060742 -0.002527 
0.063072 -0.014078 
0.064057 -0.025793 
0.065468 -0.036819 
0.065894 -0.048469 
0.064188 -0.059528 
0.062383 -0.069668 
0.058544 -0.079054 
0.052637 -0.086536 
0.045942 -0.092344 
0.037148 -0.096151 
0.027270 -0.097759 
0.016966 -0.097135 
0.005316 -0.093919 
-0.006760 -0.088406 
-0.018344 -0.080826 
-0.029994 -0.071440 
-0.041972 -0.060841 
-0.053031 -0.049027 
-0.062777 -0.036655 
-0.071900 -0.023726 
-0.080366 -0.010895 
-0.086273 0.000459 
-0.091228 0.010698 
-0.094641 0.020018 
-0.095429 0.027336 
-0.095199 0.032750 
-0.091852 0.037312 
-0.088242 0.039674 
-0.081974 0.041020 
-0.072556 0.041315 
-0.063991 0.039839 
-0.052604 0.039051 
-0.039970 0.038165 
-0.027008 0.036294 
-0.013258 0.034457 
-0.001017 0.032586 
0.011420 0.030978 
0.022610 0.030289 
0.030847 0.028386 
0.038854 0.026056 
0.044794 0.024087 
0.048338 0.021166 
0.050176 0.017589 
0.050569 0.013061 
0.050340 0.009156 
0.047550 0.004594 
0.043842 -0.000952 
0.039904 -0.005415 
0.035507 -0.010206 
0.031142 -0.014603 
0.027664 -0.017655 
0.024054 -0.020871 
0.020412 -0.024153 
0.018246 -0.026351 
0.015719 -0.028911 
0.013914 -0.030355 
0.011847 -0.030716 
0.009681 -0.032127 
0.007580 -0.032127 
0.003938 -0.031470 
0.000131 -0.030256 
-0.004233 -0.029698 
-0.008795 -0.028615 
-0.013126 -0.026450 
-0.017589 -0.024874 
-0.021626 -0.020805 
-0.025629 -0.017425 
-0.028878 -0.014439 
-0.031142 -0.010665 
-0.032947 -0.006760 
-0.033604 -0.002330 
-0.033997 0.000886 
-0.032914 0.004824 
-0.031011 0.008565 
-0.029994 0.012404 
-0.028123 0.017097 
-0.026450 0.020969 
-0.023824 0.025006 
-0.020838 0.030125 
-0.019263 0.034752 
-0.016178 0.039182 
-0.012897 0.044597 
-0.009648 0.049421 
-0.004955 0.054737 
-0.000427 0.059331 
0.003150 0.063466 
0.007285 0.067076 
0.012404 0.068749 
0.016605 0.070784 
0.021133 0.070521 
0.026220 0.068684 
0.030059 0.066026 
0.034129 0.060775 
0.038034 0.055098 
0.042431 0.047714 
0.046303 0.039149 
0.049388 0.030519 
0.053227 0.020805 
0.056968 0.010042 
0.060545 -0.001739 
0.062908 -0.013159 
0.064647 -0.025925 
0.066026 -0.038427 
0.066026 -0.049125 
0.064680 -0.060644 
0.062121 -0.070948 
0.058183 -0.079644 
0.052801 -0.087323 
0.045745 -0.093132 
0.037279 -0.096479 
0.028583 -0.097660 
0.018443 -0.096938 
0.006826 -0.093460 
-0.004266 -0.088144 
-0.016277 -0.079907 
-0.028615 -0.070095 
-0.040101 -0.059922 
-0.051948 -0.047780 
-0.061891 -0.035441 
-0.071342 -0.023135 
-0.079579 -0.011026 
-0.085682 -0.000131 
-0.091031 0.009878 
-0.094116 0.018410 
-0.096085 0.025400 
-0.095002 0.030289 
-0.092082 0.033768 
-0.088242 0.036426 
-0.081613 0.037706 
-0.072819 0.038624 
-0.062482 0.038920 
-0.051029 0.038395 
-0.038034 0.037804 
-0.025465 0.037279 
-0.012273 0.036360 
0.000131 0.035343 
0.011223 0.034719 
0.022085 0.033341 
0.030716 0.031044 
0.037902 0.029009 
0.043547 0.026121 
0.046467 0.022807 
0.048371 0.019263 
0.049125 0.014767 
0.047321 0.011223 
0.044991 0.006530 
0.042201 0.001575 
0.039510 -0.002625 
0.035802 -0.007285 
0.032258 -0.011223 
0.030027 -0.015423 
0.027697 -0.018935 
0.025695 -0.022216 
0.023070 -0.024546 
0.021232 -0.026351 
0.018377 -0.028583 
0.015686 -0.029895 
0.012897 -0.030847 
0.009090 -0.030880 
0.006202 -0.031142 
0.001936 -0.030683 
-0.002560 -0.029666 
-0.006924 -0.027861 
-0.011387 -0.025432 
-0.015358 -0.023266 
-0.019099 -0.020379 
-0.022479 -0.017491 
-0.025039 -0.014111 
-0.027926 -0.010862 
-0.029403 -0.007909 
-0.030322 -0.004299 
-0.030814 -0.001050 
-0.030289 0.001510 
-0.030978 0.005415 
-0.029928 0.009615 
-0.029239 0.013290 
-0.028287 0.017622 
-0.026515 0.022348 
-0.024054 0.026909 
-0.020412 0.031733 
-0.017622 0.037410 
-0.014242 0.042661 
-0.010632 0.048568 
-0.006005 0.053982 
-0.002035 0.058544 
0.002264 0.063269 
0.007121 0.067207 
0.010961 0.069242 
0.015456 0.069406 
0.020051 0.069373 
0.023693 0.067634 
0.027697 0.065074 
0.032652 0.061005 
0.036590 0.055426 
0.040200 0.048568 
0.043612 0.039970 
0.048830 0.031339 
0.053588 0.021363 
0.057133 0.010665 
0.061235 -0.000722 
0.063794 -0.012470 
0.065698 -0.024579 
0.066748 -0.036229 
0.066912 -0.048436 
0.065238 -0.060447 
0.062613 -0.070029 
0.058642 -0.079316 
0.053195 -0.086404 
0.046041 -0.092246 
0.037279 -0.096971 
0.028123 -0.097824 
0.016802 -0.095823 
0.006005 -0.092968 
-0.005283 -0.087061 
-0.017524 -0.078364 
-0.028615 -0.069143 
-0.040331 -0.057920 
-0.051685 -0.046238 
-0.061596 -0.033964 
-0.070554 -0.021823 
-0.078857 -0.010009 
-0.086109 0.000361 
-0.091163 0.009156 
-0.094608 0.017031 
-0.096741 0.022840 
-0.095790 0.028025 
-0.093197 0.030650 
-0.088439 0.033111 
-0.081219 0.034916 
-0.072983 0.035146 
-0.062580 0.036130 
-0.050635 0.036393 
-0.037738 0.036360 
-0.025006 0.035933 
-0.013258 0.035671 
-0.001149 0.035080 
0.010665 0.034161 
0.020740 0.032914 
0.028944 0.030552 
0.035572 0.027664 
0.040528 0.024874 
0.043055 0.021855 
0.044269 0.018246 
0.044137 0.014702 
0.043251 0.010009 
0.041676 0.005185 
0.038788 0.000952 
0.036491 -0.003511 
0.033964 -0.007745 
0.031831 -0.011978 
0.029633 -0.015653 
0.027762 -0.018508 
0.025892 -0.021462 
0.024153 -0.024153 
0.022643 -0.025662 
0.019985 -0.027172 
0.017557 -0.029305 
0.014176 -0.030191 
0.010895 -0.029961 
0.006563 -0.030125 
0.001575 -0.029534 
-0.003249 -0.028451 
-0.008270 -0.026679 
-0.012404 -0.024514 
-0.016638 -0.022643 
-0.019854 -0.018869 
-0.022741 -0.016080 
-0.025170 -0.013717 
-0.027434 -0.010140 
-0.028911 -0.007351 
-0.029830 -0.004233 
-0.030716 -0.000689 
-0.030486 0.003183 
-0.030125 0.006629 
-0.029370 0.009845 
-0.028583 0.014111 
-0.026942 0.018508 
-0.025104 0.023463 
-0.023070 0.028517 
-0.019854 0.033308 
-0.016933 0.039510 
-0.013816 0.045581 
-0.009681 0.050898 
-0.005677 0.056247 
-0.001969 0.060086 
0.001674 0.063466 
0.006104 0.066551 
0.010829 0.069274 
0.014111 0.070160 
0.018246 0.068946 
0.022151 0.067995 
0.026417 0.065369 
0.031536 0.061891 
0.035638 0.056936 
0.039904 0.049913 
0.044466 0.042464 
0.049946 0.032849 
0.054376 0.023102 
0.058576 0.012536 
0.062646 0.000131 
0.065533 -0.011518 
0.067732 -0.023923 
0.068060 -0.036360 
0.067634 -0.048502 
0.066288 -0.060677 
0.064319 -0.071211 
0.060381 -0.080038 
0.054179 -0.087258 
0.047583 -0.093066 
0.039149 -0.095921 
0.029337 -0.096709 
0.019361 -0.095363 
0.008499 -0.090966 
-0.002527 -0.084829 
-0.014078 -0.076592 
-0.025793 -0.067502 
-0.036819 -0.056607 
-0.048469 -0.045155 
-0.059528 -0.034457 
-0.069668 -0.023070 
-0.079054 -0.011945 
-0.086536 -0.002527 
-0.092344 0.005480 
-0.096151 0.012831 
-0.097759 0.018114 
-0.097135 0.023266 
-0.093919 0.027270 
-0.088406 0.029305 
-0.080826 0.031503 
-0.071440 0.033439 
-0.060841 0.034949 
-0.049027 0.035047 
-0.036655 0.036721 
-0.023726 0.037410 
-0.010895 0.036163 
0.000459 0.036032 
0.010698 0.034752 
0.020018 0.033439 
0.027336 0.031339 
0.032750 0.028747 
0.037312 0.025892 
0.039674 0.021954 
0.041020 0.018016 
0.041315 0.013389 
0.039839 0.009320 
0.039051 0.005185 
0.038165 0.000689 
0.036294 -0.003478 
0.034457 -0.007909 
0.032586 -0.011289 
0.030978 -0.014636 
0.030289 -0.017852 
0.028386 -0.020444 
0.026056 -0.024448 
0.024087 -0.027172 
0.021166 -0.028583 
0.017589 -0.030388 
0.013061 -0.030913 
0.009156 -0.030847 
0.004594 -0.030322 
-0.000952 -0.029436 
-0.005415 -0.029108 
-0.010206 -0.027336 
-0.014603 -0.024645 
-0.017655 -0.022151 
-0.020871 -0.019230 
-0.024153 -0.016572 
-0.026351 -0.013914 
-0.028911 -0.010993 
-0.030355 -0.008762 
-0.030716 -0.006202 
-0.032127 -0.002560 
-0.032127 -0.000066 
-0.031470 0.002494 
-0.030256 0.006432 
-0.029698 0.010632 
-0.028615 0.015292 
-0.026450 0.020707 
-0.024874 0.026187 
-0.020805 0.031536 
-0.017425 0.037509 
-0.014439 0.043547 
-0.010665 0.049618 
-0.006760 0.055000 
-0.002330 0.059955 
0.000886 0.063729 
0.004824 0.066584 
0.008565 0.069537 
0.012404 0.070718 
0.017097 0.071243 
0.020969 0.069964 
0.025006 0.067831 
0.030125 0.064319 
0.034752 0.058215 
0.039182 0.052407 
0.044597 0.044695 
0.049421 0.035408 
0.054737 0.025859 
0.059331 0.014997 
0.063466 0.003150 
0.067076 -0.009090 
0.068749 -0.022315 
0.070784 -0.035540 
0.070521 -0.047977 
0.068684 -0.059167 
0.066026 -0.069931 
0.060775 -0.079349 
0.055098 -0.086175 
0.047714 -0.092147 
0.039149 -0.094937 
0.030519 -0.095265 
0.020805 -0.093066 
0.010042 -0.088833 
-0.001739 -0.082860 
-0.013159 -0.074000 
-0.025925 -0.064811 
-0.038427 -0.053917 
-0.049125 -0.042989 
-0.060644 -0.031963 
-0.070948 -0.020740 
-0.079644 -0.011781 
-0.087323 -0.003282 
-0.093132 0.004496 
-0.096479 0.010665 
-0.097660 0.016670 
-0.096938 0.021035 
-0.093460 0.024546 
-0.088144 0.028615 
-0.079907 0.030650 
-0.070095 0.032389 
-0.059922 0.034555 
-0.047780 0.035737 
-0.035441 0.036852 
-0.023135 0.037673 
-0.011026 0.036852 
-0.000131 0.036787 
0.009878 0.036032 
0.018410 0.033964 
0.025400 0.032980 
0.030289 0.029633 
0.033768 0.026318 
0.036426 0.023070 
0.037706 0.019493 
0.038624 0.015653 
0.038920 0.011420 
0.038395 0.007548 
0.037804 0.002527 
0.037279 -0.001444 
0.036360 -0.005185 
0.035343 -0.008795 
0.034719 -0.013356 
0.033341 -0.017392 
0.031044 -0.020116 
0.029009 -0.023201 
0.026121 -0.025793 
0.022807 -0.028353 
0.019263 -0.029534 
0.014767 -0.029666 
0.011223 -0.029764 
0.006530 -0.029961 
0.001575 -0.029337 
-0.002625 -0.028255 
-0.007285 -0.026450 
-0.011223 -0.024448 
-0.015423 -0.022052 
-0.018935 -0.020083 
-0.022216 -0.018607 
-0.024546 -0.015128 
-0.026351 -0.013520 
-0.028583 -0.011879 
-0.029895 -0.008762 
-0.030847 -0.006333 
-0.030880 -0.003971 
-0.031142 -0.000131 
-0.030683 0.004168 
-0.029666 0.008040 
-0.027861 0.012929 
-0.025432 0.018344 
-0.023266 0.024809 
-0.020379 0.031274 
-0.017491 0.038034 
-0.014111 0.043612 
-0.010862 0.048863 
-0.007909 0.054113 
-0.004299 0.058445 
-0.001050 0.062482 
0.001510 0.065468 
0.005415 0.068224 
0.009615 0.069045 
0.013290 0.069012 
0.017622 0.068192 
0.022348 0.065993 
0.026909 0.062121 
0.031733 0.057526 
0.037410 0.051685 
0.042661 0.043678 
0.048568 0.035310 
0.053982 0.025465 
0.058544 0.014997 
0.063269 0.001969 
0.067207 -0.010961 
0.069242 -0.023693 
0.069406 -0.037738 
0.069373 -0.050471 
0.067634 -0.062121 
0.065074 -0.072425 
0.061005 -0.082302 
0.055426 -0.089653 
0.048568 -0.094411 
0.039970 -0.096348 
0.031339 -0.095691 
0.021363 -0.093000 
0.010665 -0.087586 
-0.000722 -0.081121 
-0.012470 -0.072228 
-0.024579 -0.061989 
-0.036229 -0.052177 
-0.048436 -0.042365 
-0.060447 -0.032028 
-0.070029 -0.022348 
-0.079316 -0.013717 
-0.086404 -0.005677 
-0.092246 0.001345 
-0.096971 0.007482 
-0.097824 0.012897 
-0.095823 0.017786 
-0.092968 0.021790 
-0.087061 0.024874 
-0.078364 0.028025 
-0.069143 0.031569 
-0.057920 0.033735 
-0.046238 0.035343 
-0.033964 0.037443 
-0.021823 0.038362 
-0.010009 0.038690 
0.000361 0.038329 
0.009156 0.036819 
0.017031 0.035572 
0.022840 0.033505 
0.028025 0.030617 
0.030650 0.027598 
0.033111 0.024645 
0.034916 0.021035 
0.035146 0.016145 
0.036130 0.012208 
0.036393 0.008040 
0.036360 0.003872 
0.035933 -0.000853 
0.035671 -0.005513 
0.035080 -0.009221 
0.034161 -0.013586 
0.032914 -0.016572 
0.030552 -0.020182 
0.027664 -0.023463 
0.024874 -0.025334 
0.021855 -0.027500 
0.018246 -0.028517 
0.014702 -0.028550 
0.010009 -0.028812 
0.005185 -0.028583 
0.000952 -0.027368 
-0.003511 -0.026286 
-0.007745 -0.023988 
-0.011978 -0.022249 
-0.015653 -0.021101 
-0.018508 -0.018771 
-0.021462 -0.016835 
-0.024153 -0.015194 
-0.025662 -0.013684 
-0.027172 -0.012142 
-0.029305 -0.009681 
-0.030191 -0.006793 
-0.029961 -0.003675 
-0.030125 0.000000 
-0.029534 0.004332 
-0.028451 0.009156 
-0.026679 0.013487 
-0.024514 0.019033 
-0.022643 0.025137 
-0.018869 0.031241 
-0.016080 0.037509 
-0.013717 0.043350 
-0.010140 0.049716 
-0.007351 0.054967 
-0.004233 0.059725 
-0.000689 0.063171 
0.003183 0.067141 
0.006629 0.070095 
0.009845 0.070521 
0.014111 0.071801 
0.018508 0.071375 
0.023463 0.069471 
0.028517 0.066124 
0.033308 0.061431 
0.039510 0.054606 
0.045581 0.047386 
0.050898 0.038821 
0.056247 0.027598 
0.060086 0.016933 
0.063466 0.004463 
0.066551 -0.008696 
0.069274 -0.022643 
0.070160 -0.036294 
0.068946 -0.049355 
0.067995 -0.061563 
0.065369 -0.071768 
0.061891 -0.081712 
0.056936 -0.088373 
0.049913 -0.092475 
0.042464 -0.094116 
0.032849 -0.093558 
0.023102 -0.090375 
0.012536 -0.085256 
0.000131 -0.078824 
-0.011518 -0.070095 
-0.023923 -0.062514 
-0.036360 -0.053720 
-0.048502 -0.044170 
-0.060677 -0.035507 
-0.071211 -0.026515 
-0.080038 -0.018410 
-0.087258 -0.010862 
-0.093066 -0.004200 
-0.095921 0.001838 
-0.096709 0.008007 
-0.095363 0.013651 
-0.090966 0.018246 
-0.084829 0.022545 
-0.076592 0.026121 
-0.067502 0.029272 
-0.056607 0.032291 
-0.045155 0.034260 
-0.034457 0.035605 
-0.023070 0.036130 
-0.011945 0.036754 
-0.002527 0.036393 
0.005480 0.034654 
0.012831 0.033571 
0.018114 0.031405 
0.023266 0.028583 
0.027270 0.026614 
0.029305 0.023135 
0.031503 0.019132 
0.033439 0.015981 
0.034949 0.012175 
0.035047 0.008171 
0.036721 0.004069 
0.037410 -0.000230 
0.036163 -0.004922 
0.036032 -0.009418 
0.034752 -0.013750 
0.033439 -0.017425 
0.031339 -0.020149 
0.028747 -0.023431 
0.025892 -0.025761 
0.021954 -0.027697 
0.018016 -0.028648 
0.013389 -0.028615 
0.009320 -0.028747 
0.005185 -0.027467 
0.000689 -0.026253 
-0.003478 -0.024940 
-0.007909 -0.023562 
-0.011289 -0.022118 
-0.014636 -0.020510 
-0.017852 -0.019329 
-0.020444 -0.017655 
-0.024448 -0.016867 
-0.027172 -0.015259 
-0.028583 -0.012897 
-0.030388 -0.011223 
-0.030913 -0.008499 
-0.030847 -0.005776 
-0.030322 -0.001674 
-0.029436 0.002822 
-0.029108 0.006662 
-0.027336 0.012536 
-0.024645 0.017885 
-0.022151 0.023956 
-0.019230 0.030617 
-0.016572 0.036262 
-0.013914 0.042595 
-0.010993 0.048666 
-0.008762 0.053982 
-0.006202 0.058576 
-0.002560 0.063335 
-0.000066 0.066649 
0.002494 0.069307 
0.006432 0.071900 
0.010632 0.072884 
0.015292 0.072950 
0.020707 0.070620 
0.026187 0.067338 
0.031536 0.063335 
0.037509 0.057133 
0.043547 0.049322 
0.049618 0.040790 
0.055000 0.030617 
0.059955 0.018508 
0.063729 0.005382 
0.066584 -0.008467 
0.069537 -0.021987 
0.070718 -0.035999 
0.071243 -0.049060 
0.069964 -0.060414 
0.067831 -0.071014 
0.064319 -0.078988 
0.058215 -0.084829 
0.052407 -0.089325 
0.044695 -0.090703 
0.035408 -0.089456 
0.025859 -0.086043 
0.014997 -0.080760 
0.003150 -0.074427 
-0.009090 -0.066682 
-0.022315 -0.058937 
-0.035540 -0.050077 
-0.047977 -0.041348 
-0.059167 -0.033144 
-0.069931 -0.025367 
-0.079349 -0.018278 
-0.086175 -0.010600 
-0.092147 -0.004365 
-0.094937 0.002264 
-0.095265 0.007974 
-0.093066 0.013586 
-0.088833 0.019263 
-0.082860 0.023168 
-0.074000 0.026876 
-0.064811 0.030256 
-0.053917 0.033702 
-0.042989 0.035933 
-0.031963 0.038001 
-0.020740 0.038756 
-0.011781 0.038788 
-0.003282 0.038362 
0.004496 0.037148 
0.010665 0.036229 
0.016670 0.033308 
0.021035 0.030880 
0.024546 0.028911 
0.028615 0.025400 
0.030650 0.021429 
0.032389 0.018016 
0.034555 0.013553 
0.035737 0.008827 
0.036852 0.005480 
0.037673 0.000558 
0.036852 -0.004693 
0.036787 -0.009123 
0.036032 -0.013487 
0.033964 -0.017589 
0.032980 -0.021166 
0.029633 -0.024185 
0.026318 -0.026089 
0.023070 -0.026614 
0.019493 -0.027172 
0.015653 -0.027172 
0.011420 -0.027270 
0.007548 -0.026876 
0.002527 -0.025465 
-0.001444 -0.024710 
-0.005185 -0.023660 
-0.008795 -0.022709 
-0.013356 -0.021691 
-0.017392 -0.020247 
-0.020116 -0.019525 
-0.023201 -0.018672 
-0.025793 -0.017130 
-0.028353 -0.015358 
-0.029534 -0.013487 
-0.029666 -0.010403 
-0.029764 -0.007088 
-0.029961 -0.003282 
-0.029337 0.001969 
-0.028255 0.006366 
-0.026450 0.011486 
-0.024448 0.017360 
-0.022052 0.022446 
-0.020083 0.028747 
-0.018607 0.035244 
-0.015128 0.040396 
-0.013520 0.046336 
-0.011879 0.051980 
-0.008762 0.056542 
-0.006333 0.061760 
-0.003971 0.065632 
-0.000131 0.068454 
0.004168 0.070587 
0.008040 0.071801 
0.012929 0.071867 
0.018344 0.070489 
0.024809 0.068487 
0.031274 0.063630 
0.038034 0.057297 
0.043612 0.049782 
0.048863 0.039970 
0.054113 0.029075 
0.058445 0.016900 
0.062482 0.003052 
0.065468 -0.011420 
0.068224 -0.025564 
0.069045 -0.039674 
0.069012 -0.052604 
0.068192 -0.064122 
0.065993 -0.073803 
0.062121 -0.080990 
0.057526 -0.085879 
0.051685 -0.088964 
0.043678 -0.089653 
0.035310 -0.088340 
0.025465 -0.085256 
0.014997 -0.079940 
0.001969 -0.073803 
-0.010961 -0.066649 
-0.023693 -0.059167 
-0.037738 -0.051652 
-0.050471 -0.043941 
-0.062121 -0.036557 
-0.072425 -0.029272 
-0.082302 -0.021888 
-0.089653 -0.014144 
-0.094411 -0.007318 
-0.096348 -0.001345 
-0.095691 0.004332 
-0.093000 0.010567 
-0.087586 0.016802 
-0.081121 0.021166 
-0.072228 0.025826 
-0.061989 0.030027 
-0.052177 0.032652 
-0.042365 0.035572 
-0.032028 0.037509 
-0.022348 0.038329 
-0.013717 0.039346 
-0.005677 0.038788 
0.001345 0.037377 
0.007482 0.036196 
0.012897 0.033735 
0.017786 0.032127 
0.021790 0.029994 
0.024874 0.025925 
0.028025 0.022479 
0.031569 0.019066 
0.033735 0.014570 
0.035343 0.009845 
0.037443 0.005480 
0.038362 0.001017 
0.038690 -0.003938 
0.038329 -0.008467 
0.036819 -0.011781 
0.035572 -0.015325 
0.033505 -0.018705 
0.030617 -0.021166 
0.027598 -0.022741 
0.024645 -0.023332 
0.021035 -0.024842 
0.016145 -0.025728 
0.012208 -0.025662 
0.008040 -0.025137 
0.003872 -0.024284 
-0.000853 -0.023365 
-0.005513 -0.022413 
-0.009221 -0.022151 
-0.013586 -0.021068 
-0.016572 -0.020149 
-0.020182 -0.019394 
-0.023463 -0.018935 
-0.025334 -0.017458 
-0.027500 -0.015292 
-0.028517 -0.013356 
-0.028550 -0.010370 
-0.028812 -0.007777 
-0.028583 -0.003643 
-0.027368 0.001149 
-0.026286 0.005612 
-0.023988 0.010961 
-0.022249 0.016474 
-0.021101 0.022413 
-0.018771 0.028714 
-0.016835 0.035211 
-0.015194 0.041676 
-0.013684 0.047353 
-0.012142 0.052276 
-0.009681 0.057329 
-0.006793 0.061727 
-0.003675 0.066748 
0.000000 0.070948 
0.004332 0.073606 
0.009156 0.075674 
0.013487 0.076166 
0.019033 0.075345 
0.025137 0.072458 
0.031241 0.068323 
0.037509 0.061694 
0.043350 0.053031 
0.049716 0.043055 
0.054967 0.031438 
0.059725 0.017918 
0.063171 0.003577 
0.067141 -0.010074 
0.070095 -0.024645 
0.070521 -0.038099 
0.071801 -0.050504 
0.071375 -0.061858 
0.069471 -0.071243 
0.066124 -0.077643 
0.061431 -0.082138 
0.054606 -0.085256 
0.047386 -0.085420 
0.038821 -0.084665 
0.027598 -0.081613 
0.016933 -0.077839 
0.004463 -0.072720 
-0.008696 -0.066058 
-0.022643 -0.059791 
-0.036294 -0.052341 
-0.049355 -0.044991 
-0.061563 -0.038034 
-0.071768 -0.031306 
-0.081712 -0.023726 
-0.088373 -0.016310 
-0.092475 -0.009353 
-0.094116 -0.002888 
-0.093558 0.002953 
-0.090375 0.009090 
-0.085256 0.014209 
-0.078824 0.019099 
-0.070095 0.023201 
-0.062514 0.026778 
-0.053720 0.030289 
-0.044170 0.032357 
-0.035507 0.034194 
-0.026515 0.035244 
-0.018410 0.035966 
-0.010862 0.036130 
-0.004200 0.035015 
0.001838 0.034457 
0.008007 0.033111 
0.013651 0.031339 
0.018246 0.028747 
0.022545 0.024973 
0.026121 0.021396 
0.029272 0.017360 
0.032291 0.013422 
0.034260 0.008467 
0.035605 0.003118 
0.036130 -0.001575 
0.036754 -0.006038 
0.036393 -0.010698 
0.034654 -0.014209 
0.033571 -0.017097 
0.031405 -0.020772 
0.028583 -0.022676 
0.026614 -0.024382 
0.023135 -0.024678 
0.019132 -0.024349 
0.015981 -0.024546 
0.012175 -0.024382 
0.008171 -0.024218 
0.004069 -0.023070 
-0.000230 -0.022709 
-0.004922 -0.022380 
-0.009418 -0.022741 
-0.013750 -0.022085 
-0.017425 -0.021068 
-0.020149 -0.021166 
-0.023431 -0.020313 
-0.025761 -0.019427 
-0.027697 -0.017031 
-0.028648 -0.015161 
-0.028615 -0.013323 
-0.028747 -0.009287 
-0.027467 -0.004988 
-0.026253 -0.001083 
-0.024940 0.004102 
-0.023562 0.009845 
-0.022118 0.014866 
-0.020510 0.021002 
-0.019329 0.026745 
-0.017655 0.032849 
-0.016867 0.039740 
-0.015259 0.045450 
-0.012897 0.051258 
-0.011223 0.056082 
-0.008499 0.060545 
-0.005776 0.066255 
-0.001674 0.069865 
0.002822 0.073180 
0.006662 0.076297 
0.012536 0.076166 
0.017885 0.075805 
0.023956 0.073508 
0.030617 0.068618 
0.036262 0.062350 
0.042595 0.053917 
0.048666 0.043022 
0.053982 0.030453 
0.058576 0.017622 
0.063335 0.003052 
0.066649 -0.011486 
0.069307 -0.025432 
0.071900 -0.038920 
0.072884 -0.050208 
0.072950 -0.060874 
0.070620 -0.069734 
0.067338 -0.075542 
0.063335 -0.080202 
0.057133 -0.082663 
0.049322 -0.082795 
0.040790 -0.081515 
0.030617 -0.078364 
0.018508 -0.074689 
0.005382 -0.069537 
-0.008467 -0.063597 
-0.021987 -0.057559 
-0.035999 -0.050996 
-0.049060 -0.044105 
-0.060414 -0.036524 
-0.071014 -0.029764 
-0.078988 -0.022282 
-0.084829 -0.015095 
-0.089325 -0.009615 
-0.090703 -0.002625 
-0.089456 0.004135 
-0.086043 0.009845 
-0.080760 0.014997 
-0.074427 0.019690 
-0.066682 0.024382 
-0.058937 0.027500 
-0.050077 0.030880 
-0.041348 0.033899 
-0.033144 0.035507 
-0.025367 0.037377 
-0.018278 0.038723 
-0.010600 0.039051 
-0.004365 0.038099 
0.002264 0.036491 
0.007974 0.035310 
0.013586 0.033932 
0.019263 0.030388 
0.023168 0.026843 
0.026876 0.023529 
0.030256 0.018410 
0.033702 0.013881 
0.035933 0.008302 
0.038001 0.002986 
0.038756 -0.001345 
0.038788 -0.006301 
0.038362 -0.010468 
0.037148 -0.013980 
0.036229 -0.017031 
0.033308 -0.019525 
0.030880 -0.021199 
0.028911 -0.022906 
0.025400 -0.023431 
0.021429 -0.023463 
0.018016 -0.024054 
0.013553 -0.024153 
0.008827 -0.024120 
0.005480 -0.023660 
0.000558 -0.023693 
-0.004693 -0.023693 
-0.009123 -0.023627 
-0.013487 -0.023037 
-0.017589 -0.022807 
-0.021166 -0.022380 
-0.024185 -0.021068 
-0.026089 -0.020641 
-0.026614 -0.018246 
-0.027172 -0.015489 
-0.027172 -0.013094 
-0.027270 -0.010239 
-0.026876 -0.006432 
-0.025465 -0.001116 
-0.024710 0.003216 
-0.023660 0.008565 
-0.022709 0.013717 
-0.021691 0.019296 
-0.020247 0.024776 
-0.019525 0.029928 
-0.018672 0.037443 
-0.017130 0.043055 
-0.015358 0.049060 
-0.013487 0.054901 
-0.010403 0.060283 
-0.007088 0.066387 
-0.003282 0.070423 
0.001969 0.074427 
0.006366 0.076395 
0.011486 0.077577 
0.017360 0.077052 
0.022446 0.073639 
0.028747 0.068618 
0.035244 0.061235 
0.040396 0.052407 
0.046336 0.041118 
0.051980 0.028156 
0.056542 0.014373 
0.061760 0.000853 
0.065632 -0.013389 
0.068454 -0.027073 
0.070587 -0.039313 
0.071801 -0.050766 
0.071867 -0.059594 
0.070489 -0.066977 
0.068487 -0.072556 
0.063630 -0.076756 
0.057297 -0.078496 
0.049782 -0.078430 
0.039970 -0.077675 
0.029075 -0.075477 
0.016900 -0.072786 
0.003052 -0.068421 
-0.011420 -0.063400 
-0.025564 -0.057723 
-0.039674 -0.051816 
-0.052604 -0.046008 
-0.064122 -0.038657 
-0.073803 -0.031536 
-0.080990 -0.025235 
-0.085879 -0.017622 
-0.088964 -0.010829 
-0.089653 -0.004529 
-0.088340 0.002297 
-0.085256 0.008302 
-0.079940 0.013816 
-0.073803 0.018344 
-0.066649 0.023759 
-0.059167 0.026811 
-0.051652 0.029534 
-0.043941 0.033111 
-0.036557 0.034621 
-0.029272 0.036557 
-0.021888 0.037180 
-0.014144 0.037837 
-0.007318 0.037377 
-0.001345 0.036163 
0.004332 0.035507 
0.010567 0.032947 
0.016802 0.030125 
0.021166 0.027467 
0.025826 0.023496 
0.030027 0.018902 
0.032652 0.014866 
0.035572 0.009549 
0.037509 0.003971 
0.038329 -0.000492 
0.039346 -0.004496 
0.038788 -0.008302 
0.037377 -0.011584 
0.036196 -0.014209 
0.033735 -0.016408 
0.032127 -0.017491 
0.029994 -0.019329 
0.025925 -0.020576 
0.022479 -0.020740 
0.019066 -0.020937 
0.014570 -0.020871 
0.009845 -0.021494 
0.005480 -0.021232 
0.001017 -0.021166 
-0.003938 -0.021888 
-0.008467 -0.021757 
-0.011781 -0.021987 
-0.015325 -0.021494 
-0.018705 -0.021101 
-0.021166 -0.020707 
-0.022741 -0.018869 
-0.023332 -0.017983 
-0.024842 -0.015686 
-0.025728 -0.012962 
-0.025662 -0.010042 
-0.025137 -0.005677 
-0.024284 -0.001542 
-0.023365 0.003019 
-0.022413 0.007187 
-0.022151 0.011518 
-0.021068 0.016441 
-0.020149 0.022807 
-0.019394 0.029272 
-0.018935 0.035540 
-0.017458 0.041972 
-0.015292 0.048469 
-0.013356 0.055328 
-0.010370 0.061530 
-0.007777 0.068192 
-0.003643 0.072687 
0.001149 0.077052 
0.005612 0.080366 
0.010961 0.079316 
0.016474 0.078791 
0.022413 0.076035 
0.028714 0.069570 
0.035211 0.061825 
0.041676 0.051619 
0.047353 0.039478 
0.052276 0.026876 
0.057329 0.014176 
0.061727 -0.000033 
0.066748 -0.014012 
0.070948 -0.025826 
0.073606 -0.037837 
0.075674 -0.048961 
0.076166 -0.058347 
0.075345 -0.065665 
0.072458 -0.070521 
0.068323 -0.074525 
0.061694 -0.077347 
0.053031 -0.078660 
0.043055 -0.077413 
0.031438 -0.075641 
0.017918 -0.073705 
0.003577 -0.070259 
-0.010074 -0.065468 
-0.024645 -0.059988 
-0.038099 -0.054442 
-0.050504 -0.047878 
-0.061858 -0.041414 
-0.071243 -0.033866 
-0.077643 -0.026745 
-0.082138 -0.020969 
-0.085256 -0.014603 
-0.085420 -0.007810 
-0.084665 -0.001608 
-0.081613 0.003807 
-0.077839 0.010042 
-0.072720 0.015588 
-0.066058 0.019361 
-0.059791 0.022643 
-0.052341 0.026417 
-0.044991 0.029534 
-0.038034 0.031766 
-0.031306 0.033669 
-0.023726 0.035474 
-0.016310 0.036491 
-0.009353 0.036262 
-0.002888 0.035901 
0.002953 0.034325 
0.009090 0.031996 
0.014209 0.029009 
0.019099 0.025596 
0.023201 0.021429 
0.026778 0.016670 
0.030289 0.011879 
0.032357 0.006727 
0.034194 0.002330 
0.035244 -0.001739 
0.035966 -0.005710 
0.036130 -0.009451 
0.035015 -0.012634 
0.034457 -0.015128 
0.033111 -0.016178 
0.031339 -0.017753 
0.028747 -0.018508 
0.024973 -0.018541 
0.021396 -0.019296 
0.017360 -0.019033 
0.013422 -0.020149 
0.008467 -0.020149 
0.003118 -0.020543 
-0.001575 -0.022118 
-0.006038 -0.022151 
-0.010698 -0.022348 
-0.014209 -0.023135 
-0.017097 -0.023431 
-0.020772 -0.022184 
-0.022676 -0.021855 
-0.024382 -0.020313 
-0.024678 -0.018443 
-0.024349 -0.016277 
-0.024546 -0.012995 
-0.024382 -0.010173 
-0.024218 -0.006268 
-0.023070 -0.002527 
-0.022709 0.002002 
-0.022380 0.006137 
-0.022741 0.010632 
-0.022085 0.016539 
-0.021068 0.021396 
-0.021166 0.027303 
-0.020313 0.034686 
-0.019427 0.041545 
-0.017031 0.048994 
-0.015161 0.056509 
-0.013323 0.063335 
-0.009287 0.070226 
-0.004988 0.075247 
-0.001083 0.079907 
0.004102 0.082762 
0.009845 0.082598 
0.014866 0.081121 
0.021002 0.076986 
0.026745 0.071047 
0.032849 0.062317 
0.039740 0.051324 
0.045450 0.040364 
0.051258 0.027270 
0.056082 0.012962 
0.060545 -0.000328 
0.066255 -0.013881 
0.069865 -0.025957 
0.073180 -0.036984 
0.076297 -0.047222 
0.076166 -0.054639 
0.075805 -0.061989 
0.073508 -0.068060 
0.068618 -0.070850 
0.062350 -0.073541 
0.053917 -0.074525 
0.043022 -0.073114 
0.030453 -0.072392 
0.017622 -0.070062 
0.003052 -0.066584 
-0.011486 -0.063072 
-0.025432 -0.058445 
-0.038920 -0.053326 
-0.050208 -0.046828 
-0.060874 -0.040560 
-0.069734 -0.034588 
-0.075542 -0.028090 
-0.080202 -0.021298 
-0.082663 -0.015325 
-0.082795 -0.009517 
-0.081515 -0.002494 
-0.078364 0.003643 
-0.074689 0.008532 
-0.069537 0.014012 
-0.063597 0.019165 
-0.057559 0.022676 
-0.050996 0.027106 
-0.044105 0.030552 
-0.036524 0.033210 
-0.029764 0.035868 
-0.022282 0.037476 
-0.015095 0.038723 
-0.009615 0.038198 
-0.002625 0.037509 
0.004135 0.035572 
0.009845 0.033013 
0.014997 0.030125 
0.019690 0.025957 
0.024382 0.021593 
0.027500 0.016572 
0.030880 0.012076 
0.033899 0.007909 
0.035507 0.003052 
0.037377 -0.001674 
0.038723 -0.005054 
0.039051 -0.008762 
0.038099 -0.011715 
0.036491 -0.013487 
0.035310 -0.016178 
0.033932 -0.017130 
0.030388 -0.017392 
0.026843 -0.018311 
0.023529 -0.018738 
0.018410 -0.019558 
0.013881 -0.020215 
0.008302 -0.020608 
0.002986 -0.021987 
-0.001345 -0.022938 
-0.006301 -0.023431 
-0.010468 -0.023890 
-0.013980 -0.023824 
-0.017031 -0.024284 
-0.019525 -0.024120 
-0.021199 -0.022873 
-0.022906 -0.021462 
-0.023431 -0.019722 
-0.023463 -0.017786 
-0.024054 -0.015259 
-0.024153 -0.011748 
-0.024120 -0.009484 
-0.023660 -0.006071 
-0.023693 -0.000952 
-0.023693 0.002592 
-0.023627 0.006957 
-0.023037 0.011551 
-0.022807 0.017294 
-0.022380 0.024579 
-0.021068 0.032028 
-0.020641 0.040101 
-0.018246 0.047878 
-0.015489 0.056640 
-0.013094 0.064418 
-0.010239 0.071243 
-0.006432 0.077249 
-0.001116 0.080990 
0.003216 0.083713 
0.008565 0.083451 
0.013717 0.081154 
0.019296 0.076330 
0.024776 0.069012 
0.029928 0.060677 
0.037443 0.050143 
0.043055 0.038756 
0.049060 0.026220 
0.054901 0.013290 
0.060283 0.000492 
0.066387 -0.012503 
0.070423 -0.024349 
0.074427 -0.034818 
0.076395 -0.044236 
0.077577 -0.052998 
0.077052 -0.059823 
0.073639 -0.064582 
0.068618 -0.068520 
0.061235 -0.071014 
0.052407 -0.072490 
0.041118 -0.072983 
0.028156 -0.070981 
0.014373 -0.069439 
0.000853 -0.067076 
-0.013389 -0.062153 
-0.027073 -0.057986 
-0.039313 -0.053031 
-0.050766 -0.047222 
-0.059594 -0.041020 
-0.066977 -0.034621 
-0.072556 -0.027631 
-0.076756 -0.021199 
-0.078496 -0.015358 
-0.078430 -0.008631 
-0.077675 -0.003150 
-0.075477 0.002461 
-0.072786 0.007745 
-0.068421 0.012634 
-0.063400 0.017622 
-0.057723 0.022052 
-0.051816 0.026417 
-0.046008 0.029961 
-0.038657 0.033046 
-0.031536 0.035802 
-0.025235 0.038099 
-0.017622 0.038592 
-0.010829 0.038690 
-0.004529 0.038263 
0.002297 0.036557 
0.008302 0.034129 
0.013816 0.030256 
0.018344 0.026876 
0.023759 0.022938 
0.026811 0.017622 
0.029534 0.013159 
0.033111 0.008434 
0.034621 0.002953 
0.036557 -0.000361 
0.037180 -0.004102 
0.037837 -0.007252 
0.037377 -0.008696 
0.036163 -0.011157 
0.035507 -0.012962 
0.032947 -0.014275 
0.030125 -0.015194 
0.027467 -0.016375 
0.023496 -0.016539 
0.018902 -0.017196 
0.014866 -0.018246 
0.009549 -0.018607 
0.003971 -0.020018 
-0.000492 -0.021068 
-0.004496 -0.022348 
-0.008302 -0.022282 
-0.011584 -0.022676 
-0.014209 -0.022807 
-0.016408 -0.021724 
-0.017491 -0.021002 
-0.019329 -0.019263 
-0.020576 -0.017721 
-0.020740 -0.015719 
-0.020937 -0.014144 
-0.020871 -0.012175 
-0.021494 -0.009221 
-0.021232 -0.006432 
-0.021166 -0.003216 
-0.021888 0.000952 
-0.021757 0.005973 
-0.021987 0.011387 
-0.021494 0.018049 
-0.021101 0.024776 
-0.020707 0.032849 
-0.018869 0.041643 
-0.017983 0.050077 
-0.015686 0.059659 
-0.012962 0.067338 
-0.010042 0.073508 
-0.005677 0.079415 
-0.001542 0.082565 
0.003019 0.084042 
0.007187 0.083910 
0.011518 0.080793 
0.016441 0.075542 
0.022807 0.068323 
0.029272 0.059331 
0.035540 0.048863 
0.041972 0.037837 
0.048469 0.026089 
0.055328 0.013290 
0.061530 0.000689 
0.068192 -0.011387 
0.072687 -0.022840 
0.077052 -0.033571 
0.080366 -0.042858 
0.079316 -0.050963 
0.078791 -0.058183 
0.076035 -0.063925 
0.069570 -0.068093 
0.061825 -0.070521 
0.051619 -0.072261 
0.039478 -0.073475 
0.026876 -0.072490 
0.014176 -0.070850 
-0.000033 -0.067404 
-0.014012 -0.063138 
-0.025826 -0.059134 
-0.037837 -0.053063 
-0.048961 -0.048404 
-0.058347 -0.042267 
-0.065665 -0.036098 
-0.070521 -0.031208 
-0.074525 -0.024514 
-0.077347 -0.018246 
-0.078660 -0.011584 
-0.077413 -0.006465 
-0.075641 -0.000525 
-0.073705 0.005251 
-0.070259 0.010009 
-0.065468 0.016277 
-0.059988 0.020412 
-0.054442 0.023988 
-0.047878 0.028419 
-0.041414 0.032291 
-0.033866 0.034194 
-0.026745 0.036229 
-0.020969 0.037804 
-0.014603 0.037410 
-0.007810 0.036721 
-0.001608 0.034654 
0.003807 0.031766 
0.010042 0.028090 
0.015588 0.024284 
0.019361 0.019690 
0.022643 0.014997 
0.026417 0.011157 
0.029534 0.006990 
0.031766 0.002625 
0.033669 -0.000952 
0.035474 -0.003118 
0.036491 -0.005612 
0.036262 -0.007777 
0.035901 -0.009418 
0.034325 -0.010895 
0.031996 -0.012273 
0.029009 -0.013619 
0.025596 -0.014964 
0.021429 -0.016113 
0.016670 -0.017589 
0.011879 -0.019361 
0.006727 -0.020543 
0.002330 -0.022249 
-0.001739 -0.023168 
-0.005710 -0.024120 
-0.009451 -0.024809 
-0.012634 -0.024907 
-0.015128 -0.024579 
-0.016178 -0.022873 
-0.017753 -0.022577 
-0.018508 -0.021133 
-0.018541 -0.019690 
-0.019296 -0.018574 
-0.019033 -0.016310 
-0.020149 -0.014866 
-0.020149 -0.012536 
-0.020543 -0.009910 
-0.022118 -0.006793 
-0.022151 -0.002986 
-0.022348 0.001871 
-0.023135 0.008237 
-0.023431 0.015784 
-0.022184 0.024284 
-0.021855 0.032849 
-0.020313 0.042398 
-0.018443 0.051455 
-0.016277 0.059889 
-0.012995 0.068421 
-0.010173 0.075641 
-0.006268 0.081088 
-0.002527 0.084435 
0.002002 0.085256 
0.006137 0.084468 
0.010632 0.080957 
0.016539 0.075772 
0.021396 0.068618 
0.027303 0.058675 
0.034686 0.048666 
0.041545 0.037082 
0.048994 0.026121 
0.056509 0.014570 
0.063335 0.001641 
0.070226 -0.009451 
0.075247 -0.020805 
0.079907 -0.030880 
0.082762 -0.039904 
0.082598 -0.047452 
0.081121 -0.054639 
0.076986 -0.060250 
0.071047 -0.063958 
0.062317 -0.068356 
0.051324 -0.069734 
0.040364 -0.070554 
0.027270 -0.070325 
0.012962 -0.068257 
-0.000328 -0.066058 
-0.013881 -0.062383 
-0.025957 -0.058511 
-0.036984 -0.054409 
-0.047222 -0.049454 
-0.054639 -0.043415 
-0.061989 -0.037246 
-0.068060 -0.031635 
-0.070850 -0.025531 
-0.073541 -0.019427 
-0.074525 -0.013553 
-0.073114 -0.007154 
-0.072392 -0.001510 
-0.070062 0.004135 
-0.066584 0.010600 
-0.063072 0.016408 
-0.058445 0.021199 
-0.053326 0.025695 
-0.046828 0.029633 
-0.040560 0.032455 
-0.034588 0.035540 
-0.028090 0.036984 
-0.021298 0.037902 
-0.015325 0.038165 
-0.009517 0.036196 
-0.002494 0.034030 
0.003643 0.030781 
0.008532 0.027762 
0.014012 0.024021 
0.019165 0.019558 
0.022676 0.015522 
0.027106 0.011321 
0.030552 0.006432 
0.033210 0.002494 
0.035868 -0.000295 
0.037476 -0.003150 
0.038723 -0.005152 
0.038198 -0.008007 
0.037509 -0.009549 
0.035572 -0.010632 
0.033013 -0.012043 
0.030125 -0.013192 
0.025957 -0.015391 
0.021593 -0.016933 
0.016572 -0.017688 
0.012076 -0.018902 
0.007909 -0.021298 
0.003052 -0.021823 
-0.001674 -0.022643 
-0.005054 -0.023595 
-0.008762 -0.023627 
-0.011715 -0.024514 
-0.013487 -0.023365 
-0.016178 -0.022774 
-0.017130 -0.023037 
-0.017392 -0.022348 
-0.018311 -0.021035 
-0.018738 -0.020674 
-0.019558 -0.020018 
-0.020215 -0.017950 
-0.020608 -0.016769 
-0.021987 -0.014472 
-0.022938 -0.010993 
-0.023431 -0.007154 
-0.023890 -0.001641 
-0.023824 0.005808 
-0.024284 0.014176 
-0.024120 0.022873 
-0.022873 0.031996 
-0.021462 0.041808 
-0.019722 0.051652 
-0.017786 0.060447 
-0.015259 0.068224 
-0.011748 0.074722 
-0.009484 0.079776 
-0.006071 0.082827 
-0.000952 0.083418 
0.002592 0.081744 
0.006957 0.078102 
0.011551 0.072753 
0.017294 0.065140 
0.024579 0.055820 
0.032028 0.046566 
0.040101 0.035572 
0.047878 0.023595 
0.056640 0.013520 
0.064418 0.002199 
0.071243 -0.009320 
0.077249 -0.019263 
0.080990 -0.029567 
