4.817640304187086747e-03
2.053585138196846026e-03
-8.183955561048580993e-04
-3.477835082969322252e-03
-5.399330113065456231e-03
-7.734805837988816338e-03
-1.103230466177632270e-02
-1.310166947645453883e-02
-1.500048706280917438e-02
-1.692879595589289257e-02
-1.943878181841113620e-02
-1.870277831710077249e-02
-1.755663639918072019e-02
-1.936840375065594644e-02
-1.839507358064307666e-02
-1.620523059115618059e-02
-1.640721952730590100e-02
-1.659566912062876085e-02
-1.635648282271123799e-02
-1.727369566538464879e-02
-1.849710475916022112e-02
-1.961323582076317934e-02
-1.961650002541612606e-02
-1.880287820439075983e-02
-1.898616693847271497e-02
-1.787235772606307269e-02
-1.514769039067835783e-02
-1.332574345037873878e-02
-1.092527266917872261e-02
-7.552011571790621762e-03
-4.761971163015216169e-03
-1.774399493836875761e-03
1.036772698655697138e-03
2.056299038314906950e-03
2.988733489550149912e-03
2.929815969086345569e-03
1.211802759078239172e-03
-3.365145449161248609e-04
-2.472477816068648689e-03
-4.149393832537916563e-03
-6.608240787418367089e-03
-7.758783350067209594e-03
-8.474371538485939506e-03
-1.082756032125984508e-02
-1.146130810308169587e-02
-1.090423150804773963e-02
-7.652931989119604768e-03
-3.199876949158955361e-03
1.023579572924983435e-03
5.052522999683922711e-03
8.820831091108597560e-03
1.312678342860877471e-02
1.660218797499970339e-02
1.905655694989659768e-02
2.281657792680078997e-02
2.379944392189566743e-02
2.329393053332971461e-02
2.840361354262972357e-02
2.960509167195691724e-02
2.953053929199460706e-02
3.176475301066445517e-02
3.338764437984459432e-02
3.503120785079319455e-02
3.431556472149848575e-02
3.572524488342788268e-02
3.508883605222192642e-02
3.499810238991855199e-02
3.532994766953225646e-02
3.138629159215410025e-02
2.821490118859568824e-02
2.381079279588480327e-02
2.009336652462937259e-02
1.755199867262843480e-02
1.218152565748462958e-02
7.062886091034069162e-03
3.813771964884467552e-03
-1.383195823088850590e-03
-6.588550455216211389e-03
-9.222645965008298766e-03
-1.237466075203453274e-02
-1.587970470664629846e-02
-1.742164427818008315e-02
-1.801479791885872775e-02
-1.771228748391426647e-02
-1.610785624906122676e-02
-1.374227889593873306e-02
-1.020562841087290472e-02
-7.006609315717600081e-03
-5.839222597115402945e-03
-4.240280373800520836e-03
6.469600920703976648e-04
3.377174440434344525e-03
5.384587445618088143e-03
7.631207052956124823e-03
7.116303552066178401e-03
8.048905214663079274e-03
7.745966002012651293e-03
7.354171866143770046e-03
6.949763424588057716e-03
3.805070703652163686e-03
2.481598598663684822e-03
1.773718854017410692e-03
-1.179617035340646851e-03
-3.802189890764161740e-03
-7.292059414305419006e-03
-1.049660962243101174e-02
-1.223761432001923243e-02
-1.503741927513205928e-02
-1.578515384782963604e-02
-1.644820542078213529e-02
-1.731798637198737542e-02
-1.751095186644188381e-02
-1.687009401864893871e-02
-1.626367573952330198e-02
-1.777627807765410142e-02
-1.723218186175232147e-02
-1.749065240713654212e-02
-1.921351586635168529e-02
-1.918652198074565982e-02
-1.927880115377750628e-02
-1.980430824373033763e-02
-2.073378365104765891e-02
-2.133911266758878322e-02
-1.922565541120809310e-02
-1.899647193581835425e-02
-1.739548167191487527e-02
-1.258744795904678457e-02
-1.211013596099140555e-02
-8.194557059969447693e-03
-4.434797350817845131e-03
-3.311767327587887121e-03
1.574006978303418066e-03
3.516238158091367343e-03
2.597058491776449603e-03
2.822078702852606844e-03
3.068544666836617047e-03
1.688134107286249318e-03
-9.556759347306215862e-04
-4.464172206777201023e-03
-6.747629970047189923e-03
-8.836565083057227113e-03
-1.087472348018249206e-02
-1.072828932457693674e-02
-1.028257191330692912e-02
-9.620847281945874713e-03
-8.022332940561807332e-03
-4.411132762859127331e-03
1.020730186815221787e-03
4.892470374446435122e-03
6.871426693201358217e-03
1.135376850456477384e-02
1.402237823095347884e-02
1.573037660011718242e-02
2.003179691253297728e-02
2.198773031692954905e-02
2.377285014919075512e-02
2.525950725582650283e-02
2.705634860453997106e-02
2.892195920883609828e-02
2.969474323787698461e-02
3.136395693170399707e-02
3.347033039818471389e-02
3.507046191230939192e-02
3.541858402361368341e-02
3.608180400229471507e-02
3.606421336704823677e-02
3.486663365118142927e-02
3.199068422506993331e-02
2.975486288859442718e-02
2.917482817360475891e-02
2.655627675142913091e-02
2.256174781163324677e-02
1.770410845959542734e-02
1.246505163104650628e-02
7.181075858921767349e-03
2.165297406666439727e-03
-2.548677675830868326e-03
-7.129067153611631444e-03
-9.977157375320519841e-03
-1.182163186631958116e-02
-1.451082889442905331e-02
-1.535033742297289144e-02
-1.525709320151090280e-02
-1.538383702491430242e-02
-1.326968942448333681e-02
-1.166155684670329949e-02
-9.405164332459758220e-03
-6.949833892233328765e-03
-3.970438858640088463e-03
-2.406464674008073614e-04
1.721362289356681563e-03
4.623985958640890355e-03
5.950735257022016916e-03
6.985592639107431577e-03
8.922934528821315284e-03
9.348474306206618067e-03
8.797421500476408293e-03
8.436634322893356297e-03
8.630813294086756016e-03
6.190688338469429314e-03
3.387220558761130061e-03
-2.997064534377031362e-04
-3.544967757349751485e-03
-4.824450285482346189e-03
-8.509850206329265532e-03
-1.026029219373280309e-02
-1.200838068122099880e-02
-1.447786317447808009e-02
-1.506753643010049111e-02
-1.634376878739084854e-02
-1.550540326794063242e-02
-1.522968248186759924e-02
-1.650110154067593177e-02
-1.642214314133392389e-02
-1.599587002269105968e-02
-1.762899592157156359e-02
-1.939137859174782166e-02
-1.892698128264682506e-02
-2.113222682727620635e-02
-2.224389095678914324e-02
-2.255434990324672873e-02
-2.392899689617493039e-02
-2.184422713762049217e-02
-2.063556130847572431e-02
-1.898860702998605987e-02
-1.598597588754835375e-02
-1.409728056040840047e-02
-1.090501381834692828e-02
-7.736137557047739234e-03
-5.330379313718707802e-03
-1.933777003201667686e-03
4.056326675964255237e-04
1.790872500285692641e-03
3.155094760589638794e-03
1.693777192150506270e-03
2.590415647194919285e-04
-1.659699516644505546e-03
-4.824466708026795524e-03
-6.182146823805852870e-03
-8.554459808886012359e-03
-1.161476394151003851e-02
-1.279653143439830019e-02
-1.066824969643971610e-02
-1.008026646993692536e-02
-9.817096688106666247e-03
-4.912472137809680527e-03
-2.704977301774275176e-03
7.343542299601482507e-04
5.681187556111355619e-03
6.756070560710336972e-03
1.006661843972498672e-02
1.360771077517658467e-02
1.513752632862326065e-02
1.784125760716146272e-02
2.071239492915780134e-02
2.185362919361317699e-02
2.452156529708776969e-02
2.659423373052561060e-02
2.753260955975063776e-02
3.110237386625919198e-02
3.204028866987279622e-02
3.355208481036702634e-02
3.460331875377659072e-02
3.450349357086646834e-02
3.714603265723887687e-02
3.549358548551873049e-02
3.425493865922859399e-02
3.419577689074008303e-02
3.063210863273084852e-02
2.713864287054706600e-02
2.418463679207964734e-02
2.047802192972230512e-02
1.503764978793777421e-02
1.031001726958943182e-02
5.369762964040193307e-03
-5.272536648789064766e-04
-4.317639814496670482e-03
-7.217701716142757053e-03
-1.089769951564123658e-02
-1.366565309509185956e-02
-1.633687012435556737e-02
-1.768911676665587546e-02
-1.453343945362588728e-02
-1.309525453200119718e-02
-1.394931403210993189e-02
-1.226430961390801051e-02
-8.213496732594444127e-03
-4.972721078740690442e-03
-4.670282305808368638e-03
-3.409631360099126506e-03
-3.855515534843216704e-04
1.633917614818786732e-03
3.074526056116515249e-03
5.561976007367236755e-03
6.289744946299354739e-03
6.849553058362689226e-03
7.311734219738279077e-03
5.841860953529000484e-03
5.223782667844853803e-03
2.554047847865561442e-03
3.562113341641667645e-04
-1.652967766379164968e-03
-6.102542869171155050e-03
-9.613218860753640002e-03
-1.140060440696531903e-02
-1.250474521957049487e-02
-1.463939293294079166e-02
-1.527295319916421000e-02
-1.499196883829954224e-02
-1.513064796982475056e-02
-1.475308590956674569e-02
-1.562813521303109757e-02
-1.637746307113190428e-02
-1.709669527286792126e-02
-1.870302077357517689e-02
-1.949485137107583727e-02
-2.169049778917915214e-02
-2.323327580625496672e-02
-2.245860706629481535e-02
-2.347551729462336173e-02
-2.391301865620159076e-02
-2.239933541605435355e-02
-2.203659186553989791e-02
-2.080058459003022650e-02
-1.736266405345565644e-02
-1.597653680618273120e-02
-1.198690477054970352e-02
-7.057985603770606554e-03
-5.424561710356288168e-03
-2.031033550864167446e-03
4.607352683087841388e-04
2.066080156492635777e-03
1.044350732495645832e-03
-2.503052376223939123e-04
-3.886106256275203381e-04
-3.904800038621047270e-03
-6.455360633820877124e-03
-8.913450658698106321e-03
-1.216719444942362775e-02
-1.153492409941871653e-02
-1.136701283877499663e-02
-1.270747944064646445e-02
-1.101231693222378891e-02
-1.000504285579424668e-02
-6.872520136069917504e-03
-4.250737951513673500e-03
-2.058640743857418839e-03
1.727061658759639507e-03
2.984730270397015217e-03
6.603242362071647456e-03
9.084831555096239616e-03
1.140257988976662619e-02
1.432554915077649191e-02
1.685669083364514306e-02
1.854805525542443240e-02
2.016758925933584065e-02
2.349118261047702591e-02
2.510337484124475563e-02
2.812245958166965931e-02
2.987602424125217204e-02
3.173815207175832709e-02
3.465988396869192079e-02
3.593697268702734232e-02
3.610082787778397251e-02
3.647250051501099710e-02
3.669973120056993499e-02
3.512703429342593775e-02
3.284264283385611438e-02
3.001278641395264957e-02
2.740744230061430489e-02
2.201789524657274053e-02
1.711756563953664018e-02
1.236764862414669632e-02
6.890072551576583576e-03
1.439348981434379095e-03
-2.918032644148615181e-03
-5.840710181050729789e-03
-1.008532461362709499e-02
-1.094895815855764787e-02
-1.393024596504651921e-02
-1.577941730375788040e-02
-1.481275767270831545e-02
-1.483487973585573445e-02
-1.298822970560480940e-02
-1.203719119883475686e-02
-1.118595398763744253e-02
-9.197207145065697947e-03
-5.096187260863865517e-03
-3.267761477483413588e-03
-1.084953010263146715e-03
2.012708977176700005e-03
2.733040742911480546e-03
5.866101226318571824e-03
6.796816983629339233e-03
6.669395954211222895e-03
9.664878810938030279e-03
9.027853089244239349e-03
5.723299737545047006e-03
3.757376350064533990e-03
1.395920906302779065e-03
-5.834686317099052697e-04
-4.743201687669050884e-03
-8.515036744457851400e-03
-9.527929122639118564e-03
-1.268554847619808405e-02
-1.366867603763727117e-02
-1.224459420000160483e-02
-1.373315871052713071e-02
-1.431473654751153242e-02
-1.312489991205637897e-02
-1.484196710885631564e-02
-1.659888913370755406e-02
-1.614593147047773541e-02
-1.699828302596381735e-02
-1.851349147260275205e-02
-2.008194359989436129e-02
-2.257222002034054570e-02
-2.516430905016684913e-02
-2.701905330468891073e-02
-2.642915550809513126e-02
-2.635749588468951771e-02
-2.571930028064755083e-02
-2.277766067674164355e-02
-2.102040303480021827e-02
-1.768458175565432514e-02
-1.453184616822265560e-02
-1.167759719375382511e-02
-6.875416475727216814e-03
-4.300185038481544979e-03
-2.448666022393327594e-03
-8.104630192486075727e-04
-1.424002262943019305e-03
-1.350470618766121556e-03
-3.697057837263405429e-03
-5.874735304414494333e-03
-7.136439980293902106e-03
-1.104425191356682261e-02
-1.166246098242312325e-02
-1.276053918880131095e-02
-1.229995310437925586e-02
-1.327483117385433453e-02
-1.506726530882123057e-02
-1.189011208511994711e-02
-8.904611149500717138e-03
-4.216077723567323611e-03
-2.842606584821641760e-03
-1.378925662940496798e-03
1.400744207607333442e-03
3.403449615776955699e-03
5.577158799005828109e-03
8.137336137643043019e-03
1.069508353688529770e-02
1.151528990245940208e-02
1.546363625853207878e-02
1.733033134794524990e-02
1.999776940043547502e-02
2.299101043054918928e-02
2.365351140037508931e-02
2.725044038695193307e-02
3.055843769551785591e-02
3.155129576383870066e-02
3.379576431644568807e-02
3.680658881560466139e-02
3.702510778922118995e-02
3.580800256378014607e-02
3.390627191663204282e-02
3.441546634388822218e-02
3.241671010977091594e-02
2.704931378368162498e-02
2.233308149709778423e-02
1.955739678090419667e-02
1.502298415715345482e-02
8.668060222079620319e-03
4.607630298736952422e-03
-1.681602712063181779e-03
-5.015760984639868955e-03
-9.090481507569992195e-03
-1.131361389042935713e-02
-1.243535369884908939e-02
-1.539990364803594559e-02
-1.496582414753736857e-02
-1.634022271215682109e-02
-1.568613008508860582e-02
-1.458251598827265544e-02
-1.235269156784634358e-02
-1.048687314371501283e-02
-9.030416200545090394e-03
-5.466871559506797547e-03
-3.265923645463756231e-03
-9.402491190111100924e-04
2.357445207703264857e-03
5.857412804530109408e-03
6.693987370860276717e-03
8.180552511247114744e-03
7.486614013879116548e-03
5.450810311036064469e-03
5.912538807368306927e-03
4.168728840596548982e-03
8.486270717009962872e-04
-1.822161329152603487e-03
-3.512289282630771687e-03
-6.289050421965037586e-03
-9.081406708099412639e-03
-1.026510907531543761e-02
-1.136323744510212182e-02
-1.193290744440269995e-02
-1.195033684012185987e-02
-1.258752081542579247e-02
-1.406441516727442373e-02
-1.513825847551395105e-02
-1.411577174827409291e-02
-1.562150169944073047e-02
-1.792980557809458614e-02
-1.756381693279708556e-02
-1.951915673685976696e-02
-2.231414600475683033e-02
-2.378973133051704922e-02
-2.486045256376103602e-02
-2.598050592616175589e-02
-2.627927202097193535e-02
-2.544536507304365550e-02
-2.260685904827497081e-02
-2.040137940773926670e-02
-1.778016813054640252e-02
-1.337751447668194572e-02
-1.162314361946286713e-02
-7.989859896944293341e-03
-4.552065067482683608e-03
-3.021464217819647916e-03
-2.485150309816377078e-04
-1.178712451733246051e-04
-1.581334568340525678e-03
-3.016446085419589689e-03
-5.977277074768130513e-03
-8.658122492546195537e-03
-1.049852896998947765e-02
-1.053007100463261396e-02
-1.144526656166430095e-02
-1.345895835347832130e-02
-1.197417162535940882e-02
-1.136255785035366651e-02
-9.571306138587070550e-03
-7.549260944891339128e-03
-7.627099625293671040e-03
-5.347508326170317267e-03
-2.497554145666512192e-03
1.351703802558353051e-04
3.720307979918584165e-03
5.479830440035329993e-03
5.622183444049549950e-03
9.769007297677118756e-03
1.356301398383840014e-02
1.582990916314440041e-02
1.766661250611038098e-02
1.972065598259320138e-02
2.294232087076797724e-02
2.475733570575998355e-02
2.777320282183982914e-02
2.997116750603585206e-02
3.207044404458102987e-02
3.456228986309307222e-02
3.702765656811961292e-02
3.789718670228237052e-02
3.781797151406352669e-02
3.901685547855127112e-02
3.667142709450862265e-02
3.416383713192957389e-02
3.228464179886555985e-02
2.846077594097954841e-02
2.385664692871903789e-02
1.905153224847875790e-02
1.400739131548140240e-02
8.510528606710851540e-03
3.502547429263860954e-03
5.623096948084503166e-05
-2.400017966860810113e-03
-6.697403260105585718e-03
-8.390682849159300169e-03
-9.853456798699306365e-03
-1.347489479061124429e-02
-1.259903809514345552e-02
-1.248733254498749987e-02
-1.214702756484074483e-02
-1.117675497401248753e-02
-1.085801548205220061e-02
-8.376784001904872060e-03
-6.982856344610577012e-03
-3.327891578910959023e-03
-9.304962177506613096e-04
1.611353188042266484e-03
5.642405269508406554e-03
7.354268012676723129e-03
8.726806350897724218e-03
7.122774631762362162e-03
6.543773641297804915e-03
6.613904475111113956e-03
3.842419152828891165e-03
1.643188141160022544e-03
1.376478853113513850e-03
-7.125099317576990502e-04
-3.239636526452455145e-03
-5.018415465006197639e-03
-6.908063299724168105e-03
-7.772505431025026300e-03
-8.864403386039628949e-03
-9.243913458660955873e-03
-1.042201185652768397e-02
-9.533384393313226388e-03
-1.046518224700729825e-02
-1.315995577402808217e-02
-1.326316579264491709e-02
-1.469342489572699438e-02
-1.612725276701361399e-02
-1.877566336091397031e-02
-2.211997539413151220e-02
-2.378862773553010179e-02
-2.508546650441113163e-02
-2.651472950552447375e-02
-2.490930455743643399e-02
-2.481028915526348883e-02
-2.430090840677574804e-02
-2.007446925202822571e-02
-1.824346781649479818e-02
-1.562339835402868499e-02
-1.040123465047474577e-02
-6.388630162483579719e-03
-4.877948366278112013e-03
-2.266045835166288509e-03
-1.137819868168651535e-03
-5.577038242599989017e-04
-1.058103792344127500e-03
-2.707520108838352979e-03
-2.787243798751666817e-03
-5.453515551994325174e-03
-7.231525915467872448e-03
-8.650112471139318263e-03
-1.051637161664530778e-02
-1.127696115995381609e-02
-1.133955792755754130e-02
-1.157173448632096459e-02
-1.109029475636635724e-02
-8.942246246726001657e-03
-5.746442984365451173e-03
-4.823023614257338637e-03
-3.920662723599810384e-03
-4.363649588263520404e-04
1.663049118528585812e-03
4.305558495025127788e-03
5.104680403669247662e-03
9.228165731493332899e-03
1.168363591264343429e-02
1.231774797636032634e-02
1.647339342368225185e-02
1.800710739058930532e-02
2.146473139740159158e-02
2.454274858787616406e-02
2.751244625826836446e-02
2.951358644865617609e-02
3.278448672227129296e-02
3.614006521816400669e-02
3.770441588962750862e-02
4.019256633704688941e-02
4.115378323827446894e-02
4.119742062619986128e-02
3.980336517165058291e-02
3.869227433823475837e-02
3.618824836639276954e-02
3.413025870177480853e-02
2.863458020775486168e-02
2.323764718899546527e-02
1.897227406305263334e-02
1.352749231878779164e-02
1.039172749019759250e-02
3.774096590455231371e-03
-3.554009375815752361e-05
-2.827069663406395553e-03
-5.930025532697178262e-03
-7.964773415228044301e-03
-1.087532663545133158e-02
-1.231137005727992416e-02
-1.304779278136130281e-02
-1.295493672913173612e-02
-1.264768465771738681e-02
-1.091563412854597986e-02
-9.004039802610332502e-03
-7.022068006102928292e-03
-3.833841807159245416e-03
6.087596114285047811e-04
3.576129684736832279e-03
5.382269179525379227e-03
6.801216433991261016e-03
7.101660614252370413e-03
8.301680421632526286e-03
8.190318849134839083e-03
5.772026919882634888e-03
4.396537599720078994e-03
2.466412223924486884e-03
-1.082435732790893368e-03
-2.495552386794086183e-03
-4.061984093230939716e-03
-4.805786511604086611e-03
-6.091025589453492005e-03
-7.748493879490866813e-03
-8.835521206413730552e-03
-9.283439238639851904e-03
-8.123921008970554428e-03
-1.000998574308155885e-02
-1.087028879599793475e-02
-1.153063154489156888e-02
-1.333213689622843832e-02
-1.510113994195950299e-02
-1.738415549089624909e-02
-1.998216977475960818e-02
-2.227040829001444497e-02
-2.440177030012815121e-02
-2.746127719286712773e-02
-2.828407175144632968e-02
-2.794038074122599108e-02
-2.698477019808144528e-02
-2.600344493624756267e-02
-2.379562194791490226e-02
-2.041946451086950123e-02
-1.686445660702731025e-02
-1.385527077921258968e-02
-9.956830445577193045e-03
-6.217378854890731957e-03
-4.898468186270781358e-03
-3.438622824293536759e-03
-4.565544393374378583e-03
-4.693223704627914016e-03
-5.026240956731814827e-03
-7.761090269674661944e-03
-1.065590352611497406e-02
-1.119086164110211917e-02
-1.142967887965712359e-02
-1.435515511672499564e-02
-1.536709080704420395e-02
-1.493022604300714429e-02
-1.287630439194496074e-02
-1.231441449842897787e-02
-1.185916842827817314e-02
-1.102260281969952467e-02
-9.353574849920637257e-03
-7.596582357424126915e-03
-5.780834181174561784e-03
-2.391570060700590802e-03
-2.122963819474409618e-03
7.154241122701034648e-04
4.175400872518440429e-03
6.664559365575251082e-03
7.954159674046770365e-03
1.076870192195605522e-02
1.472175647222628836e-02
1.597921218796926821e-02
2.045337497501384383e-02
2.227807612531335427e-02
2.473027374124242561e-02
2.884874451976705834e-02
3.085109340942628758e-02
3.515736404569704682e-02
3.813240531346110546e-02
3.821743229086445315e-02
3.921267431545579635e-02
3.922603450325230778e-02
3.691318128119447373e-02
3.478846711707356265e-02
3.108925255183647707e-02
2.850254533912183891e-02
2.451955398328039409e-02
1.912712492198395675e-02
1.480218991465149896e-02
9.284673019615517775e-03
5.764053326665262433e-03
1.436305585356336019e-03
-2.210118561454857498e-03
-4.984047558351032206e-03
-9.540799620019347477e-03
-1.172203361311456929e-02
-1.275672199228802123e-02
-1.495039651069063509e-02
-1.618026712922743596e-02
-1.550587504285388246e-02
-1.404013607756161158e-02
-1.194037582043448904e-02
-8.227966487212247729e-03
-4.086460253477136075e-03
-2.778663168573130941e-03
-3.998760805556500730e-05
3.029605918173830254e-03
3.609227680818544344e-03
5.331069060585549510e-03
5.518789492934889594e-03
5.260572153326894401e-03
3.871969282126270975e-03
2.296612519965036698e-03
1.783929496380399528e-03
-1.264414246417568154e-03
-3.499897427773291259e-03
-4.159692858049211101e-03
-4.981806627513091050e-03
-6.241093009074512483e-03
-8.189802882647435542e-03
-8.312712191217944135e-03
-8.068050915572977030e-03
-1.039137873507184687e-02
-9.593056753638232528e-03
-9.962725243259088620e-03
-1.218656230257115711e-02
-1.206986429890282569e-02
-1.543590067110041202e-02
-1.756853348756272359e-02
-2.083685751184143065e-02
-2.362651393166845595e-02
-2.501171673898478290e-02
-2.854500030384693118e-02
-2.731607801260410584e-02
-2.689946135009702033e-02
-2.808649719524439550e-02
-2.711963810492771035e-02
-2.441713224679709082e-02
-2.130999161458908484e-02
-1.786471736120214676e-02
-1.358748297788338333e-02
-1.059504695103936737e-02
-7.938729051282865379e-03
-6.197197637905420969e-03
-3.476222687696186621e-03
-3.504282247141068084e-03
-5.263408177457309933e-03
-4.634719435100779876e-03
-6.549442106458027227e-03
-7.605790328800599888e-03
-8.754701386306401947e-03
-1.138728243890861289e-02
-1.219160014202455393e-02
-1.232594252744846110e-02
-1.192799740220428471e-02
-1.226014843973645234e-02
-1.135844803395747414e-02
-1.047371002645188127e-02
-9.252003502648055086e-03
-6.993883933911954932e-03
-6.032185105652738098e-03
-3.430118036411181591e-03
-2.197546506496018178e-03
-1.709530443264898432e-03
1.160425127362505393e-03
3.862218172416125809e-03
5.863292075442708487e-03
9.755167571582706865e-03
1.145330942816007516e-02
1.135268163071399480e-02
1.459324020838930966e-02
1.709307514688801488e-02
2.113268068668642044e-02
2.434160048600221213e-02
2.760836586151688837e-02
3.168854046075424841e-02
3.359116927178783241e-02
3.772753405474366106e-02
4.058375015144571885e-02
4.097588468187226413e-02
4.100430105841925549e-02
4.121566577449053970e-02
3.894513135933472953e-02
3.561386061795968755e-02
3.263565188925907079e-02
2.857764473911014388e-02
2.392798646180376368e-02
2.027826645961759711e-02
1.786166933695248690e-02
1.279046763380444277e-02
8.512338072517370083e-03
2.852435925561705790e-03
-2.339583600473389875e-03
-4.125918551727933425e-03
-7.594099865886933323e-03
-1.139108888612008069e-02
-1.294574249297425657e-02
-1.287320023245245790e-02
-1.382329638376287792e-02
-1.298421424419126877e-02
-1.103817975240488185e-02
-7.888763310502134446e-03
-5.084348099275009907e-03
-4.471470086938442515e-03
-5.112407509424032491e-04
2.594618400263104703e-03
3.532589040527829832e-03
5.070505984446859425e-03
5.933030559739555648e-03
6.652999088650304697e-03
5.736050798238375922e-03
3.872805936117998220e-03
1.591761092515084483e-03
6.300093388739853558e-04
9.482981812850164918e-04
-1.893746901812341787e-03
-3.931715394605436557e-03
-4.498071623028004375e-03
-5.257059520365197670e-03
-5.534697862446391961e-03
-5.893362650103250826e-03
-6.724460447155668208e-03
-8.050693779049390361e-03
-8.216244970759987304e-03
-8.934955831357690656e-03
-9.943196150584246093e-03
-1.219872812349868073e-02
-1.545825563578728280e-02
-1.806730109205262683e-02
-2.031032326638126592e-02
-2.317600830362067169e-02
-2.534030856324736430e-02
-2.649829979487465514e-02
-2.811723780971843792e-02
-2.704697282461840380e-02
-2.537239164608215067e-02
-2.221687437821260810e-02
-1.873594469068573520e-02
-1.598585645086145549e-02
-1.229339244716789840e-02
-9.613927120306949708e-03
-6.598627328489873461e-03
-4.087152389077715504e-03
-4.417014422505464132e-03
-4.610968255544059882e-03
-2.958007506070250286e-03
-3.043293959675881163e-03
-3.467563229304297667e-03
-6.020662451284164093e-03
-7.444410463379947523e-03
-7.508092910467584202e-03
-8.626966835585177240e-03
-9.693943728694883952e-03
-1.024234802589310891e-02
-9.129786329678124188e-03
-1.045390861813090891e-02
-8.197313658703074199e-03
-8.150343390029769763e-03
-7.732460698641556093e-03
-4.279216733729569906e-03
-5.112382875607359572e-03
-4.559673781621579290e-03
-1.361459839031832920e-03
1.395638587834121700e-03
9.453665331571530850e-04
5.929431335179856724e-03
7.460452601980776220e-03
7.657566132571282276e-03
1.181284013179694989e-02
1.333551576010080786e-02
1.762150007510178765e-02
2.091210023585401284e-02
2.465794049492269976e-02
2.707104648322975274e-02
3.139244258152939365e-02
3.570355756982077772e-02
3.874816831896971819e-02
4.066888462186726838e-02
4.035262105242640174e-02
4.175650375757371940e-02
4.106025475749765924e-02
4.210283670730826516e-02
3.933491298702936761e-02
3.551382283774688620e-02
3.301806905083951721e-02
2.962020041284962879e-02
2.633098571766543175e-02
2.229543983085471859e-02
1.874494543941043756e-02
1.242771333398816520e-02
8.008164166394987973e-03
3.052475057797801507e-03
-1.180158382124016185e-03
-5.576940827052237308e-03
-1.027733103148580421e-02
-1.111702946436181338e-02
-1.209558618379337827e-02
-1.273994591524619732e-02
-1.314241888529071346e-02
-1.142291279134429946e-02
-9.339963247898201704e-03
-6.722528558745078167e-03
-4.316596833628325892e-03
-1.542919250958073351e-03
1.209487777494420817e-03
6.068692272666121115e-04
1.888120836675968167e-03
3.790010036025926940e-03
4.536848236388326024e-03
3.788642485960933871e-03
2.539069890145001680e-03
1.310714773869087451e-03
-9.562839421148664181e-04
-2.364768617456331021e-03
-3.469052007606492505e-03
-3.185555893216340372e-03
-3.482382336231281544e-03
-4.874553975636444249e-03
-5.963782520698855498e-03
-5.781239071543148658e-03
-4.998569267927637991e-03
-6.191222817643301721e-03
-6.004431602718035381e-03
-7.450044291900969826e-03
-9.513545362435881642e-03
-1.129300509010494787e-02
-1.465714361334770864e-02
-1.681614924464417196e-02
-2.093834047596570755e-02
-2.441019775275573775e-02
-2.787152787996249881e-02
-2.838319464663748362e-02
-2.793635572487749782e-02
-2.896758163449774867e-02
-2.636378064315413744e-02
-2.547143571305995197e-02
-2.216144142308908160e-02
-1.943742740638170277e-02
-1.669657878865592193e-02
-1.272816587481735706e-02
-1.188143262108300180e-02
-8.707483883691215926e-03
-7.223691465990738150e-03
-6.886242814211169724e-03
-6.723591545258478241e-03
-7.795579404567029580e-03
-8.285390451906382223e-03
-7.444725179049926055e-03
-8.134973679976181468e-03
-9.623333356583675322e-03
-1.040904103233046031e-02
-1.219869945869382459e-02
-9.878752891801062877e-03
-1.014980609215008524e-02
-1.075923895325305371e-02
-8.989964189059293856e-03
-1.116504778996265518e-02
-1.030634100836668246e-02
-8.786586204240939141e-03
-7.696040869705466844e-03
-6.596652442871999214e-03
-5.834285681662436385e-03
-3.051874589854417039e-03
-2.142676695351218488e-03
2.281487431175803406e-04
1.992715872973254820e-03
3.331102037054802217e-03
6.976943034242211704e-03
9.202243192968790828e-03
1.340321844606946235e-02
1.678415215622395054e-02
1.990037117100314223e-02
2.491679084897125904e-02
2.814770371981261537e-02
3.199058628698667889e-02
3.569033592858106285e-02
3.727391112916781518e-02
3.947219112621724868e-02
4.043072786819081749e-02
3.957110620157320430e-02
3.964486552193449698e-02
3.793206699232432727e-02
3.660194121880457063e-02
3.447449434328740681e-02
3.123797033689553956e-02
2.815450683349837724e-02
2.362688896286531740e-02
1.979382648008808782e-02
1.435553492538933426e-02
9.910523647699611902e-03
4.965103705441994107e-03
-7.686833196920712496e-04
-4.691553382561631895e-03
-7.523103116093606685e-03
-9.429414757367714228e-03
-1.350003740757033631e-02
-1.476026286008250143e-02
-1.286010997156833598e-02
-1.199522711889281987e-02
-1.033007188368663051e-02
-8.341798010395005264e-03
-6.392106367255773365e-03
-3.137620576112892020e-03
-7.897760625422088881e-04
1.198167269718423793e-03
1.826319965294565277e-03
2.041641917394529555e-03
4.130114661130409801e-03
2.989833202844771696e-03
1.005174454121788739e-03
8.617033734223369023e-04
-3.152105111020700218e-04
-3.438951872365943359e-03
-4.733048673507490346e-03
-6.639357030272709063e-03
-8.219528882466273917e-03
-6.946701067935969788e-03
-7.571006782475026529e-03
-7.405580402102238807e-03
-7.799908387283681181e-03
-8.306410114433723096e-03
-9.258175393443555945e-03
-9.500702335493639572e-03
-1.014545859674696564e-02
-1.449558877318075055e-02
-1.738519578443913777e-02
-1.993818602044221053e-02
-2.303034093154500764e-02
-2.619929721542441775e-02
-2.864553971814470801e-02
-3.095475728745333832e-02
-3.128891725005914642e-02
-3.001783858580847619e-02
-2.928489385804959252e-02
-2.748295734027302040e-02
-2.510979336879870516e-02
-2.253042195739339906e-02
-2.108380719440738210e-02
-1.792722335692382984e-02
-1.484343737447204291e-02
-1.381194273230626664e-02
-1.256585619478919717e-02
-1.030139632952906809e-02
-8.383251498500448803e-03
-9.511778296653212658e-03
-1.076630124454938664e-02
-1.091608679358932639e-02
-1.142668818501717427e-02
-1.238319569768032979e-02
-1.340569197985513883e-02
-1.311749006000116971e-02
-1.287274756740911137e-02
-1.434529442385462129e-02
-1.469476736408773833e-02
-1.485430491861297435e-02
-1.387270495239922505e-02
-1.150933956671809817e-02
-1.002261079807020838e-02
-9.303480117518055439e-03
-9.121720770211840315e-03
-6.584365393707272522e-03
-5.562022587675127978e-03
-6.125858104820694310e-03
-4.769609437734119960e-03
-1.325497004718991173e-03
5.364467066695166250e-04
1.423993902374936409e-03
6.538497525654044483e-03
1.044275323157455027e-02
1.430127603289802277e-02
1.925614759737338810e-02
2.243191535550664167e-02
2.617458337617129330e-02
2.987533867466937026e-02
3.349706271744642971e-02
3.604364875829798448e-02
3.532428637057324905e-02
3.657739459091310236e-02
3.923106517650449404e-02
3.905322633844573316e-02
3.953321132955391060e-02
3.857370953915020134e-02
3.620587722137905140e-02
3.423166283768573626e-02
3.175386038481927548e-02
2.853996963059474840e-02
2.395220822190686702e-02
1.879175028827238803e-02
1.501499025969930956e-02
1.059986024952139401e-02
3.531046814308247492e-03
-1.475983796406885908e-03
-5.664394160749932142e-03
-8.163220456427776328e-03
-9.039685681815314705e-03
-1.017325151378834468e-02
-1.012683125105820828e-02
-1.006670443413955340e-02
-8.901260950433202007e-03
-6.989089148116397164e-03
-2.919999169198406099e-03
-4.831617457119362835e-04
5.471456211381341660e-04
4.431440582732550613e-03
5.630906502477212375e-03
5.383347692808076665e-03
5.943366610623787918e-03
5.589697859579911832e-03
5.595724037617396882e-03
3.574047306100749683e-03
1.667552329512251132e-03
1.427051630855407554e-03
-9.932224248638136035e-04
-1.208481000871792187e-03
-9.697654327965115565e-04
-1.539692071678064366e-03
-8.944447763457266274e-04
-5.634800063822187474e-04
2.595808773467875915e-04
-1.249282066075050593e-03
-2.243859126912085833e-03
-3.594230911819798393e-03
-6.258673492202600046e-03
-7.901930608049306803e-03
-1.254830855675000655e-02
-1.641754721762205341e-02
-1.748067108321239849e-02
-2.100807477997851391e-02
-2.441611703495845040e-02
-2.464226084666660752e-02
-2.554431597940567608e-02
-2.539804903516177867e-02
-2.373172570915771731e-02
-2.219335968329594691e-02
-1.986057486692842031e-02
-1.954610881962537752e-02
-1.818159005774620460e-02
-1.353419868875716664e-02
-1.033455434254594747e-02
-8.895277172419564782e-03
-8.455339302428597006e-03
-8.447359737376879812e-03
-7.158493964529788652e-03
-7.071809803095722817e-03
-7.456704081562453602e-03
-7.072433262601335140e-03
-8.454631640058720213e-03
-1.017333750820291136e-02
-9.470794194727280568e-03
-9.820754436642946741e-03
-1.246975265904284695e-02
-1.104936141503235804e-02
-1.082693925048797134e-02
-1.198650107454798421e-02
-9.820815349353265167e-03
-9.052998094937069959e-03
-7.171990907332801389e-03
-6.264595163139048684e-03
-6.258888478239017610e-03
-4.604743812606322192e-03
-4.377027318323422657e-03
-3.444872348935522702e-03
-2.487721819009275359e-03
-2.583760411057123719e-03
-5.137409713628089247e-04
1.935246671633958793e-03
5.037929030911743669e-03
9.996283369177079436e-03
1.238069827655727262e-02
1.649476423006907347e-02
2.127348698560529994e-02
2.453160036752101772e-02
2.802559642859463185e-02
3.008892969058445110e-02
3.440905976000296906e-02
3.626255231804632884e-02
3.686781445004278651e-02
3.882733095504632692e-02
3.951574968592928838e-02
4.044468762815556229e-02
3.917649216552663433e-02
3.811166632714797775e-02
3.672711086667464209e-02
3.359911658893408731e-02
2.988614530609998501e-02
2.423483364284952785e-02
1.944494355708825326e-02
1.566391008385793066e-02
1.064322173870004690e-02
6.303410892014329331e-03
2.696474604033940840e-03
-2.352677145866401490e-03
-7.166372008397640936e-03
-8.073155639571037018e-03
-8.749138622614085342e-03
-1.052982615942447270e-02
-9.215061735390217557e-03
-8.318558019858212499e-03
-6.374192058587803758e-03
-3.771909107534677716e-03
-2.660630161336987806e-03
1.177230317096759687e-03
3.537659426478406265e-03
3.281280516073502643e-03
4.522018380159521962e-03
5.671433161892320760e-03
3.830897394235469565e-03
1.717388630783554327e-03
2.447216807493667740e-03
8.832730418928478721e-04
-1.375547097659843504e-03
-7.913066436848186381e-04
-2.586246784286642085e-03
-2.226231018405097715e-03
-1.433063028602888983e-03
-1.662248295542928522e-03
3.418987134375636500e-05
-1.016743912742040876e-03
-1.994834343883160083e-04
-1.791490286548677330e-03
-5.308440585885679588e-03
-7.000427869987146598e-03
-9.894858929029382369e-03
-1.272008598294864512e-02
-1.572562540871234177e-02
-1.929600242542468813e-02
-2.402746288958813869e-02
-2.544586670712863097e-02
-2.789129942911174748e-02
-2.893184140031011473e-02
-2.797256892834525110e-02
-2.720950704561793387e-02
-2.444313122480124695e-02
-2.393612487764905719e-02
-2.057456260374270623e-02
-1.793242004717080298e-02
-1.672120185602700426e-02
-1.509316634874213053e-02
-1.262799432551523111e-02
-1.074901875595511355e-02
-1.017335542370594731e-02
-8.979398222552781306e-03
-1.007901716219196386e-02
-8.821461119631989270e-03
-8.056267292043528885e-03
-8.002265188429049866e-03
-1.032212217780663875e-02
-1.239767022976561058e-02
-1.277106633838458183e-02
-1.485431686228166556e-02
-1.322976532315363329e-02
-1.270556367618860469e-02
-1.246151749948116658e-02
-1.128094915092936988e-02
-1.065174235194341588e-02
-9.385485346742855617e-03
-9.771705969617600074e-03
-1.131633943562439064e-02
-9.578947100631427652e-03
-8.929379332446380629e-03
-9.986137222625016477e-03
-8.231585418825286549e-03
-6.619382438755733178e-03
-3.938886373286847563e-03
-2.761617164618916653e-03
5.433410028009336666e-04
4.646048900628294009e-03
9.391920595432970073e-03
1.387659978275899812e-02
1.593656493017826803e-02
2.134695010298308729e-02
2.450382417161580534e-02
2.784294906952132498e-02
3.016647754265418604e-02
3.363181596507327370e-02
3.696484720321321221e-02
3.824404756217300583e-02
4.029395852928912419e-02
3.978939824548462234e-02
4.207703838293809506e-02
4.080141634711779292e-02
3.865781207659694380e-02
3.662028430517851041e-02
3.277694310112675563e-02
2.967012494797337946e-02
2.387372876367932148e-02
1.931863448322516594e-02
1.449995657282064296e-02
1.024649247892850217e-02
4.865156697111237480e-03
3.493269662073481886e-04
-3.474307819013479695e-03
-7.285175083672565041e-03
-8.461149300062795198e-03
-9.764373751408875896e-03
-8.245982317064082245e-03
-7.769869463345167350e-03
-6.503743838500196557e-03
-4.691149686559913448e-03
-2.640683637441432977e-03
-7.833477561095209072e-04
2.989943868399976609e-04
3.685129396751093012e-03
3.174913785821928923e-03
4.739934497098930929e-03
5.049623076926017251e-03
3.949308418585648246e-03
3.206962530609233902e-03
2.595082262495848591e-04
-4.692914886144350351e-04
-2.664286118322963491e-03
-1.840621314183842321e-03
-1.202478038340322984e-03
-6.466931510751785682e-04
-7.717565749418391075e-04
-3.593630443876414250e-04
2.314035197370558142e-03
9.701014231263440897e-04
4.770495732598839045e-04
-2.079295527306284242e-03
-4.231771704225842194e-03
-7.840270224070869376e-03
-1.182057365727365653e-02
-1.336572010385067739e-02
-1.804628381825902281e-02
-2.119735565264218788e-02
-2.345570274826682886e-02
-2.672514111683430352e-02
-2.832096096656193038e-02
-2.686896199773051302e-02
-2.713294574058198669e-02
-2.560473899930783975e-02
-2.251801726309207718e-02
-2.110212161597646227e-02
-1.803021002893616387e-02
-1.710636247830552015e-02
-1.592446121632793213e-02
-1.314018780797944139e-02
-1.066194343937145426e-02
-1.011305900669189420e-02
-9.965525436383433980e-03
-8.808415647505455498e-03
-9.881527406037725336e-03
-8.997414649588048735e-03
-8.331193226965249304e-03
-1.079878324591841861e-02
-1.167703584132539878e-02
-1.273428461628718991e-02
-1.172706189763301349e-02
-1.206801303025589224e-02
-1.198064987125680575e-02
-8.910950251657875909e-03
-1.006745330216640873e-02
-8.840050245580937868e-03
-9.184056568654692249e-03
-9.611079749691279345e-03
-9.207387331073527137e-03
-1.049887055891400925e-02
-8.775635054419176143e-03
-9.178105038546519046e-03
-8.754178253617784372e-03
-7.859079113523710983e-03
-5.593481613820869107e-03
-1.615435235408754474e-03
1.988719073542041284e-03
4.588498631637765411e-03
7.081493132486052847e-03
1.134005956164251677e-02
1.472703557378722029e-02
1.844459203103137115e-02
2.233240548544993681e-02
2.643008472551920673e-02
2.990539850002809155e-02
3.333920324837212623e-02
3.610604964973519737e-02
3.848521412035930955e-02
4.095285728863815033e-02
4.319156899293660756e-02
4.352819890622748600e-02
4.264545190829249766e-02
4.116237790226371512e-02
3.819816237580017648e-02
3.637268727576956073e-02
3.156527463367334724e-02
2.891298712491625206e-02
2.520838596510002749e-02
1.754790318863467397e-02
1.240907643336445695e-02
8.442367881047938699e-03
3.957632857070785860e-03
-9.638895210407311771e-04
-2.935516084968596822e-03
-5.910590795004985742e-03
-7.065345889600753090e-03
-6.727593271453026318e-03
-6.622009448684075018e-03
-3.646230659378417189e-03
-2.330289933274067114e-03
-1.454048054491029630e-03
9.840557337922504425e-04
3.089742588619155076e-03
4.878127819900177596e-03
5.495653412315699461e-03
5.305952122514140390e-03
4.406512354626442377e-03
2.268022810926182721e-03
1.099607294562210185e-03
-1.240531611857330222e-03
-9.534940504047661244e-04
-8.494676073850474397e-04
-1.346681788465970428e-03
5.349056001688739246e-04
1.171931881722135596e-03
1.580972227291645941e-03
1.283179093592116656e-03
3.746593904563016390e-03
2.513656749090083329e-03
1.637205856104972804e-03
2.986899539222816896e-03
-7.546874301295381946e-04
-5.448478309724362999e-03
-8.453758557877489449e-03
-1.163798959964440320e-02
-1.523261106943036083e-02
-1.593768882940198653e-02
-2.094047122645998488e-02
-2.317081041900682925e-02
-2.396398467923509940e-02
-2.706912594130441579e-02
-2.545096426492547692e-02
-2.519862559904664789e-02
-2.445738957648324260e-02
-2.142029856114145703e-02
-1.920517799123927158e-02
-1.820858991518657655e-02
-1.491660548323319076e-02
-1.321487037393046828e-02
-1.183019428240336506e-02
-1.018565381935592797e-02
-9.824037751165796972e-03
-8.991172291147276827e-03
-1.079020530306533734e-02
-9.960988633831577982e-03
-1.025292653325174733e-02
-1.178254621053190752e-02
-1.151160289193483253e-02
-1.281249892506981791e-02
-1.287126774685843321e-02
-1.134175317386274320e-02
-1.054134224477526645e-02
-1.028607379696680479e-02
-9.798269285967355774e-03
-1.015004138242327734e-02
-1.064325637533924777e-02
-1.136232733754795159e-02
-1.173166737627983659e-02
-1.129929343167017548e-02
-1.221345944446079398e-02
-1.252909716566231492e-02
-1.077745901983948387e-02
-8.490517587004371702e-03
-6.707585834847153497e-03
-5.096921199304858992e-03
-2.159051614420919463e-03
-7.672397033871098055e-04
3.323331486205158281e-03
7.393167944416268247e-03
7.572740405985363930e-03
1.281976187000014207e-02
1.721587994835748620e-02
2.009808427376187992e-02
2.433966800040818571e-02
2.740316407848958705e-02
3.063326239112629246e-02
3.390974274675332550e-02
3.685188876221168197e-02
3.854135414066928167e-02
4.016080573326672593e-02
4.120685134699739877e-02
4.000222247786981711e-02
3.880743758047643793e-02
3.769826490025221521e-02
3.323835807615588972e-02
3.022260084182798803e-02
2.571427438486284175e-02
1.973398153375051367e-02
1.458861084240510760e-02
8.303649335416054059e-03
4.017184884933740034e-03
-1.456691039076244169e-03
-3.198151387624983532e-03
-5.864522273317767341e-03
-9.285811848425098991e-03
-7.499350742170017396e-03
-7.451957070441655485e-03
-6.431206952629307978e-03
-4.268715263033981931e-03
-3.019599512545438364e-03
-3.763892666405880584e-04
7.146456836632397074e-04
2.707502977138575759e-04
2.972886629932400618e-03
3.269818774415247497e-03
2.009064068084262262e-03
8.949372287353966719e-04
-1.382005785799761367e-03
-2.356234119698109950e-03
-2.869013439111559299e-03
-1.644547927840366930e-03
-1.781034649681686836e-03
-7.016688876316717416e-04
6.268294863811601451e-04
3.146419178245018372e-04
2.231676286256678229e-03
3.634321925919442933e-03
2.446133218151777533e-03
4.143469922163588864e-04
-2.250906787214273965e-04
-1.565228680408064415e-03
-4.333933367323421562e-03
-7.037128375137448148e-03
-1.033145018305344463e-02
-1.533821818235325818e-02
-1.872764503531312852e-02
-2.076788043642356640e-02
-2.284308809382487593e-02
-2.335486235351806952e-02
-2.463088569660635413e-02
-2.639322656394219729e-02
-2.663407542054135185e-02
-2.544798073648674164e-02
-2.391699112040784891e-02
-2.180899570371904947e-02
-2.040586067223171610e-02
-1.765267185601553795e-02
-1.524635464899182051e-02
-1.487362260835200720e-02
-1.212363827844532838e-02
-1.156600988591789843e-02
-1.320207153856237971e-02
-1.334825368275857800e-02
-1.299993091782029701e-02
-1.352410151124673089e-02
-1.404178191510707836e-02
-1.394849230770406692e-02
-1.421435598400733191e-02
-1.347947518755381741e-02
-1.284989096863726338e-02
-1.237223140982300802e-02
-1.228298592863839508e-02
-1.259092356663554270e-02
-1.294280315610967305e-02
-1.291120618059056306e-02
-1.295552196889753968e-02
-1.382746711286938872e-02
-1.279230098694834027e-02
-1.278786510839691540e-02
-1.374390323488055773e-02
-1.327065686164721758e-02
-1.166715842731885777e-02
-9.423420230052258553e-03
-7.919592308124485600e-03
-5.630457420534472866e-03
-3.874602861072392202e-03
-1.801606275337298835e-03
1.220604720367184657e-03
4.393606026240144159e-03
7.609041395417988699e-03
1.048912094216244983e-02
1.479114202111334909e-02
1.895780669716856659e-02
2.320798389343724927e-02
2.764076664593882737e-02
3.122751246059067218e-02
3.369686596222590258e-02
3.627103948901736624e-02
3.985856641960152519e-02
4.069652227121568072e-02
4.050055055535192738e-02
4.000852395747060003e-02
3.653272049254543269e-02
3.353769746706318500e-02
3.149325192273955826e-02
2.763774728649402365e-02
2.242792855889795545e-02
1.684459070289541158e-02
1.138903457510541915e-02
5.569100405740757403e-03
9.479636092658408125e-04
-2.874301199832291886e-03
-6.389970839294020592e-03
-6.373277770749591863e-03
-6.432369668776269020e-03
-6.807952663132359715e-03
-5.596579801479027207e-03
-4.011039568801073180e-03
-1.444901891600027270e-03
-5.561410698598558697e-04
1.481205269766389544e-03
2.698836165925649552e-03
3.797947798237229331e-04
1.709749049725887895e-04
1.040044517397434526e-03
1.664923154793959345e-04
-1.599973857697971650e-03
-1.316557168704606809e-03
-1.534042268500169582e-03
-1.416943405451434298e-03
-1.096528813957390247e-03
-1.090444559830900479e-03
2.146520466527343084e-03
3.056009487954858099e-03
3.809941630335619053e-03
4.413660043153908204e-03
4.093003293777176636e-03
4.514518950589138137e-03
2.166874120229364282e-03
-1.594749547717154090e-03
-3.517677071576782132e-03
-5.225015851637085026e-03
-9.659542379767387804e-03
-1.118522064637988284e-02
-1.448474750511093492e-02
-1.822284707250169944e-02
-1.935418481308063057e-02
-2.228523038285859861e-02
-2.251941944979626853e-02
-2.363506320971667934e-02
-2.463944452958953188e-02
-2.308414477025923228e-02
-2.101246766132265631e-02
-2.039540279592684524e-02
-1.851561505689581708e-02
-1.423129210620959970e-02
-1.314720949080222870e-02
-1.205462656638826152e-02
-1.114616604413080393e-02
-1.191802205011448755e-02
-1.015314076444830300e-02
-8.670616167179257330e-03
-1.037187591846812189e-02
-1.024966352296566817e-02
-1.018010598524947408e-02
-1.090200759693768159e-02
-9.581719226134351522e-03
-9.038306785265067672e-03
-9.344001402282253732e-03
-1.086344029637115009e-02
-1.127629709197465642e-02
-8.827991320488188381e-03
-8.877972588038214943e-03
-1.032978643000494190e-02
-1.062793264841011692e-02
-1.228095072749363706e-02
-1.203509627934654970e-02
-1.161903141433293790e-02
-1.172578273071632655e-02
-1.061263758628584047e-02
-1.077940583783593663e-02
-9.967044073857353817e-03
-8.248575287536656989e-03
-5.720709752989643765e-03
-2.689133129481980928e-03
-7.820174553612548648e-04
1.792456827937406781e-03
6.388758556921995957e-03
9.617026502331977103e-03
1.311549427296308801e-02
1.642536554314645569e-02
1.857820346393145722e-02
2.349550621854276655e-02
2.734869139432872728e-02
3.112419494895562674e-02
3.424532878340071085e-02
3.659071178150233306e-02
3.967496595576676388e-02
4.194270555244913878e-02
4.340580496696094803e-02
4.239534193099120385e-02
4.182512252293088539e-02
4.057486406194044104e-02
3.693039688524408365e-02
3.326996102350934098e-02
2.787846715147132559e-02
2.196756940418101087e-02
1.751062938738725747e-02
1.079675998844235006e-02
3.617239493775724259e-03
-2.373472342070302103e-04
-9.892660099623574749e-04
-2.456455384521158154e-03
-4.223040583821813763e-03
-3.969504266565103759e-03
-4.208706688435356891e-03
-2.529528093228647096e-03
-2.239343076484579063e-03
-6.442450722333972106e-04
2.022761365929548038e-03
1.455367979177121275e-03
1.928694225694825353e-03
1.059057419641086170e-03
4.567126033700637786e-04
-1.405896109096718433e-03
-3.198915483829419329e-03
-2.482271176506784752e-03
-1.135272806172602737e-03
-6.861616760922915458e-04
-1.704386006568444582e-03
8.202892994235699018e-04
2.027142602196717845e-03
2.675094242712164425e-03
4.253418409359402408e-03
3.483863649740545458e-03
3.766392625558533710e-03
4.261212847546426603e-03
3.338313027026324625e-03
7.147976668473186640e-04
-7.700804303370713429e-04
-2.568951754840243570e-03
-7.086969901763802773e-03
-1.136581369443853164e-02
-1.456634426086654034e-02
-1.840389636870430265e-02
-2.173949549561256592e-02
-2.267970348361462302e-02
-2.492059610181585755e-02
-2.594376481253790959e-02
-2.471028003985554361e-02
-2.380850916643129783e-02
-2.266718174136014147e-02
-2.120956685951073256e-02
-1.914312824366154117e-02
-1.768320226192063999e-02
-1.615476381347391230e-02
-1.456506270521611482e-02
-1.346203862563344518e-02
-1.331099540828045887e-02
-1.278215722913001590e-02
-1.166749165567530604e-02
-1.178586416169396037e-02
-1.199989828771743684e-02
-1.007015137692345540e-02
-1.010304185176168212e-02
-1.172042121784143236e-02
-1.076508060160927954e-02
-1.099724641107088265e-02
-9.028765585532146434e-03
-8.889965822953170560e-03
-1.057704187048935478e-02
-1.037982323561437679e-02
-1.194560236985318588e-02
-1.166533701784364975e-02
-1.183539933321841979e-02
-1.290799691681359003e-02
-1.323610621686109601e-02
-1.327225014705044927e-02
-1.306802057865450416e-02
-1.084639668115067353e-02
-9.218396407688435323e-03
-8.940946178389107268e-03
-6.487631829437531458e-03
-3.752555885381293321e-03
-1.900638100054692463e-03
-5.022665395565707736e-04
2.682352708766729162e-03
5.674147360602098573e-03
9.768209460608634487e-03
1.396760456634163310e-02
1.708665184186659164e-02
2.071706968108302446e-02
2.424700901871200409e-02
2.771508015252733756e-02
3.296583222145740150e-02
3.825863317037710154e-02
3.997105905752414839e-02
4.282875855787748876e-02
4.215024829453965782e-02
4.310142773660025767e-02
4.514471713379469842e-02
4.240209249253473062e-02
3.982777325298524768e-02
3.443679295870089724e-02
2.975594976244520795e-02
2.462871911510600836e-02
2.017984824087914672e-02
1.512920995211448731e-02
9.038791101030441838e-03
5.091345297576982745e-03
1.190376862519582817e-03
-1.301437081326637822e-03
-3.164533543363543585e-03
-2.821670229383412519e-03
-1.751362545667811514e-03
5.155913815585550734e-04
1.848436205903497553e-03
1.919111372417348950e-03
3.176414209201096784e-03
1.682688540842951696e-03
1.224056440618563613e-03
7.219381891735707820e-04
-9.848999272248379431e-04
-6.117441102903209329e-04
-1.502264047808690283e-03
-1.513066648251122030e-03
-4.409411381609196407e-04
2.780970722687983038e-04
6.854309475122580004e-04
2.144914192384411288e-03
5.521126868897502024e-03
5.451986165218584285e-03
6.319056500814653615e-03
6.687161564204003456e-03
5.416132466178396818e-03
5.279489730164814952e-03
3.547915156190699706e-03
1.929774381231967421e-03
-1.420046967760502869e-04
-1.730277939441968778e-03
-5.469540969458988079e-03
-8.277964475898440949e-03
-1.179153620995478970e-02
-1.765681750341779876e-02
-1.803313383903145176e-02
-2.035094846106306685e-02
-2.381162885269309804e-02
-2.410110277326254005e-02
-2.574418849746354723e-02
-2.470558617806041871e-02
-2.290171478595608157e-02
-2.269776469940747859e-02
-2.014258638330041970e-02
-1.891836870315454291e-02
-1.837542027381386042e-02
-1.629770444598767354e-02
-1.447456433318593250e-02
-1.465207949782319427e-02
-1.503730222717889788e-02
-1.481390426490254535e-02
-1.589221808833269842e-02
-1.466083181823914748e-02
-1.369768720888501871e-02
-1.374307314990660944e-02
-1.328355363509856231e-02
-1.223024985390504422e-02
-1.066314497244165611e-02
-1.089647290086678474e-02
-1.064988511146213769e-02
-1.104547852834127444e-02
-1.301136936932460741e-02
-1.227972769581979311e-02
-1.138500478128945045e-02
-1.322086370687905639e-02
-1.411156160506090579e-02
-1.476130912545973485e-02
-1.437078340720572035e-02
-1.464743221633595799e-02
-1.413414111071914676e-02
-1.176742791470424161e-02
-1.200453959737032839e-02
-1.082007283535815073e-02
-8.869047084426259081e-03
-5.771701454910835305e-03
-3.770880160477043438e-03
-2.681403784289317256e-03
8.929990698987444594e-04
4.105932315133985384e-03
8.463253774485953243e-03
1.095934078974977223e-02
1.434072358184699907e-02
1.941506049802614250e-02
2.288512741887955768e-02
2.794621880648160903e-02
3.169094352689465904e-02
3.456466187569488119e-02
3.780714816149674529e-02
4.070083632434647047e-02
4.214941701519884371e-02
4.142371492813351486e-02
4.046009018329804752e-02
3.887166824195694564e-02
3.560938413093471533e-02
3.006981743194688667e-02
2.565853806055459069e-02
1.875842984136132444e-02
1.288398775401316740e-02
9.769915016497550397e-03
3.877425747167248526e-03
1.843260417076732520e-03
-5.204868674107540269e-04
-2.828474836027761435e-03
-3.000271670688020413e-03
-2.343547853407423366e-03
-1.038535285562608001e-03
-1.495524086271125472e-03
-9.482448080155585386e-04
7.717761700232834889e-05
1.357597405873380361e-03
5.512275938566928244e-04
2.056827769598222719e-04
-7.675112725539462270e-04
-3.371504183723817837e-03
-3.736764265231235036e-03
-3.435263070291069872e-03
-2.780483383681470536e-03
-2.610717868473644808e-03
-2.400600668597018157e-03
-6.614608255788666626e-04
1.358608288132121108e-03
2.605145251254658689e-03
4.154317908547042540e-03
3.588334621179315766e-03
4.513839953024117481e-03
6.203270396250796376e-03
4.081379118224738589e-03
2.589798234171581358e-03
2.042724312369551334e-03
-7.162008239745930446e-04
-3.516213972162270194e-03
-6.711988271126247650e-03
-1.312585421118470097e-02
-1.497773915142240446e-02
-1.690173160264159605e-02
-2.177117488244563470e-02
-2.307428885485633338e-02
-2.320953895910067566e-02
-2.400878299175714797e-02
-2.235012750105199938e-02
-1.961066434889424670e-02
-2.147534215266569402e-02
-2.007011936789136752e-02
-1.688669332939415207e-02
-1.691396550248065386e-02
-1.646137331551274230e-02
-1.450133964965493252e-02
-1.316526473476073954e-02
-1.397470388301090549e-02
-1.464458484572028762e-02
-1.348515201328212391e-02
-1.236753157619353491e-02
-1.227646229679997536e-02
-9.436978085565589716e-03
-1.015917590023730603e-02
-9.642291541895140622e-03
-7.455199179307527187e-03
-8.513517509800496916e-03
-7.119369491818873345e-03
-8.401044578931215340e-03
-1.046826013042868354e-02
-1.072575487808094183e-02
-1.136570859015405971e-02
-1.204973563405974980e-02
-1.117099812570395909e-02
-1.155904553270482166e-02
-1.322784478122829808e-02
-1.336260161195574649e-02
-1.327882274793049620e-02
-1.133439945705037692e-02
-1.031033974864405990e-02
-1.065529320464492224e-02
-7.725728052601063545e-03
-5.736371485742699193e-03
-5.915515169605828176e-03
-1.529410961669805131e-03
9.683043488760912287e-04
2.366299646486516757e-03
6.895296115078108044e-03
1.107653087256812649e-02
1.540042558635769387e-02
1.889323802986413864e-02
2.294847902634448295e-02
2.744683729742104783e-02
3.260992283816729898e-02
3.691309289804616672e-02
3.979022713609170481e-02
4.210816836101143046e-02
4.390492610404406887e-02
4.541346878918717939e-02
4.525824887089333753e-02
4.157495999348735649e-02
3.839591608703245978e-02
3.425403094040816582e-02
2.791164666309184708e-02
2.480101609089265663e-02
1.827605731088204066e-02
1.464144127212110846e-02
1.118600892851341622e-02
5.229599831680266028e-03
4.614677660447423502e-03
3.248315094714248046e-03
2.172170092222321103e-03
2.416814945322840174e-03
3.395479008476756048e-03
2.122954712427033847e-03
1.709436536169823976e-03
2.129153625772946430e-03
1.514571550506048445e-03
2.472474344939935994e-04
-5.418467378759340893e-04
-1.742230416587519845e-04
-2.439631532804575897e-03
-1.286474650375375207e-03
-1.447208661911621392e-03
-2.521744404343443952e-03
-2.064103180732741131e-03
-1.931415329338064598e-04
2.113361259143594836e-03
2.094794228981722989e-03
3.711627918698205079e-03
3.776094766227050363e-03
5.512646266944244006e-03
5.661159218085275342e-03
6.438262077724426873e-03
7.013943922660063716e-03
2.832255007168112126e-03
2.396715990355631053e-03
-1.325724083719957962e-04
-3.524469734552441134e-03
-5.901768006943762350e-03
-1.104043232831979603e-02
-1.396574613149348561e-02
-1.694013766368081264e-02
-1.921524769831171875e-02
-1.931813523787392906e-02
-2.248137408755148531e-02
-2.324228133244714625e-02
-2.197295361002641473e-02
-2.285468539612275918e-02
-2.147351716008987638e-02
-1.950745194154367146e-02
-1.926151508208262531e-02
-1.802275479093993354e-02
-1.638276964313082479e-02
-1.779473343451372369e-02
-1.736344636375484335e-02
-1.660379081533788770e-02
-1.608183577245342680e-02
-1.414460018139088518e-02
-1.315711437524675655e-02
-1.078299610464411931e-02
-1.129282474070772944e-02
-1.073228209301996770e-02
-9.951114802925644862e-03
-1.112047879587945397e-02
-1.007193814975946428e-02
-1.132021873921486635e-02
-1.073007012557859914e-02
-9.315206411437793044e-03
-1.246139925716113761e-02
-1.277347298762559515e-02
-1.200994769055311294e-02
-1.204549204857423110e-02
-9.741979969798761699e-03
-1.315913882708969265e-02
-1.432630040753708582e-02
-1.277211738122929242e-02
-1.396635406422980230e-02
-1.139782153216057324e-02
-1.148294644764717362e-02
-1.074198274072989817e-02
-8.083188321270546456e-03
-6.372276891313379509e-03
-4.537835082013828500e-03
-2.939952262111739881e-03
-5.543364188447777625e-04
1.527903073497706345e-03
6.140201853733820263e-03
1.069245234667291419e-02
1.397274989881323870e-02
1.915689571056038154e-02
2.497641603180493844e-02
2.859787970260456100e-02
3.544136776600652350e-02
4.108300028015069577e-02
4.147727033853899209e-02
4.493667753508667762e-02
4.653103786850040086e-02
4.706406946972786082e-02
4.497529380469483806e-02
4.029782350047717010e-02
3.698229929190288007e-02
3.067706699041334098e-02
2.597245350473103079e-02
2.037266921694250513e-02
1.549509588186125629e-02
1.266564554669324764e-02
8.027171917931516867e-03
8.232546884154822581e-03
8.022841143664562191e-03
5.728250985400441635e-03
4.675048128207352945e-03
3.635421639214064717e-03
4.272119805794036100e-03
3.811969366687445286e-03
2.321794998918381460e-03
1.119693466071524827e-04
-1.211695116764171512e-03
-2.251559359412317815e-03
-3.556281994699686446e-03
-3.985761391202350887e-03
-5.224769812062073603e-03
-5.369344338452613011e-03
-4.491789253297121497e-03
-2.901972590044751398e-03
-1.339074268693943607e-03
-6.067384627564401047e-05
7.223652593081549044e-05
1.303051417445935407e-03
3.771680684870983621e-03
4.801992605244742064e-03
6.361412333089618704e-03
7.610265024275268166e-03
8.240487632283296365e-03
6.805117833368814345e-03
4.614985209916187998e-03
1.872272484099632688e-03
-2.059633412021407827e-03
-5.416228612711350768e-03
-9.879104035660545360e-03
-1.392237986484735554e-02
-1.556622759511077855e-02
-1.837767404409564390e-02
-2.067312414650543384e-02
-2.046442047981825857e-02
-2.102694338777480465e-02
-2.153768332575945604e-02
-2.222120515247956452e-02
-1.976572063892703332e-02
-1.908810734510781731e-02
-2.058266757731566643e-02
-1.836958340292510830e-02
-1.758815454648647927e-02
-1.716840386531516549e-02
-1.623162012712649899e-02
-1.556380303036672928e-02
-1.576890568094390516e-02
-1.472834579424250195e-02
-1.351221158906594326e-02
-1.197406771544180619e-02
-1.088076817090644598e-02
-1.047203313536782150e-02
-8.967757923047612115e-03
-1.011400852835274075e-02
-8.832230128506231639e-03
-9.032619210234940979e-03
-9.952780347524449803e-03
-1.033212022286694731e-02
-1.227346563032568130e-02
-1.065410122650966955e-02
-1.135157086952583508e-02
-1.259245474496158666e-02
-1.184909394373825052e-02
-1.299050736322397183e-02
-1.311781731652327324e-02
-1.214681019007058868e-02
-1.315462053722430726e-02
-1.307457406966464931e-02
-1.247827207791934838e-02
-1.262211326305232723e-02
-1.164234545561560787e-02
-9.092062849304534400e-03
-7.787874543895179948e-03
-6.940044861375093029e-03
-4.285513435862881720e-03
-2.372081725795152120e-03
2.136252942442218392e-03
4.930808953757554770e-03
9.265857561144895047e-03
1.457010293340325023e-02
1.812413265077974026e-02
2.597867137865098736e-02
3.150446702763937123e-02
3.646053534771746124e-02
4.053114545706795746e-02
4.431832514220609975e-02
4.562869847644650950e-02
4.452142961701145013e-02
4.460434256505668715e-02
4.131320255047967599e-02
3.826240020348189302e-02
3.312589888050559983e-02
2.744982560332725682e-02
2.321645673200585860e-02
1.907267134769299877e-02
1.573496535762783713e-02
1.295826304086187056e-02
9.995465227871822358e-03
8.107915895742664331e-03
8.278765298884098456e-03
6.861706935621523368e-03
6.704245787898024771e-03
4.932074086863531825e-03
4.579101651704275099e-03
3.880166819131578536e-03
1.873073605677007302e-03
2.093569107165857337e-03
-1.794163130305616435e-03
-1.026470612579301117e-03
-1.422924346843756514e-03
-3.540536656265801628e-03
-2.334112355142408703e-03
-4.339998362284149154e-03
-2.863948129220176067e-03
-2.669366843011749765e-04
4.603931568487480415e-04
1.713857783727104969e-03
4.426853318180480786e-03
5.375817209699099847e-03
6.299150585392644837e-03
8.207930385801519638e-03
6.876162955020334415e-03
7.759194809453575856e-03
7.677495935330671747e-03
5.818781008152652465e-03
3.641619208897249778e-03
-1.121938222615843027e-04
-3.941588926919653221e-03
-8.251071514292844869e-03
-1.006617771835032968e-02
-1.333545006992301399e-02
-1.704045373137408684e-02
-1.787435351310115439e-02
-1.781361040287809949e-02
-1.717579699623420983e-02
-1.897927902473925399e-02
-1.990841164876517785e-02
-1.956444593416497083e-02
-1.910167535273953401e-02
-1.913703100079535216e-02
-1.980718069605025625e-02
-1.893261272243410703e-02
-1.985684485919656656e-02
-1.813366489276114352e-02
-1.624908177075112120e-02
-1.656213965951562617e-02
-1.499572034463503810e-02
-1.480109587459950415e-02
-1.403014042123503988e-02
-1.286037989848072723e-02
-1.253669692204969349e-02
-1.268952691223868695e-02
-1.245065951027518603e-02
-1.261018273239799398e-02
-1.210911597168528794e-02
-1.069396799822966079e-02
-1.152986476136167761e-02
-1.196901196048537515e-02
-1.242275671148185962e-02
-1.330690947922164719e-02
-1.433170133451865461e-02
-1.448108199319000748e-02
-1.403699369832929998e-02
-1.517885381102402481e-02
-1.660620940824759223e-02
-1.659685751566340392e-02
-1.596429454577559179e-02
-1.504503216955499663e-02
-1.389832651047278114e-02
-1.429376465965894946e-02
-1.290593663396458375e-02
-1.135286556321181937e-02
-1.101516669157319786e-02
-9.491970916497893818e-03
-7.113515899793957167e-03
-4.545620562449334719e-03
-7.199887584995924182e-04
4.260952176977269787e-03
9.011676584370648807e-03
1.585355404404978005e-02
2.136571838396238501e-02
2.670177691214313878e-02
3.252594929234240567e-02
3.716095507690003047e-02
4.039263712000501494e-02
4.223115948371247014e-02
4.383109989913810955e-02
4.142301741788202013e-02
3.873317901476390490e-02
3.549707303677618331e-02
3.204322442363676665e-02
2.699008035318097021e-02
2.165179313642268469e-02
2.068095441569852908e-02
1.616050274627940306e-02
1.415583917362807365e-02
1.282732937848205662e-02
9.979688238715908599e-03
1.107476320960202112e-02
8.750425552915420957e-03
7.793560924558438213e-03
5.823929923724865086e-03
3.731606690499222629e-03
4.982771974534951423e-03
9.474276371333818954e-04
4.743095463665639860e-04
4.795731211581995323e-04
-2.385176316259174367e-03
-1.901041796056410910e-03
-4.123740623742331961e-03
-5.301092840907658046e-03
-4.648790868367775990e-03
-5.607375086424386257e-03
-4.952489399755164758e-03
-1.713401236991433886e-03
1.171000275564323912e-03
1.640223722591191424e-03
3.859130435468071437e-03
7.974604846110127862e-03
8.323717087548811525e-03
8.585559330604189410e-03
8.956077612252331954e-03
6.436804950144260108e-03
5.408340416725111212e-03
2.736118924924582727e-03
1.266378681325338240e-03
-1.407543439600771832e-03
-7.277560994882759267e-03
-8.939095506925608461e-03
-1.221831454578323553e-02
-1.534676148856713856e-02
-1.559492823097258923e-02
-1.697720961692737035e-02
-1.769485092199389251e-02
-1.744253972655305032e-02
-1.867677933909661636e-02
-1.925361195651052390e-02
-1.850856709800190875e-02
-1.920850669170314287e-02
-1.964270682325548745e-02
-1.840349506143632019e-02
-1.846411992933934612e-02
-1.844118091925353933e-02
-1.524936923096914879e-02
-1.495053625161430616e-02
-1.477309155462231370e-02
-1.353489381027491757e-02
-1.386494395648453330e-02
-1.198481223979523322e-02
-1.028808749950792072e-02
-1.036164616623522911e-02
-1.227163108281491451e-02
-1.184913335784492684e-02
-1.034105408704698650e-02
-1.173913933541223184e-02
-1.119612760462749407e-02
-1.058598767833808345e-02
-1.169574559832811493e-02
-1.092761362824194206e-02
-1.256322381020994437e-02
-1.328431802989471673e-02
-1.197692344662555988e-02
-1.428332589322398385e-02
-1.435226474890204280e-02
-1.384138387562685105e-02
-1.416797394101700427e-02
-1.367228063684788018e-02
-1.219348843604442512e-02
-1.291921441044713639e-02
-1.412414545439257506e-02
-1.265120803998090460e-02
-1.208936711550655067e-02
-9.535896146838711632e-03
-9.121684939205770143e-03
-5.967053891553017117e-03
-1.536709830916110041e-04
3.775003413500511475e-03
8.844760231328796518e-03
1.422464426021680453e-02
2.146290162735830023e-02
2.712244486706983509e-02
3.383047261765851493e-02
3.843913783528744160e-02
4.028605659808388861e-02
4.310765277672142654e-02
4.447999464159248240e-02
4.333252339334724146e-02
4.016087739527886974e-02
3.773690266846401603e-02
3.324005168837611268e-02
2.935833547682373951e-02
2.620755984542408323e-02
2.256668054680217514e-02
1.997501910031496825e-02
1.650581570670783121e-02
1.464868152408092122e-02
1.383897364328523158e-02
1.095446777292429473e-02
8.260250820864461704e-03
6.927465192327463689e-03
5.624744166616662405e-03
5.657902776816975572e-03
5.789443774749670688e-03
3.982107225766678277e-03
2.025256398318866623e-03
1.639454251735845101e-03
6.661030310069105016e-04
-1.348050980785407910e-03
-2.937576069225885777e-03
-3.131758324928175623e-03
-4.390019342532570229e-03
-4.980031499754056061e-03
-3.128340942724280004e-03
-2.335244764230069194e-03
5.713216967084968441e-04
3.197028682768133460e-03
5.087596179975226347e-03
5.244163941280720505e-03
5.846612742117274046e-03
8.241832489377778903e-03
8.109662060105127593e-03
7.699145029197970551e-03
4.222349343996386305e-03
2.705110473680167292e-03
1.825452556355961929e-03
-2.051775821686186146e-03
-5.353275326597231251e-03
-7.597761197523819100e-03
-9.572307018023282904e-03
-1.186214001304821894e-02
-1.327783500652984262e-02
-1.544271572845486336e-02
-1.704946881250121726e-02
-1.893666640358745643e-02
-1.780608230850285953e-02
-1.802841011806459795e-02
-1.998739990727891117e-02
-1.940592359147837523e-02
-2.053602516234789843e-02
-1.866193335891508029e-02
-1.772584832534477087e-02
-1.789182710039446608e-02
-1.672800019224529242e-02
-1.627217007669555168e-02
-1.370145065888920405e-02
-1.264671483181976745e-02
-1.347106684479613438e-02
-1.234771105800265903e-02
-1.124785324498967821e-02
-1.006658380308578585e-02
-9.329507760327069438e-03
-9.824206156894325914e-03
-9.498580542750880221e-03
-9.800572622474201107e-03
-1.018887860990220010e-02
-1.059395171662050328e-02
-1.074628843329260459e-02
-1.193433710154487987e-02
-1.222265009751766565e-02
-1.189737383568340197e-02
-1.175775473743229799e-02
-1.061768378630731889e-02
-1.126582368890048994e-02
-1.186634060132645344e-02
-1.398582582729493255e-02
-1.329362811963848666e-02
-1.281990280529068243e-02
-1.367552931473153127e-02
-1.288737617282049129e-02
-1.455798130404987838e-02
-1.451933278653625564e-02
-1.287502880812887995e-02
-1.007189276381844321e-02
-7.635925399272066802e-03
-3.605042917901323668e-03
5.674942361049269352e-04
5.375924702717308629e-03
1.223453643659784713e-02
1.748879636102213322e-02
2.459649748571441502e-02
3.146648138373803888e-02
3.691476262292901767e-02
4.040242615086325068e-02
4.195503141853711149e-02
4.227752002809915394e-02
4.206598810066621008e-02
4.137825254763230487e-02
3.987492207950546486e-02
3.601289142268777194e-02
3.220945401572895134e-02
3.018530793071066975e-02
2.611586352342430695e-02
2.417614723237487134e-02
2.065885146242101358e-02
1.755573226346089644e-02
1.552857040209841728e-02
1.304223897542050245e-02
1.284932125564075545e-02
1.106502314778541433e-02
1.074256439739509558e-02
8.606145437958087271e-03
6.415109873152505596e-03
5.218283205596593345e-03
2.507451416022250020e-03
6.153524792213607274e-04
-1.973461186086562531e-03
-2.441056113887563050e-03
-3.892960877032191225e-03
-6.606879209187719627e-03
-5.449546670888674033e-03
-4.516040275388513020e-03
-4.008467798340422349e-03
-2.051879433012071020e-03
-7.509898942469354823e-04
2.445351505036023974e-03
6.027207581726225054e-03
7.627989428611067595e-03
7.722000433602948383e-03
7.002313178089846282e-03
8.229849406581210558e-03
7.112609375340394821e-03
4.749425832015070383e-03
4.134955430050423278e-03
3.424818630613476523e-04
-2.538263095324999434e-03
-4.937502782874804777e-03
-7.856982402485199884e-03
-8.787424649782969027e-03
-1.192895767316695319e-02
-1.277408808656312414e-02
-1.496327417427207630e-02
-1.811621519280521078e-02
-1.752921254150185959e-02
-1.832145758430605773e-02
-1.870900335722194482e-02
-1.942166295807791487e-02
-1.911888020748732375e-02
-2.025417607987008498e-02
-2.100400437768899786e-02
-1.923456538805074986e-02
-1.902029597175408301e-02
-1.793096172522376866e-02
-1.712971354496112958e-02
-1.657023388378676618e-02
-1.718294408757824188e-02
-1.560332582442845208e-02
-1.374035954838026714e-02
-1.403188061376315840e-02
-1.150838407322290688e-02
-1.028920662126416377e-02
-1.098231563084164919e-02
-1.244113921196247224e-02
-1.217511787923250197e-02
-1.110162452048558956e-02
-1.169052024327628739e-02
-1.136835052966826340e-02
-1.236446802517457769e-02
-1.133898104835981933e-02
-1.065461599863020380e-02
-1.331768266837993035e-02
-1.327922644393221552e-02
-1.245648682622898379e-02
-1.203218919038743021e-02
-1.320037553760841469e-02
-1.396628598531826984e-02
-1.271465400242848161e-02
-1.436717641926137275e-02
-1.638073921945354047e-02
-1.708346288232638968e-02
-1.850030088490163538e-02
-1.776047302087676791e-02
-1.520120160950968330e-02
-1.262711527149965388e-02
-9.278274199114906404e-03
-5.552105162378475137e-03
2.551305880126079461e-03
