-1.992797851562500000e-02
-2.066040039062500000e-02
-2.078247070312500000e-02
-2.056884765625000000e-02
-1.995849609375000000e-02
-1.962280273437500000e-02
-1.788330078125000000e-02
-1.657104492187500000e-02
-1.452636718750000000e-02
-1.223754882812500000e-02
-9.674072265625000000e-03
-6.744384765625000000e-03
-4.547119140625000000e-03
-5.187988281250000000e-04
2.685546875000000000e-03
6.103515625000000000e-03
9.246826171875000000e-03
1.199340820312500000e-02
1.510620117187500000e-02
1.754760742187500000e-02
2.011108398437500000e-02
2.142333984375000000e-02
2.337646484375000000e-02
2.374267578125000000e-02
2.462768554687500000e-02
2.520751953125000000e-02
2.423095703125000000e-02
2.435302734375000000e-02
2.285766601562500000e-02
2.163696289062500000e-02
1.943969726562500000e-02
1.773071289062500000e-02
1.541137695312500000e-02
1.263427734375000000e-02
1.132202148437500000e-02
8.575439453125000000e-03
7.049560546875000000e-03
5.004882812500000000e-03
3.479003906250000000e-03
2.746582031250000000e-03
1.007080078125000000e-03
-2.441406250000000000e-04
-1.098632812500000000e-03
-1.770019531250000000e-03
-2.807617187500000000e-03
-2.960205078125000000e-03
-3.204345703125000000e-03
-4.302978515625000000e-03
-4.821777343750000000e-03
-4.730224609375000000e-03
-4.852294921875000000e-03
-5.035400390625000000e-03
-5.584716796875000000e-03
-6.408691406250000000e-03
-6.500244140625000000e-03
-6.744384765625000000e-03
-8.361816406250000000e-03
-9.490966796875000000e-03
-9.796142578125000000e-03
-1.083374023437500000e-02
-1.184082031250000000e-02
-1.376342773437500000e-02
-1.492309570312500000e-02
-1.593017578125000000e-02
-1.751708984375000000e-02
-1.809692382812500000e-02
-1.947021484375000000e-02
-1.968383789062500000e-02
-1.998901367187500000e-02
-2.093505859375000000e-02
-2.020263671875000000e-02
-1.956176757812500000e-02
-1.889038085937500000e-02
-1.773071289062500000e-02
-1.644897460937500000e-02
-1.440429687500000000e-02
-1.211547851562500000e-02
-9.429931640625000000e-03
-6.286621093750000000e-03
-3.967285156250000000e-03
-5.493164062500000000e-04
3.173828125000000000e-03
5.493164062500000000e-03
8.666992187500000000e-03
1.220703125000000000e-02
1.501464843750000000e-02
1.760864257812500000e-02
2.020263671875000000e-02
2.215576171875000000e-02
2.340698242187500000e-02
2.438354492187500000e-02
2.435302734375000000e-02
2.450561523437500000e-02
2.404785156250000000e-02
2.279663085937500000e-02
2.264404296875000000e-02
2.142333984375000000e-02
1.907348632812500000e-02
1.699829101562500000e-02
1.498413085937500000e-02
1.235961914062500000e-02
9.918212890625000000e-03
8.514404296875000000e-03
7.049560546875000000e-03
5.218505859375000000e-03
3.326416015625000000e-03
2.380371093750000000e-03
1.312255859375000000e-03
1.831054687500000000e-04
-4.577636718750000000e-04
-1.403808593750000000e-03
-2.105712890625000000e-03
-2.624511718750000000e-03
-3.173828125000000000e-03
-3.601074218750000000e-03
-3.601074218750000000e-03
-4.180908203125000000e-03
-3.906250000000000000e-03
-4.638671875000000000e-03
-5.981445312500000000e-03
-5.493164062500000000e-03
-6.530761718750000000e-03
-7.080078125000000000e-03
-7.751464843750000000e-03
-9.521484375000000000e-03
-1.022338867187500000e-02
-1.116943359375000000e-02
-1.251220703125000000e-02
-1.409912109375000000e-02
-1.480102539062500000e-02
-1.614379882812500000e-02
-1.834106445312500000e-02
-1.922607421875000000e-02
-1.962280273437500000e-02
-2.041625976562500000e-02
-2.093505859375000000e-02
-2.093505859375000000e-02
-2.090454101562500000e-02
-1.995849609375000000e-02
-1.904296875000000000e-02
-1.763916015625000000e-02
-1.513671875000000000e-02
-1.379394531250000000e-02
-1.168823242187500000e-02
-8.941650390625000000e-03
-6.164550781250000000e-03
-2.746582031250000000e-03
1.525878906250000000e-04
3.723144531250000000e-03
6.744384765625000000e-03
1.013183593750000000e-02
1.391601562500000000e-02
1.623535156250000000e-02
1.828002929687500000e-02
2.053833007812500000e-02
2.276611328125000000e-02
2.374267578125000000e-02
2.447509765625000000e-02
2.459716796875000000e-02
2.462768554687500000e-02
2.441406250000000000e-02
2.285766601562500000e-02
2.218627929687500000e-02
2.059936523437500000e-02
1.846313476562500000e-02
1.693725585937500000e-02
1.461791992187500000e-02
1.266479492187500000e-02
1.068115234375000000e-02
8.453369140625000000e-03
6.958007812500000000e-03
5.065917968750000000e-03
3.753662109375000000e-03
2.716064453125000000e-03
3.662109375000000000e-04
-9.155273437500000000e-05
-3.967285156250000000e-04
-2.044677734375000000e-03
-2.471923828125000000e-03
-2.655029296875000000e-03
-3.112792968750000000e-03
-3.509521484375000000e-03
-3.906250000000000000e-03
-4.089355468750000000e-03
-4.547119140625000000e-03
-5.371093750000000000e-03
-5.401611328125000000e-03
-5.737304687500000000e-03
-6.774902343750000000e-03
-7.354736328125000000e-03
-8.056640625000000000e-03
-8.911132812500000000e-03
-1.028442382812500000e-02
-1.156616210937500000e-02
-1.239013671875000000e-02
-1.428222656250000000e-02
-1.623535156250000000e-02
-1.681518554687500000e-02
-1.788330078125000000e-02
-1.916503906250000000e-02
-1.947021484375000000e-02
-2.032470703125000000e-02
-2.096557617187500000e-02
-2.032470703125000000e-02
-1.947021484375000000e-02
-1.928710937500000000e-02
-1.882934570312500000e-02
-1.727294921875000000e-02
-1.492309570312500000e-02
-1.300048828125000000e-02
-1.065063476562500000e-02
-7.476806640625000000e-03
-5.035400390625000000e-03
-2.197265625000000000e-03
1.251220703125000000e-03
4.852294921875000000e-03
7.873535156250000000e-03
1.086425781250000000e-02
1.428222656250000000e-02
1.647949218750000000e-02
1.858520507812500000e-02
2.072143554687500000e-02
2.264404296875000000e-02
2.420043945312500000e-02
2.465820312500000000e-02
2.517700195312500000e-02
2.502441406250000000e-02
2.334594726562500000e-02
2.221679687500000000e-02
2.096557617187500000e-02
1.910400390625000000e-02
1.733398437500000000e-02
1.495361328125000000e-02
1.287841796875000000e-02
1.074218750000000000e-02
9.429931640625000000e-03
7.934570312500000000e-03
5.950927734375000000e-03
4.547119140625000000e-03
2.502441406250000000e-03
1.495361328125000000e-03
1.525878906250000000e-04
-7.629394531250000000e-04
-1.190185546875000000e-03
-2.227783203125000000e-03
-2.410888671875000000e-03
-2.807617187500000000e-03
-3.234863281250000000e-03
-3.967285156250000000e-03
-4.028320312500000000e-03
-4.455566406250000000e-03
-5.310058593750000000e-03
-5.096435546875000000e-03
-5.584716796875000000e-03
-5.981445312500000000e-03
-6.713867187500000000e-03
-7.751464843750000000e-03
-8.544921875000000000e-03
-1.019287109375000000e-02
-1.132202148437500000e-02
-1.165771484375000000e-02
-1.361083984375000000e-02
-1.550292968750000000e-02
-1.669311523437500000e-02
-1.828002929687500000e-02
-1.913452148437500000e-02
-2.005004882812500000e-02
-2.102661132812500000e-02
-2.166748046875000000e-02
-2.154541015625000000e-02
-2.139282226562500000e-02
-2.096557617187500000e-02
-1.965332031250000000e-02
-1.846313476562500000e-02
-1.635742187500000000e-02
-1.467895507812500000e-02
-1.251220703125000000e-02
-9.460449218750000000e-03
-7.110595703125000000e-03
-3.936767578125000000e-03
-7.629394531250000000e-04
2.105712890625000000e-03
5.523681640625000000e-03
8.911132812500000000e-03
1.171875000000000000e-02
1.397705078125000000e-02
1.657104492187500000e-02
1.937866210937500000e-02
2.142333984375000000e-02
2.264404296875000000e-02
2.377319335937500000e-02
2.468872070312500000e-02
2.459716796875000000e-02
2.398681640625000000e-02
2.349853515625000000e-02
2.182006835937500000e-02
2.029418945312500000e-02
1.916503906250000000e-02
1.681518554687500000e-02
1.501464843750000000e-02
1.348876953125000000e-02
1.190185546875000000e-02
9.613037109375000000e-03
7.049560546875000000e-03
5.920410156250000000e-03
4.333496093750000000e-03
2.624511718750000000e-03
1.983642578125000000e-03
1.068115234375000000e-03
-3.051757812500000000e-05
-8.850097656250000000e-04
-1.739501953125000000e-03
-2.136230468750000000e-03
-2.746582031250000000e-03
-3.173828125000000000e-03
-2.960205078125000000e-03
-3.631591796875000000e-03
-3.906250000000000000e-03
-3.875732421875000000e-03
-3.875732421875000000e-03
-4.241943359375000000e-03
-5.249023437500000000e-03
-5.950927734375000000e-03
-6.958007812500000000e-03
-7.568359375000000000e-03
-9.552001953125000000e-03
-1.110839843750000000e-02
-1.159667968750000000e-02
-1.345825195312500000e-02
-1.461791992187500000e-02
-1.596069335937500000e-02
-1.736450195312500000e-02
-1.840209960937500000e-02
-1.937866210937500000e-02
-2.011108398437500000e-02
-2.093505859375000000e-02
-2.084350585937500000e-02
-1.989746093750000000e-02
-1.943969726562500000e-02
-1.885986328125000000e-02
-1.696777343750000000e-02
-1.556396484375000000e-02
-1.379394531250000000e-02
-1.123046875000000000e-02
-8.941650390625000000e-03
-5.737304687500000000e-03
-2.349853515625000000e-03
3.051757812500000000e-05
3.021240234375000000e-03
6.774902343750000000e-03
9.765625000000000000e-03
1.263427734375000000e-02
1.531982421875000000e-02
1.800537109375000000e-02
2.005004882812500000e-02
2.160644531250000000e-02
2.340698242187500000e-02
2.410888671875000000e-02
2.413940429687500000e-02
2.374267578125000000e-02
2.343750000000000000e-02
2.233886718750000000e-02
2.069091796875000000e-02
1.950073242187500000e-02
1.745605468750000000e-02
1.544189453125000000e-02
1.403808593750000000e-02
1.229858398437500000e-02
9.948730468750000000e-03
8.483886718750000000e-03
6.744384765625000000e-03
5.218505859375000000e-03
4.425048828125000000e-03
2.716064453125000000e-03
2.105712890625000000e-03
1.556396484375000000e-03
1.220703125000000000e-04
-4.577636718750000000e-04
-4.577636718750000000e-04
-1.647949218750000000e-03
-2.532958984375000000e-03
-2.349853515625000000e-03
-2.227783203125000000e-03
-2.380371093750000000e-03
-3.143310546875000000e-03
-3.082275390625000000e-03
-3.784179687500000000e-03
-4.608154296875000000e-03
-5.096435546875000000e-03
-5.798339843750000000e-03
-6.622314453125000000e-03
-8.239746093750000000e-03
-9.613037109375000000e-03
-1.135253906250000000e-02
-1.272583007812500000e-02
-1.394653320312500000e-02
-1.525878906250000000e-02
-1.696777343750000000e-02
-1.834106445312500000e-02
-1.867675781250000000e-02
-1.962280273437500000e-02
-2.035522460937500000e-02
-2.087402343750000000e-02
-2.093505859375000000e-02
-2.072143554687500000e-02
-1.943969726562500000e-02
-1.858520507812500000e-02
-1.831054687500000000e-02
-1.626586914062500000e-02
-1.358032226562500000e-02
-1.080322265625000000e-02
-8.209228515625000000e-03
-5.004882812500000000e-03
-1.770019531250000000e-03
1.342773437500000000e-03
4.791259765625000000e-03
8.087158203125000000e-03
1.089477539062500000e-02
1.324462890625000000e-02
1.632690429687500000e-02
1.889038085937500000e-02
2.093505859375000000e-02
2.264404296875000000e-02
2.285766601562500000e-02
2.398681640625000000e-02
2.523803710937500000e-02
2.401733398437500000e-02
2.368164062500000000e-02
2.279663085937500000e-02
2.093505859375000000e-02
1.928710937500000000e-02
1.751708984375000000e-02
1.635742187500000000e-02
1.342773437500000000e-02
1.138305664062500000e-02
9.918212890625000000e-03
7.995605468750000000e-03
6.530761718750000000e-03
4.943847656250000000e-03
3.570556640625000000e-03
2.075195312500000000e-03
1.251220703125000000e-03
4.882812500000000000e-04
1.525878906250000000e-04
-1.220703125000000000e-03
-2.044677734375000000e-03
-2.075195312500000000e-03
-2.868652343750000000e-03
-2.716064453125000000e-03
-3.265380859375000000e-03
-3.234863281250000000e-03
-3.112792968750000000e-03
-3.631591796875000000e-03
-3.875732421875000000e-03
-4.577636718750000000e-03
-5.279541015625000000e-03
-6.042480468750000000e-03
-7.446289062500000000e-03
-8.392333984375000000e-03
-9.307861328125000000e-03
-1.147460937500000000e-02
-1.284790039062500000e-02
-1.397705078125000000e-02
-1.547241210937500000e-02
-1.678466796875000000e-02
-1.794433593750000000e-02
-1.943969726562500000e-02
-2.029418945312500000e-02
-2.038574218750000000e-02
-2.117919921875000000e-02
-2.087402343750000000e-02
-2.026367187500000000e-02
-2.035522460937500000e-02
-1.950073242187500000e-02
-1.736450195312500000e-02
-1.568603515625000000e-02
-1.358032226562500000e-02
-1.071166992187500000e-02
-7.720947265625000000e-03
-4.943847656250000000e-03
-2.410888671875000000e-03
1.739501953125000000e-03
4.852294921875000000e-03
8.239746093750000000e-03
1.165771484375000000e-02
1.409912109375000000e-02
1.702880859375000000e-02
1.873779296875000000e-02
2.120971679687500000e-02
2.279663085937500000e-02
2.304077148437500000e-02
2.386474609375000000e-02
2.416992187500000000e-02
2.362060546875000000e-02
2.297973632812500000e-02
2.188110351562500000e-02
1.983642578125000000e-02
1.870727539062500000e-02
1.672363281250000000e-02
1.437377929687500000e-02
1.257324218750000000e-02
1.058959960937500000e-02
9.063720703125000000e-03
7.446289062500000000e-03
5.889892578125000000e-03
4.791259765625000000e-03
3.295898437500000000e-03
1.464843750000000000e-03
1.495361328125000000e-03
7.324218750000000000e-04
-4.882812500000000000e-04
-1.007080078125000000e-03
-1.861572265625000000e-03
-1.647949218750000000e-03
-2.014160156250000000e-03
-2.319335937500000000e-03
-2.471923828125000000e-03
-2.807617187500000000e-03
-3.112792968750000000e-03
-3.753662109375000000e-03
-4.394531250000000000e-03
-5.371093750000000000e-03
-5.798339843750000000e-03
-6.958007812500000000e-03
-7.812500000000000000e-03
-8.483886718750000000e-03
-9.857177734375000000e-03
-1.156616210937500000e-02
-1.306152343750000000e-02
-1.416015625000000000e-02
-1.641845703125000000e-02
-1.751708984375000000e-02
-1.852416992187500000e-02
-1.931762695312500000e-02
-1.947021484375000000e-02
-1.986694335937500000e-02
-2.032470703125000000e-02
-2.102661132812500000e-02
-1.983642578125000000e-02
-1.898193359375000000e-02
-1.773071289062500000e-02
-1.614379882812500000e-02
-1.419067382812500000e-02
-1.199340820312500000e-02
-1.022338867187500000e-02
-6.439208984375000000e-03
-3.540039062500000000e-03
-1.007080078125000000e-03
2.502441406250000000e-03
5.828857421875000000e-03
8.544921875000000000e-03
1.171875000000000000e-02
1.486206054687500000e-02
1.727294921875000000e-02
1.980590820312500000e-02
2.130126953125000000e-02
2.291870117187500000e-02
2.355957031250000000e-02
2.365112304687500000e-02
2.359008789062500000e-02
2.316284179687500000e-02
2.206420898437500000e-02
2.069091796875000000e-02
1.980590820312500000e-02
1.806640625000000000e-02
1.690673828125000000e-02
1.480102539062500000e-02
1.312255859375000000e-02
1.138305664062500000e-02
9.063720703125000000e-03
8.056640625000000000e-03
6.988525390625000000e-03
5.371093750000000000e-03
3.326416015625000000e-03
2.410888671875000000e-03
1.007080078125000000e-03
1.831054687500000000e-04
-1.525878906250000000e-04
-1.190185546875000000e-03
-2.136230468750000000e-03
-2.532958984375000000e-03
-2.532958984375000000e-03
-2.960205078125000000e-03
-3.082275390625000000e-03
-3.631591796875000000e-03
-3.356933593750000000e-03
-4.089355468750000000e-03
-5.676269531250000000e-03
-5.737304687500000000e-03
-6.317138671875000000e-03
-7.537841796875000000e-03
-8.911132812500000000e-03
-1.019287109375000000e-02
-1.147460937500000000e-02
-1.248168945312500000e-02
-1.443481445312500000e-02
-1.644897460937500000e-02
-1.708984375000000000e-02
-1.803588867187500000e-02
-1.956176757812500000e-02
-2.005004882812500000e-02
-2.072143554687500000e-02
-2.139282226562500000e-02
-2.081298828125000000e-02
-2.111816406250000000e-02
-2.075195312500000000e-02
-1.962280273437500000e-02
-1.855468750000000000e-02
-1.712036132812500000e-02
-1.480102539062500000e-02
-1.223754882812500000e-02
-9.704589843750000000e-03
-6.469726562500000000e-03
-3.448486328125000000e-03
-3.051757812500000000e-04
2.624511718750000000e-03
6.378173828125000000e-03
8.972167968750000000e-03
1.174926757812500000e-02
1.547241210937500000e-02
1.745605468750000000e-02
1.977539062500000000e-02
2.142333984375000000e-02
2.236938476562500000e-02
2.301025390625000000e-02
2.340698242187500000e-02
2.355957031250000000e-02
2.273559570312500000e-02
2.172851562500000000e-02
2.026367187500000000e-02
1.901245117187500000e-02
1.797485351562500000e-02
1.577758789062500000e-02
1.397705078125000000e-02
1.202392578125000000e-02
1.004028320312500000e-02
8.941650390625000000e-03
7.019042968750000000e-03
6.103515625000000000e-03
4.058837890625000000e-03
2.380371093750000000e-03
1.770019531250000000e-03
5.798339843750000000e-04
1.831054687500000000e-04
-1.190185546875000000e-03
-1.434326171875000000e-03
-2.258300781250000000e-03
-2.716064453125000000e-03
-2.563476562500000000e-03
-2.929687500000000000e-03
-2.777099609375000000e-03
-3.570556640625000000e-03
-3.570556640625000000e-03
-4.425048828125000000e-03
-5.401611328125000000e-03
-6.072998046875000000e-03
-7.293701171875000000e-03
-7.598876953125000000e-03
-8.117675781250000000e-03
-9.521484375000000000e-03
-1.126098632812500000e-02
-1.303100585937500000e-02
-1.409912109375000000e-02
-1.495361328125000000e-02
-1.635742187500000000e-02
-1.776123046875000000e-02
-1.904296875000000000e-02
-1.919555664062500000e-02
-1.974487304687500000e-02
-2.029418945312500000e-02
-2.053833007812500000e-02
-2.044677734375000000e-02
-1.965332031250000000e-02
-1.885986328125000000e-02
-1.727294921875000000e-02
-1.602172851562500000e-02
-1.348876953125000000e-02
-1.065063476562500000e-02
-8.514404296875000000e-03
-5.889892578125000000e-03
-2.899169921875000000e-03
7.324218750000000000e-04
4.119873046875000000e-03
6.774902343750000000e-03
1.019287109375000000e-02
1.367187500000000000e-02
1.538085937500000000e-02
1.770019531250000000e-02
2.026367187500000000e-02
2.117919921875000000e-02
2.194213867187500000e-02
2.282714843750000000e-02
2.282714843750000000e-02
2.304077148437500000e-02
2.279663085937500000e-02
2.151489257812500000e-02
2.056884765625000000e-02
1.889038085937500000e-02
1.727294921875000000e-02
1.574707031250000000e-02
1.391601562500000000e-02
1.223754882812500000e-02
1.107788085937500000e-02
9.246826171875000000e-03
6.896972656250000000e-03
5.645751953125000000e-03
4.638671875000000000e-03
3.875732421875000000e-03
2.319335937500000000e-03
1.251220703125000000e-03
5.187988281250000000e-04
-2.136230468750000000e-04
-6.103515625000000000e-04
-1.251220703125000000e-03
-1.342773437500000000e-03
-1.953125000000000000e-03
-2.136230468750000000e-03
-2.075195312500000000e-03
-2.990722656250000000e-03
-3.570556640625000000e-03
-3.417968750000000000e-03
-4.882812500000000000e-03
-6.011962890625000000e-03
-6.652832031250000000e-03
-7.690429687500000000e-03
-8.087158203125000000e-03
-1.019287109375000000e-02
-1.196289062500000000e-02
-1.358032226562500000e-02
-1.504516601562500000e-02
-1.559448242187500000e-02
-1.757812500000000000e-02
-1.934814453125000000e-02
-1.992797851562500000e-02
-2.059936523437500000e-02
-2.090454101562500000e-02
-2.111816406250000000e-02
-2.127075195312500000e-02
-2.124023437500000000e-02
-2.069091796875000000e-02
-1.922607421875000000e-02
-1.751708984375000000e-02
-1.504516601562500000e-02
-1.324462890625000000e-02
-1.058959960937500000e-02
-6.866455078125000000e-03
-4.058837890625000000e-03
-1.098632812500000000e-03
2.441406250000000000e-03
5.767822265625000000e-03
8.819580078125000000e-03
1.235961914062500000e-02
1.434326171875000000e-02
1.678466796875000000e-02
1.910400390625000000e-02
2.056884765625000000e-02
2.215576171875000000e-02
2.267456054687500000e-02
2.328491210937500000e-02
2.294921875000000000e-02
2.276611328125000000e-02
2.203369140625000000e-02
2.062988281250000000e-02
1.937866210937500000e-02
1.812744140625000000e-02
1.644897460937500000e-02
1.449584960937500000e-02
1.318359375000000000e-02
1.083374023437500000e-02
8.819580078125000000e-03
8.300781250000000000e-03
6.958007812500000000e-03
4.852294921875000000e-03
3.997802734375000000e-03
2.685546875000000000e-03
1.434326171875000000e-03
1.525878906250000000e-03
4.882812500000000000e-04
-4.577636718750000000e-04
-5.187988281250000000e-04
-1.678466796875000000e-03
-2.197265625000000000e-03
-1.098632812500000000e-03
-2.227783203125000000e-03
-2.807617187500000000e-03
-2.929687500000000000e-03
-3.936767578125000000e-03
-4.272460937500000000e-03
-5.279541015625000000e-03
-5.889892578125000000e-03
-6.713867187500000000e-03
-8.178710937500000000e-03
-8.911132812500000000e-03
-1.000976562500000000e-02
-1.220703125000000000e-02
-1.364135742187500000e-02
-1.544189453125000000e-02
-1.699829101562500000e-02
-1.828002929687500000e-02
-1.928710937500000000e-02
-1.974487304687500000e-02
-2.124023437500000000e-02
-2.099609375000000000e-02
-2.099609375000000000e-02
-2.066040039062500000e-02
-1.962280273437500000e-02
-1.904296875000000000e-02
-1.773071289062500000e-02
-1.635742187500000000e-02
-1.419067382812500000e-02
-1.214599609375000000e-02
-9.643554687500000000e-03
-7.110595703125000000e-03
-3.448486328125000000e-03
3.051757812500000000e-05
3.143310546875000000e-03
6.530761718750000000e-03
9.155273437500000000e-03
1.293945312500000000e-02
1.510620117187500000e-02
1.693725585937500000e-02
1.962280273437500000e-02
2.124023437500000000e-02
2.212524414062500000e-02
2.264404296875000000e-02
2.310180664062500000e-02
2.243041992187500000e-02
2.191162109375000000e-02
2.191162109375000000e-02
2.059936523437500000e-02
1.962280273437500000e-02
1.852416992187500000e-02
1.660156250000000000e-02
1.513671875000000000e-02
1.309204101562500000e-02
1.144409179687500000e-02
9.796142578125000000e-03
7.995605468750000000e-03
6.958007812500000000e-03
5.584716796875000000e-03
4.211425781250000000e-03
3.234863281250000000e-03
2.532958984375000000e-03
1.037597656250000000e-03
4.577636718750000000e-04
7.629394531250000000e-04
-1.831054687500000000e-04
-2.746582031250000000e-04
-6.103515625000000000e-04
-1.647949218750000000e-03
-1.678466796875000000e-03
-2.075195312500000000e-03
-2.258300781250000000e-03
-2.563476562500000000e-03
-3.479003906250000000e-03
-4.180908203125000000e-03
-5.279541015625000000e-03
-6.469726562500000000e-03
-7.720947265625000000e-03
-8.972167968750000000e-03
-1.074218750000000000e-02
-1.217651367187500000e-02
-1.345825195312500000e-02
-1.516723632812500000e-02
-1.669311523437500000e-02
-1.797485351562500000e-02
-1.892089843750000000e-02
-1.986694335937500000e-02
-2.017211914062500000e-02
-2.117919921875000000e-02
-2.139282226562500000e-02
-2.093505859375000000e-02
-2.087402343750000000e-02
-1.931762695312500000e-02
-1.776123046875000000e-02
-1.605224609375000000e-02
-1.419067382812500000e-02
-1.220703125000000000e-02
-9.429931640625000000e-03
-6.134033203125000000e-03
-2.563476562500000000e-03
5.798339843750000000e-04
3.784179687500000000e-03
7.080078125000000000e-03
1.034545898437500000e-02
1.327514648437500000e-02
1.571655273437500000e-02
1.763916015625000000e-02
1.934814453125000000e-02
2.078247070312500000e-02
2.175903320312500000e-02
2.249145507812500000e-02
2.252197265625000000e-02
2.264404296875000000e-02
2.224731445312500000e-02
2.163696289062500000e-02
2.087402343750000000e-02
1.895141601562500000e-02
1.776123046875000000e-02
1.608276367187500000e-02
1.400756835937500000e-02
1.321411132812500000e-02
1.135253906250000000e-02
9.613037109375000000e-03
8.483886718750000000e-03
6.408691406250000000e-03
5.004882812500000000e-03
3.784179687500000000e-03
2.258300781250000000e-03
2.105712890625000000e-03
1.312255859375000000e-03
2.136230468750000000e-04
2.746582031250000000e-04
-1.831054687500000000e-04
-3.967285156250000000e-04
-6.103515625000000000e-04
-1.159667968750000000e-03
-1.647949218750000000e-03
-1.953125000000000000e-03
-2.593994140625000000e-03
-3.173828125000000000e-03
-3.143310546875000000e-03
-4.425048828125000000e-03
-5.554199218750000000e-03
-6.225585937500000000e-03
-7.476806640625000000e-03
-9.216308593750000000e-03
-1.071166992187500000e-02
-1.187133789062500000e-02
-1.358032226562500000e-02
-1.541137695312500000e-02
-1.672363281250000000e-02
-1.791381835937500000e-02
-1.898193359375000000e-02
-1.931762695312500000e-02
-2.026367187500000000e-02
-2.081298828125000000e-02
-2.111816406250000000e-02
-2.066040039062500000e-02
-1.971435546875000000e-02
-1.919555664062500000e-02
-1.736450195312500000e-02
-1.617431640625000000e-02
-1.376342773437500000e-02
-1.129150390625000000e-02
-8.880615234375000000e-03
-5.249023437500000000e-03
-2.655029296875000000e-03
7.934570312500000000e-04
4.333496093750000000e-03
7.110595703125000000e-03
9.857177734375000000e-03
1.242065429687500000e-02
1.489257812500000000e-02
1.745605468750000000e-02
1.947021484375000000e-02
2.105712890625000000e-02
2.139282226562500000e-02
2.148437500000000000e-02
2.270507812500000000e-02
2.172851562500000000e-02
2.130126953125000000e-02
2.084350585937500000e-02
1.943969726562500000e-02
1.861572265625000000e-02
1.681518554687500000e-02
1.568603515625000000e-02
1.376342773437500000e-02
1.184082031250000000e-02
1.083374023437500000e-02
9.246826171875000000e-03
7.720947265625000000e-03
6.500244140625000000e-03
5.554199218750000000e-03
4.150390625000000000e-03
2.899169921875000000e-03
1.739501953125000000e-03
1.068115234375000000e-03
6.408691406250000000e-04
0.000000000000000000e+00
-3.967285156250000000e-04
-1.037597656250000000e-03
-9.460449218750000000e-04
-1.617431640625000000e-03
-2.075195312500000000e-03
-2.258300781250000000e-03
-2.929687500000000000e-03
-3.173828125000000000e-03
-4.302978515625000000e-03
-4.669189453125000000e-03
-6.134033203125000000e-03
-7.690429687500000000e-03
-8.911132812500000000e-03
-1.086425781250000000e-02
-1.205444335937500000e-02
-1.403808593750000000e-02
-1.522827148437500000e-02
-1.660156250000000000e-02
-1.788330078125000000e-02
-1.876831054687500000e-02
-2.038574218750000000e-02
-2.139282226562500000e-02
-2.218627929687500000e-02
-2.194213867187500000e-02
-2.172851562500000000e-02
-2.169799804687500000e-02
-2.102661132812500000e-02
-1.956176757812500000e-02
-1.812744140625000000e-02
-1.617431640625000000e-02
-1.324462890625000000e-02
-1.080322265625000000e-02
-7.720947265625000000e-03
-4.730224609375000000e-03
-1.495361328125000000e-03
2.044677734375000000e-03
4.760742187500000000e-03
7.934570312500000000e-03
1.074218750000000000e-02
1.321411132812500000e-02
1.599121093750000000e-02
1.779174804687500000e-02
1.995849609375000000e-02
2.175903320312500000e-02
2.133178710937500000e-02
2.185058593750000000e-02
2.236938476562500000e-02
2.151489257812500000e-02
2.114868164062500000e-02
1.995849609375000000e-02
1.934814453125000000e-02
1.864624023437500000e-02
1.657104492187500000e-02
1.501464843750000000e-02
1.330566406250000000e-02
1.217651367187500000e-02
1.080322265625000000e-02
9.002685546875000000e-03
7.415771484375000000e-03
6.134033203125000000e-03
5.126953125000000000e-03
3.570556640625000000e-03
3.417968750000000000e-03
2.410888671875000000e-03
1.098632812500000000e-03
9.155273437500000000e-04
6.408691406250000000e-04
3.967285156250000000e-04
-9.155273437500000000e-05
-7.019042968750000000e-04
-1.220703125000000000e-03
-8.544921875000000000e-04
-1.647949218750000000e-03
-2.471923828125000000e-03
-3.570556640625000000e-03
-4.211425781250000000e-03
-4.760742187500000000e-03
-7.202148437500000000e-03
-7.568359375000000000e-03
-9.216308593750000000e-03
-1.083374023437500000e-02
-1.168823242187500000e-02
-1.403808593750000000e-02
-1.510620117187500000e-02
-1.629638671875000000e-02
-1.770019531250000000e-02
-1.870727539062500000e-02
-2.011108398437500000e-02
-2.105712890625000000e-02
-2.120971679687500000e-02
-2.200317382812500000e-02
-2.188110351562500000e-02
-2.090454101562500000e-02
-2.032470703125000000e-02
-1.895141601562500000e-02
-1.708984375000000000e-02
-1.541137695312500000e-02
-1.315307617187500000e-02
-9.948730468750000000e-03
-6.835937500000000000e-03
-3.204345703125000000e-03
-5.187988281250000000e-04
2.166748046875000000e-03
5.889892578125000000e-03
8.148193359375000000e-03
1.065063476562500000e-02
1.379394531250000000e-02
1.589965820312500000e-02
1.788330078125000000e-02
1.940917968750000000e-02
1.989746093750000000e-02
2.093505859375000000e-02
2.151489257812500000e-02
2.172851562500000000e-02
2.133178710937500000e-02
2.047729492187500000e-02
2.014160156250000000e-02
1.919555664062500000e-02
1.803588867187500000e-02
1.638793945312500000e-02
1.492309570312500000e-02
1.306152343750000000e-02
1.165771484375000000e-02
1.071166992187500000e-02
8.483886718750000000e-03
7.232666015625000000e-03
6.225585937500000000e-03
4.669189453125000000e-03
4.364013671875000000e-03
3.814697265625000000e-03
2.105712890625000000e-03
1.770019531250000000e-03
1.190185546875000000e-03
5.187988281250000000e-04
4.272460937500000000e-04
-7.324218750000000000e-04
-2.746582031250000000e-04
-7.629394531250000000e-04
-1.922607421875000000e-03
-2.227783203125000000e-03
-3.234863281250000000e-03
-2.716064453125000000e-03
-3.753662109375000000e-03
-5.798339843750000000e-03
-6.347656250000000000e-03
-7.751464843750000000e-03
-8.941650390625000000e-03
-1.046752929687500000e-02
-1.275634765625000000e-02
-1.406860351562500000e-02
-1.528930664062500000e-02
-1.663208007812500000e-02
-1.824951171875000000e-02
-1.965332031250000000e-02
-2.053833007812500000e-02
-2.154541015625000000e-02
-2.142333984375000000e-02
-2.114868164062500000e-02
-2.148437500000000000e-02
-2.105712890625000000e-02
-1.956176757812500000e-02
-1.812744140625000000e-02
-1.657104492187500000e-02
-1.412963867187500000e-02
-1.144409179687500000e-02
-8.453369140625000000e-03
-6.042480468750000000e-03
-3.326416015625000000e-03
3.051757812500000000e-04
3.479003906250000000e-03
6.652832031250000000e-03
9.307861328125000000e-03
1.156616210937500000e-02
1.376342773437500000e-02
1.629638671875000000e-02
1.818847656250000000e-02
1.928710937500000000e-02
2.066040039062500000e-02
2.087402343750000000e-02
2.148437500000000000e-02
2.154541015625000000e-02
2.050781250000000000e-02
2.011108398437500000e-02
1.916503906250000000e-02
1.843261718750000000e-02
1.712036132812500000e-02
1.538085937500000000e-02
1.379394531250000000e-02
1.211547851562500000e-02
1.086425781250000000e-02
9.338378906250000000e-03
8.209228515625000000e-03
6.866455078125000000e-03
5.523681640625000000e-03
4.943847656250000000e-03
3.723144531250000000e-03
2.471923828125000000e-03
2.075195312500000000e-03
1.708984375000000000e-03
9.460449218750000000e-04
6.408691406250000000e-04
2.746582031250000000e-04
-3.967285156250000000e-04
-2.441406250000000000e-04
-5.187988281250000000e-04
-1.586914062500000000e-03
-1.739501953125000000e-03
-2.441406250000000000e-03
-3.479003906250000000e-03
-4.150390625000000000e-03
-5.432128906250000000e-03
-6.500244140625000000e-03
-8.209228515625000000e-03
-9.368896484375000000e-03
-1.010131835937500000e-02
-1.165771484375000000e-02
-1.327514648437500000e-02
-1.495361328125000000e-02
-1.635742187500000000e-02
-1.776123046875000000e-02
-1.922607421875000000e-02
-2.050781250000000000e-02
-2.078247070312500000e-02
-2.160644531250000000e-02
-2.200317382812500000e-02
-2.117919921875000000e-02
-2.050781250000000000e-02
-1.940917968750000000e-02
-1.812744140625000000e-02
-1.602172851562500000e-02
-1.391601562500000000e-02
-1.116943359375000000e-02
-8.483886718750000000e-03
-5.828857421875000000e-03
-2.593994140625000000e-03
9.155273437500000000e-04
4.394531250000000000e-03
6.439208984375000000e-03
9.216308593750000000e-03
1.211547851562500000e-02
1.480102539062500000e-02
1.681518554687500000e-02
1.904296875000000000e-02
1.992797851562500000e-02
2.029418945312500000e-02
2.185058593750000000e-02
2.120971679687500000e-02
2.133178710937500000e-02
2.062988281250000000e-02
1.995849609375000000e-02
1.983642578125000000e-02
1.812744140625000000e-02
1.638793945312500000e-02
1.449584960937500000e-02
1.290893554687500000e-02
1.135253906250000000e-02
1.055908203125000000e-02
9.094238281250000000e-03
7.873535156250000000e-03
6.469726562500000000e-03
4.760742187500000000e-03
3.570556640625000000e-03
2.410888671875000000e-03
2.166748046875000000e-03
1.617431640625000000e-03
9.155273437500000000e-04
9.155273437500000000e-05
-3.051757812500000000e-05
-3.967285156250000000e-04
-6.103515625000000000e-04
-5.493164062500000000e-04
-1.098632812500000000e-03
-1.983642578125000000e-03
-2.807617187500000000e-03
-3.356933593750000000e-03
-4.882812500000000000e-03
-5.310058593750000000e-03
-6.469726562500000000e-03
-8.056640625000000000e-03
-9.063720703125000000e-03
-9.826660156250000000e-03
-1.104736328125000000e-02
-1.318359375000000000e-02
-1.406860351562500000e-02
-1.596069335937500000e-02
-1.766967773437500000e-02
-1.895141601562500000e-02
-1.989746093750000000e-02
-2.050781250000000000e-02
-2.148437500000000000e-02
-2.160644531250000000e-02
-2.136230468750000000e-02
-2.120971679687500000e-02
-2.105712890625000000e-02
-1.931762695312500000e-02
-1.748657226562500000e-02
-1.574707031250000000e-02
-1.306152343750000000e-02
-1.019287109375000000e-02
-7.598876953125000000e-03
-4.333496093750000000e-03
-4.882812500000000000e-04
1.770019531250000000e-03
4.516601562500000000e-03
7.537841796875000000e-03
1.031494140625000000e-02
1.327514648437500000e-02
1.531982421875000000e-02
1.705932617187500000e-02
1.882934570312500000e-02
1.971435546875000000e-02
2.023315429687500000e-02
2.117919921875000000e-02
2.099609375000000000e-02
2.081298828125000000e-02
2.041625976562500000e-02
1.971435546875000000e-02
1.943969726562500000e-02
1.773071289062500000e-02
1.593017578125000000e-02
1.440429687500000000e-02
1.284790039062500000e-02
1.211547851562500000e-02
1.046752929687500000e-02
8.392333984375000000e-03
7.232666015625000000e-03
5.767822265625000000e-03
4.516601562500000000e-03
3.906250000000000000e-03
2.777099609375000000e-03
2.502441406250000000e-03
2.532958984375000000e-03
1.434326171875000000e-03
1.190185546875000000e-03
8.850097656250000000e-04
-9.155273437500000000e-05
-6.103515625000000000e-04
-5.798339843750000000e-04
-3.967285156250000000e-04
-1.098632812500000000e-03
-2.197265625000000000e-03
-2.960205078125000000e-03
-3.845214843750000000e-03
-5.462646484375000000e-03
-6.072998046875000000e-03
-6.591796875000000000e-03
-8.544921875000000000e-03
-1.004028320312500000e-02
-1.187133789062500000e-02
-1.339721679687500000e-02
-1.544189453125000000e-02
-1.733398437500000000e-02
-1.788330078125000000e-02
-1.907348632812500000e-02
-2.001953125000000000e-02
-2.072143554687500000e-02
-2.096557617187500000e-02
-2.139282226562500000e-02
-2.188110351562500000e-02
-2.078247070312500000e-02
-2.017211914062500000e-02
-1.931762695312500000e-02
-1.690673828125000000e-02
-1.470947265625000000e-02
-1.248168945312500000e-02
-9.490966796875000000e-03
-6.561279296875000000e-03
-3.631591796875000000e-03
-4.882812500000000000e-04
2.105712890625000000e-03
5.187988281250000000e-03
8.453369140625000000e-03
1.034545898437500000e-02
1.324462890625000000e-02
1.525878906250000000e-02
1.641845703125000000e-02
1.849365234375000000e-02
1.898193359375000000e-02
2.005004882812500000e-02
2.020263671875000000e-02
2.005004882812500000e-02
2.017211914062500000e-02
1.937866210937500000e-02
1.950073242187500000e-02
1.757812500000000000e-02
1.654052734375000000e-02
1.568603515625000000e-02
1.382446289062500000e-02
1.309204101562500000e-02
1.119995117187500000e-02
9.826660156250000000e-03
8.544921875000000000e-03
7.232666015625000000e-03
6.072998046875000000e-03
4.882812500000000000e-03
3.875732421875000000e-03
3.143310546875000000e-03
2.441406250000000000e-03
1.831054687500000000e-03
1.586914062500000000e-03
6.408691406250000000e-04
8.239746093750000000e-04
3.967285156250000000e-04
-1.525878906250000000e-04
-7.019042968750000000e-04
-1.678466796875000000e-03
-1.434326171875000000e-03
-2.136230468750000000e-03
-3.326416015625000000e-03
-4.486083984375000000e-03
-5.065917968750000000e-03
-6.561279296875000000e-03
-8.300781250000000000e-03
-9.368896484375000000e-03
-1.126098632812500000e-02
-1.263427734375000000e-02
-1.416015625000000000e-02
-1.568603515625000000e-02
-1.730346679687500000e-02
-1.889038085937500000e-02
-2.041625976562500000e-02
-2.105712890625000000e-02
-2.105712890625000000e-02
-2.206420898437500000e-02
-2.258300781250000000e-02
-2.197265625000000000e-02
-2.093505859375000000e-02
-2.026367187500000000e-02
-1.940917968750000000e-02
-1.699829101562500000e-02
-1.455688476562500000e-02
-1.214599609375000000e-02
-8.728027343750000000e-03
-6.317138671875000000e-03
-3.143310546875000000e-03
-6.103515625000000000e-05
2.227783203125000000e-03
5.706787109375000000e-03
8.331298828125000000e-03
1.031494140625000000e-02
1.217651367187500000e-02
1.513671875000000000e-02
1.712036132812500000e-02
1.806640625000000000e-02
1.913452148437500000e-02
1.919555664062500000e-02
2.011108398437500000e-02
2.044677734375000000e-02
2.001953125000000000e-02
1.901245117187500000e-02
1.800537109375000000e-02
1.696777343750000000e-02
1.589965820312500000e-02
1.458740234375000000e-02
1.269531250000000000e-02
1.229858398437500000e-02
1.110839843750000000e-02
8.972167968750000000e-03
7.537841796875000000e-03
6.500244140625000000e-03
5.432128906250000000e-03
4.577636718750000000e-03
3.479003906250000000e-03
2.929687500000000000e-03
2.868652343750000000e-03
1.983642578125000000e-03
2.197265625000000000e-03
2.044677734375000000e-03
1.342773437500000000e-03
7.629394531250000000e-04
2.441406250000000000e-04
-2.136230468750000000e-04
-7.934570312500000000e-04
-1.312255859375000000e-03
-2.655029296875000000e-03
-3.051757812500000000e-03
-3.967285156250000000e-03
-5.523681640625000000e-03
-6.561279296875000000e-03
-7.659912109375000000e-03
-8.728027343750000000e-03
-1.058959960937500000e-02
-1.135253906250000000e-02
-1.303100585937500000e-02
-1.586914062500000000e-02
-1.702880859375000000e-02
-1.821899414062500000e-02
-1.962280273437500000e-02
-2.087402343750000000e-02
-2.148437500000000000e-02
-2.163696289062500000e-02
-2.169799804687500000e-02
-2.090454101562500000e-02
-2.020263671875000000e-02
-1.956176757812500000e-02
-1.785278320312500000e-02
-1.577758789062500000e-02
-1.382446289062500000e-02
-1.095581054687500000e-02
-8.209228515625000000e-03
-5.310058593750000000e-03
-1.983642578125000000e-03
1.007080078125000000e-03
4.089355468750000000e-03
6.347656250000000000e-03
8.911132812500000000e-03
1.184082031250000000e-02
1.446533203125000000e-02
1.641845703125000000e-02
1.742553710937500000e-02
1.901245117187500000e-02
1.983642578125000000e-02
2.029418945312500000e-02
2.014160156250000000e-02
1.980590820312500000e-02
2.023315429687500000e-02
1.965332031250000000e-02
1.901245117187500000e-02
1.757812500000000000e-02
1.632690429687500000e-02
1.507568359375000000e-02
1.318359375000000000e-02
1.235961914062500000e-02
1.065063476562500000e-02
9.246826171875000000e-03
7.995605468750000000e-03
6.744384765625000000e-03
6.072998046875000000e-03
4.638671875000000000e-03
3.692626953125000000e-03
3.082275390625000000e-03
3.204345703125000000e-03
2.746582031250000000e-03
1.922607421875000000e-03
1.556396484375000000e-03
1.251220703125000000e-03
1.312255859375000000e-03
3.662109375000000000e-04
-2.136230468750000000e-04
-5.187988281250000000e-04
-1.190185546875000000e-03
-2.319335937500000000e-03
-3.631591796875000000e-03
-3.906250000000000000e-03
-5.676269531250000000e-03
-7.263183593750000000e-03
-8.056640625000000000e-03
-1.000976562500000000e-02
-1.153564453125000000e-02
-1.303100585937500000e-02
-1.458740234375000000e-02
-1.602172851562500000e-02
-1.788330078125000000e-02
-1.989746093750000000e-02
-2.041625976562500000e-02
-2.093505859375000000e-02
-2.212524414062500000e-02
-2.209472656250000000e-02
-2.252197265625000000e-02
-2.197265625000000000e-02
-2.084350585937500000e-02
-1.983642578125000000e-02
-1.718139648437500000e-02
-1.559448242187500000e-02
-1.342773437500000000e-02
-1.028442382812500000e-02
-7.751464843750000000e-03
-4.669189453125000000e-03
-1.434326171875000000e-03
1.525878906250000000e-03
4.150390625000000000e-03
7.415771484375000000e-03
1.010131835937500000e-02
1.174926757812500000e-02
1.354980468750000000e-02
1.538085937500000000e-02
1.745605468750000000e-02
1.852416992187500000e-02
1.937866210937500000e-02
2.029418945312500000e-02
2.011108398437500000e-02
1.953125000000000000e-02
1.910400390625000000e-02
1.858520507812500000e-02
1.754760742187500000e-02
1.623535156250000000e-02
1.498413085937500000e-02
1.342773437500000000e-02
1.196289062500000000e-02
1.089477539062500000e-02
9.216308593750000000e-03
8.178710937500000000e-03
6.896972656250000000e-03
5.767822265625000000e-03
5.920410156250000000e-03
4.699707031250000000e-03
4.180908203125000000e-03
3.875732421875000000e-03
2.838134765625000000e-03
2.593994140625000000e-03
1.831054687500000000e-03
1.281738281250000000e-03
8.544921875000000000e-04
3.051757812500000000e-04
-6.713867187500000000e-04
-1.220703125000000000e-03
-1.373291015625000000e-03
-2.410888671875000000e-03
-2.960205078125000000e-03
-4.241943359375000000e-03
-4.974365234375000000e-03
-5.401611328125000000e-03
-7.598876953125000000e-03
-8.850097656250000000e-03
-1.000976562500000000e-02
-1.168823242187500000e-02
-1.324462890625000000e-02
-1.486206054687500000e-02
-1.623535156250000000e-02
-1.849365234375000000e-02
-1.937866210937500000e-02
-1.980590820312500000e-02
-2.151489257812500000e-02
-2.178955078125000000e-02
-2.212524414062500000e-02
-2.206420898437500000e-02
-2.041625976562500000e-02
-1.974487304687500000e-02
-1.837158203125000000e-02
-1.605224609375000000e-02
-1.428222656250000000e-02
-1.190185546875000000e-02
-9.613037109375000000e-03
-6.774902343750000000e-03
-3.387451171875000000e-03
-4.272460937500000000e-04
2.532958984375000000e-03
5.096435546875000000e-03
7.507324218750000000e-03
1.031494140625000000e-02
1.306152343750000000e-02
1.461791992187500000e-02
1.620483398437500000e-02
1.763916015625000000e-02
1.870727539062500000e-02
1.956176757812500000e-02
1.968383789062500000e-02
2.014160156250000000e-02
1.947021484375000000e-02
1.892089843750000000e-02
1.846313476562500000e-02
1.669311523437500000e-02
1.565551757812500000e-02
1.480102539062500000e-02
1.336669921875000000e-02
1.242065429687500000e-02
1.141357421875000000e-02
9.460449218750000000e-03
8.361816406250000000e-03
7.202148437500000000e-03
6.347656250000000000e-03
5.859375000000000000e-03
4.608154296875000000e-03
3.997802734375000000e-03
3.387451171875000000e-03
3.265380859375000000e-03
1.861572265625000000e-03
1.159667968750000000e-03
1.892089843750000000e-03
1.068115234375000000e-03
2.441406250000000000e-04
-5.798339843750000000e-04
-3.662109375000000000e-04
-1.037597656250000000e-03
-2.593994140625000000e-03
-3.326416015625000000e-03
-4.425048828125000000e-03
-5.218505859375000000e-03
-6.225585937500000000e-03
-7.690429687500000000e-03
-8.941650390625000000e-03
-1.071166992187500000e-02
-1.281738281250000000e-02
-1.367187500000000000e-02
-1.593017578125000000e-02
-1.782226562500000000e-02
-1.846313476562500000e-02
-2.017211914062500000e-02
-2.069091796875000000e-02
-2.197265625000000000e-02
-2.221679687500000000e-02
-2.096557617187500000e-02
-2.120971679687500000e-02
-2.062988281250000000e-02
-1.922607421875000000e-02
-1.742553710937500000e-02
-1.553344726562500000e-02
-1.373291015625000000e-02
-1.092529296875000000e-02
-8.850097656250000000e-03
-6.469726562500000000e-03
-2.746582031250000000e-03
-3.662109375000000000e-04
2.655029296875000000e-03
5.706787109375000000e-03
8.453369140625000000e-03
1.116943359375000000e-02
1.223754882812500000e-02
1.483154296875000000e-02
1.663208007812500000e-02
1.715087890625000000e-02
1.864624023437500000e-02
1.916503906250000000e-02
1.995849609375000000e-02
2.020263671875000000e-02
1.934814453125000000e-02
1.910400390625000000e-02
1.837158203125000000e-02
1.705932617187500000e-02
1.620483398437500000e-02
1.473999023437500000e-02
1.312255859375000000e-02
1.245117187500000000e-02
1.074218750000000000e-02
9.094238281250000000e-03
8.239746093750000000e-03
6.622314453125000000e-03
6.103515625000000000e-03
5.889892578125000000e-03
5.096435546875000000e-03
4.150390625000000000e-03
3.326416015625000000e-03
3.295898437500000000e-03
3.082275390625000000e-03
2.471923828125000000e-03
1.678466796875000000e-03
1.800537109375000000e-03
9.765625000000000000e-04
-6.713867187500000000e-04
-8.544921875000000000e-04
-1.312255859375000000e-03
-1.770019531250000000e-03
-3.051757812500000000e-03
-4.455566406250000000e-03
-4.821777343750000000e-03
-5.889892578125000000e-03
-7.629394531250000000e-03
-9.582519531250000000e-03
-1.077270507812500000e-02
-1.239013671875000000e-02
-1.495361328125000000e-02
-1.647949218750000000e-02
-1.718139648437500000e-02
-1.895141601562500000e-02
-2.038574218750000000e-02
-2.120971679687500000e-02
-2.224731445312500000e-02
-2.206420898437500000e-02
-2.212524414062500000e-02
-2.178955078125000000e-02
-2.093505859375000000e-02
-1.980590820312500000e-02
-1.727294921875000000e-02
-1.577758789062500000e-02
-1.361083984375000000e-02
-1.049804687500000000e-02
-8.697509765625000000e-03
-5.584716796875000000e-03
-2.227783203125000000e-03
9.155273437500000000e-05
2.716064453125000000e-03
6.134033203125000000e-03
8.789062500000000000e-03
1.022338867187500000e-02
1.248168945312500000e-02
1.455688476562500000e-02
1.663208007812500000e-02
1.815795898437500000e-02
1.879882812500000000e-02
1.965332031250000000e-02
1.953125000000000000e-02
1.950073242187500000e-02
1.916503906250000000e-02
1.861572265625000000e-02
1.779174804687500000e-02
1.629638671875000000e-02
1.593017578125000000e-02
1.434326171875000000e-02
1.257324218750000000e-02
1.202392578125000000e-02
1.010131835937500000e-02
8.911132812500000000e-03
7.904052734375000000e-03
6.835937500000000000e-03
6.256103515625000000e-03
4.394531250000000000e-03
3.814697265625000000e-03
3.692626953125000000e-03
3.234863281250000000e-03
2.990722656250000000e-03
2.014160156250000000e-03
1.861572265625000000e-03
1.586914062500000000e-03
1.037597656250000000e-03
7.629394531250000000e-04
-1.525878906250000000e-04
-1.007080078125000000e-03
-1.708984375000000000e-03
-2.441406250000000000e-03
-2.685546875000000000e-03
-3.631591796875000000e-03
-4.760742187500000000e-03
-6.286621093750000000e-03
-7.720947265625000000e-03
-8.728027343750000000e-03
-1.135253906250000000e-02
-1.336669921875000000e-02
-1.470947265625000000e-02
-1.647949218750000000e-02
-1.800537109375000000e-02
-1.931762695312500000e-02
-2.066040039062500000e-02
-2.160644531250000000e-02
-2.139282226562500000e-02
-2.166748046875000000e-02
-2.200317382812500000e-02
-2.142333984375000000e-02
-2.029418945312500000e-02
-1.928710937500000000e-02
-1.745605468750000000e-02
-1.480102539062500000e-02
-1.260375976562500000e-02
-9.460449218750000000e-03
-7.354736328125000000e-03
-4.638671875000000000e-03
-8.239746093750000000e-04
1.373291015625000000e-03
4.089355468750000000e-03
6.408691406250000000e-03
8.789062500000000000e-03
1.162719726562500000e-02
1.336669921875000000e-02
1.535034179687500000e-02
1.696777343750000000e-02
1.824951171875000000e-02
1.907348632812500000e-02
1.901245117187500000e-02
1.882934570312500000e-02
1.898193359375000000e-02
1.834106445312500000e-02
1.736450195312500000e-02
1.666259765625000000e-02
1.538085937500000000e-02
1.434326171875000000e-02
1.263427734375000000e-02
1.159667968750000000e-02
1.071166992187500000e-02
8.789062500000000000e-03
8.605957031250000000e-03
7.843017578125000000e-03
6.469726562500000000e-03
5.889892578125000000e-03
5.493164062500000000e-03
4.882812500000000000e-03
4.150390625000000000e-03
3.631591796875000000e-03
2.685546875000000000e-03
2.166748046875000000e-03
1.892089843750000000e-03
1.434326171875000000e-03
7.019042968750000000e-04
6.103515625000000000e-05
-3.051757812500000000e-05
-4.577636718750000000e-04
-8.239746093750000000e-04
-1.708984375000000000e-03
-3.387451171875000000e-03
-4.455566406250000000e-03
-5.706787109375000000e-03
-7.293701171875000000e-03
-8.728027343750000000e-03
-1.040649414062500000e-02
-1.220703125000000000e-02
-1.403808593750000000e-02
-1.538085937500000000e-02
-1.751708984375000000e-02
-1.953125000000000000e-02
-2.020263671875000000e-02
-2.130126953125000000e-02
-2.255249023437500000e-02
-2.261352539062500000e-02
-2.188110351562500000e-02
-2.166748046875000000e-02
-2.105712890625000000e-02
-1.986694335937500000e-02
-1.843261718750000000e-02
-1.632690429687500000e-02
-1.391601562500000000e-02
-1.165771484375000000e-02
-9.338378906250000000e-03
-6.103515625000000000e-03
-3.143310546875000000e-03
-8.544921875000000000e-04
1.953125000000000000e-03
4.974365234375000000e-03
7.720947265625000000e-03
1.043701171875000000e-02
1.239013671875000000e-02
1.437377929687500000e-02
1.593017578125000000e-02
1.745605468750000000e-02
1.892089843750000000e-02
1.907348632812500000e-02
1.995849609375000000e-02
2.008056640625000000e-02
1.959228515625000000e-02
1.922607421875000000e-02
1.882934570312500000e-02
1.763916015625000000e-02
1.583862304687500000e-02
1.498413085937500000e-02
1.358032226562500000e-02
1.266479492187500000e-02
1.141357421875000000e-02
1.037597656250000000e-02
9.460449218750000000e-03
8.392333984375000000e-03
8.209228515625000000e-03
7.110595703125000000e-03
6.164550781250000000e-03
4.943847656250000000e-03
4.394531250000000000e-03
4.150390625000000000e-03
3.326416015625000000e-03
2.807617187500000000e-03
2.441406250000000000e-03
1.800537109375000000e-03
9.765625000000000000e-04
9.765625000000000000e-04
9.155273437500000000e-05
-1.068115234375000000e-03
-1.220703125000000000e-03
-1.495361328125000000e-03
-3.021240234375000000e-03
-4.760742187500000000e-03
-5.645751953125000000e-03
-6.958007812500000000e-03
-8.636474609375000000e-03
-1.025390625000000000e-02
-1.235961914062500000e-02
-1.455688476562500000e-02
-1.593017578125000000e-02
-1.776123046875000000e-02
-1.916503906250000000e-02
-1.989746093750000000e-02
-2.111816406250000000e-02
-2.157592773437500000e-02
-2.209472656250000000e-02
-2.182006835937500000e-02
-2.136230468750000000e-02
-2.096557617187500000e-02
-1.925659179687500000e-02
-1.788330078125000000e-02
-1.559448242187500000e-02
-1.324462890625000000e-02
-1.101684570312500000e-02
-7.965087890625000000e-03
-5.523681640625000000e-03
-2.929687500000000000e-03
9.155273437500000000e-05
2.777099609375000000e-03
4.974365234375000000e-03
7.995605468750000000e-03
1.028442382812500000e-02
1.226806640625000000e-02
1.470947265625000000e-02
1.626586914062500000e-02
1.779174804687500000e-02
1.843261718750000000e-02
1.943969726562500000e-02
1.983642578125000000e-02
1.907348632812500000e-02
1.885986328125000000e-02
1.837158203125000000e-02
1.742553710937500000e-02
1.641845703125000000e-02
1.535034179687500000e-02
1.385498046875000000e-02
1.284790039062500000e-02
1.147460937500000000e-02
1.025390625000000000e-02
9.887695312500000000e-03
9.002685546875000000e-03
7.781982421875000000e-03
6.988525390625000000e-03
6.134033203125000000e-03
4.974365234375000000e-03
4.760742187500000000e-03
4.241943359375000000e-03
3.662109375000000000e-03
3.692626953125000000e-03
3.051757812500000000e-03
2.014160156250000000e-03
1.739501953125000000e-03
1.098632812500000000e-03
3.356933593750000000e-04
4.577636718750000000e-04
-3.662109375000000000e-04
-8.239746093750000000e-04
-1.770019531250000000e-03
-3.082275390625000000e-03
-3.906250000000000000e-03
-5.554199218750000000e-03
-7.080078125000000000e-03
-9.033203125000000000e-03
-1.058959960937500000e-02
-1.229858398437500000e-02
-1.446533203125000000e-02
-1.608276367187500000e-02
-1.800537109375000000e-02
-1.889038085937500000e-02
-1.968383789062500000e-02
-2.062988281250000000e-02
-2.111816406250000000e-02
-2.163696289062500000e-02
-2.093505859375000000e-02
-2.044677734375000000e-02
-2.008056640625000000e-02
-1.864624023437500000e-02
-1.669311523437500000e-02
-1.470947265625000000e-02
-1.284790039062500000e-02
-1.000976562500000000e-02
-7.690429687500000000e-03
-5.401611328125000000e-03
-2.227783203125000000e-03
9.460449218750000000e-04
4.089355468750000000e-03
7.080078125000000000e-03
9.582519531250000000e-03
1.119995117187500000e-02
1.306152343750000000e-02
1.504516601562500000e-02
1.663208007812500000e-02
1.812744140625000000e-02
1.910400390625000000e-02
1.916503906250000000e-02
1.934814453125000000e-02
1.904296875000000000e-02
1.824951171875000000e-02
1.800537109375000000e-02
1.724243164062500000e-02
1.599121093750000000e-02
1.528930664062500000e-02
1.428222656250000000e-02
1.266479492187500000e-02
1.165771484375000000e-02
1.049804687500000000e-02
1.028442382812500000e-02
9.399414062500000000e-03
7.415771484375000000e-03
7.293701171875000000e-03
6.530761718750000000e-03
4.852294921875000000e-03
4.608154296875000000e-03
4.547119140625000000e-03
3.540039062500000000e-03
3.723144531250000000e-03
3.082275390625000000e-03
2.838134765625000000e-03
2.197265625000000000e-03
7.629394531250000000e-04
8.544921875000000000e-04
-3.662109375000000000e-04
-2.441406250000000000e-04
-1.190185546875000000e-03
-2.227783203125000000e-03
-3.112792968750000000e-03
-5.004882812500000000e-03
-5.706787109375000000e-03
-8.392333984375000000e-03
-1.022338867187500000e-02
-1.205444335937500000e-02
-1.422119140625000000e-02
-1.547241210937500000e-02
-1.675415039062500000e-02
-1.846313476562500000e-02
-1.980590820312500000e-02
-2.069091796875000000e-02
-2.169799804687500000e-02
-2.172851562500000000e-02
-2.230834960937500000e-02
-2.182006835937500000e-02
-2.105712890625000000e-02
-2.026367187500000000e-02
-1.840209960937500000e-02
-1.666259765625000000e-02
-1.467895507812500000e-02
-1.199340820312500000e-02
-9.674072265625000000e-03
-7.202148437500000000e-03
-3.692626953125000000e-03
-1.495361328125000000e-03
1.312255859375000000e-03
4.211425781250000000e-03
6.317138671875000000e-03
8.697509765625000000e-03
1.123046875000000000e-02
1.382446289062500000e-02
1.538085937500000000e-02
1.669311523437500000e-02
1.773071289062500000e-02
1.824951171875000000e-02
1.837158203125000000e-02
1.846313476562500000e-02
1.788330078125000000e-02
1.803588867187500000e-02
1.779174804687500000e-02
1.647949218750000000e-02
1.580810546875000000e-02
1.443481445312500000e-02
1.333618164062500000e-02
1.202392578125000000e-02
1.174926757812500000e-02
1.113891601562500000e-02
9.399414062500000000e-03
9.277343750000000000e-03
8.087158203125000000e-03
7.080078125000000000e-03
6.500244140625000000e-03
5.462646484375000000e-03
5.401611328125000000e-03
4.516601562500000000e-03
3.845214843750000000e-03
3.540039062500000000e-03
2.990722656250000000e-03
2.899169921875000000e-03
2.410888671875000000e-03
2.044677734375000000e-03
1.556396484375000000e-03
9.765625000000000000e-04
-7.324218750000000000e-04
-1.647949218750000000e-03
-2.105712890625000000e-03
-3.723144531250000000e-03
-4.852294921875000000e-03
-6.988525390625000000e-03
-7.873535156250000000e-03
-9.490966796875000000e-03
-1.208496093750000000e-02
-1.333618164062500000e-02
-1.535034179687500000e-02
-1.724243164062500000e-02
-1.907348632812500000e-02
-1.968383789062500000e-02
-2.050781250000000000e-02
-2.178955078125000000e-02
-2.227783203125000000e-02
-2.169799804687500000e-02
-2.084350585937500000e-02
-2.084350585937500000e-02
-1.925659179687500000e-02
-1.779174804687500000e-02
-1.605224609375000000e-02
-1.382446289062500000e-02
-1.211547851562500000e-02
-9.033203125000000000e-03
-6.042480468750000000e-03
-3.417968750000000000e-03
-6.408691406250000000e-04
1.647949218750000000e-03
4.302978515625000000e-03
7.476806640625000000e-03
9.613037109375000000e-03
1.110839843750000000e-02
1.324462890625000000e-02
1.483154296875000000e-02
1.657104492187500000e-02
1.760864257812500000e-02
1.760864257812500000e-02
1.834106445312500000e-02
1.818847656250000000e-02
1.782226562500000000e-02
1.779174804687500000e-02
1.718139648437500000e-02
1.635742187500000000e-02
1.501464843750000000e-02
1.425170898437500000e-02
1.388549804687500000e-02
1.254272460937500000e-02
1.135253906250000000e-02
1.049804687500000000e-02
9.735107421875000000e-03
9.063720703125000000e-03
7.781982421875000000e-03
6.347656250000000000e-03
5.920410156250000000e-03
6.439208984375000000e-03
4.882812500000000000e-03
4.150390625000000000e-03
4.730224609375000000e-03
3.906250000000000000e-03
3.692626953125000000e-03
2.777099609375000000e-03
2.105712890625000000e-03
1.647949218750000000e-03
1.068115234375000000e-03
4.272460937500000000e-04
-1.129150390625000000e-03
-1.495361328125000000e-03
-2.624511718750000000e-03
-4.272460937500000000e-03
-5.432128906250000000e-03
-7.019042968750000000e-03
-8.941650390625000000e-03
-1.089477539062500000e-02
-1.232910156250000000e-02
-1.428222656250000000e-02
-1.629638671875000000e-02
-1.751708984375000000e-02
-1.916503906250000000e-02
-2.062988281250000000e-02
-2.090454101562500000e-02
-2.157592773437500000e-02
-2.133178710937500000e-02
