-6.061393601002576514e-02
-6.232920138418415745e-02
-6.348841952036636538e-02
-6.515754733498459184e-02
-6.499351396753656751e-02
-6.423987605682503210e-02
-6.323136398786098622e-02
-6.102929954961135856e-02
-5.884133336303986467e-02
-5.599354031136589277e-02
-5.065621355312087404e-02
-4.495131626871547159e-02
-4.047374380812435862e-02
-3.388229419277773852e-02
-2.678920320386863133e-02
-1.915615335914423040e-02
-1.057745312328328864e-02
-3.321906154506607065e-03
5.306420345607134985e-03
1.508714482565596399e-02
2.189591459799077391e-02
2.890353456257816617e-02
3.862869861865581012e-02
4.641993395492020891e-02
5.244822744277340826e-02
5.894898567651097460e-02
6.570209006491482817e-02
7.088911117258535344e-02
7.568944932981967744e-02
7.983845901698598257e-02
8.338484165541755477e-02
8.653925823426347752e-02
8.718680963987172905e-02
8.867416025099597587e-02
8.959369615591415703e-02
8.879250428649004823e-02
8.696036506332033289e-02
8.531028393293195455e-02
8.357772295031382082e-02
8.024613694756009552e-02
7.719670124577147907e-02
7.259244174021503571e-02
6.679801248955689885e-02
6.108070228919749295e-02
5.524018926630953202e-02
4.873044556356048718e-02
4.174368611083513481e-02
3.479335560813271583e-02
2.797042632634965179e-02
2.164073415088769992e-02
1.466496673266807875e-02
7.816998710873556550e-03
1.952014142632185539e-03
-4.265333710338552360e-03
-9.196364573066929254e-03
-1.309154297816464765e-02
-1.782729751659446055e-02
-2.203671035327792183e-02
-2.577147856391610523e-02
-2.909923072671580929e-02
-3.244941219792926712e-02
-3.431335167424836435e-02
-3.699880267056625260e-02
-4.026259873318214361e-02
-4.249483486435127327e-02
-4.400854125754444929e-02
-4.528483942742762836e-02
-4.835802820310126926e-02
-4.890654222944528645e-02
-5.204629877803836763e-02
-5.505201137288451979e-02
-5.520099624617166162e-02
-5.659487048828455019e-02
-5.774017564019091192e-02
-5.930396997205068105e-02
-5.959478002998128826e-02
-6.055029964552011146e-02
-6.008506929287711629e-02
-6.061807763292231116e-02
-6.132047416597874445e-02
-6.170170069259887230e-02
-6.180029283246080141e-02
-6.073189755797961387e-02
-6.154127107494394150e-02
-5.976170595945230757e-02
-5.964890201692373689e-02
-5.904866551531542246e-02
-5.750970299173147754e-02
-5.609853314115884060e-02
-5.246562464948602983e-02
-4.971780726682340640e-02
-4.658762784765559800e-02
-4.380344426683210196e-02
-3.898035706550586482e-02
-3.285527928905510736e-02
-2.671188693343196432e-02
-2.028367881679774345e-02
-1.370687429078443209e-02
-6.989406983667877278e-03
-1.335456740802632835e-03
6.882539068472632963e-03
1.532950446970158392e-02
2.210306447104793889e-02
2.904852124579634237e-02
3.555396196371780893e-02
4.210266560825989823e-02
4.725592322595346256e-02
5.277237368038213000e-02
5.728161491403066519e-02
6.133829569480630378e-02
6.591725125902946070e-02
6.850792901451989436e-02
7.187775181856091711e-02
7.274675753359412245e-02
7.398009458343138278e-02
7.476661446986701542e-02
7.412849377267254070e-02
7.478881667630375707e-02
7.360725290085722017e-02
7.192957290389417890e-02
6.820877594711803604e-02
6.595399994473055694e-02
6.276656393370075304e-02
5.799897029573076318e-02
5.394823002456430872e-02
4.930450557413435658e-02
4.492573741446263813e-02
3.881771021539116157e-02
3.420354786836347222e-02
2.969186230027815593e-02
2.377116883267766864e-02
1.952865289466092225e-02
1.561604889510346227e-02
1.030151600370898118e-02
6.711898079357941221e-03
3.416486283948996523e-03
5.630784814021887880e-04
-1.400279507700526085e-03
-3.212451219092974947e-03
-4.365749762953346699e-03
-6.259002576364354302e-03
-6.300791207749350739e-03
-7.206872067575603551e-03
-7.619051697207180826e-03
-8.855734018929499116e-03
-9.871341530583178578e-03
-1.042810593269730135e-02
-1.284085377147536032e-02
-1.346455648131352281e-02
-1.459248833197853042e-02
-1.601649392652815945e-02
-1.812093887877793547e-02
-1.889934285771932218e-02
-2.108790966925632934e-02
-2.309496970794303397e-02
-2.527490216207775586e-02
-2.858749526791196441e-02
-2.996923748335820689e-02
-3.403780525972003451e-02
-3.541999271456857529e-02
-3.703971987281906575e-02
-4.077932744729632214e-02
-4.434233036462441324e-02
-4.850850418015851401e-02
-5.075751298760348279e-02
-5.329451698373768170e-02
-5.561056868534346859e-02
-5.812062523899495098e-02
-6.079494226207147328e-02
-6.269300679862040149e-02
-6.516917734675468921e-02
-6.585624449636287570e-02
-6.529362325378899878e-02
-6.470963649627260728e-02
-6.329305803282642140e-02
-6.238944914813809167e-02
-5.923881561011973967e-02
-5.619156128258399191e-02
-5.201393674631427794e-02
-4.584806428315093413e-02
-4.087210159308929391e-02
-3.446425197342056074e-02
-2.749082579729288794e-02
-1.975612540647668156e-02
-1.221729598855673775e-02
-4.254933709769602272e-03
3.512464883460349446e-03
1.198925123952259038e-02
2.047312668838367072e-02
2.760624738892489966e-02
3.508672952785642229e-02
4.318611535326979251e-02
5.155600353877472231e-02
5.731820821416854644e-02
6.388297334721636245e-02
6.905418696201334749e-02
7.348091248522521657e-02
7.848455472282706014e-02
8.159487765992592956e-02
8.429690112419781223e-02
8.669368160226326170e-02
8.834040401393900011e-02
8.947616490644307030e-02
9.052210099067141413e-02
8.831802849283558465e-02
8.713296256584882049e-02
8.564476331049468427e-02
8.238059671307419729e-02
7.862798755041305876e-02
7.396462176715554171e-02
6.921906299732344392e-02
6.334360615181484910e-02
5.818783547145461865e-02
5.053452872801760670e-02
4.357675764738416085e-02
3.789101462182931090e-02
3.118368024634492544e-02
2.401127389196467191e-02
1.738712159192844220e-02
1.063639430382343209e-02
3.792533167287523519e-03
-5.433646851148615006e-04
-7.018361738690823658e-03
-1.193375618207439572e-02
-1.556353455110353820e-02
-2.009610304243020229e-02
-2.351165103663207384e-02
-2.691410032667304608e-02
-2.972454406768040500e-02
-3.219514464101010109e-02
-3.468848529388000174e-02
-3.727468077350837988e-02
-3.918350874849407806e-02
-4.294132930389084335e-02
-4.545994401625495784e-02
-4.633331247979390055e-02
-4.946527883293871941e-02
-5.153656839063681938e-02
-5.304428048691046255e-02
-5.522811700332104501e-02
-5.626277568148044250e-02
-5.838745213287961644e-02
-6.008033003319896564e-02
-5.952774908855609781e-02
-6.044894642372715399e-02
-6.115378131485255803e-02
-6.120086314050765530e-02
-6.146191088671416891e-02
-6.234747711696574102e-02
-6.287639164505691436e-02
-6.234225974786230390e-02
-6.257748360873552351e-02
-6.105214720377224319e-02
-5.955644163044111067e-02
-5.936799480046437566e-02
-5.774495075807595940e-02
-5.639222978474461856e-02
-5.456501508865535532e-02
-5.130242027597049781e-02
-4.813432080300963922e-02
-4.379269576931488217e-02
-4.007146253768817390e-02
-3.447939907765042167e-02
-2.755951219260312918e-02
-2.255781675681738790e-02
-1.520253354726498925e-02
-8.236694370079835834e-03
-1.354395290127317778e-03
6.298153388404527202e-03
1.206463415497075614e-02
1.934035696797154619e-02
2.750685441577562299e-02
3.280492839020460877e-02
3.895097425313809314e-02
4.579733388494411361e-02
5.056423127606353429e-02
5.523362123807965679e-02
5.879458023761464924e-02
6.346961189084915356e-02
6.730817317544120215e-02
6.913434798353046418e-02
7.168176281240028203e-02
7.389188339446599307e-02
7.484231114462551460e-02
7.501613380255629793e-02
7.485801703924618855e-02
7.355148143639753111e-02
7.182396450821616762e-02
6.903972415189842116e-02
6.750303264808459047e-02
6.381843455117047759e-02
5.933432394418856892e-02
5.650344998980192518e-02
5.002661515643214152e-02
4.460566108333666874e-02
4.014764031005587513e-02
3.522578167783323166e-02
2.971430654961145640e-02
2.439558273028594529e-02
2.068339771953278672e-02
1.620605833728650316e-02
1.165655356661503446e-02
8.119974412539776934e-03
5.558900221503315989e-03
2.544631148797980337e-03
8.432310413536444173e-04
-2.312360127220017356e-04
-2.802243790840704823e-03
-5.425394140859834263e-03
-6.401836646599776484e-03
-6.593698970783402717e-03
-8.267715454275192249e-03
-9.955624751801443739e-03
-1.057715355784650743e-02
-1.218374615372920175e-02
-1.439362768108227129e-02
-1.494000216774813393e-02
-1.552197190112658901e-02
-1.642690305719422122e-02
-1.808560210997339074e-02
-1.973162827479855649e-02
-2.096346973858984747e-02
-2.303602030989714347e-02
-2.533446862010065720e-02
-2.822545288198146166e-02
-3.072754293733410275e-02
-3.376652298362848442e-02
-3.598290082279763380e-02
-3.883570207070148605e-02
-4.260069426747755544e-02
-4.482655361418692169e-02
-4.818169845887164404e-02
-5.169683066999290755e-02
-5.527281425821752719e-02
-5.802800946694910977e-02
-5.965571507623407266e-02
-6.227353151797734160e-02
-6.439599073691675002e-02
-6.593519231521333124e-02
-6.758924175383158872e-02
-6.746848326573981480e-02
-6.736520565351007683e-02
-6.637885395640809316e-02
-6.328561745489540147e-02
-6.156790176993240382e-02
-5.781282436736321501e-02
-5.295563899946231778e-02
-4.825144565946924008e-02
-4.202211911101863540e-02
-3.595234066597009087e-02
-2.940892610694523582e-02
-2.189906264973789582e-02
-1.405209469540461345e-02
-6.061190030973840834e-03
3.420185282104163445e-03
1.120588089892604264e-02
1.818997787978933120e-02
2.657704812276549464e-02
3.519128608279879777e-02
4.336742640007412719e-02
4.952873889459379758e-02
5.613037522888293662e-02
6.245522505232190685e-02
6.870237611778397258e-02
7.399947594425894393e-02
7.823652350572397884e-02
8.263718608888991068e-02
8.492963113762216909e-02
8.783016563527307197e-02
8.997492865890210911e-02
9.049422123480939384e-02
9.043482211508534208e-02
8.945038285568449044e-02
8.900672719085755968e-02
8.674868211527467232e-02
8.313560918838343305e-02
7.922163809468804607e-02
7.432955671510903251e-02
7.007900256237965808e-02
6.515646561240988344e-02
5.890187994538460120e-02
5.221024847633697757e-02
4.512269160402556517e-02
3.882016949074748591e-02
3.189362792013698128e-02
2.451601700042370033e-02
1.822891839838697292e-02
1.196724251799388683e-02
5.789576813514470469e-03
1.506535755656906984e-04
-4.109608988246827091e-03
-8.553941638090863803e-03
-1.324197263837132224e-02
-1.634771917181502762e-02
-2.015352099622322313e-02
-2.423505898483790597e-02
-2.720517932115537607e-02
-3.002114821420870383e-02
-3.311876838151449343e-02
-3.621634372606166025e-02
-3.974791094867715507e-02
-4.279571510205197604e-02
-4.447647292844031375e-02
-4.770129112015970146e-02
-5.014319616342047953e-02
-5.057064989509801184e-02
-5.266427313932481313e-02
-5.408786785858708812e-02
-5.425790149932246953e-02
-5.604447689426236834e-02
-5.746773096055912688e-02
-5.864175255982177065e-02
-5.964577637655592290e-02
-5.977061672386608376e-02
-6.161686615144957441e-02
-6.226821255062103128e-02
-6.295974404698782834e-02
-6.365496296229715412e-02
-6.310980466648186127e-02
-6.408664796238847106e-02
-6.353604519549273244e-02
-6.308514019650487969e-02
-6.217401901747174331e-02
-6.075469142483015672e-02
-5.964877651319959451e-02
-5.785647575789189256e-02
-5.484540236111470901e-02
-5.033198364636273098e-02
-4.731304833772349144e-02
-4.173539688867422548e-02
-3.590679775502762794e-02
-3.011583180951890940e-02
-2.306637577612698220e-02
-1.709128092638864671e-02
-9.308223502434580937e-03
-3.082119523567304446e-03
3.915859625925273250e-03
1.142183620291423000e-02
1.787399087834152037e-02
2.557685515780145150e-02
3.172508837135562532e-02
3.781323817107080237e-02
4.369104372913112239e-02
4.881016134567531251e-02
5.380397245821968988e-02
5.826651435375335836e-02
6.249163906142529701e-02
6.702160633866001416e-02
6.968638507870207610e-02
7.066707715548223301e-02
7.479703418205087273e-02
7.678372825331232499e-02
7.562500615565885542e-02
7.521483010333761265e-02
7.411380386058061265e-02
7.350480600375391971e-02
7.145441580430866857e-02
6.800421085314133085e-02
6.417252239153777016e-02
5.977685007549825985e-02
5.522660498226357462e-02
5.064493614705192770e-02
4.542593250701362773e-02
3.883111819658655040e-02
3.475491859852358062e-02
3.043410028938051126e-02
2.509825268216997127e-02
2.133360711472723215e-02
1.632875765082655167e-02
1.242740789891275122e-02
9.397732310262035468e-03
7.162550576805554008e-03
5.256516180250887273e-03
1.626810087920020241e-03
-2.794180445034502417e-05
-1.267615534634629251e-03
-2.636077046843822783e-03
-4.468769270798022934e-03
-6.006623925198058787e-03
-6.389369943335426912e-03
-9.031810514572918488e-03
-9.281008617492092494e-03
-9.663205556836357638e-03
-1.202240738112024358e-02
-1.375656031871539189e-02
-1.503798621218477120e-02
-1.558235712154029326e-02
-1.712990170930812905e-02
-1.836940637073159605e-02
-2.051525858739510280e-02
-2.113625250852062612e-02
-2.365791367437898585e-02
-2.721011281278755412e-02
-2.857960048602691677e-02
-3.198007608059662971e-02
-3.434650557470808607e-02
-3.722421333548546485e-02
-4.042802459433132711e-02
-4.411073415901556327e-02
-4.735284795919469936e-02
-5.081584233748845381e-02
-5.451952297683932552e-02
-5.671331612203150269e-02
-5.948638664690098637e-02
-6.181196467880561290e-02
-6.466731185939911253e-02
-6.606663057259244687e-02
-6.746609869498119971e-02
-6.698488155843018710e-02
-6.653788510399405443e-02
-6.640406227585632370e-02
-6.379122414850384171e-02
-6.263801226197680816e-02
-5.812992446731677504e-02
-5.379429671872545254e-02
-4.963407536553617050e-02
-4.313623658747676309e-02
-3.649042593047505112e-02
-2.863418862965902076e-02
-2.213885394971455353e-02
-1.490373308556428023e-02
-6.973668219024222945e-03
1.536550592266417575e-03
1.070582625101873173e-02
1.757983554852585867e-02
2.596527424308823356e-02
3.476149559130518180e-02
4.122064336412326058e-02
4.913227561822656325e-02
5.563436658198711582e-02
6.082728636469211803e-02
6.703198728955654662e-02
7.264867936136437665e-02
7.757510095041460219e-02
8.159960496686845255e-02
8.508393497826562124e-02
8.777588826276741529e-02
9.025498723113158095e-02
9.178053280896841803e-02
9.195345303535897019e-02
9.077775805310782375e-02
8.952259530800621423e-02
8.838866318405386169e-02
8.556588123169020510e-02
8.156321486323632464e-02
7.711973758103596310e-02
7.229464530830742586e-02
6.642720874840801759e-02
5.994201297646353094e-02
5.289160221831298858e-02
4.666723605514973283e-02
3.999723604941241711e-02
3.268637219365305713e-02
2.662767393453553677e-02
2.037692658974013526e-02
1.407555343317469336e-02
9.359588889721862440e-03
4.380471424499302394e-03
-1.870731431580580995e-03
-5.853687925738514271e-03
-1.012280318281269346e-02
-1.409017760522064851e-02
-1.858618865461633338e-02
-2.382384304451667240e-02
-2.611389455793858977e-02
-2.944799362335897425e-02
-3.267048401981400424e-02
-3.587742689539549085e-02
-3.861513226371330459e-02
-4.074274311171017376e-02
-4.459995066388840190e-02
-4.677677391266681084e-02
-4.854577579804351950e-02
-5.135231099449916181e-02
-5.268296721785352410e-02
-5.411868201104681059e-02
-5.650015103476745126e-02
-5.786751410924819566e-02
-5.842219873536232122e-02
-5.911702918676359914e-02
-5.994261658961295980e-02
-6.084269941728979308e-02
-6.217994757434529979e-02
-6.230019807117270769e-02
-6.338524948275732485e-02
-6.500578942703079399e-02
-6.513100030914555083e-02
-6.598952347502934357e-02
-6.638894206528163366e-02
-6.641412050289079161e-02
-6.571048686169642106e-02
-6.400492710887134562e-02
-6.162123487632312907e-02
-5.960710927678586346e-02
-5.666515257380169007e-02
-5.260907540617547340e-02
-4.831910710769902334e-02
-4.286261755156912240e-02
-3.776462041888696552e-02
-3.156036174524091964e-02
-2.485859286228526630e-02
-1.811842432201931849e-02
-1.190403271674110586e-02
-4.803543731521668289e-03
2.741437610018955268e-03
8.887026280814511528e-03
1.539079062756356329e-02
2.231579627164533008e-02
3.005850947761094794e-02
3.646581225962450962e-02
4.191334921676592024e-02
4.656638186006942237e-02
5.227918587909549664e-02
5.747845854078900002e-02
6.132605609351896719e-02
6.610690531530503955e-02
6.959154012146083479e-02
7.265353814839885238e-02
7.452251570278690951e-02
7.564955109827950497e-02
7.535894423685464416e-02
7.528781350710762876e-02
7.490114250940704821e-02
7.287309794922611217e-02
7.064383506104549015e-02
6.696664766022331072e-02
6.387684159383705262e-02
6.060902941204875799e-02
5.658759127228456254e-02
5.148095231174035225e-02
4.602536518715067554e-02
4.139040806830691921e-02
3.664593102104952982e-02
3.165430725912584536e-02
2.788079575002794588e-02
2.340550327375866616e-02
1.928661746856932466e-02
1.610785466133262192e-02
1.121800694922487490e-02
9.543076828503201103e-03
6.931985294644973233e-03
3.617147315649850686e-03
1.548026712565251251e-03
-3.037165378235474065e-04
-9.920433470200920936e-04
-2.958133049808866176e-03
-4.805743781923964286e-03
-6.792521522334834388e-03
-6.399168945415872542e-03
-8.532030779585147648e-03
-1.030485903445610245e-02
-1.009778984236445361e-02
-1.295743776664760351e-02
-1.319518365473920651e-02
-1.530787450048322514e-02
-1.723308369965280765e-02
-1.707843472376797608e-02
-1.894351867452385291e-02
-2.146539498962359016e-02
-2.486481127299789914e-02
-2.751537073991354096e-02
-3.009418540528905825e-02
-3.218817320795264170e-02
-3.436363384486898487e-02
-3.832897480812751806e-02
-4.113098888233029243e-02
-4.425567004310729941e-02
-4.830111525238870579e-02
-5.118459020810860183e-02
-5.421699923798919962e-02
-5.696168201573228312e-02
-6.093709017057701016e-02
-6.459379058252565087e-02
-6.687728303226941895e-02
-6.867137072155414523e-02
-6.862041023318639354e-02
-6.937073125976001009e-02
-6.929609240210495014e-02
-6.766760986500389152e-02
-6.577769709415609567e-02
-6.287753313130979571e-02
-5.956402564119972487e-02
-5.586241282511321404e-02
-5.076307100967244329e-02
-4.412202949418796150e-02
-3.861307041681675406e-02
-3.209888627278036088e-02
-2.490965196072197213e-02
-1.886305435234006400e-02
-1.013957511204255368e-02
-1.569451524282173584e-03
6.246387210950579867e-03
1.433457967296741624e-02
2.208009878362268696e-02
3.053300917673668763e-02
3.721405649838203239e-02
4.417836871359017564e-02
5.171813642125724225e-02
5.916393769775203648e-02
6.483508643310001429e-02
6.978728409654100240e-02
7.620783947418673099e-02
7.997483375418118490e-02
8.413124218470380278e-02
8.707279847104430759e-02
8.880314222120268275e-02
9.058704020336097451e-02
9.120386710202672831e-02
9.142389305954365386e-02
9.008230008308586167e-02
8.821896421991617943e-02
8.412516421863484861e-02
8.088875784972007765e-02
7.617661295234769148e-02
7.031295345690805054e-02
6.629371462050016872e-02
6.000047380644046163e-02
5.283002172433606813e-02
4.695774430650562214e-02
4.143851484104248140e-02
3.394876036744430559e-02
2.848725962690061564e-02
2.312615439520735588e-02
1.587016106645940811e-02
9.355270216928765481e-03
4.147148795637576463e-03
-4.219087362227987893e-04
-5.428344972469025323e-03
-9.028504089078671219e-03
-1.409278628977236880e-02
-1.848563477201877955e-02
-2.222025954982937562e-02
-2.549395994800846693e-02
-2.887449539135981610e-02
-3.373402648362852640e-02
-3.609130914679747199e-02
-3.978540070398744327e-02
-4.318385628623531286e-02
-4.411007078218797534e-02
-4.640193612324207406e-02
-4.871858546162947251e-02
-4.965608334001889862e-02
-5.128071410806248065e-02
-5.280279339256599425e-02
-5.415893284828813409e-02
-5.564940312341237760e-02
-5.644880805885947594e-02
-5.802785408138588785e-02
-5.880302484533877355e-02
-6.018892063641719664e-02
-6.188386038363308944e-02
-6.237146625737950006e-02
-6.448273771576719382e-02
-6.598676239309832214e-02
-6.627221762546571526e-02
-6.836811188946263773e-02
-6.892209130417445428e-02
-6.784406810114156083e-02
-6.731882903925727468e-02
-6.603348563668445803e-02
-6.391848492477952837e-02
-6.121249315227775961e-02
-5.858311841517818003e-02
-5.308826655403683231e-02
-4.844921562323906139e-02
-4.471143980549743824e-02
-3.866913173511551949e-02
-3.280414847420461133e-02
-2.600715065237552831e-02
-2.020006046649901535e-02
-1.329648458331377132e-02
-5.967676683186622609e-03
5.575627608116796603e-04
6.777161510001523080e-03
1.371363206869246655e-02
2.182251135438168649e-02
2.720061935251170612e-02
3.333860608344520193e-02
3.941278014702247201e-02
4.558464391892144002e-02
5.275828738143961694e-02
5.725530694290426742e-02
6.150822773728881893e-02
6.655360892771818027e-02
7.056222775851687945e-02
7.343247402407586388e-02
7.558423537441752438e-02
7.710359541156472374e-02
7.752500105901237448e-02
7.684218310692142451e-02
7.597412763437097483e-02
7.420552915382186421e-02
7.164555797617044863e-02
6.887693984532394786e-02
6.532877624928319638e-02
6.025374032175043193e-02
5.567715737555026939e-02
5.129713119045326702e-02
4.653063720416142357e-02
4.289076325579896376e-02
3.786843590422014905e-02
3.322192945457180802e-02
2.851094098437184643e-02
2.456706115794086639e-02
2.130059814118705208e-02
1.634151121974607157e-02
1.384860982991065886e-02
1.110687489559285430e-02
7.317338503242108196e-03
4.968640145394988446e-03
2.841643742714210046e-03
1.256033240426312906e-03
-4.111240069756882183e-04
-2.132769387229620835e-03
-3.603908540368260839e-03
-5.649182968962953265e-03
-6.601964287473045465e-03
-7.316452506713373716e-03
-8.986759906929306374e-03
-9.562930322388229695e-03
-1.120802043860419893e-02
-1.403492459066900573e-02
-1.457167264287511331e-02
-1.572936979344812317e-02
-1.897861340043184922e-02
-1.968802320112045950e-02
-2.190516153309420705e-02
-2.519442439306638151e-02
-2.581438888483558389e-02
-2.857197762887750403e-02
-3.180129004919458879e-02
-3.483083042252346773e-02
-3.786463194610521082e-02
-4.100837473203162303e-02
-4.473827070880773832e-02
-4.721299796411444760e-02
-5.062700704360367787e-02
-5.452215855504621844e-02
-5.817689274198337146e-02
-6.307957619806811578e-02
-6.477947633057136445e-02
-6.537488392698427575e-02
-6.855819624422097858e-02
-6.915892280799020020e-02
-7.043007233699982717e-02
-7.022132378555186183e-02
-6.780354235098069726e-02
-6.698622624118880098e-02
-6.405427397792874677e-02
-6.113318675135833574e-02
-5.726902868340999486e-02
-5.194706119045230941e-02
-4.574516019390970772e-02
-3.932089349185019511e-02
-3.339037935783593231e-02
-2.626882591720272955e-02
-1.842944047953610359e-02
-1.066319308415672462e-02
-3.248385998202117219e-03
4.658820382010387014e-03
1.204421215909722183e-02
2.016719492578641915e-02
2.841408796754440330e-02
3.622190174813061381e-02
4.331342991685581401e-02
5.000506736227125493e-02
5.729911969536397032e-02
6.369099448386031370e-02
7.044681811962048845e-02
7.507620227547574798e-02
7.941991007335441610e-02
8.433820977854258882e-02
8.750216464042298581e-02
9.078726645430321152e-02
9.255729926312819544e-02
9.278194495296694655e-02
9.261951922846142771e-02
9.171266517604897972e-02
8.943171865899486594e-02
8.578643310957494161e-02
8.201967190792530671e-02
7.726189744227712763e-02
7.092218439207956249e-02
6.624012453029334835e-02
6.121610885480648773e-02
5.473218604920682823e-02
4.992776304457022252e-02
4.364689928825762205e-02
3.661466266463578312e-02
3.081234162027650728e-02
2.491240407810127802e-02
1.938817239277607421e-02
1.376117855694527006e-02
8.251603166643032422e-03
3.615719337264795396e-03
-8.102244023321412492e-04
-6.003270809330248439e-03
-1.106960477179980487e-02
-1.538915758505781869e-02
-2.001270133546480950e-02
-2.385693419311432639e-02
-2.707138936304063007e-02
-3.139574269374691140e-02
-3.537846891098243157e-02
-3.816368341525419594e-02
-4.088218671377893271e-02
-4.334236748982128740e-02
-4.512593378356578866e-02
-4.729839129565455158e-02
-4.878708957772132787e-02
-5.123632164792461807e-02
-5.347814686125465511e-02
-5.363447669058775402e-02
-5.593913743513608677e-02
-5.674983770575558334e-02
-5.834075877113255315e-02
-6.034687603779627374e-02
-6.057696619871547061e-02
-6.406293971126206244e-02
-6.497033761314578715e-02
-6.586669118730539840e-02
-6.810815781856646711e-02
-6.894314007162270774e-02
-6.976095819631115968e-02
-6.883953375916308792e-02
-6.950959814233451106e-02
-6.941268536182891580e-02
-6.750517816413056926e-02
-6.587829729360422659e-02
-6.266779847917217094e-02
-5.967673396184323270e-02
-5.652428360800879070e-02
-5.119482174980973660e-02
-4.598202456774844182e-02
-4.126514937524963095e-02
-3.553705780735001707e-02
-2.921368115857770828e-02
-2.258961999815067151e-02
-1.594920002491906352e-02
-8.892503621917950685e-03
-2.452229778947541666e-03
4.087358223821572524e-03
1.130580203358106696e-02
1.857147633114509047e-02
2.590976275062854828e-02
3.190039316850479256e-02
3.741644619447368619e-02
4.367593845947596864e-02
5.143242420507375401e-02
5.656756446373286534e-02
5.969800385490067751e-02
6.490744829461714271e-02
6.863967804302545384e-02
7.163935450637735902e-02
7.434730055115498781e-02
7.509184840641824898e-02
7.554109795152104401e-02
7.640704974260022209e-02
7.479492452421179771e-02
7.288486541745597957e-02
7.266369797368620043e-02
6.946535509139205311e-02
6.532600321461652648e-02
6.088924934620926904e-02
5.648052464285942958e-02
5.309782874254256879e-02
4.816614496163028336e-02
4.413655505616494862e-02
3.958441545433256242e-02
3.426521203148981398e-02
3.133439527811481690e-02
2.666676535642053744e-02
2.141875690927883338e-02
1.816518790608821765e-02
1.529065210252922823e-02
1.221393278756823658e-02
8.552863650746037744e-03
7.573107622575065215e-03
5.257043594710656027e-03
2.453976745964780472e-03
1.967969550609173675e-03
-1.765258437985908627e-04
-7.949753263264165834e-04
-2.691890719401211947e-03
-4.532651039907124001e-03
-6.273946857611459142e-03
-8.963432649251180939e-03
-9.394937611262040023e-03
-1.080282045953583070e-02
-1.169211295512072833e-02
-1.348405587540544952e-02
-1.406931709335861036e-02
-1.541143599018422218e-02
-1.868923020031732982e-02
-1.965650084907452980e-02
-2.172714645314044804e-02
-2.381173044104542558e-02
-2.726231638566103954e-02
-3.000474607273746416e-02
-3.285258693535396401e-02
-3.581566113401626894e-02
-3.847495954477098135e-02
-4.407179812269378105e-02
-4.694777871317230844e-02
-5.134585054088997708e-02
-5.581035866143512630e-02
-5.878079873343076273e-02
-6.246713595337936159e-02
-6.422243103916988605e-02
-6.725297544229186242e-02
-6.869382991180697506e-02
-7.040624455851710040e-02
-7.113248679915971928e-02
-7.032133232458619154e-02
-6.964149060366765787e-02
-6.614567401332796526e-02
-6.508071515034102861e-02
-6.257080202951713355e-02
-5.816155140579948313e-02
-5.414101569757551885e-02
-4.801291686719372925e-02
-4.197640886177732289e-02
-3.506870181433920791e-02
-2.817602533195854436e-02
-2.032812655833790907e-02
-1.286619357101555401e-02
-6.049661990979605247e-03
2.522473951881346217e-03
1.085296592074265314e-02
1.906951246082251930e-02
2.651909827223684554e-02
3.362687917323788078e-02
4.135321115501961603e-02
4.900892936287042090e-02
5.559272922741246431e-02
6.178903933186311731e-02
6.834174415465807395e-02
7.469728860320044850e-02
7.947588473431985157e-02
8.353228462580813973e-02
8.771696725246865001e-02
8.935237042350072101e-02
9.148007091701483573e-02
9.275030008538077964e-02
9.146477739177347188e-02
9.020925008823509061e-02
8.895335822625993760e-02
8.656942096263126052e-02
8.166922367555799755e-02
7.794753623997727199e-02
7.342539202821381228e-02
6.766569742730274561e-02
6.326496910409082353e-02
5.776035185793800680e-02
5.110667032452251290e-02
4.475027723175025590e-02
3.882415871626471865e-02
3.256541050905553680e-02
2.746676195228142658e-02
2.219218855019723310e-02
1.646942342011370117e-02
1.083283303166222324e-02
4.153516242022624490e-03
-8.370315869326765221e-04
-4.562428666073746822e-03
-9.468902633445838712e-03
-1.443250395372589270e-02
-1.885573031358145357e-02
-2.324437740925315923e-02
-2.721442775035076353e-02
-3.101464465903482765e-02
-3.445111890514471892e-02
-3.667340139571615559e-02
-3.891653543359791662e-02
-4.172344714122597220e-02
-4.334796734646496202e-02
-4.590782497312786287e-02
-4.775126550783779372e-02
-4.883204381643390518e-02
-5.197832357049823881e-02
-5.341523363725474843e-02
-5.475912153895391710e-02
-5.651492461600880757e-02
-5.829275060846596246e-02
-5.996452595402671643e-02
-6.232578887816117574e-02
-6.524473058868561492e-02
-6.620649550859224186e-02
-6.841373548137061333e-02
-6.979578249157547543e-02
-7.069657650702242113e-02
-7.181211337083687196e-02
-7.133905397635481593e-02
-7.091293895106808021e-02
-7.044776836210324411e-02
-6.910273897415120103e-02
-6.662361610031576620e-02
-6.350765147199852190e-02
-5.992962396598079666e-02
-5.692893152010015251e-02
-5.246142923927913509e-02
-4.729873493680397667e-02
-4.236119431543192843e-02
-3.671066703723334379e-02
-3.110651637328756824e-02
-2.436278442371128325e-02
-1.786998970008864956e-02
-1.213511794290168637e-02
-5.996018486985430808e-03
6.280528052526679686e-04
7.934900495149244462e-03
1.584675611599967518e-02
2.270230889559878354e-02
2.952260259917495466e-02
3.723504251396820425e-02
4.387135373432626134e-02
5.006782818889185527e-02
5.657168815752596641e-02
6.142192300965675783e-02
6.522387306500748716e-02
6.885650664376076480e-02
7.076753989847059390e-02
7.321134243851297463e-02
7.510968188798144984e-02
7.614894236935923488e-02
7.606395244264671507e-02
7.527933901754441104e-02
7.418637489497131865e-02
7.099843686904497297e-02
6.934764455088647528e-02
6.552854829627140221e-02
6.206682688432247491e-02
5.977209288671665732e-02
5.404564481996645964e-02
5.014004064121358600e-02
4.636213650177086615e-02
4.101931447331896158e-02
3.703121251323287372e-02
3.322496246123847474e-02
2.829727687039514800e-02
2.523125077154908524e-02
2.149761956488790982e-02
1.731800041585957947e-02
1.548600163733353761e-02
1.231954417143015131e-02
8.895953480239785285e-03
6.628916959277603854e-03
5.281953842814068358e-03
3.165215501966607472e-03
1.353302455243698662e-03
-3.464506726183839416e-04
-2.302176629913279485e-03
-3.401623430713386284e-03
-6.180502985100102230e-03
-7.411918259161509072e-03
-8.210949671620103654e-03
-1.020885540890452067e-02
-1.086829530419090688e-02
-1.259726598384353427e-02
-1.455607731105904371e-02
-1.514706687756392153e-02
-1.667859479958465688e-02
-1.870450280827132966e-02
-2.003840419934982756e-02
-2.289621513757550755e-02
-2.635568644704168462e-02
-2.848649764000406662e-02
-3.224833132638933730e-02
-3.662572492146335540e-02
-3.958190239166590324e-02
-4.359292969869448670e-02
-4.763619054553910881e-02
-5.180340126088930214e-02
-5.579786207633170153e-02
-5.921329054317724799e-02
-6.263516153452854118e-02
-6.480221641011155165e-02
-6.712777053654490900e-02
-6.890175372449633406e-02
-7.061937378757425499e-02
-7.152548677037752489e-02
-7.092915283695311324e-02
-7.012144075024165368e-02
-6.810490069810669345e-02
-6.535491090574292727e-02
-6.173782185967928438e-02
-5.778295448101843090e-02
-5.289155440737045716e-02
-4.746114870857384704e-02
-4.174816539851328862e-02
-3.565526438638432632e-02
-2.886925112860120463e-02
-2.112337642406087596e-02
-1.480493774919660818e-02
-7.348619559437464047e-03
6.470790857892778653e-04
7.707822423609349445e-03
1.597561407657419746e-02
2.413508929219437479e-02
3.257664608054976901e-02
4.154006528297336798e-02
4.966582481955911232e-02
5.721168543421467634e-02
6.350906787117092944e-02
6.983004500826507643e-02
7.614214126278452677e-02
8.134259724530561175e-02
8.659708556925189982e-02
8.961182247950033597e-02
9.197254155416353938e-02
9.290481309889779549e-02
9.292370439756443556e-02
9.383611049567804063e-02
9.200603909577267925e-02
8.997443262037337075e-02
8.675492144327466570e-02
8.336142624631413811e-02
7.979214216641133950e-02
7.483153575345312392e-02
6.968039675815035361e-02
6.398996228385987750e-02
6.005306584322198798e-02
5.379328671256453087e-02
4.830954193100938515e-02
4.322845493106283743e-02
3.639749938730277301e-02
3.172635536133263517e-02
2.516119877619286613e-02
1.999022720429242950e-02
1.485592961349538506e-02
7.554328380804977740e-03
2.806433411441273083e-03
-2.418568447507935936e-03
-7.668712325574924063e-03
-1.213409971923502112e-02
-1.714301684848052593e-02
-2.087619534527963144e-02
-2.516404352727332275e-02
-2.915382783489963575e-02
-3.149303198542492688e-02
-3.517745676767237983e-02
-3.822317218049548632e-02
-4.066395665479075050e-02
-4.296521684605172919e-02
-4.361710410651054026e-02
-4.571453429703618843e-02
-4.744782439652789341e-02
-4.920662462204254683e-02
-5.222788473776224238e-02
-5.384303399826560754e-02
-5.620488858281386113e-02
-5.819118821379944129e-02
-6.051641364000291679e-02
-6.314421659236686690e-02
-6.463662918703133586e-02
-6.704364120679791317e-02
-6.865720075346221085e-02
-7.047055027621815237e-02
-7.226134498683621510e-02
-7.241162673193944632e-02
-7.240263827474405223e-02
-7.292701673966281439e-02
-7.174855469911282924e-02
-6.987645748072478236e-02
-6.882148512835851994e-02
-6.548846479732893522e-02
-6.144504557673718254e-02
-5.786462154722520762e-02
-5.366754393371414578e-02
-4.895480139956016191e-02
-4.465686361460096537e-02
-3.874651075741426115e-02
-3.298670260551468669e-02
-2.843708204271678391e-02
-2.103805480893456564e-02
-1.422570519227792096e-02
-7.665597143850791211e-03
1.008721708741331947e-04
7.499505664736092619e-03
1.412623452634703333e-02
2.198577377038144626e-02
2.995935854735821968e-02
3.595366741962526674e-02
4.243398647543181884e-02
4.791697225827432766e-02
5.344332256599033937e-02
5.902006261894764821e-02
6.398222886390586561e-02
6.814620337608365275e-02
7.190303783079075861e-02
7.469690611566021099e-02
7.507337545349873631e-02
7.611773377662364726e-02
7.709518068567967897e-02
7.608850933800299920e-02
7.482999982692438434e-02
7.379476741745465140e-02
6.979905156477086980e-02
6.668070236569499654e-02
6.331023411392984468e-02
5.925893804055649278e-02
5.622379183421612886e-02
5.097532171266063589e-02
4.782254564678021375e-02
4.256880436881093493e-02
3.767431750118595268e-02
3.470127770919032711e-02
3.099668567374749828e-02
2.726455154722425347e-02
2.276706881725385975e-02
2.110815162704940406e-02
1.737199241680202622e-02
1.402140007030120913e-02
1.106190571596073723e-02
8.243910087171778603e-03
6.609339872404068790e-03
3.818201667057600796e-03
3.060472932575956841e-03
5.735575754639549552e-04
-1.047372933784378570e-03
-2.393792294157397714e-03
-5.291368116216352800e-03
-7.088680429460834931e-03
-7.763059003149498129e-03
-8.799004094481307353e-03
-1.094333084325976174e-02
-1.152379527899453915e-02
-1.370821449126718820e-02
-1.453285015754183715e-02
-1.516139970167884252e-02
-1.848223272463947464e-02
-2.007567282905092440e-02
-2.318541307028772550e-02
-2.658836736340915857e-02
-2.917199001669271152e-02
-3.312425468716965332e-02
-3.661126211134843600e-02
-4.056497306283687182e-02
-4.404034449887773289e-02
-4.772000312779185738e-02
-5.228503076681962486e-02
-5.528328485463130521e-02
-5.909621349766017856e-02
-6.257709514482746871e-02
-6.565264757397237805e-02
-6.904445145884094415e-02
-7.103435483961963171e-02
-7.213997690922720196e-02
-7.317691855989233440e-02
-7.348327315051257635e-02
-7.175126199373350888e-02
-7.068415761470060732e-02
-6.740148818252152119e-02
-6.314096544827492441e-02
-5.974045997186613194e-02
-5.532269900037837390e-02
-5.048600062135100847e-02
-4.394999078205027998e-02
-3.926060389332154676e-02
-3.258471417710148699e-02
-2.427163286178038101e-02
-1.840894900838670883e-02
-1.084350533048979333e-02
-2.309212682447752112e-03
5.295038353101405061e-03
1.256616645982059147e-02
2.025171421353342410e-02
2.887728934331383612e-02
3.784333814757650377e-02
4.595935022825422406e-02
5.338262059808238091e-02
6.072099068671526351e-02
6.859147266022092015e-02
7.386052539253501470e-02
7.873201818498760940e-02
8.384873927803755678e-02
8.705976998920524068e-02
8.979282275517823375e-02
9.060157472988969451e-02
9.234217990358828398e-02
9.166965325687662092e-02
8.974069687508635929e-02
8.835903235242172082e-02
8.544803323472485723e-02
8.308226412925708015e-02
7.927455285533163698e-02
7.492608189230355598e-02
7.025476753985065992e-02
6.592459023870760049e-02
6.063805065416365964e-02
5.541654590419432813e-02
5.002893996351260447e-02
4.421904686113034555e-02
3.917033384564352211e-02
3.219919363020549985e-02
2.733615739821265364e-02
2.229612655107064342e-02
1.601449034921781714e-02
1.084697237086909918e-02
4.557670730246167999e-03
-6.227682953920435057e-04
-5.934237411163683154e-03
-1.122489546017888667e-02
-1.426327264036982012e-02
-1.884088053365044063e-02
-2.314430910654066004e-02
-2.585950747366310212e-02
-2.873574803614162981e-02
-3.126772291875859477e-02
-3.476734944358102902e-02
-3.753646062477235951e-02
-3.945277400044770039e-02
-4.125547961212321091e-02
-4.389003586011933078e-02
-4.684802118158624962e-02
-4.971131991955904383e-02
-5.208781062888888369e-02
-5.342535760433519271e-02
-5.574937580423981742e-02
-5.819681795228219545e-02
-6.155744312625426040e-02
-6.375359096036596618e-02
-6.626508184229330800e-02
-6.822194786178469028e-02
-6.836021113120976933e-02
-7.056353060670078614e-02
-7.158618276191766605e-02
-7.242525285056010398e-02
-7.239155808881303500e-02
-7.135467022545823046e-02
-7.073700065893040456e-02
-6.908705698500179626e-02
-6.763001851144072318e-02
-6.535608227383488122e-02
-6.147960691181759280e-02
-5.778374933793797158e-02
-5.523677078391873302e-02
-5.072094956930468801e-02
-4.559480972057659842e-02
-4.090265577354901955e-02
-3.514379188776438345e-02
-2.954104865843929645e-02
-2.223809900776038684e-02
-1.525657485324192174e-02
-8.292695924700442187e-03
-9.846316237399307166e-04
5.610832243164158573e-03
1.355621304632488242e-02
1.994268968059135019e-02
2.731451099398280249e-02
3.583006716863693791e-02
4.223608801975395344e-02
4.814603149574525620e-02
5.434394326677061821e-02
5.960339197600426214e-02
6.297694403356252080e-02
6.760840796541776887e-02
7.120028271566536393e-02
7.323752490591523001e-02
7.487065108080938336e-02
7.536782511942934082e-02
7.572603067722191716e-02
7.414587305028171038e-02
7.294230428853636095e-02
7.184682411511268685e-02
6.871554803245062681e-02
6.669689832247657768e-02
6.419808929305496903e-02
6.018713370244018618e-02
5.646879900920427631e-02
5.174441451054456048e-02
4.834867219928518783e-02
4.440118862306111081e-02
3.988564530955051451e-02
3.591625236891267392e-02
3.165917202252813145e-02
2.821929124676307923e-02
2.399134270529803409e-02
2.141355448109493256e-02
1.787276124066335820e-02
1.479552347579432374e-02
1.140328331607517662e-02
7.576774871276208828e-03
5.737065831221444499e-03
2.924101370326157457e-03
1.057154286903617003e-03
-1.459912732957622172e-03
-2.149756465700860316e-03
-3.452877508150092346e-03
-5.419529829940302433e-03
-6.354110867312490543e-03
-7.495455928494719304e-03
-8.784422504056041761e-03
-1.061300205314530572e-02
-1.110804551663882936e-02
-1.364956839388796299e-02
-1.548611668241399800e-02
-1.650440758321709833e-02
-1.818479487480083312e-02
-2.125319508576183417e-02
-2.428108448748151835e-02
-2.707083953720154992e-02
-2.981449139149636510e-02
-3.357392855438738610e-02
-3.849894270881692310e-02
-4.087377497607779658e-02
-4.604201235970237227e-02
-5.010968368089178948e-02
-5.490622983274680291e-02
-5.816047565959259202e-02
-6.098778769876084249e-02
-6.533950382951306257e-02
-6.730981070022280799e-02
-7.225775318977874229e-02
-7.311589386812231139e-02
-7.437550303087908654e-02
-7.429678231400563271e-02
-7.319408866462794039e-02
-7.196720609203205443e-02
-6.891241556468022389e-02
-6.864530180514039071e-02
-6.464280277498535288e-02
-6.243048288956332126e-02
-5.859581819678735121e-02
-5.296749013684161345e-02
-4.817090215041188589e-02
-4.192811084527164889e-02
-3.631684232725691103e-02
-2.918856846101452671e-02
-2.229789854412811412e-02
-1.465120614577154756e-02
-6.081418168416339795e-03
3.188852036679216354e-03
1.091666578415635171e-02
1.925038872686822902e-02
2.829387034073998011e-02
3.609403138233770181e-02
4.536745972430106938e-02
5.336129691771459432e-02
6.122562323236969278e-02
6.897421120789852533e-02
7.504994211529188164e-02
8.001235339133055957e-02
8.386331563914098397e-02
8.764177259260669262e-02
9.027484670138442857e-02
9.154933702000324358e-02
9.242683515370309077e-02
9.138085723490003975e-02
9.012434980703981635e-02
8.920262655150094921e-02
8.637988643371198594e-02
8.340086429753246211e-02
8.009654248475571447e-02
7.643286167519788843e-02
7.232542360256025149e-02
6.798380155704940309e-02
6.330496295751605884e-02
5.804426518740885693e-02
5.384563969463342092e-02
4.796723351160758764e-02
4.183700111791546078e-02
3.717976409985334491e-02
3.056115488096652899e-02
2.395307751626360795e-02
1.822593320266284109e-02
1.252707653202754685e-02
6.733689410507334022e-03
5.054205390890552114e-04
-3.836703381247228567e-03
-8.898418731963919984e-03
-1.394792511027832978e-02
-1.733388111923886421e-02
-2.124062977242852090e-02
-2.467297584246944814e-02
-2.825850518418831017e-02
-3.010383425112812469e-02
-3.248195650887174962e-02
-3.545089053617772601e-02
-3.804839031553022832e-02
-4.097309922099719171e-02
-4.198338328301869093e-02
-4.441626998724499537e-02
-4.629691938797786399e-02
-4.983406256176576427e-02
-5.322093594318606791e-02
-5.494207011053985762e-02
-5.830346623596019406e-02
-6.022586654225622199e-02
-6.416079675788260994e-02
-6.630331864358060545e-02
-6.845552224514066253e-02
-7.073643888035570371e-02
-7.151340853102122752e-02
-7.509818335630330521e-02
-7.476662044623483272e-02
-7.411848933294842845e-02
-7.460541390076379231e-02
-7.286494618352498676e-02
-7.176143974812430881e-02
-7.027316279998856163e-02
-6.733231172505035889e-02
-6.509449067815710477e-02
-6.233043251595427048e-02
-5.755439427026014937e-02
-5.369637990842674596e-02
-4.929670641413436832e-02
-4.433129201326811014e-02
-3.880408409677049697e-02
-3.198481534027478035e-02
-2.547919533131883657e-02
-2.024131234534953111e-02
-1.366050813517530327e-02
-4.909685518027259547e-03
2.576772428435864220e-03
1.039652979334102639e-02
1.810965101406530886e-02
2.466191059745796721e-02
3.132362586331023657e-02
3.858957731493173338e-02
4.574274275312810445e-02
5.199582237546373359e-02
5.736163847908801877e-02
6.182176592202398568e-02
6.634156739760353749e-02
6.976703616238011385e-02
7.170058239465312844e-02
7.364592597699509691e-02
7.477320042720032867e-02
7.420844562131610755e-02
7.349345688127117970e-02
7.233075452265219640e-02
7.109068210628621820e-02
6.859902678914045482e-02
6.559106707999545760e-02
6.291123386942468199e-02
5.789266266501827407e-02
5.450559803982785168e-02
5.164598970898148789e-02
4.717919263956277254e-02
4.378681203519994847e-02
4.046608509276804905e-02
3.651382042229110725e-02
3.264233831558415594e-02
2.842553570009610786e-02
2.534546812506615829e-02
2.256294298631163209e-02
1.839537817116833687e-02
1.581442844839052453e-02
1.249787898706207143e-02
9.909003106468179320e-03
7.518056310437214521e-03
4.929947646061712437e-03
3.823978947120810611e-03
1.074658204465013750e-04
-9.468476256954459856e-04
-1.585286657856862938e-03
-4.002375020522847167e-03
-4.645080338878223442e-03
-6.550007239771972294e-03
-8.269589792631511574e-03
-9.490760451687186780e-03
-1.072626094667387432e-02
-1.174988202052294241e-02
-1.332975502294590602e-02
-1.497925793974807726e-02
-1.637010216337821469e-02
-1.829205723027193739e-02
-2.145826817100291231e-02
-2.500596262217010674e-02
-2.790670031632675949e-02
-3.121692976868970307e-02
-3.640406442734873960e-02
-4.088252736674444915e-02
-4.411753526559026445e-02
-4.923477331445629684e-02
-5.447807088966697547e-02
-5.794613322786876936e-02
-6.179278053811598087e-02
-6.522677160339829250e-02
-6.873923237810576625e-02
-7.155515346021655565e-02
-7.251655979805422814e-02
-7.379583121092590792e-02
-7.379780341230521290e-02
-7.355986030407568599e-02
-7.274770179970906081e-02
-7.196936953718147123e-02
-6.997886851962117905e-02
-6.531981169755907146e-02
-6.224162966657509344e-02
-5.781476668690344739e-02
-5.331777103091005915e-02
-4.903241350020372258e-02
-4.290235143299435394e-02
-3.688710734426756815e-02
-3.100753875770150686e-02
-2.339551078677017809e-02
-1.504512199535717500e-02
-7.982481347516990483e-03
1.311742980212150453e-03
8.764793123964116639e-03
1.721479452004363864e-02
2.787462813844174617e-02
3.556529614528100569e-02
4.459133871786542802e-02
5.269582836139373450e-02
5.958500269223417078e-02
6.699463499070602845e-02
7.246022057865200705e-02
7.754419117606982381e-02
8.238815681836154925e-02
8.526590940189754386e-02
8.870361776796144293e-02
8.937354469467310991e-02
8.973906532667257074e-02
9.095665464731444994e-02
8.924106057292617578e-02
8.949169151002925315e-02
8.681394405182629725e-02
8.393075297357766029e-02
8.208722279335049776e-02
7.815086422581606074e-02
7.411287752356912617e-02
6.954084856964481975e-02
6.573874910509867886e-02
6.024269599402631153e-02
5.520311785674637123e-02
4.938959709909974960e-02
4.323682184600535078e-02
3.804397676789805088e-02
3.252319045861881697e-02
2.618088067660515744e-02
1.995945936868327719e-02
1.551452684091970263e-02
9.824899176284394853e-03
4.871647057446855215e-03
-1.167096202913512877e-03
-6.312005861956230222e-03
-1.014902001432989656e-02
-1.526959287643730491e-02
-1.860050504371976027e-02
-2.248223662123129130e-02
-2.498683525697473207e-02
-2.750023857660321633e-02
-3.104236305296582260e-02
-3.251369401015905686e-02
-3.558058668233845395e-02
-3.839839928486304260e-02
-4.009537099713641334e-02
-4.271693163331646143e-02
-4.608467764954139040e-02
-4.998682151132875784e-02
-5.199726865647522067e-02
-5.480067522437914729e-02
-5.765969787117953410e-02
-6.118938253793296256e-02
-6.433846819668695427e-02
-6.573223486417915928e-02
-6.846999103162340616e-02
-6.923286243061078926e-02
-7.094684886205654406e-02
-7.181093602637710072e-02
-7.253973017607717733e-02
-7.360124665120205967e-02
-7.245797346435316200e-02
-7.253004248384731234e-02
-7.138376916035474307e-02
-6.945359359953000300e-02
-6.667154657020075981e-02
-6.415958355521594880e-02
-6.111430142905951296e-02
-5.759763926777732718e-02
-5.395498929656429576e-02
-4.923032092043331392e-02
-4.410976001106153843e-02
-3.807284561263363926e-02
-3.285599047682522672e-02
-2.643403364092662688e-02
-1.975959468799391716e-02
-1.225581965549920986e-02
-4.800573476717075357e-03
2.717569304291978741e-03
1.058682332097292920e-02
1.746164540450304350e-02
2.555180820028424629e-02
3.185827471632094593e-02
3.875878322872458592e-02
4.536078710963441230e-02
5.109710215964895913e-02
5.680397762180148385e-02
6.131911155411667869e-02
6.552261376303003537e-02
6.828514795143976468e-02
7.257861840145643506e-02
7.391565738563837806e-02
7.411039733092544823e-02
7.595208678986527240e-02
7.482662317910830641e-02
7.362822995189167996e-02
7.219393155787079408e-02
7.004300689902338839e-02
6.700402984091291536e-02
6.441523464128454113e-02
6.099859894814013694e-02
5.705600105260571347e-02
5.489370336580429166e-02
5.054948757666125753e-02
4.613867413275970358e-02
4.206980753800707018e-02
3.814396438964502700e-02
3.531485645194804013e-02
3.191011970712546303e-02
2.828228515172850552e-02
2.468995320934298451e-02
2.117619556281941789e-02
1.802872800565163622e-02
1.501208313997791366e-02
1.139087264125910291e-02
8.646145040757394901e-03
6.471387374105421440e-03
4.465757928464693903e-03
2.294063897364440833e-03
5.841776744538819182e-04
-4.250303145281102775e-04
-2.070876254511321013e-03
-3.848580665235717090e-03
-5.034839624647765091e-03
-6.121126650278350435e-03
-7.723720309046108040e-03
-8.000521013769837722e-03
-1.015489627798505864e-02
-1.264199909694691676e-02
-1.385183557443938999e-02
-1.597144854820638574e-02
-1.806058204611135989e-02
-2.137709863741682481e-02
-2.445927138800998990e-02
-2.829384643526871787e-02
-3.215782222399866247e-02
-3.598931944183210441e-02
-4.109570141856022651e-02
-4.582207903588660786e-02
-5.027750905371913132e-02
-5.502336066557422106e-02
-5.932798899430351963e-02
-6.221272795181651688e-02
-6.490113725020336954e-02
-6.788396633268173330e-02
-7.048963879502272156e-02
-7.224433624403163445e-02
-7.359725443750091134e-02
-7.428068795547691783e-02
-7.426976913147693982e-02
-7.289919077111113588e-02
-7.185742619161841760e-02
-6.993433262665572914e-02
-6.796997821829080244e-02
-6.594012879502941793e-02
-6.117034183007092479e-02
-5.816528065931671904e-02
-5.246576210594579986e-02
-4.647409777643737167e-02
-4.049588625088294813e-02
-3.295452285300898981e-02
-2.644309381453580771e-02
-1.749323200250299873e-02
-1.033049914647905451e-02
-1.734109235405494748e-03
7.362141838667329158e-03
1.537065624439117907e-02
2.530628705766391554e-02
3.451554415020208905e-02
4.279797715727036433e-02
5.046855560369586241e-02
5.858149881950001914e-02
6.522214589470863577e-02
7.134952457276859394e-02
7.703046857496713418e-02
8.054265443675506786e-02
8.444981844750792943e-02
8.653088534295315382e-02
8.755271275941141351e-02
9.000276658018942222e-02
9.054114767490127613e-02
8.993056010423550184e-02
8.799358343683605366e-02
8.655869935876919774e-02
8.531024807472506466e-02
8.179311378038540969e-02
7.937517696025103708e-02
7.605813146039384909e-02
7.151238059575686090e-02
6.726113916072862242e-02
6.281996875650527890e-02
5.721301816423766257e-02
5.137467456286694267e-02
4.624993019602390704e-02
4.106687440839935227e-02
3.447487496721364508e-02
2.782630621646480645e-02
2.281174067258712884e-02
1.613405804602223784e-02
1.000091740234160774e-02
4.385056792706192377e-03
-8.890948085432321454e-04
-5.119113134268330617e-03
-9.012194581308580546e-03
-1.260572702657915441e-02
-1.622206305029797249e-02
-1.927079802296015332e-02
-2.199795809026648674e-02
-2.426175243168844295e-02
-2.722053559825880070e-02
-2.979836117476075685e-02
-3.384109610123756801e-02
-3.601177564390103947e-02
-3.813984069585193287e-02
-4.276929357993707742e-02
-4.519973594972660075e-02
-4.788972898558471053e-02
-5.097509461068362030e-02
-5.487229601628708375e-02
-5.714082961738719407e-02
-6.028695099770440408e-02
-6.458681616128428282e-02
-6.712428631410813362e-02
-6.916369792587524767e-02
-6.987282982546041965e-02
-7.179738760053804014e-02
-7.349624784504128761e-02
-7.333362490039785353e-02
-7.365237447786865399e-02
-7.441755873120085851e-02
-7.313654221892687546e-02
-7.256992278628403292e-02
-7.169276530554968829e-02
-6.890373190224345634e-02
-6.599324675217876912e-02
-6.344230586629746871e-02
-6.049546049443973311e-02
-5.523598787973482693e-02
-5.171911056921126709e-02
-4.711610908908010764e-02
-4.087897142789388011e-02
-3.563095849847631308e-02
-2.907576153030205085e-02
-2.168125093649683754e-02
-1.517947821432249524e-02
-7.852425872241320520e-03
1.160644900617545340e-03
8.626083868090756931e-03
1.631033549703347560e-02
2.337617126051733107e-02
3.033967666607030600e-02
3.749910234955402405e-02
4.387887798140670953e-02
5.071098098778745872e-02
5.703323109122643286e-02
6.191595945517327365e-02
6.453546123264068679e-02
6.785657663898062020e-02
7.088024821911410867e-02
7.328451708605310255e-02
7.510725548264811369e-02
7.407185573487952424e-02
7.405155401340829391e-02
7.369921127244329073e-02
7.074298897948212705e-02
6.904690176964553561e-02
6.715590129985521406e-02
6.424935457618133339e-02
6.156857112312780905e-02
5.902895545425797946e-02
5.567516724506751252e-02
5.056439263799457351e-02
4.738800095468889695e-02
4.364694709920015347e-02
3.973467030578062276e-02
3.641517748330274501e-02
3.184652218901061482e-02
2.889747452561265695e-02
2.467352118603266531e-02
2.136296452753178726e-02
1.863499914466223983e-02
1.473126556903579798e-02
1.265942020913080057e-02
9.401653554595363824e-03
5.616026080319323766e-03
3.750707183603677226e-03
1.773253324031873841e-03
-1.642266189042123942e-04
-1.311897618729391743e-03
-3.390753911747884913e-03
-4.857261940113543307e-03
-5.445590528848309915e-03
-6.567598678438613460e-03
-7.588531133816421408e-03
-9.004964670343073435e-03
-1.010770314247938159e-02
-1.118868688871917094e-02
-1.413492715333552509e-02
-1.672883065335469682e-02
-1.782282121710021539e-02
-2.082125310185442557e-02
-2.537293849973278406e-02
-3.048534465521951509e-02
-3.473445850330521972e-02
-3.766924057672618731e-02
-4.292190909667248366e-02
-4.786999501905600529e-02
-5.131089476553370166e-02
-5.603342659017043065e-02
-6.064579005048548882e-02
-6.415753366105503286e-02
-6.702200675530368967e-02
-6.944326045957599503e-02
-7.090248030738993679e-02
-7.276088566711133576e-02
-7.478177053864859536e-02
-7.461957191612010598e-02
-7.428674201607461669e-02
-7.433573627943086681e-02
-7.352190439207573203e-02
-7.205097683971008193e-02
-6.953645593929999591e-02
-6.677087977967187393e-02
-6.357388158013635437e-02
-5.849392710189094818e-02
-5.413803349003529219e-02
-5.002834830309881020e-02
-4.290784072683342248e-02
-3.612307652992386570e-02
-2.952204679696806069e-02
-2.129385829238246430e-02
-1.255136598492406254e-02
-3.227813099041227859e-03
5.407867695193193172e-03
1.430682542082952619e-02
2.377355639162019585e-02
3.232648130013635046e-02
4.047448188954964887e-02
4.890742374369815709e-02
5.611153174115882103e-02
6.246095041268970999e-02
6.934062231870258275e-02
7.468037548228093070e-02
7.884183991997595342e-02
8.273656710930356317e-02
8.568960399821876073e-02
8.703372497826275533e-02
8.812856568033010374e-02
8.949159588814419031e-02
8.980833142966096472e-02
8.952222477320162519e-02
8.843016905853656739e-02
8.642564748207974545e-02
8.265777467601631567e-02
7.959385823500933488e-02
7.697643025717409992e-02
7.346629428954708219e-02
6.969196102987447461e-02
6.440129177516962233e-02
5.989600092064750747e-02
5.471291226299996452e-02
4.912993885841047265e-02
4.310083258453428767e-02
3.629087500909602970e-02
3.035876817305878383e-02
2.420803235548162416e-02
1.792766164951385341e-02
1.180199295969528057e-02
7.715337706138074292e-03
2.432973548321133023e-03
-2.811549182291840469e-03
-6.708680552334957137e-03
-1.026305284749064704e-02
-1.278448168205015625e-02
-1.737179220848018846e-02
-2.047292946824574161e-02
-2.318111456773601017e-02
-2.687613545012137659e-02
-2.970145735880687712e-02
-3.229211718519386931e-02
-3.554856231539597206e-02
-3.935968908352829865e-02
-4.191547381552453849e-02
-4.466067653726762260e-02
-4.762261223786096870e-02
-5.189421814622249829e-02
-5.535960307164269206e-02
-5.783832552883444444e-02
-6.175056945223098698e-02
-6.451555395144531468e-02
-6.610859065102916987e-02
-6.808223831134810333e-02
-7.073318773626374734e-02
-7.200194074177912462e-02
-7.378543233092592357e-02
-7.502826582922295096e-02
-7.469418089193607946e-02
-7.617412080696839283e-02
-7.546302865873955046e-02
-7.422543643501723631e-02
-7.388957054012117165e-02
-7.153035153377981792e-02
-6.918337212872580078e-02
-6.626563166813238814e-02
-6.269682569765487601e-02
-5.820281224920172136e-02
-5.344730282695584617e-02
-4.890992186544527998e-02
-4.362199576356800418e-02
-3.781250008964551906e-02
-3.102536925108078866e-02
-2.511393168313546392e-02
-1.824818322004211762e-02
-1.035837442006522051e-02
-3.032262982392090397e-03
4.933881216653660494e-03
1.264065740237220632e-02
2.050858298454454054e-02
2.801517736855648269e-02
3.535834648054567847e-02
4.322742998398237946e-02
4.969629234268550105e-02
5.477336322345964514e-02
5.974153571807302304e-02
6.315467523604501032e-02
6.655705729194805187e-02
7.017457066012663947e-02
7.189565701653789775e-02
7.347826495428269600e-02
7.439578682324686498e-02
7.409567156062661641e-02
7.308000577938673914e-02
7.256064746343347804e-02
7.022997158978172560e-02
6.707288955088983040e-02
6.633802938785642034e-02
6.315668927199903637e-02
5.938018061444137047e-02
5.603547648433135353e-02
5.170057187624577111e-02
4.879685197454889517e-02
4.552858558880657630e-02
4.173752447561675238e-02
3.778458447557659500e-02
3.396485472597302047e-02
2.988379932905948014e-02
2.622806410051313486e-02
2.366451756081575791e-02
1.977941531185595583e-02
1.710239697052656077e-02
1.386765502004856307e-02
1.026667377934121703e-02
9.168865063607199370e-03
6.910493528932361643e-03
3.922238651522964685e-03
2.240269676844405203e-03
1.819071334655369618e-03
3.470981280285841564e-04
-5.236104549640284564e-04
-2.085680838160724332e-03
-4.364127926137257793e-03
-4.452410457993449117e-03
-5.896092496531554934e-03
-7.441972665862614002e-03
-9.702942426445494359e-03
-1.242126718098172586e-02
-1.479500203770237055e-02
-1.768106924296249105e-02
-2.148175529652011917e-02
-2.499554133079081100e-02
-2.817624346938383401e-02
-3.345031635066342962e-02
-3.773478041438126096e-02
-4.313442574802849039e-02
-4.768133901620571352e-02
-5.057922000654627159e-02
-5.431447977343733385e-02
-5.838143393048882135e-02
-6.297429052625216905e-02
-6.520312909231786025e-02
-6.857347184035887666e-02
-7.115077448467692356e-02
-7.181695422876789581e-02
-7.450657075345359925e-02
-7.563236306444044710e-02
-7.501235673809653060e-02
-7.537058620136037612e-02
-7.467916825598208685e-02
-7.345385149175399919e-02
-7.274360798775504622e-02
-6.921432373764530022e-02
-6.578048805792620357e-02
-6.280777696616046679e-02
-5.824636801784533607e-02
-5.250866047412964394e-02
-4.519002435202546658e-02
-3.888609480412669878e-02
-3.186504892924047622e-02
-2.325533806782785484e-02
-1.437583902227770015e-02
-5.341668962986393689e-03
