 -0.00000003  -0.00000001
-50.00000000  -0.00000002
 -0.00000006 -49.99000000
 -0.00000002   0.00000009
-49.98000000  -0.00000002
  0.00000025 -49.97000000
 -0.00000002   0.00000016
-49.96000000  -0.00000002
  0.00000000 -49.95000000
 -0.00000001  -0.00000008
-49.94000000  -0.00000001
 -0.00000006 -49.93000000
 -0.00000000   0.00000005
-49.92000000   0.00000001
  0.00000014 -49.91000000
 -0.00000000   0.00000007
-49.90000000  -0.00000002
 -0.00000010 -49.89000000
 -0.00000004  -0.00000022
-49.88000000  -0.00000004
 -0.00000023 -49.87000000
 -0.00000002  -0.00000011
-49.86000000   0.00000001
  0.00000008 -49.85000000
  0.00000004   0.00000024
-49.84000000   0.00000003
  0.00000018 -49.83000000
 -0.00000007  -0.00000018
-49.82000000  -0.00000018
 -0.00000058 -49.81000000
 -0.00000023  -0.00000076
-49.80000000  -0.00000018
 -0.00000062 -49.79000000
 -0.00000005  -0.00000019
-49.78000000   0.00000012
  0.00000037 -49.77000000
  0.00000023   0.00000075
-49.76000000   0.00000016
  0.00000055 -49.75000000
 -0.00000013  -0.00000016
-49.74000000  -0.00000037
 -0.00000076 -49.73000000
 -0.00000042  -0.00000090
-49.72000000  -0.00000022
 -0.00000049 -49.71000000
  0.00000013   0.00000029
-49.70000000   0.00000042
  0.00000094 -49.69000000
  0.00000034   0.00000078
-49.68000000   0.00000005
  0.00000023 -49.67000000
 -0.00000013  -0.00000013
-49.66000000  -0.00000012
 -0.00000014 -49.65000000
  0.00000006   0.00000014
-49.64000000   0.00000023
  0.00000041 -49.63000000
  0.00000016   0.00000028
-49.62000000   0.00000002
  0.00000007 -49.61000000
 -0.00000006  -0.00000004
-49.60000000  -0.00000003
 -0.00000002 -49.59000000
  0.00000006   0.00000009
-49.58000000   0.00000011
  0.00000016 -49.57000000
  0.00000003   0.00000006
-49.56000000  -0.00000008
 -0.00000007 -49.55000000
 -0.00000014  -0.00000014
-49.54000000  -0.00000010
 -0.00000011 -49.53000000
  0.00000000   0.00000000
-49.52000000   0.00000012
  0.00000013 -49.51000000
  0.00000013   0.00000015
-49.50000000  -0.00000008
 -0.00000004 -49.49000000
 -0.00000036  -0.00000029
-49.48000000  -0.00000054
 -0.00000044 -49.47000000
 -0.00000050  -0.00000041
-49.46000000  -0.00000024
 -0.00000020 -49.45000000
  0.00000015   0.00000012
-49.44000000   0.00000049
  0.00000040 -49.43000000
  0.00000051   0.00000043
-49.42000000   0.00000018
  0.00000018 -49.41000000
 -0.00000011  -0.00000003
-49.40000000  -0.00000019
 -0.00000010 -49.39000000
 -0.00000004  -0.00000001
-49.38000000   0.00000021
  0.00000014 -49.37000000
  0.00000029   0.00000019
-49.36000000   0.00000010
  0.00000008 -49.35000000
 -0.00000006  -0.00000001
-49.34000000  -0.00000010
 -0.00000004 -49.33000000
 -0.00000002  -0.00000000
-49.32000000   0.00000012
  0.00000006 -49.31000000
  0.00000016   0.00000008
-49.30000000   0.00000001
  0.00000002 -49.29000000
 -0.00000015  -0.00000004
-49.28000000  -0.00000022
 -0.00000007 -49.27000000
 -0.00000016  -0.00000005
-49.26000000   0.00000001
  0.00000000 -49.25000000
  0.00000019   0.00000007
-49.24000000   0.00000022
  0.00000008 -49.23000000
 -0.00000004   0.00000001
-49.22000000  -0.00000038
 -0.00000007 -49.21000000
 -0.00000058  -0.00000012
-49.20000000  -0.00000052
 -0.00000011 -49.19000000
 -0.00000021  -0.00000005
-49.18000000   0.00000023
  0.00000005 -49.17000000
  0.00000057   0.00000012
-49.16000000   0.00000047
  0.00000011 -49.15000000
 -0.00000011   0.00000003
-49.14000000  -0.00000065
 -0.00000003 -49.13000000
 -0.00000083  -0.00000006
-49.12000000  -0.00000052
 -0.00000004 -49.11000000
  0.00000012   0.00000001
-49.10000000   0.00000075
  0.00000007 -49.09000000
  0.00000078   0.00000007
-49.08000000   0.00000026
  0.00000006 -49.07000000
 -0.00000017   0.00000005
-49.06000000  -0.00000028
  0.00000004 -49.05000000
 -0.00000004   0.00000002
-49.04000000   0.00000034
 -0.00000000 -49.03000000
  0.00000044  -0.00000001
-49.02000000   0.00000018
  0.00000001 -49.01000000
 -0.00000002   0.00000003
-49.00000000  -0.00000008
  0.00000003 -48.99000000
  0.00000002   0.00000001
-48.98000000   0.00000017
 -0.00000002 -48.97000000
  0.00000016  -0.00000002
-48.96000000   0.00000001
  0.00000001 -48.95000000
 -0.00000011   0.00000004
-48.94000000  -0.00000014
  0.00000004 -48.93000000
 -0.00000006   0.00000002
-48.92000000   0.00000008
 -0.00000002 -48.91000000
  0.00000017  -0.00000004
-48.90000000   0.00000007
 -0.00000001 -48.89000000
 -0.00000016   0.00000007
-48.88000000  -0.00000034
  0.00000014 -48.87000000
 -0.00000037   0.00000015
-48.86000000  -0.00000023
  0.00000009 -48.85000000
  0.00000003  -0.00000002
-48.84000000   0.00000030
 -0.00000012 -48.83000000
  0.00000038  -0.00000015
-48.82000000   0.00000005
  0.00000001 -48.81000000
 -0.00000047   0.00000029
-48.80000000  -0.00000082
  0.00000047 -48.79000000
 -0.00000081   0.00000046
-48.78000000  -0.00000042
  0.00000023 -48.77000000
  0.00000021  -0.00000012
-48.76000000   0.00000077
 -0.00000044 -48.75000000
  0.00000080  -0.00000045
-48.74000000   0.00000021
 -0.00000006 -48.73000000
 -0.00000036   0.00000033
-48.72000000  -0.00000058
  0.00000047 -48.71000000
 -0.00000035   0.00000028
-48.70000000   0.00000020
 -0.00000014 -48.69000000
  0.00000068  -0.00000050
-48.68000000   0.00000054
 -0.00000039 -48.67000000
  0.00000017  -0.00000008
-48.66000000  -0.00000007
  0.00000012 -48.65000000
 -0.00000007   0.00000010
-48.64000000   0.00000010
 -0.00000008 -48.63000000
  0.00000027  -0.00000025
-48.62000000   0.00000019
 -0.00000016 -48.61000000
  0.00000002   0.00000001
-48.60000000  -0.00000008
  0.00000012 -48.59000000
 -0.00000007   0.00000010
-48.58000000   0.00000003
 -0.00000002 -48.57000000
  0.00000013  -0.00000015
-48.56000000   0.00000012
 -0.00000013 -48.55000000
 -0.00000001   0.00000005
-48.54000000  -0.00000013
  0.00000022 -48.53000000
 -0.00000018   0.00000027
-48.52000000  -0.00000012
  0.00000018 -48.51000000
  0.00000002  -0.00000003
-48.50000000   0.00000015
 -0.00000024 -48.49000000
  0.00000018  -0.00000027
-48.48000000   0.00000002
  0.00000003 -48.47000000
 -0.00000019   0.00000043
-48.46000000  -0.00000031
  0.00000066 -48.45000000
 -0.00000029   0.00000059
-48.44000000  -0.00000012
  0.00000024 -48.43000000
  0.00000013  -0.00000027
-48.42000000   0.00000032
 -0.00000065 -48.41000000
  0.00000027  -0.00000053
-48.40000000   0.00000004
  0.00000004 -48.39000000
 -0.00000015   0.00000056
-48.38000000  -0.00000022
  0.00000070 -48.37000000
 -0.00000012   0.00000040
-48.36000000   0.00000007
 -0.00000021 -48.35000000
  0.00000025  -0.00000074
-48.34000000   0.00000022
 -0.00000062 -48.33000000
  0.00000009  -0.00000016
-48.32000000   0.00000001
  0.00000015 -48.31000000
 -0.00000001   0.00000018
-48.30000000   0.00000003
 -0.00000006 -48.29000000
  0.00000008  -0.00000034
-48.28000000   0.00000007
 -0.00000030 -48.27000000
  0.00000004  -0.00000008
-48.26000000   0.00000001
  0.00000007 -48.25000000
  0.00000000   0.00000008
-48.24000000   0.00000001
 -0.00000003 -48.23000000
  0.00000002  -0.00000016
-48.22000000   0.00000002
 -0.00000014 -48.21000000
  0.00000001   0.00000001
-48.20000000   0.00000001
  0.00000014 -48.19000000
  0.00000001   0.00000017
-48.18000000   0.00000000
  0.00000009 -48.17000000
 -0.00000000  -0.00000006
-48.16000000  -0.00000000
 -0.00000019 -48.15000000
  0.00000000  -0.00000014
-48.14000000   0.00000003
  0.00000011 -48.13000000
  0.00000006   0.00000037
-48.12000000   0.00000008
  0.00000047 -48.11000000
  0.00000006   0.00000037
-48.10000000   0.00000001
  0.00000010 -48.09000000
 -0.00000004  -0.00000025
-48.08000000  -0.00000007
 -0.00000048 -48.07000000
 -0.00000004  -0.00000031
-48.06000000   0.00000010
  0.00000022 -48.05000000
  0.00000022   0.00000070
-48.04000000   0.00000026
  0.00000086 -48.03000000
  0.00000018   0.00000060
-48.02000000   0.00000000
  0.00000001 -48.01000000
 -0.00000019  -0.00000064
-48.00000000  -0.00000026
 -0.00000089 -47.99000000
 -0.00000010  -0.00000043
-47.98000000   0.00000011
  0.00000012 -47.97000000
  0.00000022   0.00000041
-47.96000000   0.00000016
  0.00000031 -47.95000000
 -0.00000004  -0.00000011
-47.94000000  -0.00000023
 -0.00000053 -47.93000000
 -0.00000020  -0.00000048
-47.92000000  -0.00000005
 -0.00000017 -47.91000000
  0.00000006   0.00000005
-47.90000000   0.00000007
  0.00000007 -47.89000000
 -0.00000002  -0.00000006
-47.88000000  -0.00000012
 -0.00000021 -47.87000000
 -0.00000010  -0.00000018
-47.86000000   0.00000000
 -0.00000002 -47.85000000
  0.00000008   0.00000009
-47.84000000   0.00000009
  0.00000011 -47.83000000
  0.00000003   0.00000003
-47.82000000  -0.00000007
 -0.00000010 -47.81000000
 -0.00000011  -0.00000016
-47.80000000  -0.00000002
 -0.00000004 -47.79000000
  0.00000015   0.00000014
-47.78000000   0.00000026
  0.00000027 -47.77000000
  0.00000027   0.00000027
-47.76000000   0.00000014
  0.00000015 -47.75000000
 -0.00000006  -0.00000006
-47.74000000  -0.00000025
 -0.00000025 -47.73000000
 -0.00000026  -0.00000027
-47.72000000   0.00000009
  0.00000003 -47.71000000
  0.00000059   0.00000044
-47.70000000   0.00000092
  0.00000071 -47.69000000
  0.00000090   0.00000071
-47.68000000   0.00000052
  0.00000042 -47.67000000
 -0.00000012  -0.00000009
-47.66000000  -0.00000075
 -0.00000059 -47.65000000
 -0.00000096  -0.00000076
-47.64000000  -0.00000039
 -0.00000036 -47.63000000
  0.00000042   0.00000017
-47.62000000   0.00000090
  0.00000049 -47.61000000
  0.00000080   0.00000045
-47.60000000   0.00000016
  0.00000008 -47.59000000
 -0.00000068  -0.00000041
-47.58000000  -0.00000105
 -0.00000064 -47.57000000
 -0.00000057  -0.00000037
-47.56000000  -0.00000011
 -0.00000013 -47.55000000
  0.00000008  -0.00000001
-47.54000000  -0.00000003
 -0.00000004 -47.53000000
 -0.00000028  -0.00000014
-47.52000000  -0.00000032
 -0.00000016 -47.51000000
 -0.00000014  -0.00000008
-47.50000000   0.00000000
 -0.00000002 -47.49000000
  0.00000004  -0.00000000
-47.48000000  -0.00000003
 -0.00000002 -47.47000000
 -0.00000012  -0.00000004
-47.46000000  -0.00000010
 -0.00000004 -47.45000000
  0.00000002  -0.00000001
-47.44000000   0.00000012
  0.00000002 -47.43000000
  0.00000015   0.00000003
-47.42000000   0.00000009
  0.00000002 -47.41000000
 -0.00000003  -0.00000001
-47.40000000  -0.00000015
 -0.00000003 -47.39000000
 -0.00000014  -0.00000003
-47.38000000   0.00000009
 -0.00000001 -47.37000000
  0.00000038   0.00000002
-47.36000000   0.00000055
  0.00000004 -47.35000000
  0.00000053   0.00000004
-47.34000000   0.00000030
  0.00000003 -47.33000000
 -0.00000007  -0.00000000
-47.32000000  -0.00000044
 -0.00000003 -47.31000000
 -0.00000057  -0.00000005
-47.30000000  -0.00000031
 -0.00000004 -47.29000000
  0.00000001  -0.00000004
-47.28000000   0.00000018
 -0.00000003 -47.27000000
  0.00000014  -0.00000002
-47.26000000  -0.00000008
 -0.00000000 -47.25000000
 -0.00000029   0.00000001
-47.24000000  -0.00000023
  0.00000001 -47.23000000
 -0.00000005  -0.00000001
-47.22000000   0.00000008
 -0.00000003 -47.21000000
  0.00000009  -0.00000002
-47.20000000  -0.00000000
 -0.00000000 -47.19000000
 -0.00000013   0.00000002
-47.18000000  -0.00000015
  0.00000002 -47.17000000
 -0.00000002  -0.00000001
-47.16000000   0.00000014
 -0.00000005 -47.15000000
  0.00000021  -0.00000007
-47.14000000   0.00000018
 -0.00000005 -47.13000000
  0.00000004  -0.00000001
-47.12000000  -0.00000014
  0.00000004 -47.11000000
 -0.00000023   0.00000007
-47.10000000  -0.00000009
  0.00000002 -47.09000000
  0.00000022  -0.00000012
-47.08000000   0.00000050
 -0.00000023 -47.07000000
  0.00000058  -0.00000026
-47.06000000   0.00000043
 -0.00000019 -47.05000000
  0.00000008  -0.00000003
-47.04000000  -0.00000033
  0.00000015 -47.03000000
 -0.00000059   0.00000027
-47.02000000  -0.00000040
  0.00000017 -47.01000000
  0.00000016  -0.00000015
-47.00000000   0.00000066
 -0.00000044 -46.99000000
  0.00000083  -0.00000053
-46.98000000   0.00000058
 -0.00000036 -46.97000000
 -0.00000001   0.00000000
-46.96000000  -0.00000064
  0.00000040 -46.95000000
 -0.00000088   0.00000054
-46.94000000  -0.00000045
  0.00000024 -46.93000000
  0.00000003  -0.00000011
-46.92000000   0.00000028
 -0.00000028 -46.91000000
  0.00000020  -0.00000019
-46.90000000  -0.00000013
  0.00000009 -46.89000000
 -0.00000044   0.00000035
-46.88000000  -0.00000037
  0.00000029 -46.87000000
 -0.00000012   0.00000006
-46.86000000   0.00000004
 -0.00000009 -46.85000000
  0.00000007  -0.00000010
-46.84000000  -0.00000003
  0.00000002 -46.83000000
 -0.00000017   0.00000016
-46.82000000  -0.00000016
  0.00000016 -46.81000000
 -0.00000003   0.00000001
-46.80000000   0.00000009
 -0.00000014 -46.79000000
  0.00000013  -0.00000018
-46.78000000   0.00000008
 -0.00000011 -46.77000000
 -0.00000003   0.00000004
-46.76000000  -0.00000014
  0.00000019 -46.75000000
 -0.00000013   0.00000017
-46.74000000   0.00000001
 -0.00000006 -46.73000000
  0.00000016  -0.00000031
-46.72000000   0.00000025
 -0.00000044 -46.71000000
  0.00000021  -0.00000038
-46.70000000   0.00000008
 -0.00000013 -46.69000000
 -0.00000011   0.00000020
-46.68000000  -0.00000025
  0.00000044 -46.67000000
 -0.00000020   0.00000035
-46.66000000   0.00000001
 -0.00000012 -46.65000000
  0.00000021  -0.00000058
-46.64000000   0.00000030
 -0.00000077 -46.63000000
  0.00000024  -0.00000059
-46.62000000   0.00000004
 -0.00000010 -46.61000000
 -0.00000020   0.00000049
-46.60000000  -0.00000033
  0.00000081 -46.59000000
 -0.00000021   0.00000048
-46.58000000  -0.00000005
 -0.00000005 -46.57000000
  0.00000006  -0.00000038
-46.56000000   0.00000007
 -0.00000037 -46.55000000
 -0.00000000  -0.00000004
-46.54000000  -0.00000011
  0.00000041 -46.53000000
 -0.00000015   0.00000055
-46.52000000  -0.00000008
  0.00000026 -46.51000000
 -0.00000003  -0.00000001
-46.50000000  -0.00000001
 -0.00000011 -46.49000000
 -0.00000001  -0.00000003
-46.48000000  -0.00000003
  0.00000015 -46.47000000
 -0.00000004   0.00000025
-46.46000000  -0.00000002
  0.00000012 -46.45000000
 -0.00000001  -0.00000004
-46.44000000  -0.00000001
 -0.00000012 -46.43000000
 -0.00000000  -0.00000010
-46.42000000  -0.00000000
  0.00000002 -46.41000000
 -0.00000000   0.00000014
-46.40000000  -0.00000000
  0.00000015 -46.39000000
 -0.00000001  -0.00000001
-46.38000000  -0.00000003
 -0.00000019 -46.37000000
 -0.00000004  -0.00000028
-46.36000000  -0.00000003
 -0.00000025 -46.35000000
 -0.00000001  -0.00000009
-46.34000000   0.00000002
  0.00000013 -46.33000000
  0.00000003   0.00000029
-46.32000000   0.00000002
  0.00000022 -46.31000000
 -0.00000006  -0.00000013
-46.30000000  -0.00000014
 -0.00000050 -46.29000000
 -0.00000018  -0.00000069
-46.28000000  -0.00000015
 -0.00000060 -46.27000000
 -0.00000006  -0.00000025
-46.26000000   0.00000007
  0.00000024 -46.25000000
  0.00000017   0.00000065
-46.24000000   0.00000016
  0.00000063 -46.23000000
 -0.00000002   0.00000012
-46.22000000  -0.00000021
 -0.00000042 -46.21000000
 -0.00000030  -0.00000069
-46.20000000  -0.00000024
 -0.00000055 -46.19000000
 -0.00000003  -0.00000007
-46.18000000   0.00000021
  0.00000052 -46.17000000
  0.00000031   0.00000078
-46.16000000   0.00000015
  0.00000043 -46.15000000
 -0.00000004   0.00000004
-46.14000000  -0.00000014
 -0.00000017 -46.13000000
 -0.00000009  -0.00000012
-46.12000000   0.00000005
  0.00000011 -46.11000000
  0.00000019   0.00000034
-46.10000000   0.00000014
  0.00000027 -46.09000000
  0.00000002   0.00000007
-46.08000000  -0.00000007
 -0.00000006 -46.07000000
 -0.00000008  -0.00000008
-46.06000000  -0.00000001
  0.00000000 -46.05000000
  0.00000009   0.00000013
-46.04000000   0.00000011
  0.00000016 -46.03000000
  0.00000001   0.00000004
-46.02000000  -0.00000011
 -0.00000010 -46.01000000
 -0.00000017  -0.00000017
-46.00000000  -0.00000015
 -0.00000015 -45.99000000
 -0.00000004  -0.00000004
-45.98000000   0.00000010
  0.00000010 -45.97000000
  0.00000019   0.00000020
-45.96000000   0.00000009
  0.00000011 -45.95000000
 -0.00000020  -0.00000014
-45.94000000  -0.00000049
 -0.00000038 -45.93000000
 -0.00000061  -0.00000049
-45.92000000  -0.00000051
 -0.00000041 -45.91000000
 -0.00000020  -0.00000017
-45.90000000   0.00000021
  0.00000017 -45.89000000
  0.00000056   0.00000044
-45.88000000   0.00000057
  0.00000046 -45.87000000
  0.00000003   0.00000010
-45.86000000  -0.00000065
 -0.00000034 -45.85000000
 -0.00000107  -0.00000061
-45.84000000  -0.00000100
 -0.00000059 -45.83000000
 -0.00000046  -0.00000028
-45.82000000   0.00000036
  0.00000021 -45.81000000
  0.00000104   0.00000063
-45.80000000   0.00000099
  0.00000060 -45.79000000
  0.00000036   0.00000027
-45.78000000  -0.00000016
  0.00000001 -45.77000000
 -0.00000032  -0.00000009
-45.76000000  -0.00000009
 -0.00000001 -45.75000000
  0.00000034   0.00000016
-45.74000000   0.00000057
  0.00000026 -45.73000000
  0.00000032   0.00000016
-45.72000000   0.00000008
  0.00000007 -45.71000000
 -0.00000003   0.00000002
-45.70000000   0.00000001
  0.00000002 -45.69000000
  0.00000013   0.00000005
-45.68000000   0.00000018
  0.00000006 -45.67000000
  0.00000007   0.00000003
-45.66000000  -0.00000004
  0.00000000 -45.65000000
 -0.00000010  -0.00000001
-45.64000000  -0.00000007
 -0.00000001 -45.63000000
  0.00000002   0.00000001
-45.62000000   0.00000011
  0.00000002 -45.61000000
  0.00000012   0.00000002
-45.60000000  -0.00000003
  0.00000001 -45.59000000
 -0.00000021  -0.00000001
-45.58000000  -0.00000032
 -0.00000002 -45.57000000
 -0.00000031  -0.00000002
-45.56000000  -0.00000018
 -0.00000001 -45.55000000
  0.00000004   0.00000000
-45.54000000   0.00000026
  0.00000001 -45.53000000
  0.00000034   0.00000002
-45.52000000   0.00000008
  0.00000003 -45.51000000
 -0.00000043   0.00000005
-45.50000000  -0.00000086
  0.00000008 -45.49000000
 -0.00000101   0.00000008
-45.48000000  -0.00000079
  0.00000006 -45.47000000
 -0.00000026   0.00000002
-45.46000000   0.00000042
 -0.00000004 -45.45000000
  0.00000095  -0.00000008
-45.44000000   0.00000091
 -0.00000007 -45.43000000
  0.00000024   0.00000004
-45.42000000  -0.00000045
  0.00000016 -45.41000000
 -0.00000078   0.00000021
-45.40000000  -0.00000061
  0.00000015 -45.39000000
 -0.00000002   0.00000001
-45.38000000   0.00000067
 -0.00000014 -45.37000000
  0.00000092  -0.00000020
-45.36000000   0.00000050
 -0.00000009 -45.35000000
  0.00000012   0.00000002
-45.34000000  -0.00000006
  0.00000006 -45.33000000
  0.00000000   0.00000002
-45.32000000   0.00000020
 -0.00000006 -45.31000000
  0.00000031  -0.00000010
-45.30000000   0.00000017
 -0.00000005 -45.29000000
  0.00000002   0.00000001
-45.28000000  -0.00000005
  0.00000004 -45.27000000
 -0.00000003   0.00000002
-45.26000000   0.00000005
 -0.00000002 -45.25000000
  0.00000013  -0.00000006
-45.24000000   0.00000008
 -0.00000003 -45.23000000
 -0.00000004   0.00000004
-45.22000000  -0.00000014
  0.00000010 -45.21000000
 -0.00000017   0.00000012
-45.20000000  -0.00000012
  0.00000008 -45.19000000
 -0.00000001   0.00000001
-45.18000000   0.00000012
 -0.00000008 -45.17000000
  0.00000019  -0.00000012
-45.16000000   0.00000006
 -0.00000002 -45.15000000
 -0.00000023   0.00000022
-45.14000000  -0.00000051
  0.00000045 -45.13000000
 -0.00000064   0.00000055
-45.12000000  -0.00000056
  0.00000048 -45.11000000
 -0.00000029   0.00000024
-45.10000000   0.00000011
 -0.00000010 -45.09000000
  0.00000050  -0.00000043
-45.08000000   0.00000065
 -0.00000056 -45.07000000
  0.00000041  -0.00000034
-45.06000000   0.00000010
 -0.00000002 -45.05000000
 -0.00000010   0.00000017
-45.04000000  -0.00000011
  0.00000016 -45.03000000
  0.00000004  -0.00000002
-45.02000000   0.00000023
 -0.00000025 -45.01000000
  0.00000025  -0.00000027
-45.00000000   0.00000011
 -0.00000010 -44.99000000
 -0.00000000   0.00000005
-44.98000000  -0.00000005
  0.00000010 -44.97000000
 -0.00000002   0.00000005
-44.96000000   0.00000006
 -0.00000008 -44.95000000
  0.00000012  -0.00000016
-44.94000000   0.00000007
 -0.00000009 -44.93000000
 -0.00000002   0.00000006
-44.92000000  -0.00000009
  0.00000018 -44.91000000
 -0.00000011   0.00000021
-44.90000000  -0.00000007
  0.00000013 -44.89000000
  0.00000001  -0.00000003
-44.88000000   0.00000010
 -0.00000019 -44.87000000
  0.00000012  -0.00000022
-44.86000000   0.00000003
 -0.00000002 -44.85000000
 -0.00000009   0.00000030
-44.84000000  -0.00000018
  0.00000053 -44.83000000
 -0.00000020   0.00000057
-44.82000000  -0.00000014
  0.00000039 -44.81000000
 -0.00000002   0.00000003
-44.80000000   0.00000013
 -0.00000037 -44.79000000
  0.00000021  -0.00000060
-44.78000000   0.00000015
 -0.00000039 -44.77000000
  0.00000002   0.00000015
-44.76000000  -0.00000010
  0.00000065 -44.75000000
 -0.00000015   0.00000084
-44.74000000  -0.00000012
  0.00000062 -44.73000000
 -0.00000002   0.00000008
-44.72000000   0.00000011
 -0.00000055 -44.71000000
  0.00000018  -0.00000089
-44.70000000   0.00000013
 -0.00000056 -44.69000000
  0.00000007  -0.00000007
-44.68000000   0.00000003
  0.00000024 -44.67000000
  0.00000001   0.00000026
-44.66000000   0.00000002
  0.00000000 -44.65000000
  0.00000003  -0.00000035
-44.64000000   0.00000004
 -0.00000046 -44.63000000
  0.00000003  -0.00000023
-44.62000000   0.00000003
 -0.00000002 -44.61000000
  0.00000002   0.00000008
-44.60000000   0.00000001
  0.00000003 -44.59000000
  0.00000000  -0.00000010
-44.58000000  -0.00000001
 -0.00000019 -44.57000000
 -0.00000000  -0.00000012
-44.56000000   0.00000002
  0.00000002 -44.55000000
  0.00000003   0.00000012
-44.54000000   0.00000003
  0.00000013 -44.53000000
  0.00000001   0.00000006
-44.52000000  -0.00000001
 -0.00000006 -44.51000000
 -0.00000003  -0.00000016
-44.50000000  -0.00000002
 -0.00000012 -44.49000000
  0.00000004   0.00000007
-44.48000000   0.00000009
  0.00000026 -44.47000000
  0.00000012   0.00000037
-44.46000000   0.00000011
  0.00000033 -44.45000000
  0.00000005   0.00000017
-44.44000000  -0.00000003
 -0.00000008 -44.43000000
 -0.00000010  -0.00000032
-44.42000000  -0.00000012
 -0.00000037 -44.41000000
 -0.00000000  -0.00000009
-44.40000000   0.00000021
  0.00000038 -44.39000000
  0.00000038   0.00000075
-44.38000000   0.00000043
  0.00000086 -44.37000000
  0.00000031   0.00000064
-44.36000000   0.00000007
  0.00000015 -44.35000000
 -0.00000022  -0.00000044
-44.34000000  -0.00000042
 -0.00000085 -44.33000000
 -0.00000034  -0.00000072
-44.32000000  -0.00000001
 -0.00000015 -44.31000000
  0.00000031   0.00000037
-44.30000000   0.00000044
  0.00000059 -44.29000000
  0.00000032   0.00000043
-44.28000000  -0.00000001
 -0.00000003 -44.27000000
 -0.00000037  -0.00000055
-44.26000000  -0.00000048
 -0.00000071 -44.25000000
 -0.00000023  -0.00000038
-44.24000000   0.00000002
 -0.00000007 -44.23000000
  0.00000013   0.00000009
-44.22000000   0.00000008
  0.00000005 -44.21000000
 -0.00000009  -0.00000012
-44.20000000  -0.00000023
 -0.00000027 -44.19000000
 -0.00000017  -0.00000020
-44.18000000  -0.00000002
 -0.00000005 -44.17000000
  0.00000009   0.00000006
-44.16000000   0.00000011
  0.00000009 -44.15000000
  0.00000004   0.00000003
-44.14000000  -0.00000008
 -0.00000008 -44.13000000
 -0.00000016  -0.00000015
-44.12000000  -0.00000008
 -0.00000009 -44.11000000
  0.00000009   0.00000004
-44.10000000   0.00000023
  0.00000014 -44.09000000
  0.00000028   0.00000018
-44.08000000   0.00000021
  0.00000014 -44.07000000
  0.00000003   0.00000002
-44.06000000  -0.00000018
 -0.00000012 -44.05000000
 -0.00000030  -0.00000020
-44.04000000  -0.00000016
 -0.00000012 -44.03000000
  0.00000020   0.00000007
-44.02000000   0.00000055
  0.00000025 -44.01000000
  0.00000071   0.00000033
-44.00000000   0.00000061
  0.00000029 -43.99000000
  0.00000026   0.00000013
-43.98000000  -0.00000022
 -0.00000010 -43.97000000
 -0.00000064  -0.00000030
-43.96000000  -0.00000069
 -0.00000033 -43.95000000
 -0.00000022  -0.00000015
-43.94000000   0.00000034
  0.00000006 -43.93000000
  0.00000069   0.00000018
-43.92000000   0.00000066
  0.00000019 -43.91000000
  0.00000026   0.00000007
-43.90000000  -0.00000033
 -0.00000011 -43.89000000
 -0.00000078  -0.00000025
-43.88000000  -0.00000064
 -0.00000021 -43.87000000
 -0.00000022  -0.00000011
-43.86000000   0.00000009
 -0.00000003 -43.85000000
  0.00000018  -0.00000000
-43.84000000   0.00000003
 -0.00000001 -43.83000000
 -0.00000023  -0.00000005
-43.82000000  -0.00000037
 -0.00000007 -43.81000000
 -0.00000020  -0.00000005
-43.80000000  -0.00000003
 -0.00000003 -43.79000000
  0.00000008  -0.00000001
-43.78000000   0.00000006
 -0.00000001 -43.77000000
 -0.00000004  -0.00000001
-43.76000000  -0.00000015
 -0.00000001 -43.75000000
 -0.00000014  -0.00000001
-43.74000000  -0.00000002
 -0.00000001 -43.73000000
  0.00000011  -0.00000002
-43.72000000   0.00000017
 -0.00000002 -43.71000000
  0.00000015  -0.00000001
-43.70000000   0.00000004
 -0.00000000 -43.69000000
 -0.00000010   0.00000001
-43.68000000  -0.00000019
  0.00000001 -43.67000000
 -0.00000012   0.00000000
-43.66000000   0.00000012
 -0.00000004 -43.65000000
  0.00000036  -0.00000009
-43.64000000   0.00000049
 -0.00000011 -43.63000000
  0.00000045  -0.00000010
-43.62000000   0.00000025
 -0.00000005 -43.61000000
 -0.00000007   0.00000002
-43.60000000  -0.00000038
  0.00000009 -43.59000000
 -0.00000051   0.00000011
-43.58000000  -0.00000025
  0.00000004 -43.57000000
  0.00000027  -0.00000014
-43.56000000   0.00000072
 -0.00000030 -43.55000000
  0.00000090  -0.00000036
-43.54000000   0.00000073
 -0.00000028 -43.53000000
  0.00000023  -0.00000009
-43.52000000  -0.00000040
  0.00000016 -43.51000000
 -0.00000089   0.00000034
-43.50000000  -0.00000080
  0.00000030 -43.49000000
 -0.00000028   0.00000006
-43.48000000   0.00000019
 -0.00000017 -43.47000000
  0.00000040  -0.00000026
-43.46000000   0.00000028
 -0.00000018 -43.45000000
 -0.00000009   0.00000003
-43.44000000  -0.00000048
  0.00000026 -43.43000000
 -0.00000053   0.00000029
-43.42000000  -0.00000026
  0.00000012 -43.41000000
 -0.00000003  -0.00000003
-43.40000000   0.00000007
 -0.00000009 -43.39000000
  0.00000003  -0.00000004
-43.38000000  -0.00000011
  0.00000007 -43.37000000
 -0.00000022   0.00000015
-43.36000000  -0.00000015
  0.00000010 -43.35000000
 -0.00000002  -0.00000001
-43.34000000   0.00000008
 -0.00000010 -43.33000000
  0.00000011  -0.00000011
-43.32000000   0.00000005
 -0.00000006 -43.31000000
 -0.00000005   0.00000004
-43.30000000  -0.00000014
  0.00000013 -43.29000000
 -0.00000012   0.00000011
-43.28000000   0.00000002
 -0.00000005 -43.27000000
  0.00000018  -0.00000024
-43.26000000   0.00000028
 -0.00000036 -43.25000000
  0.00000028  -0.00000035
-43.24000000   0.00000017
 -0.00000021 -43.23000000
 -0.00000001   0.00000002
-43.22000000  -0.00000020
  0.00000026 -43.21000000
 -0.00000030   0.00000038
-43.20000000  -0.00000018
  0.00000020 -43.19000000
  0.00000012  -0.00000028
-43.18000000   0.00000042
 -0.00000077 -43.17000000
  0.00000058  -0.00000102
-43.16000000   0.00000054
 -0.00000093 -43.15000000
  0.00000029  -0.00000050
-43.14000000  -0.00000008
  0.00000016 -43.13000000
 -0.00000046   0.00000079
-43.12000000  -0.00000061
  0.00000105 -43.11000000
 -0.00000039   0.00000061
-43.10000000  -0.00000006
 -0.00000008 -43.09000000
  0.00000017  -0.00000058
-43.08000000   0.00000023
 -0.00000067 -43.07000000
  0.00000011  -0.00000033
-43.06000000  -0.00000012
  0.00000028 -43.05000000
 -0.00000033   0.00000079
-43.04000000  -0.00000029
  0.00000070 -43.03000000
 -0.00000016   0.00000032
-43.02000000  -0.00000006
  0.00000004 -43.01000000
 -0.00000002  -0.00000005
-43.00000000  -0.00000004
  0.00000005 -42.99000000
 -0.00000007   0.00000022
-42.98000000  -0.00000008
  0.00000026 -42.97000000
 -0.00000005   0.00000012
-42.96000000  -0.00000002
 -0.00000000 -42.95000000
 -0.00000000  -0.00000006
-42.94000000  -0.00000000
 -0.00000004 -42.93000000
 -0.00000001   0.00000004
-42.92000000  -0.00000002
  0.00000012 -42.91000000
 -0.00000002   0.00000010
-42.90000000  -0.00000001
 -0.00000002 -42.89000000
 -0.00000000  -0.00000013
-42.88000000  -0.00000000
 -0.00000019 -42.87000000
  0.00000000  -0.00000017
-42.86000000   0.00000000
 -0.00000008 -42.85000000
 -0.00000000   0.00000007
-42.84000000  -0.00000000
  0.00000019 -42.83000000
 -0.00000000   0.00000019
-42.82000000  -0.00000002
 -0.00000003 -42.81000000
 -0.00000006  -0.00000036
-42.80000000  -0.00000009
 -0.00000062 -42.79000000
 -0.00000009  -0.00000071
-42.78000000  -0.00000007
 -0.00000058 -42.77000000
 -0.00000003  -0.00000026
-42.76000000   0.00000003
  0.00000018 -42.75000000
  0.00000008   0.00000057
-42.74000000   0.00000010
  0.00000072 -42.73000000
  0.00000003   0.00000037
-42.72000000  -0.00000014
 -0.00000029 -42.71000000
 -0.00000028  -0.00000087
-42.70000000  -0.00000033
 -0.00000110 -42.69000000
 -0.00000026  -0.00000088
-42.68000000  -0.00000008
 -0.00000027 -42.67000000
  0.00000015   0.00000051
-42.66000000   0.00000032
  0.00000110 -42.65000000
  0.00000027   0.00000098
-42.64000000   0.00000007
  0.00000042 -42.63000000
 -0.00000010  -0.00000004
-42.62000000  -0.00000016
 -0.00000023 -42.61000000
 -0.00000008  -0.00000011
-42.60000000   0.00000007
  0.00000021 -42.59000000
  0.00000020   0.00000049
-42.58000000   0.00000016
  0.00000039 -42.57000000
  0.00000005   0.00000017
-42.56000000  -0.00000003
  0.00000002 -42.55000000
 -0.00000004  -0.00000003
-42.54000000   0.00000000
  0.00000003 -42.53000000
  0.00000007   0.00000013
-42.52000000   0.00000009
  0.00000015 -42.51000000
  0.00000002   0.00000006
-42.50000000  -0.00000005
 -0.00000004 -42.49000000
 -0.00000009  -0.00000010
-42.48000000  -0.00000008
 -0.00000010 -42.47000000
 -0.00000003  -0.00000004
-42.46000000   0.00000004
  0.00000006 -42.45000000
  0.00000010   0.00000013
-42.44000000   0.00000007
  0.00000010 -42.43000000
 -0.00000008  -0.00000006
-42.42000000  -0.00000026
 -0.00000024 -42.41000000
 -0.00000038  -0.00000036
-42.40000000  -0.00000039
 -0.00000037 -42.39000000
 -0.00000028  -0.00000027
-42.38000000  -0.00000007
 -0.00000007 -42.37000000
  0.00000018   0.00000017
-42.36000000   0.00000037
  0.00000035 -42.35000000
  0.00000037   0.00000036
-42.34000000   0.00000016
  0.00000018 -42.33000000
 -0.00000008  -0.00000001
-42.32000000  -0.00000022
 -0.00000013 -42.31000000
 -0.00000020  -0.00000013
-42.30000000  -0.00000004
 -0.00000002 -42.29000000
  0.00000018   0.00000013
-42.28000000   0.00000030
  0.00000022 -42.27000000
  0.00000018   0.00000014
-42.26000000  -0.00000000
  0.00000003 -42.25000000
 -0.00000014  -0.00000005
-42.24000000  -0.00000016
 -0.00000007 -42.23000000
 -0.00000008  -0.00000003
-42.22000000   0.00000008
  0.00000005 -42.21000000
  0.00000021   0.00000011
-42.20000000   0.00000017
  0.00000009 -42.19000000
 -0.00000000   0.00000002
-42.18000000  -0.00000018
 -0.00000005 -42.17000000
 -0.00000027  -0.00000009
-42.16000000  -0.00000024
 -0.00000008 -42.15000000
 -0.00000010  -0.00000003
-42.14000000   0.00000011
  0.00000004 -42.13000000
  0.00000028   0.00000010
-42.12000000   0.00000026
  0.00000009 -42.11000000
  0.00000000   0.00000003
-42.10000000  -0.00000029
 -0.00000004 -42.09000000
 -0.00000049  -0.00000008
-42.08000000  -0.00000049
 -0.00000009 -42.07000000
 -0.00000031  -0.00000006
-42.06000000   0.00000002
  0.00000000 -42.05000000
  0.00000037   0.00000007
-42.04000000   0.00000054
  0.00000011 -42.03000000
  0.00000033   0.00000008
-42.02000000  -0.00000009
  0.00000004 -42.01000000
 -0.00000043   0.00000001
-42.00000000  -0.00000056
 -0.00000001 -41.99000000
 -0.00000042  -0.00000001
-41.98000000  -0.00000006
  0.00000000 -41.97000000
  0.00000037   0.00000002
-41.96000000   0.00000063
  0.00000003 -41.95000000
  0.00000043   0.00000003
-41.94000000   0.00000008
  0.00000004 -41.93000000
 -0.00000019   0.00000005
-41.92000000  -0.00000027
  0.00000005 -41.91000000
 -0.00000014   0.00000003
-41.90000000   0.00000012
 -0.00000000 -41.89000000
  0.00000036  -0.00000003
-41.88000000   0.00000033
 -0.00000003 -41.87000000
  0.00000012   0.00000001
-41.86000000  -0.00000006
  0.00000004 -41.85000000
 -0.00000015   0.00000005
-41.84000000  -0.00000011
  0.00000004 -41.83000000
  0.00000003  -0.00000000
-41.82000000   0.00000018
 -0.00000004 -41.81000000
  0.00000021  -0.00000005
-41.80000000   0.00000008
 -0.00000001 -41.79000000
 -0.00000008   0.00000005
-41.78000000  -0.00000018
  0.00000008 -41.77000000
 -0.00000019   0.00000008
-41.76000000  -0.00000010
  0.00000004 -41.75000000
  0.00000005  -0.00000002
-41.74000000   0.00000020
 -0.00000008 -41.73000000
  0.00000022  -0.00000008
-41.72000000   0.00000005
  0.00000000 -41.71000000
 -0.00000018   0.00000012
-41.70000000  -0.00000035
  0.00000021 -41.69000000
 -0.00000040   0.00000024
-41.68000000  -0.00000030
  0.00000017 -41.67000000
 -0.00000007   0.00000004
-41.66000000   0.00000020
 -0.00000012 -41.65000000
  0.00000040  -0.00000023
-41.64000000   0.00000036
 -0.00000020 -41.63000000
  0.00000004   0.00000003
-41.62000000  -0.00000034
  0.00000030 -41.61000000
 -0.00000058   0.00000049
-41.60000000  -0.00000061
  0.00000050 -41.59000000
 -0.00000040   0.00000032
-41.58000000  -0.00000001
  0.00000000 -41.57000000
  0.00000042  -0.00000034
-41.56000000   0.00000067
 -0.00000053 -41.55000000
  0.00000048  -0.00000036
-41.54000000   0.00000008
  0.00000002 -41.53000000
 -0.00000026   0.00000035
-41.52000000  -0.00000041
  0.00000048 -41.51000000
 -0.00000031   0.00000036
-41.50000000  -0.00000002
  0.00000003 -41.49000000
  0.00000033  -0.00000035
-41.48000000   0.00000052
 -0.00000055 -41.47000000
  0.00000034  -0.00000034
-41.46000000   0.00000009
 -0.00000003 -41.45000000
 -0.00000009   0.00000019
-41.44000000  -0.00000013
  0.00000024 -41.43000000
 -0.00000005   0.00000010
-41.42000000   0.00000011
 -0.00000014 -41.41000000
  0.00000024  -0.00000034
-41.40000000   0.00000020
 -0.00000027 -41.39000000
  0.00000008  -0.00000007
-41.38000000  -0.00000002
  0.00000010 -41.37000000
 -0.00000007   0.00000017
-41.36000000  -0.00000004
  0.00000011 -41.35000000
  0.00000003  -0.00000004
-41.34000000   0.00000010
 -0.00000019 -41.33000000
  0.00000011  -0.00000022
-41.32000000   0.00000005
 -0.00000007 -41.31000000
 -0.00000002   0.00000010
-41.30000000  -0.00000006
  0.00000022 -41.29000000
 -0.00000007   0.00000022
-41.28000000  -0.00000004
  0.00000012 -41.27000000
  0.00000002  -0.00000005
-41.26000000   0.00000008
 -0.00000022 -41.25000000
  0.00000009  -0.00000025
-41.24000000   0.00000004
 -0.00000007 -41.23000000
 -0.00000001   0.00000018
-41.22000000  -0.00000006
  0.00000038 -41.21000000
 -0.00000007   0.00000043
-41.20000000  -0.00000006
  0.00000032 -41.19000000
 -0.00000001   0.00000007
-41.18000000   0.00000004
 -0.00000023 -41.17000000
  0.00000008  -0.00000044
-41.16000000   0.00000007
 -0.00000037 -41.15000000
  0.00000004  -0.00000003
-41.14000000   0.00000002
  0.00000033 -41.13000000
  0.00000000   0.00000055
-41.12000000  -0.00000001
  0.00000054 -41.11000000
 -0.00000000   0.00000029
-41.10000000   0.00000000
 -0.00000010 -41.09000000
  0.00000001  -0.00000049
-41.08000000   0.00000002
 -0.00000061 -41.07000000
  0.00000003  -0.00000033
-41.06000000   0.00000005
  0.00000004 -41.05000000
  0.00000007   0.00000029
-41.04000000   0.00000006
  0.00000034 -41.03000000
  0.00000003   0.00000018
-41.02000000  -0.00000001
 -0.00000013 -41.01000000
 -0.00000005  -0.00000041
-41.00000000  -0.00000005
 -0.00000041 -40.99000000
 -0.00000000  -0.00000018
-40.98000000   0.00000004
  0.00000004 -40.97000000
  0.00000006   0.00000016
-40.96000000   0.00000005
  0.00000014 -40.95000000
  0.00000001   0.00000000
-40.94000000  -0.00000004
 -0.00000018 -40.93000000
 -0.00000007  -0.00000026
-40.92000000  -0.00000003
 -0.00000015 -40.91000000
  0.00000003   0.00000002
-40.90000000   0.00000008
  0.00000014 -40.89000000
  0.00000009   0.00000018
-40.88000000   0.00000005
  0.00000011 -40.87000000
 -0.00000001  -0.00000002
-40.86000000  -0.00000007
 -0.00000017 -40.85000000
 -0.00000009  -0.00000022
-40.84000000  -0.00000003
 -0.00000009 -40.83000000
  0.00000008   0.00000010
-40.82000000   0.00000018
  0.00000026 -40.81000000
  0.00000021   0.00000033
-40.80000000   0.00000017
  0.00000026 -40.79000000
  0.00000006   0.00000010
-40.78000000  -0.00000008
 -0.00000013 -40.77000000
 -0.00000019  -0.00000031
-40.76000000  -0.00000020
 -0.00000032 -40.75000000
 -0.00000002  -0.00000008
-40.74000000   0.00000024
  0.00000024 -40.73000000
  0.00000044   0.00000049
-40.72000000   0.00000050
  0.00000057 -40.71000000
  0.00000038   0.00000045
-40.70000000   0.00000013
  0.00000015 -40.69000000
 -0.00000020  -0.00000023
-40.68000000  -0.00000046
 -0.00000053 -40.67000000
 -0.00000047  -0.00000056
-40.66000000  -0.00000015
 -0.00000023 -40.65000000
  0.00000026   0.00000015
-40.64000000   0.00000055
  0.00000043 -40.63000000
  0.00000060   0.00000048
-40.62000000   0.00000038
  0.00000031 -40.61000000
 -0.00000004  -0.00000004
-40.60000000  -0.00000047
 -0.00000041 -40.59000000
 -0.00000067  -0.00000058
-40.58000000  -0.00000040
 -0.00000037 -40.57000000
 -0.00000003  -0.00000010
-40.56000000   0.00000023
  0.00000009 -40.55000000
  0.00000030   0.00000015
-40.54000000   0.00000015
  0.00000007 -40.53000000
 -0.00000014  -0.00000010
-40.52000000  -0.00000039
 -0.00000025 -40.51000000
 -0.00000036  -0.00000024
-40.50000000  -0.00000014
 -0.00000012 -40.49000000
  0.00000005  -0.00000002
-40.48000000   0.00000014
  0.00000004 -40.47000000
  0.00000010   0.00000003
-40.46000000  -0.00000003
 -0.00000002 -40.45000000
 -0.00000018  -0.00000009
-40.44000000  -0.00000022
 -0.00000010 -40.43000000
 -0.00000009  -0.00000005
-40.42000000   0.00000006
 -0.00000000 -40.41000000
  0.00000016   0.00000003
-40.40000000   0.00000017
  0.00000004 -40.39000000
  0.00000009   0.00000002
-40.38000000  -0.00000005
 -0.00000002 -40.37000000
 -0.00000018  -0.00000005
-40.36000000  -0.00000020
 -0.00000006 -40.35000000
 -0.00000005  -0.00000003
-40.34000000   0.00000016
  0.00000001 -40.33000000
  0.00000032   0.00000003
-40.32000000   0.00000037
  0.00000004 -40.31000000
  0.00000029   0.00000004
-40.30000000   0.00000010
  0.00000001 -40.29000000
 -0.00000015  -0.00000002
-40.28000000  -0.00000035
 -0.00000005 -40.27000000
 -0.00000036  -0.00000005
-40.26000000  -0.00000009
 -0.00000004 -40.25000000
  0.00000028  -0.00000003
-40.24000000   0.00000057
 -0.00000003 -40.23000000
  0.00000066  -0.00000002
-40.22000000   0.00000051
 -0.00000001 -40.21000000
  0.00000017  -0.00000000
-40.20000000  -0.00000027
  0.00000001 -40.19000000
 -0.00000062   0.00000002
-40.18000000  -0.00000064
  0.00000001 -40.17000000
 -0.00000027  -0.00000002
-40.16000000   0.00000015
 -0.00000008 -40.15000000
  0.00000043  -0.00000011
-40.14000000   0.00000046
 -0.00000010 -40.13000000
  0.00000025  -0.00000006
-40.12000000  -0.00000012
  0.00000002 -40.11000000
 -0.00000048   0.00000008
-40.10000000  -0.00000056
  0.00000010 -40.09000000
 -0.00000030   0.00000003
-40.08000000  -0.00000003
 -0.00000004 -40.07000000
  0.00000014  -0.00000008
-40.06000000   0.00000015
 -0.00000007 -40.05000000
  0.00000002  -0.00000002
-40.04000000  -0.00000017
  0.00000005 -40.03000000
 -0.00000029   0.00000009
-40.02000000  -0.00000020
  0.00000006 -40.01000000
