 -0.00000075  -0.00000032
-60.00000000  -0.00000025
 -0.00000011 -59.99000000
  0.00000050   0.00000021
-59.98000000   0.00000082
  0.00000035 -59.97000000
  0.00000017   0.00000011
-59.96000000  -0.00000050
 -0.00000012 -59.95000000
 -0.00000057  -0.00000016
-59.94000000   0.00000001
  0.00000001 -59.93000000
  0.00000069   0.00000022
-59.92000000   0.00000050
  0.00000017 -59.91000000
  0.00000003   0.00000004
-59.90000000  -0.00000013
 -0.00000001 -59.89000000
  0.00000008   0.00000003
-59.88000000   0.00000031
  0.00000007 -59.87000000
  0.00000014   0.00000004
-59.86000000  -0.00000005
  0.00000001 -59.85000000
 -0.00000008  -0.00000000
-59.84000000   0.00000005
  0.00000001 -59.83000000
  0.00000016   0.00000002
-59.82000000   0.00000002
  0.00000001 -59.81000000
 -0.00000016   0.00000000
-59.80000000  -0.00000020
 -0.00000000 -59.79000000
 -0.00000007  -0.00000000
-59.78000000   0.00000014
  0.00000000 -59.77000000
  0.00000021   0.00000001
-59.76000000  -0.00000011
  0.00000002 -59.75000000
 -0.00000049   0.00000005
-59.74000000  -0.00000059
  0.00000005 -59.73000000
 -0.00000032   0.00000002
-59.72000000   0.00000021
 -0.00000002 -59.71000000
  0.00000061  -0.00000005
-59.70000000   0.00000030
 -0.00000001 -59.69000000
 -0.00000048   0.00000012
-59.68000000  -0.00000090
  0.00000018 -59.67000000
 -0.00000062   0.00000012
-59.66000000   0.00000022
 -0.00000004 -59.65000000
  0.00000094  -0.00000018
-59.64000000   0.00000057
 -0.00000009 -59.63000000
 -0.00000008   0.00000007
-59.62000000  -0.00000029
  0.00000011 -59.61000000
  0.00000003   0.00000000
-59.60000000   0.00000047
 -0.00000013 -59.59000000
  0.00000031  -0.00000008
-59.58000000   0.00000002
  0.00000002 -59.57000000
 -0.00000006   0.00000004
-59.56000000   0.00000007
 -0.00000002 -59.55000000
  0.00000019  -0.00000007
-59.54000000   0.00000006
 -0.00000001 -59.53000000
 -0.00000009   0.00000006
-59.52000000  -0.00000012
  0.00000006 -59.51000000
 -0.00000000   0.00000000
-59.50000000   0.00000014
 -0.00000007 -59.49000000
  0.00000009  -0.00000004
-59.48000000  -0.00000016
  0.00000012 -59.47000000
 -0.00000035   0.00000023
-59.46000000  -0.00000032
  0.00000020 -59.45000000
 -0.00000006   0.00000004
-59.44000000   0.00000027
 -0.00000017 -59.43000000
  0.00000036  -0.00000023
-59.42000000  -0.00000012
  0.00000013 -59.41000000
 -0.00000072   0.00000059
-59.40000000  -0.00000090
  0.00000073 -59.39000000
 -0.00000051   0.00000041
-59.38000000   0.00000028
 -0.00000023 -59.37000000
  0.00000091  -0.00000073
-59.36000000   0.00000057
 -0.00000044 -59.35000000
 -0.00000024   0.00000032
-59.34000000  -0.00000064
  0.00000067 -59.33000000
 -0.00000033   0.00000034
-59.32000000   0.00000042
 -0.00000041 -59.31000000
  0.00000076  -0.00000075
-59.30000000   0.00000029
 -0.00000024 -59.29000000
 -0.00000005   0.00000012
-59.28000000  -0.00000004
  0.00000008 -59.27000000
  0.00000020  -0.00000023
-59.26000000   0.00000024
 -0.00000028 -59.25000000
  0.00000006  -0.00000004
-59.24000000  -0.00000004
  0.00000009 -59.23000000
 -0.00000001   0.00000003
-59.22000000   0.00000009
 -0.00000013 -59.21000000
  0.00000009  -0.00000012
-59.20000000  -0.00000003
  0.00000007 -59.19000000
 -0.00000010   0.00000019
-59.18000000  -0.00000008
  0.00000014 -59.17000000
  0.00000003  -0.00000004
-59.16000000   0.00000012
 -0.00000021 -59.15000000
  0.00000005  -0.00000007
-59.14000000  -0.00000012
  0.00000031 -59.13000000
 -0.00000023   0.00000054
-59.12000000  -0.00000019
  0.00000044 -59.11000000
 -0.00000001   0.00000002
-59.10000000   0.00000019
 -0.00000045 -59.09000000
  0.00000021  -0.00000049
-59.08000000  -0.00000002
  0.00000017 -59.07000000
 -0.00000023   0.00000079
-59.06000000  -0.00000025
  0.00000083 -59.05000000
 -0.00000006   0.00000021
-59.04000000   0.00000020
 -0.00000066 -59.03000000
  0.00000027  -0.00000088
-59.02000000   0.00000010
 -0.00000019 -59.01000000
 -0.00000003   0.00000030
-59.00000000  -0.00000003
  0.00000024 -58.99000000
  0.00000006  -0.00000026
-58.98000000   0.00000011
 -0.00000053 -58.97000000
  0.00000005  -0.00000019
-58.96000000   0.00000002
  0.00000005 -58.95000000
  0.00000001   0.00000003
-58.94000000   0.00000002
 -0.00000015 -58.93000000
  0.00000002  -0.00000017
-58.92000000   0.00000001
  0.00000001 -58.91000000
  0.00000000   0.00000012
-58.90000000   0.00000000
  0.00000008 -58.89000000
  0.00000000  -0.00000007
-58.88000000   0.00000000
 -0.00000016 -58.87000000
  0.00000001   0.00000001
-58.86000000   0.00000003
  0.00000025 -58.85000000
  0.00000003   0.00000033
-58.84000000   0.00000002
  0.00000019 -58.83000000
 -0.00000001  -0.00000011
-58.82000000  -0.00000003
 -0.00000034 -58.81000000
 -0.00000000  -0.00000014
-58.80000000   0.00000010
  0.00000044 -58.79000000
  0.00000017   0.00000084
-58.78000000   0.00000014
  0.00000073 -58.77000000
  0.00000002   0.00000012
-58.76000000  -0.00000013
 -0.00000063 -58.75000000
 -0.00000016  -0.00000084
-58.74000000   0.00000002
 -0.00000012 -58.73000000
  0.00000021   0.00000057
-58.72000000   0.00000021
  0.00000063 -58.71000000
  0.00000001   0.00000003
-58.70000000  -0.00000022
 -0.00000072 -58.69000000
 -0.00000018  -0.00000061
-58.68000000   0.00000000
 -0.00000011 -58.67000000
  0.00000007   0.00000011
-58.66000000  -0.00000000
 -0.00000004 -58.65000000
 -0.00000012  -0.00000030
-58.64000000  -0.00000007
 -0.00000019 -58.63000000
  0.00000002   0.00000001
-58.62000000   0.00000005
  0.00000007 -58.61000000
 -0.00000000  -0.00000002
-58.60000000  -0.00000007
 -0.00000014 -58.59000000
 -0.00000003  -0.00000007
-58.58000000   0.00000008
  0.00000010 -58.57000000
  0.00000013   0.00000019
-58.56000000   0.00000008
  0.00000013 -58.55000000
 -0.00000004  -0.00000006
-58.54000000  -0.00000013
 -0.00000020 -58.53000000
 -0.00000003  -0.00000007
-58.52000000   0.00000028
  0.00000032 -58.51000000
  0.00000049   0.00000059
-58.50000000   0.00000044
  0.00000053 -58.49000000
  0.00000011   0.00000014
-58.48000000  -0.00000031
 -0.00000037 -58.47000000
 -0.00000051  -0.00000062
-58.46000000  -0.00000004
 -0.00000012 -58.45000000
  0.00000072   0.00000066
-58.44000000   0.00000104
  0.00000099 -58.43000000
  0.00000063   0.00000061
-58.42000000  -0.00000029
 -0.00000028 -58.41000000
 -0.00000104  -0.00000101
-58.40000000  -0.00000065
 -0.00000066 -58.39000000
  0.00000014   0.00000002
-58.38000000   0.00000044
  0.00000030 -58.37000000
  0.00000007   0.00000003
-58.36000000  -0.00000054
 -0.00000044 -58.35000000
 -0.00000048  -0.00000040
-58.34000000  -0.00000011
 -0.00000012 -58.33000000
  0.00000005   0.00000000
-58.32000000  -0.00000007
 -0.00000006 -58.31000000
 -0.00000022  -0.00000015
-58.30000000  -0.00000009
 -0.00000007 -58.29000000
  0.00000006   0.00000002
-58.28000000   0.00000009
  0.00000004 -58.27000000
 -0.00000001  -0.00000001
-58.26000000  -0.00000013
 -0.00000007 -58.25000000
 -0.00000005  -0.00000004
-58.24000000   0.00000015
  0.00000006 -58.23000000
  0.00000028   0.00000011
-58.22000000   0.00000021
  0.00000009 -58.21000000
 -0.00000001  -0.00000000
-58.20000000  -0.00000025
 -0.00000010 -58.19000000
 -0.00000022  -0.00000009
-58.18000000   0.00000028
  0.00000007 -58.17000000
  0.00000077   0.00000022
-58.16000000   0.00000084
  0.00000024 -58.15000000
  0.00000041   0.00000012
-58.14000000  -0.00000033
 -0.00000009 -58.13000000
 -0.00000087  -0.00000025
-58.12000000  -0.00000050
 -0.00000016 -58.11000000
  0.00000040   0.00000003
-58.10000000   0.00000088
  0.00000013 -58.09000000
  0.00000056   0.00000009
-58.08000000  -0.00000034
 -0.00000006 -58.07000000
 -0.00000100  -0.00000018
-58.06000000  -0.00000052
 -0.00000011 -58.05000000
 -0.00000000  -0.00000004
-58.04000000   0.00000010
 -0.00000002 -58.03000000
 -0.00000017  -0.00000003
-58.02000000  -0.00000037
 -0.00000004 -58.01000000
 -0.00000015  -0.00000002
-58.00000000   0.00000003
 -0.00000001 -57.99000000
  0.00000003  -0.00000001
-57.98000000  -0.00000009
 -0.00000000 -57.97000000
 -0.00000013  -0.00000000
-57.96000000   0.00000001
 -0.00000001 -57.95000000
  0.00000013  -0.00000002
-57.94000000   0.00000014
 -0.00000002 -57.93000000
  0.00000002  -0.00000000
-57.92000000  -0.00000014
  0.00000001 -57.91000000
 -0.00000013   0.00000001
-57.90000000   0.00000017
 -0.00000004 -57.89000000
  0.00000047  -0.00000010
-57.88000000   0.00000053
 -0.00000011 -57.87000000
  0.00000029  -0.00000006
-57.86000000  -0.00000016
  0.00000004 -57.85000000
 -0.00000052   0.00000011
-57.84000000  -0.00000036
  0.00000007 -57.83000000
  0.00000043  -0.00000017
-57.82000000   0.00000105
 -0.00000036 -57.81000000
  0.00000102  -0.00000034
-57.80000000   0.00000029
 -0.00000009 -57.79000000
 -0.00000072   0.00000024
-57.78000000  -0.00000116
  0.00000038 -57.77000000
 -0.00000042   0.00000010
-57.76000000   0.00000028
 -0.00000018 -57.75000000
  0.00000038  -0.00000020
-57.74000000  -0.00000011
  0.00000004 -57.73000000
 -0.00000064   0.00000028
-57.72000000  -0.00000040
  0.00000016 -57.71000000
 -0.00000007   0.00000000
-57.70000000   0.00000002
 -0.00000004 -57.69000000
 -0.00000010   0.00000005
-57.68000000  -0.00000021
  0.00000011 -57.67000000
 -0.00000006   0.00000002
-57.66000000   0.00000007
 -0.00000006 -57.65000000
  0.00000008  -0.00000006
-57.64000000  -0.00000002
  0.00000001 -57.63000000
 -0.00000012   0.00000008
-57.62000000  -0.00000005
  0.00000003 -57.61000000
  0.00000015  -0.00000014
-57.60000000   0.00000028
 -0.00000024 -57.59000000
  0.00000024  -0.00000020
-57.58000000   0.00000004
 -0.00000003 -57.57000000
 -0.00000021   0.00000018
-57.56000000  -0.00000028
  0.00000024 -57.55000000
  0.00000012  -0.00000016
-57.54000000   0.00000067
 -0.00000073 -57.53000000
  0.00000093  -0.00000099
-57.52000000   0.00000069
 -0.00000073 -57.51000000
  0.00000004  -0.00000003
-57.50000000  -0.00000070
  0.00000076 -57.49000000
 -0.00000091   0.00000097
-57.48000000  -0.00000041
  0.00000039 -57.47000000
 -0.00000005  -0.00000002
-57.46000000  -0.00000003
 -0.00000001 -57.45000000
 -0.00000021   0.00000025
-57.44000000  -0.00000021
  0.00000026 -57.43000000
 -0.00000007   0.00000007
-57.42000000  -0.00000000
 -0.00000002 -57.41000000
 -0.00000002   0.00000002
-57.40000000  -0.00000007
  0.00000010 -57.39000000
 -0.00000004   0.00000005
-57.38000000   0.00000004
 -0.00000008 -57.37000000
  0.00000007  -0.00000014
-57.36000000   0.00000005
 -0.00000009 -57.35000000
 -0.00000002   0.00000004
-57.34000000  -0.00000008
  0.00000015 -57.33000000
 -0.00000003   0.00000003
-57.32000000   0.00000013
 -0.00000035 -57.31000000
  0.00000026  -0.00000065
-57.30000000   0.00000026
 -0.00000064 -57.29000000
  0.00000012  -0.00000029
-57.28000000  -0.00000010
  0.00000025 -57.27000000
 -0.00000027   0.00000067
-57.26000000  -0.00000021
  0.00000051 -57.25000000
 -0.00000006   0.00000007
-57.24000000   0.00000002
 -0.00000014 -57.23000000
 -0.00000001  -0.00000002
-57.22000000  -0.00000008
  0.00000025 -57.21000000
 -0.00000007   0.00000023
-57.20000000  -0.00000002
  0.00000003 -57.19000000
  0.00000000  -0.00000006
-57.18000000  -0.00000000
 -0.00000001 -57.17000000
 -0.00000002   0.00000011
-57.16000000  -0.00000002
  0.00000009 -57.15000000
 -0.00000000  -0.00000006
-57.14000000   0.00000001
 -0.00000018 -57.13000000
  0.00000001  -0.00000016
-57.12000000   0.00000000
 -0.00000001 -57.11000000
 -0.00000001   0.00000016
-57.10000000  -0.00000002
  0.00000016 -57.09000000
 -0.00000002  -0.00000019
-57.08000000  -0.00000002
 -0.00000056 -57.07000000
 -0.00000002  -0.00000067
-57.06000000  -0.00000001
 -0.00000041 -57.05000000
  0.00000001   0.00000011
-57.04000000   0.00000002
  0.00000060 -57.03000000
  0.00000001   0.00000057
-57.02000000  -0.00000007
 -0.00000023 -57.01000000
 -0.00000015  -0.00000098
-57.00000000  -0.00000015
 -0.00000106 -56.99000000
 -0.00000005  -0.00000039
-56.98000000   0.00000009
  0.00000066 -56.97000000
  0.00000016   0.00000118
-56.96000000   0.00000004
  0.00000051 -56.95000000
 -0.00000008  -0.00000013
-56.94000000  -0.00000009
 -0.00000024 -56.93000000
  0.00000002   0.00000015
-56.92000000   0.00000012
  0.00000054 -56.91000000
  0.00000006   0.00000030
-56.90000000  -0.00000001
  0.00000004 -56.89000000
 -0.00000002  -0.00000002
-56.88000000   0.00000002
  0.00000009 -56.87000000
  0.00000005   0.00000017
-56.86000000   0.00000000
  0.00000004 -56.85000000
 -0.00000004  -0.00000008
-56.84000000  -0.00000005
 -0.00000010 -56.83000000
 -0.00000000  -0.00000000
-56.82000000   0.00000005
  0.00000012 -56.81000000
  0.00000004   0.00000009
-56.80000000  -0.00000008
 -0.00000013 -56.79000000
 -0.00000019  -0.00000032
-56.78000000  -0.00000020
 -0.00000035 -56.77000000
 -0.00000009  -0.00000017
-56.76000000   0.00000008
  0.00000014 -56.75000000
  0.00000021   0.00000036
-56.74000000   0.00000009
  0.00000019 -56.73000000
 -0.00000037  -0.00000046
-56.72000000  -0.00000074
 -0.00000099 -56.71000000
 -0.00000074  -0.00000100
-56.70000000  -0.00000033
 -0.00000045 -56.69000000
  0.00000032   0.00000043
-56.68000000   0.00000079
  0.00000107 -56.67000000
  0.00000049   0.00000069
-56.66000000  -0.00000029
 -0.00000022 -56.65000000
 -0.00000072  -0.00000072
-56.64000000  -0.00000047
 -0.00000048 -56.63000000
  0.00000027   0.00000031
-56.62000000   0.00000083
  0.00000090 -56.61000000
  0.00000044   0.00000051
-56.60000000   0.00000001
  0.00000008 -56.59000000
 -0.00000009  -0.00000004
-56.58000000   0.00000013
  0.00000014 -56.57000000
  0.00000031   0.00000029
-56.56000000   0.00000013
  0.00000013 -56.55000000
 -0.00000004  -0.00000001
-56.54000000  -0.00000006
 -0.00000003 -56.53000000
  0.00000005   0.00000005
-56.52000000   0.00000015
  0.00000011 -56.51000000
  0.00000003   0.00000003
-56.50000000  -0.00000013
 -0.00000007 -56.49000000
 -0.00000019  -0.00000011
-56.48000000  -0.00000010
 -0.00000006 -56.47000000
  0.00000008   0.00000005
-56.46000000   0.00000021
  0.00000013 -56.45000000
  0.00000002   0.00000003
-56.44000000  -0.00000037
 -0.00000016 -56.43000000
 -0.00000061  -0.00000028
-56.42000000  -0.00000052
 -0.00000024 -56.41000000
 -0.00000012  -0.00000006
-56.40000000   0.00000039
  0.00000018 -56.39000000
  0.00000063   0.00000029
-56.38000000   0.00000013
  0.00000009 -56.37000000
 -0.00000066  -0.00000019
-56.36000000  -0.00000102
 -0.00000032 -56.35000000
 -0.00000067  -0.00000022
-56.34000000   0.00000022
  0.00000007 -56.33000000
  0.00000101   0.00000033
-56.32000000   0.00000075
  0.00000026 -56.31000000
  0.00000004   0.00000007
-56.30000000  -0.00000030
 -0.00000003 -56.29000000
 -0.00000009  -0.00000000
-56.28000000   0.00000039
  0.00000009 -56.27000000
  0.00000045   0.00000010
-56.26000000   0.00000014
  0.00000005 -56.25000000
 -0.00000004   0.00000002
-56.24000000   0.00000001
  0.00000001 -56.23000000
  0.00000016   0.00000002
-56.22000000   0.00000014
  0.00000002 -56.21000000
 -0.00000002   0.00000001
-56.20000000  -0.00000011
  0.00000000 -56.19000000
 -0.00000008   0.00000000
-56.18000000   0.00000005
  0.00000000 -56.17000000
  0.00000015   0.00000001
-56.16000000   0.00000002
  0.00000001 -56.15000000
 -0.00000021   0.00000002
-56.14000000  -0.00000035
  0.00000003 -56.13000000
 -0.00000029   0.00000002
-56.12000000  -0.00000004
  0.00000000 -56.11000000
  0.00000026  -0.00000002
-56.10000000   0.00000035
 -0.00000003 -56.09000000
 -0.00000007   0.00000004
-56.08000000  -0.00000069
  0.00000015 -56.07000000
 -0.00000099   0.00000020
-56.06000000  -0.00000074
  0.00000014 -56.05000000
 -0.00000003   0.00000000
-56.04000000   0.00000076
 -0.00000015 -56.03000000
  0.00000095  -0.00000018
-56.02000000   0.00000019
  0.00000001 -56.01000000
 -0.00000054   0.00000021
-56.00000000  -0.00000068
  0.00000023 -55.99000000
 -0.00000014   0.00000005
-55.98000000   0.00000065
 -0.00000020 -55.97000000
  0.00000075  -0.00000023
-55.96000000   0.00000025
 -0.00000005 -55.95000000
 -0.00000005   0.00000006
-55.94000000  -0.00000001
  0.00000002 -55.93000000
  0.00000023  -0.00000009
-55.92000000   0.00000025
 -0.00000010 -55.91000000
  0.00000006  -0.00000001
-55.90000000  -0.00000006
  0.00000004 -55.89000000
 -0.00000003   0.00000002
-55.88000000   0.00000008
 -0.00000004 -55.87000000
  0.00000013  -0.00000007
-55.86000000  -0.00000001
  0.00000002 -55.85000000
 -0.00000015   0.00000011
-55.84000000  -0.00000019
  0.00000013 -55.83000000
 -0.00000009   0.00000006
-55.82000000   0.00000009
 -0.00000006 -55.81000000
  0.00000020  -0.00000014
-55.80000000   0.00000004
 -0.00000001 -55.79000000
 -0.00000036   0.00000032
-55.78000000  -0.00000064
  0.00000055 -55.77000000
 -0.00000061   0.00000052
-55.76000000  -0.00000026
  0.00000022 -55.75000000
  0.00000027  -0.00000024
-55.74000000   0.00000066
 -0.00000057 -55.73000000
  0.00000048  -0.00000040
-55.72000000   0.00000007
 -0.00000001 -55.71000000
 -0.00000014   0.00000019
-55.70000000  -0.00000005
  0.00000008 -55.69000000
  0.00000021  -0.00000021
-55.68000000   0.00000027
 -0.00000027 -55.67000000
  0.00000008  -0.00000006
-55.66000000  -0.00000005
  0.00000009 -55.65000000
 -0.00000004   0.00000007
-55.64000000   0.00000006
 -0.00000007 -55.63000000
  0.00000013  -0.00000017
-55.62000000   0.00000003
 -0.00000003 -55.61000000
 -0.00000008   0.00000015
-55.60000000  -0.00000013
  0.00000021 -55.59000000
 -0.00000007   0.00000011
-55.58000000   0.00000006
 -0.00000010 -55.57000000
  0.00000015  -0.00000023
-55.56000000   0.00000005
 -0.00000005 -55.55000000
 -0.00000015   0.00000034
-55.54000000  -0.00000027
  0.00000057 -55.53000000
 -0.00000023   0.00000049
-55.52000000  -0.00000005
  0.00000010 -55.51000000
  0.00000018  -0.00000039
-55.50000000   0.00000028
 -0.00000059 -55.49000000
  0.00000009  -0.00000010
-55.48000000  -0.00000017
  0.00000057 -55.47000000
 -0.00000028   0.00000084
-55.46000000  -0.00000017
  0.00000051 -55.45000000
  0.00000009  -0.00000025
-55.44000000   0.00000030
 -0.00000087 -55.43000000
  0.00000021  -0.00000058
-55.42000000   0.00000004
  0.00000002 -55.41000000
 -0.00000004   0.00000030
-55.40000000  -0.00000001
  0.00000010 -55.39000000
  0.00000008  -0.00000034
-55.38000000   0.00000010
 -0.00000043 -55.37000000
  0.00000005  -0.00000013
-55.36000000   0.00000001
  0.00000006 -55.35000000
  0.00000001   0.00000004
-55.34000000   0.00000002
 -0.00000012 -55.33000000
  0.00000003  -0.00000018
-55.32000000   0.00000001
 -0.00000003 -55.31000000
  0.00000000   0.00000011
-55.30000000   0.00000000
  0.00000012 -55.29000000
  0.00000000   0.00000001
-55.28000000   0.00000000
 -0.00000014 -55.27000000
  0.00000001  -0.00000013
-55.26000000   0.00000002
  0.00000010 -55.25000000
  0.00000003   0.00000032
-55.24000000   0.00000003
  0.00000036 -55.23000000
  0.00000001   0.00000019
-55.22000000  -0.00000001
 -0.00000013 -55.21000000
 -0.00000003  -0.00000037
-55.20000000  -0.00000001
 -0.00000022 -55.19000000
  0.00000009   0.00000034
-55.18000000   0.00000017
  0.00000080 -55.17000000
  0.00000016   0.00000081
-55.16000000   0.00000007
  0.00000034 -55.15000000
 -0.00000008  -0.00000039
-55.14000000  -0.00000018
 -0.00000089 -55.13000000
 -0.00000008  -0.00000051
-55.12000000   0.00000012
  0.00000022 -55.11000000
  0.00000022   0.00000060
-55.10000000   0.00000014
  0.00000038 -55.09000000
 -0.00000008  -0.00000026
-55.08000000  -0.00000024
 -0.00000075 -55.07000000
 -0.00000012  -0.00000042
-55.06000000   0.00000003
 -0.00000002 -55.05000000
  0.00000007   0.00000010
-55.04000000  -0.00000001
 -0.00000006 -55.03000000
 -0.00000011  -0.00000028
-55.02000000  -0.00000007
 -0.00000018 -55.01000000
  0.00000002   0.00000001
-55.00000000   0.00000006
  0.00000009 -54.99000000
  0.00000002   0.00000003
-54.98000000  -0.00000006
 -0.00000011 -54.97000000
 -0.00000007  -0.00000013
-54.96000000   0.00000003
  0.00000002 -54.95000000
  0.00000013   0.00000018
-54.94000000   0.00000015
  0.00000021 -54.93000000
  0.00000007   0.00000010
-54.92000000  -0.00000007
 -0.00000010 -54.91000000
 -0.00000016  -0.00000023
-54.90000000  -0.00000003
 -0.00000007 -54.89000000
  0.00000031   0.00000033
-54.88000000   0.00000056
  0.00000062 -54.87000000
  0.00000054   0.00000060
-54.86000000   0.00000023
  0.00000026 -54.85000000
 -0.00000024  -0.00000026
-54.84000000  -0.00000058
 -0.00000065 -54.83000000
 -0.00000037  -0.00000044
-54.82000000   0.00000040
  0.00000029 -54.81000000
  0.00000099   0.00000084
-54.80000000   0.00000095
  0.00000084 -54.79000000
  0.00000027   0.00000024
-54.78000000  -0.00000068
 -0.00000060 -54.77000000
 -0.00000109  -0.00000098
-54.76000000  -0.00000044
 -0.00000045 -54.75000000
  0.00000019   0.00000005
-54.74000000   0.00000032
  0.00000018 -54.73000000
 -0.00000006  -0.00000007
-54.72000000  -0.00000054
 -0.00000039 -54.71000000
 -0.00000039  -0.00000029
-54.70000000  -0.00000008
 -0.00000009 -54.69000000
  0.00000004  -0.00000000
-54.68000000  -0.00000005
 -0.00000004 -54.67000000
 -0.00000019  -0.00000012
-54.66000000  -0.00000011
 -0.00000007 -54.65000000
  0.00000004   0.00000000
-54.64000000   0.00000010
  0.00000004 -54.63000000
  0.00000005   0.00000002
-54.62000000  -0.00000008
 -0.00000004 -54.61000000
 -0.00000014  -0.00000006
-54.60000000   0.00000002
 -0.00000001 -54.59000000
  0.00000023   0.00000007
-54.58000000   0.00000033
  0.00000011 -54.57000000
  0.00000024   0.00000008
-54.56000000  -0.00000000
  0.00000000 -54.55000000
 -0.00000026  -0.00000009
-54.54000000  -0.00000031
 -0.00000011 -54.53000000
  0.00000013   0.00000000
-54.52000000   0.00000071
  0.00000014 -54.51000000
  0.00000097   0.00000020
-54.50000000   0.00000073
  0.00000016 -54.49000000
  0.00000007   0.00000002
-54.48000000  -0.00000070
 -0.00000014 -54.47000000
 -0.00000097  -0.00000021
-54.46000000  -0.00000029
 -0.00000010 -54.45000000
  0.00000051   0.00000000
-54.44000000   0.00000079
  0.00000005 -54.43000000
  0.00000036   0.00000002
-54.42000000  -0.00000048
 -0.00000005 -54.41000000
 -0.00000093  -0.00000009
-54.40000000  -0.00000045
 -0.00000006 -54.39000000
 -0.00000002  -0.00000004
-54.38000000   0.00000007
 -0.00000003 -54.37000000
 -0.00000014  -0.00000001
-54.36000000  -0.00000032
 -0.00000000 -54.35000000
 -0.00000016  -0.00000001
-54.34000000   0.00000001
 -0.00000002 -54.33000000
  0.00000005  -0.00000001
-54.32000000  -0.00000003
 -0.00000000 -54.31000000
 -0.00000013   0.00000001
-54.30000000  -0.00000007
  0.00000000 -54.29000000
  0.00000008  -0.00000002
-54.28000000   0.00000017
 -0.00000004 -54.27000000
  0.00000014  -0.00000003
-54.26000000   0.00000001
 -0.00000000 -54.25000000
 -0.00000015   0.00000003
-54.24000000  -0.00000016
  0.00000003 -54.23000000
  0.00000013  -0.00000005
-54.22000000   0.00000048
 -0.00000016 -54.21000000
  0.00000063  -0.00000021
-54.20000000   0.00000048
 -0.00000016 -54.19000000
  0.00000007  -0.00000002
-54.18000000  -0.00000041
  0.00000014 -54.17000000
 -0.00000064   0.00000021
-54.16000000  -0.00000019
  0.00000003 -54.15000000
  0.00000063  -0.00000032
-54.14000000   0.00000111
 -0.00000053 -54.13000000
  0.00000094  -0.00000044
-54.12000000   0.00000016
 -0.00000007 -54.11000000
 -0.00000081   0.00000038
-54.10000000  -0.00000116
  0.00000053 -54.09000000
 -0.00000047   0.00000018
-54.08000000   0.00000016
 -0.00000016 -54.07000000
  0.00000030  -0.00000022
-54.06000000  -0.00000005
  0.00000001 -54.05000000
 -0.00000052   0.00000031
-54.04000000  -0.00000042
  0.00000024 -54.03000000
 -0.00000012   0.00000005
-54.02000000   0.00000002
 -0.00000004 -54.01000000
 -0.00000003   0.00000001
-54.00000000  -0.00000016
  0.00000011 -53.99000000
 -0.00000013   0.00000009
-53.98000000   0.00000001
 -0.00000002 -53.97000000
  0.00000009  -0.00000009
-53.96000000   0.00000008
 -0.00000007 -53.95000000
 -0.00000003   0.00000002
-53.94000000  -0.00000013
  0.00000011 -53.93000000
 -0.00000007   0.00000005
-53.92000000   0.00000014
 -0.00000017 -53.91000000
  0.00000030  -0.00000035
-53.90000000   0.00000032
 -0.00000036 -53.89000000
  0.00000017  -0.00000019
-53.88000000  -0.00000009
  0.00000011 -53.87000000
 -0.00000031   0.00000036
-53.86000000  -0.00000027
  0.00000030 -53.85000000
 -0.00000003  -0.00000000
-53.84000000   0.00000013
 -0.00000022 -53.83000000
  0.00000013  -0.00000020
-53.82000000  -0.00000003
  0.00000003 -53.81000000
 -0.00000020   0.00000028
-53.80000000  -0.00000015
  0.00000021 -53.79000000
 -0.00000001  -0.00000003
-53.78000000   0.00000009
 -0.00000018 -53.77000000
  0.00000007  -0.00000014
-53.76000000  -0.00000004
  0.00000006 -53.75000000
 -0.00000013   0.00000024
-53.74000000  -0.00000008
  0.00000013 -53.73000000
  0.00000004  -0.00000013
-53.72000000   0.00000011
 -0.00000029 -53.71000000
  0.00000009  -0.00000024
-53.70000000  -0.00000000
  0.00000000 -53.69000000
 -0.00000011   0.00000027
-53.68000000  -0.00000011
  0.00000027 -53.67000000
 -0.00000000  -0.00000008
-53.66000000   0.00000010
 -0.00000041 -53.65000000
  0.00000013  -0.00000048
-53.64000000   0.00000006
 -0.00000023 -53.63000000
 -0.00000006   0.00000021
-53.62000000  -0.00000014
  0.00000051 -53.61000000
 -0.00000009   0.00000028
-53.60000000   0.00000000
 -0.00000021 -53.59000000
  0.00000006  -0.00000049
-53.58000000   0.00000005
 -0.00000038 -53.57000000
 -0.00000001   0.00000006
-53.56000000  -0.00000008
  0.00000051 -53.55000000
 -0.00000007   0.00000044
-53.54000000  -0.00000004
  0.00000002 -53.53000000
 -0.00000001  -0.00000025
-53.52000000  -0.00000000
 -0.00000021 -53.51000000
 -0.00000001   0.00000009
-53.50000000  -0.00000002
  0.00000037 -53.49000000
 -0.00000002   0.00000023
-53.48000000  -0.00000002
 -0.00000004 -53.47000000
 -0.00000002  -0.00000017
-53.46000000  -0.00000001
 -0.00000010 -53.45000000
  0.00000000   0.00000011
-53.44000000   0.00000001
  0.00000025 -53.43000000
 -0.00000000   0.00000008
-53.42000000  -0.00000004
 -0.00000013 -53.41000000
 -0.00000005  -0.00000023
-53.40000000  -0.00000003
 -0.00000014 -53.39000000
  0.00000001   0.00000008
-53.38000000   0.00000004
  0.00000025 -53.37000000
  0.00000002   0.00000013
-53.36000000  -0.00000007
 -0.00000017 -53.35000000
 -0.00000012  -0.00000039
-53.34000000  -0.00000011
 -0.00000036 -53.33000000
 -0.00000003  -0.00000010
-53.32000000   0.00000008
  0.00000026 -53.31000000
  0.00000013   0.00000043
-53.30000000   0.00000001
  0.00000012 -53.29000000
 -0.00000017  -0.00000034
-53.28000000  -0.00000026
 -0.00000057 -53.27000000
 -0.00000019  -0.00000042
-53.26000000   0.00000002
  0.00000004 -53.25000000
  0.00000022   0.00000052
-53.24000000   0.00000022
  0.00000052 -53.23000000
 -0.00000002   0.00000006
-53.22000000  -0.00000021
 -0.00000032 -53.21000000
 -0.00000022  -0.00000036
-53.20000000  -0.00000004
 -0.00000005 -53.19000000
  0.00000021   0.00000037
-53.18000000   0.00000024
  0.00000043 -53.17000000
  0.00000003   0.00000011
-53.16000000  -0.00000013
 -0.00000014 -53.15000000
 -0.00000013  -0.00000016
-53.14000000   0.00000001
  0.00000003 -53.13000000
  0.00000018   0.00000025
-53.12000000   0.00000014
  0.00000020 -53.11000000
 -0.00000004  -0.00000002
-53.10000000  -0.00000016
 -0.00000016 -53.09000000
 -0.00000014  -0.00000014
-53.08000000   0.00000001
  0.00000002 -53.07000000
  0.00000018   0.00000019
-53.06000000   0.00000015
  0.00000017 -53.05000000
 -0.00000010  -0.00000006
-53.04000000  -0.00000032
 -0.00000026 -53.03000000
 -0.00000034  -0.00000029
-53.02000000  -0.00000015
 -0.00000013 -53.01000000
  0.00000016   0.00000013
-53.00000000   0.00000037
  0.00000032 -52.99000000
  0.00000018   0.00000017
-52.98000000  -0.00000031
 -0.00000018 -52.97000000
 -0.00000065  -0.00000042
-52.96000000  -0.00000061
 -0.00000041 -52.95000000
 -0.00000018  -0.00000013
-52.94000000   0.00000041
  0.00000027 -52.93000000
  0.00000072   0.00000048
-52.92000000   0.00000030
  0.00000023 -52.91000000
 -0.00000027  -0.00000009
-52.90000000  -0.00000052
 -0.00000024 -52.89000000
 -0.00000030  -0.00000014
-52.88000000   0.00000024
  0.00000013 -52.87000000
  0.00000063   0.00000033
-52.86000000   0.00000035
  0.00000020 -52.85000000
 -0.00000002   0.00000003
-52.84000000  -0.00000016
 -0.00000004 -52.83000000
 -0.00000003   0.00000000
-52.82000000   0.00000023
  0.00000010 -52.81000000
  0.00000026   0.00000011
-52.80000000   0.00000005
  0.00000004 -52.79000000
 -0.00000010  -0.00000001
-52.78000000  -0.00000010
 -0.00000002 -52.77000000
  0.00000003   0.00000001
-52.76000000   0.00000017
  0.00000005 -52.75000000
  0.00000011   0.00000004
-52.74000000  -0.00000008
 -0.00000000 -52.73000000
 -0.00000022  -0.00000003
-52.72000000  -0.00000021
 -0.00000003 -52.71000000
 -0.00000005  -0.00000001
-52.70000000   0.00000017
  0.00000003 -52.69000000
  0.00000026   0.00000004
-52.68000000   0.00000001
  0.00000002 -52.67000000
 -0.00000036  -0.00000000
-52.66000000  -0.00000056
 -0.00000002 -52.65000000
 -0.00000047  -0.00000002
-52.64000000  -0.00000010
 -0.00000001 -52.63000000
  0.00000037   0.00000001
-52.62000000   0.00000059
  0.00000002 -52.61000000
  0.00000021   0.00000003
-52.60000000  -0.00000040
  0.00000006 -52.59000000
 -0.00000072   0.00000008
-52.58000000  -0.00000057
  0.00000005 -52.57000000
  0.00000001   0.00000000
-52.56000000   0.00000064
 -0.00000005 -52.55000000
  0.00000070  -0.00000005
-52.54000000   0.00000019
  0.00000002 -52.53000000
 -0.00000021   0.00000008
-52.52000000  -0.00000025
  0.00000007 -52.51000000
  0.00000004   0.00000000
-52.50000000   0.00000040
 -0.00000007 -52.49000000
  0.00000033  -0.00000006
-52.48000000   0.00000006
  0.00000001 -52.47000000
 -0.00000009   0.00000005
-52.46000000  -0.00000006
  0.00000003 -52.45000000
  0.00000010  -0.00000003
-52.44000000   0.00000020
 -0.00000006 -52.43000000
  0.00000007  -0.00000001
-52.42000000  -0.00000009
  0.00000005 -52.41000000
 -0.00000016   0.00000007
-52.40000000  -0.00000009
  0.00000004 -52.39000000
  0.00000007  -0.00000003
-52.38000000   0.00000019
 -0.00000008 -52.37000000
  0.00000008  -0.00000003
-52.36000000  -0.00000017
  0.00000011 -52.35000000
 -0.00000036   0.00000022
-52.34000000  -0.00000037
  0.00000021 -52.33000000
 -0.00000017   0.00000010
-52.32000000   0.00000015
 -0.00000009 -52.31000000
  0.00000039  -0.00000023
-52.30000000   0.00000026
 -0.00000014 -52.29000000
 -0.00000024   0.00000022
-52.28000000  -0.00000068
  0.00000053 -52.27000000
 -0.00000077   0.00000059
-52.26000000  -0.00000044
  0.00000033 -52.25000000
  0.00000018  -0.00000014
-52.24000000   0.00000074
 -0.00000056 -52.23000000
  0.00000067  -0.00000050
-52.22000000   0.00000007
  0.00000003 -52.21000000
 -0.00000042   0.00000046
-52.20000000  -0.00000049
  0.00000050 -52.19000000
 -0.00000011   0.00000012
-52.18000000   0.00000045
 -0.00000042 -52.17000000
  0.00000062  -0.00000059
-52.16000000   0.00000025
 -0.00000020 -52.15000000
 -0.00000005   0.00000012
-52.14000000  -0.00000011
  0.00000017 -52.13000000
  0.00000005  -0.00000004
-52.12000000   0.00000025
 -0.00000029 -52.11000000
  0.00000020  -0.00000023
-52.10000000   0.00000003
 -0.00000000 -52.09000000
 -0.00000006   0.00000012
-52.08000000  -0.00000005
  0.00000009 -52.07000000
  0.00000005  -0.00000007
-52.06000000   0.00000013
 -0.00000019 -52.05000000
  0.00000007  -0.00000008
-52.04000000  -0.00000005
  0.00000012 -52.03000000
 -0.00000011   0.00000023
-52.02000000  -0.00000009
  0.00000018 -52.01000000
  0.00000000  -0.00000000
-52.00000000   0.00000011
 -0.00000021 -51.99000000
  0.00000012  -0.00000022
-51.98000000  -0.00000001
  0.00000007 -51.97000000
 -0.00000014   0.00000040
-51.96000000  -0.00000019
  0.00000052 -51.95000000
 -0.00000014   0.00000036
-51.94000000   0.00000001
 -0.00000002 -51.93000000
  0.00000016  -0.00000043
-51.92000000   0.00000019
 -0.00000050 -51.91000000
  0.00000005  -0.00000003
-51.90000000  -0.00000010
  0.00000050 -51.89000000
 -0.00000016   0.00000070
-51.88000000  -0.00000010
  0.00000045 -51.87000000
  0.00000004  -0.00000015
-51.86000000   0.00000017
 -0.00000069 -51.85000000
  0.00000015  -0.00000059
-51.84000000   0.00000006
 -0.00000007 -51.83000000
 -0.00000000   0.00000027
-51.82000000  -0.00000001
  0.00000026 -51.81000000
  0.00000002  -0.00000008
-51.80000000   0.00000006
 -0.00000043 -51.79000000
  0.00000005  -0.00000032
-51.78000000   0.00000003
 -0.00000005 -51.77000000
  0.00000002   0.00000011
-51.76000000   0.00000001
  0.00000007 -51.75000000
  0.00000001  -0.00000011
-51.74000000   0.00000001
 -0.00000022 -51.73000000
  0.00000001  -0.00000008
-51.72000000   0.00000002
  0.00000009 -51.71000000
  0.00000002   0.00000016
-51.70000000   0.00000001
  0.00000009 -51.69000000
 -0.00000001  -0.00000007
-51.68000000  -0.00000002
 -0.00000019 -51.67000000
 -0.00000000  -0.00000009
-51.66000000   0.00000004
  0.00000016 -51.65000000
  0.00000008   0.00000034
-51.64000000   0.00000008
  0.00000034 -51.63000000
  0.00000003   0.00000015
-51.62000000  -0.00000003
 -0.00000015 -51.61000000
 -0.00000008  -0.00000037
-51.60000000  -0.00000004
 -0.00000024 -51.59000000
  0.00000011   0.00000024
-51.58000000   0.00000024
  0.00000064 -51.57000000
  0.00000025   0.00000072
-51.56000000   0.00000014
  0.00000040 -51.55000000
 -0.00000007  -0.00000018
-51.54000000  -0.00000024
 -0.00000069 -51.53000000
 -0.00000021  -0.00000062
-51.52000000   0.00000004
 -0.00000004 -51.51000000
  0.00000025   0.00000044
-51.50000000   0.00000027
  0.00000051 -51.49000000
  0.00000008   0.00000015
-51.48000000  -0.00000020
 -0.00000041 -51.47000000
 -0.00000031  -0.00000065
-51.46000000  -0.00000012
 -0.00000029 -51.45000000
  0.00000007   0.00000004
-51.44000000   0.00000012
  0.00000014 -51.43000000
  0.00000001  -0.00000000
-51.42000000  -0.00000015
 -0.00000024 -51.41000000
 -0.00000015  -0.00000025
-51.40000000  -0.00000002
 -0.00000006 -51.39000000
  0.00000009   0.00000009
-51.38000000   0.00000009
  0.00000010 -51.37000000
 -0.00000000  -0.00000001
-51.36000000  -0.00000011
 -0.00000015 -51.35000000
 -0.00000011  -0.00000014
-51.34000000   0.00000005
  0.00000003 -51.33000000
  0.00000020   0.00000019
-51.32000000   0.00000024
  0.00000023 -51.31000000
  0.00000013   0.00000013
-51.30000000  -0.00000007
 -0.00000007 -51.29000000
 -0.00000023  -0.00000023
-51.28000000  -0.00000017
 -0.00000018 -51.27000000
  0.00000022   0.00000015
-51.26000000   0.00000063
  0.00000047 -51.25000000
  0.00000077   0.00000059
-51.24000000   0.00000055
  0.00000043 -51.23000000
  0.00000004   0.00000004
-51.22000000  -0.00000053
 -0.00000041 -51.21000000
 -0.00000078  -0.00000060
-51.20000000  -0.00000028
 -0.00000026 -51.19000000
  0.00000049   0.00000023
-51.18000000   0.00000092
  0.00000051 -51.17000000
  0.00000074   0.00000042
-51.16000000   0.00000003
  0.00000001 -51.15000000
 -0.00000079  -0.00000047
-51.14000000  -0.00000094
 -0.00000056 -51.13000000
 -0.00000036  -0.00000025
-51.12000000   0.00000009
 -0.00000002 -51.11000000
  0.00000016   0.00000003
-51.10000000  -0.00000011
 -0.00000007 -51.09000000
 -0.00000041  -0.00000019
-51.08000000  -0.00000028
 -0.00000014 -51.07000000
 -0.00000006  -0.00000005
-51.06000000   0.00000005
 -0.00000000 -51.05000000
  0.00000000  -0.00000001
-51.04000000  -0.00000012
 -0.00000005 -51.03000000
 -0.00000014  -0.00000005
-51.02000000  -0.00000001
 -0.00000001 -51.01000000
  0.00000011   0.00000002
-51.00000000   0.00000013
  0.00000003 -50.99000000
  0.00000006   0.00000001
-50.98000000  -0.00000008
 -0.00000002 -50.97000000
 -0.00000016  -0.00000004
-50.96000000  -0.00000003
 -0.00000002 -50.95000000
  0.00000023   0.00000001
-50.94000000   0.00000043
  0.00000004 -50.93000000
  0.00000044   0.00000004
-50.92000000   0.00000024
  0.00000003 -50.91000000
 -0.00000009  -0.00000001
-50.90000000  -0.00000041
 -0.00000004 -50.89000000
 -0.00000043  -0.00000004
-50.88000000   0.00000008
 -0.00000004 -50.87000000
  0.00000074  -0.00000004
-50.86000000   0.00000108
 -0.00000004 -50.85000000
  0.00000089  -0.00000002
-50.84000000   0.00000023
 -0.00000000 -50.83000000
 -0.00000062   0.00000002
-50.82000000  -0.00000111
  0.00000003 -50.81000000
 -0.00000066  -0.00000000
-50.80000000   0.00000009
 -0.00000008 -50.79000000
  0.00000050  -0.00000011
-50.78000000   0.00000037
 -0.00000008 -50.77000000
 -0.00000018   0.00000002
-50.76000000  -0.00000069
  0.00000010 -50.75000000
 -0.00000051   0.00000006
-50.74000000  -0.00000015
 -0.00000001 -50.73000000
  0.00000003  -0.00000004
-50.72000000  -0.00000002
 -0.00000001 -50.71000000
 -0.00000018   0.00000004
-50.70000000  -0.00000021
  0.00000005 -50.69000000
 -0.00000006   0.00000000
-50.68000000   0.00000006
 -0.00000003 -50.67000000
  0.00000008  -0.00000003
-50.66000000  -0.00000000
 -0.00000000 -50.65000000
 -0.00000011   0.00000004
-50.64000000  -0.00000011
  0.00000004 -50.63000000
  0.00000004  -0.00000003
-50.62000000   0.00000019
 -0.00000010 -50.61000000
  0.00000025  -0.00000013
-50.60000000   0.00000018
 -0.00000009 -50.59000000
  0.00000000   0.00000000
-50.58000000  -0.00000019
  0.00000010 -50.57000000
 -0.00000025   0.00000013
-50.56000000   0.00000002
 -0.00000004 -50.55000000
  0.00000047  -0.00000033
-50.54000000   0.00000079
 -0.00000054 -50.53000000
  0.00000079  -0.00000053
-50.52000000   0.00000044
 -0.00000029 -50.51000000
 -0.00000013   0.00000010
-50.50000000  -0.00000069
  0.00000047 -50.49000000
 -0.00000081   0.00000055
-50.48000000  -0.00000021
  0.00000008 -50.47000000
  0.00000057  -0.00000056
-50.46000000   0.00000097
 -0.00000088 -50.45000000
  0.00000076  -0.00000068
-50.44000000   0.00000004
 -0.00000004 -50.43000000
 -0.00000079   0.00000069
-50.42000000  -0.00000102
  0.00000088 -50.41000000
 -0.00000047   0.00000035
-50.40000000   0.00000000
 -0.00000010 -50.39000000
  0.00000014  -0.00000022
-50.38000000  -0.00000006
  0.00000002 -50.37000000
 -0.00000035   0.00000037
-50.36000000  -0.00000033
  0.00000034 -50.35000000
 -0.00000012   0.00000010
-50.34000000   0.00000001
 -0.00000005 -50.33000000
  0.00000001  -0.00000004
-50.32000000  -0.00000007
  0.00000009 -50.31000000
 -0.00000013   0.00000017
-50.30000000  -0.00000006
  0.00000007 -50.29000000
  0.00000003  -0.00000008
-50.28000000   0.00000008
 -0.00000014 -50.27000000
  0.00000005  -0.00000010
-50.26000000  -0.00000002
  0.00000003 -50.25000000
 -0.00000009   0.00000015
-50.24000000  -0.00000007
  0.00000011 -50.23000000
  0.00000004  -0.00000012
-50.22000000   0.00000015
 -0.00000035 -50.21000000
  0.00000018  -0.00000043
-50.20000000   0.00000013
 -0.00000030 -50.19000000
  0.00000001  -0.00000001
-50.18000000  -0.00000013
  0.00000031 -50.17000000
 -0.00000019   0.00000044
-50.16000000  -0.00000007
  0.00000009 -50.15000000
  0.00000012  -0.00000051
-50.14000000   0.00000026
 -0.00000092 -50.13000000
  0.00000025  -0.00000088
-50.12000000   0.00000012
 -0.00000039 -50.11000000
 -0.00000010   0.00000035
-50.10000000  -0.00000027
  0.00000094 -50.09000000
 -0.00000023   0.00000076
-50.08000000  -0.00000008
  0.00000007 -50.07000000
  0.00000003  -0.00000045
-50.06000000   0.00000005
 -0.00000049 -50.05000000
 -0.00000000  -0.00000006
-50.04000000  -0.00000009
  0.00000053 -50.03000000
 -0.00000011   0.00000065
-50.02000000  -0.00000007
  0.00000027 -50.01000000
