  6.92467523  -6.48006972
 90.00000000   6.99378191
 -6.41471915  90.01000000
  7.05306568  -6.34045059
 90.02000000   7.12130050
 -6.27414149  90.03000000
  7.18028024  -6.19969915
 90.04000000   7.24511384
 -6.13028912  90.05000000
  7.30534048  -6.05692471
 90.06000000   7.36545099
 -5.98352574  90.07000000
  7.42737228  -5.91148359
 90.08000000   7.48284811
 -5.83441642  90.09000000
  7.54577927  -5.76304156
 90.10000000   7.59817954
 -5.68371006  90.11000000
  7.66022485  -5.61151143
 90.12000000   7.71226718
 -5.53200564  90.13000000
  7.77066257  -5.45703543
 90.14000000   7.82405936
 -5.37850270  90.15000000
  7.87735940  -5.29996108
 90.16000000   7.93259324
 -5.22261352  90.17000000
  7.98091805  -5.14081577
 90.18000000   8.03722839
 -5.06404883  90.19000000
  8.08230683  -4.98028535
 90.20000000   8.13761665
 -4.90275035  90.21000000
  8.18239566  -4.81888804
 90.22000000   8.23373168
 -4.73886962  90.23000000
  8.28001179  -4.65588940
 90.24000000   8.32589210
 -4.57274153  90.25000000
  8.37413195  -4.49078678
 90.26000000   8.41478095
 -4.40485531  90.27000000
  8.46408846  -4.32335011
 90.28000000   8.50147325
 -4.23582882  90.29000000
  8.54953888  -4.15355975
 90.30000000   8.58681046
 -4.06605817  90.31000000
  8.63049407  -3.98158151
 90.32000000   8.66945272
 -3.89487031  90.33000000
  8.70734081  -3.80773778
 90.34000000   8.74835053
 -3.72186957  90.35000000
  8.78085845  -3.63247509
 90.36000000   8.82283001
 -3.54689582  90.37000000
  8.85224329  -3.45633439
 90.38000000   8.89257540
 -3.36997397  90.39000000
  8.92218516  -3.27955364
 90.40000000   8.95765487
 -3.19128501  90.41000000
  8.98916585  -3.10154584
 90.42000000   9.01854225
 -3.01113446  90.43000000
  9.05214346  -2.92203355
 90.44000000   9.07613084
 -2.82991703  90.45000000
  9.11046287  -2.74093300
 90.46000000   9.13175371
 -2.64808298  90.47000000
  9.16385905  -2.55831463
 90.48000000   9.18574722
 -2.46568770  90.49000000
  9.21248005  -2.37437052
 90.50000000   9.23648800
 -2.28228341  90.51000000
  9.25690736  -2.18937983
 90.52000000   9.28296192
 -2.09770920  90.53000000
  9.29816670  -2.00367087
 90.54000000   9.32456083
 -1.91195849  90.55000000
  9.33770622  -1.81757566
 90.56000000   9.36109690
 -1.72514259  90.57000000
  9.37529691  -1.63099773
 90.58000000   9.39282231
 -1.53745464  90.59000000
  9.40932847  -1.44366832
 90.60000000   9.42044761
 -1.34913197  90.61000000
  9.43883399  -1.25553747
 90.62000000   9.44514943
 -1.16041587  90.63000000
  9.46328290  -1.06667017
 90.64000000   9.46837557
 -0.97148595  90.65000000
  9.48259253  -0.87720732
 90.66000000   9.48922048
 -0.78219397  90.67000000
  9.49714406  -0.68732639
 90.68000000   9.50618402
 -0.59245419  90.69000000
  9.50779836  -0.49720087
 90.70000000   9.51838149
 -0.40232042  90.71000000
  9.51590028  -0.30695777
 90.72000000   9.52539180
 -0.21191621  90.73000000
  9.52264585  -0.11661583
 90.74000000   9.52726573
 -0.02139336  90.75000000
  9.52649865   0.07389079
 90.76000000   9.52453779
  0.16911029  90.77000000
  9.52615072   0.26448658
 90.78000000   9.51823871
  0.35951437  90.79000000
  9.52083646   0.45502948
 90.80000000   9.50989374
  0.54984010  90.81000000
  9.51027529   0.64535852
 90.82000000   9.49999180
  0.74015942  90.83000000
  9.49467565   0.83533740
 90.84000000   9.48670812
  0.93034964  90.85000000
  9.47474603   1.02489940
 90.86000000   9.46893216
  1.12021267  90.87000000
  9.45170505   1.21409384
 90.88000000   9.44604807
  1.30954204  90.89000000
  9.42716209   1.40311750
 90.90000000   9.41794509
  1.49816882  90.91000000
  9.40049459   1.59193827
 90.92000000   9.38501607
  1.68600685  90.93000000
  9.37003820   1.78025008
 90.94000000   9.34816345
  1.87310025  90.95000000
  9.33484859   1.96776436
 90.96000000   9.30880596
  2.05967251  90.97000000
  9.29449367   2.15424340
 90.98000000   9.26822047
  2.24602848  90.99000000
  9.24905954   2.33954870
 91.00000000   9.22482427
  2.43183857  91.01000000
  9.19914400   2.52368764
 91.02000000   9.17727849
  2.61668166  91.03000000
  9.14585728   2.70686297
 91.04000000   9.12483973
  2.80021594  91.05000000
  9.09081961   2.88952287
 91.06000000   9.06728846
  2.98221504  91.07000000
  9.03422347   3.07178568
 91.08000000   9.00492895
  3.16261815  91.09000000
  8.97423820   3.25303926
 91.10000000   8.93857972
  3.34157849  91.11000000
  8.90982075   3.43280217
 91.12000000   8.86957186
  3.51951559  91.13000000
  8.84046038   3.61072706
 91.14000000   8.79940865
  3.69703480  91.15000000
  8.76617792   3.78665297
 91.16000000   8.72690512
  3.87370733  91.17000000
  8.68751307   3.96065431
 91.18000000   8.65058954
  4.04882757  91.19000000
  8.60550992   4.13308982
 91.20000000   8.56967744
  4.22189525  91.21000000
  8.52171044   4.30465657
 91.22000000   8.48391639
  4.39261606  91.23000000
  8.43665612   4.47568333
 91.24000000   8.39357907
  4.56095524  91.25000000
  8.34853648   4.64523966
 91.26000000   8.29944480
  4.72718652  91.27000000
  8.25630839   4.81263877
 91.28000000   8.20277902
  4.89194104  91.29000000
  8.15946833   4.97742471
 91.30000000   8.10506239
  5.05610772  91.31000000
  8.05803536   5.13942282
 91.32000000   8.00527101
  5.21912740  91.33000000
  7.95253798   5.29879398
 91.34000000   7.90197107
  5.38001395  91.35000000
  7.84398924   5.45608286
 91.36000000   7.79442789
  5.53812040  91.37000000
  7.73385995   5.61226589
 91.38000000   7.68243106
  5.69310750  91.39000000
  7.62259348   5.76773055
 91.40000000   7.56627309
  5.84499495  91.41000000
  7.50849927   5.92122918
 91.42000000   7.44672983
  5.99421570  91.43000000
  7.39063268   6.07189443
 91.44000000   7.32502890
  6.14166264  91.45000000
  7.26857687   6.21919743
 91.46000000   7.20246923
  6.28844272  91.47000000
  7.14241403   6.36299597
 91.48000000   7.07791387
  6.43365336  91.49000000
  7.01269850   6.50358546
 91.50000000   6.95013048
  6.57610162  91.51000000
  6.88043059   6.64175270
 91.52000000   6.81851881
  6.71504362  91.53000000
  6.74700299   6.77880544
 91.54000000   6.68297589
  6.85015485  91.55000000
  6.61239848   6.91481952
 91.56000000   6.54386101
  6.98157662  91.57000000
  6.47514962   7.04826714
 91.58000000   6.40196300
  7.10996624  91.59000000
  6.33450440   7.17817169
 91.60000000   6.25846740
  7.23654940  91.61000000
  6.19019831   7.30400468
 91.62000000   6.11427816
  7.36242351  91.63000000
  6.04242171   7.42573772
 91.64000000   5.96807691
  7.48609176  91.65000000
  5.89177832   7.54388612
 91.66000000   5.81895329
  7.60628736  91.67000000
  5.73924651   7.65955758
 91.68000000   5.66651155
  7.72226342  91.69000000
  5.58600876   7.77432779
 91.70000000   5.51079640
  7.83380353  91.71000000
  5.43143916   7.88745526
 91.72000000   5.35225247
  7.94127010  91.73000000
  5.27443750   7.99728444
 91.74000000   5.19167631
  8.04564417  91.75000000
  5.11450845   8.10283904
 91.76000000   5.03016954
  8.14856878  91.77000000
  4.95157952   8.20370341
 91.78000000   4.86788981
  8.25042176  91.79000000
  4.78595839   8.30007184
 91.80000000   4.70366389
  8.34925197  91.81000000
  4.61828473   8.39279224
 91.82000000   4.53692610
  8.44384055  91.83000000
  4.44947584   8.48340117
 91.84000000   4.36751761
  8.53356709  91.85000000
  4.28019643   8.57324497
 91.86000000   4.19563520
  8.61844938  91.87000000
  4.10945685   8.66047844
 91.88000000   4.02178194
  8.69918973  91.89000000
  3.93662720   8.74358677
 91.90000000   3.84671188
  8.77721300  91.91000000
  3.76149076   8.82173752
 91.92000000   3.67122518
  8.85436513  91.93000000
  3.58416225   8.89477152
 91.94000000   3.49474227
  8.92945387  91.95000000
  3.40503125   8.96323940
 91.96000000   3.31657941
  9.00060743  91.97000000
  3.22470628   9.02844400
 91.98000000   3.13649202
  9.06677902  91.99000000
  3.04392981   9.09240738
 92.00000000   2.95453910
  9.12763037  92.01000000
  2.86253234   9.15486862
 92.02000000   2.77102244
  9.18356417  92.03000000
  2.67983756   9.21364268
 92.04000000   2.58642457
  9.23575643  92.05000000
  2.49560481   9.26747479
 92.06000000   2.40134661
  9.28619423  92.07000000
  2.30986326   9.31584724
 92.08000000   2.21591400
  9.33561585  92.09000000
  2.12284990   9.35901684
 92.10000000   2.02952935
  9.38164549  92.11000000
  1.93494292   9.39803962
 92.12000000   1.84198518
  9.42282597  92.13000000
  1.74659435   9.43479841
 92.14000000   1.65330756
  9.45846841  92.15000000
  1.55803920   9.47080184
 92.16000000   1.46369002
  9.48868453  92.17000000
  1.36884215   9.50378704
 92.18000000   1.27342516
  9.51441572  92.19000000
  1.17884735   9.53205796
 92.20000000   1.08283282
  9.53744924  92.21000000
  0.98810262   9.55476540
 92.22000000   0.89211164
  9.55975159  92.23000000
  0.79677937   9.57188521
 92.24000000   0.70100899
  9.57946190  92.25000000
  0.60510104   9.58424526
 92.26000000   0.50944808
  9.59462568  92.27000000
  0.41326914   9.59354504
 92.28000000   0.31752111
  9.60424327  92.29000000
  0.22137223   9.60200381
 92.30000000   0.12539671
  9.60816911  92.31000000
  0.02929350   9.60828760
 92.32000000  -0.06675522
  9.60712633  92.33000000
 -0.16292981   9.61021196
 92.34000000  -0.25884014
  9.60272715  92.35000000
 -0.35514011   9.60664411
 92.36000000  -0.45091271
  9.59731042  92.37000000
 -0.54715494   9.59732913
 92.38000000  -0.64302399
  9.59009868  92.39000000
 -0.73884453   9.58289782
 92.40000000  -0.83499263
  9.57872444  92.41000000
 -0.93021104   9.56487910
 92.42000000  -1.02657728
  9.56193883  92.43000000
 -1.12146376   9.54564816
 92.44000000  -1.21756686
  9.53938919  92.45000000
 -1.31265941   9.52495510
 92.46000000  -1.40786157
  9.51163223  92.47000000
 -1.50344935   9.50029263
 92.48000000  -1.59755344
  9.48013005  92.49000000
 -1.69349356   9.47031976
 92.50000000  -1.78700628
  9.44723507  92.51000000
 -1.88254085   9.43460591
 92.52000000  -1.97634038
  9.41314535  92.53000000
 -2.07051310   9.39364222
 92.54000000  -2.16502662
  9.37527451  92.55000000
 -2.25758925   9.34884054
 92.56000000  -2.35261375
  9.33220737  92.57000000
 -2.44428660   9.30251409
 92.58000000  -2.53880346
  9.28345919  92.59000000
 -2.63082356   9.25519059
 92.60000000  -2.72353434
  9.22946971  92.61000000
 -2.81648554   9.20425883
 92.62000000  -2.90707012
  9.17160568  92.63000000
 -3.00070177   9.14825482
 92.64000000  -3.09008459
  9.11214458  92.65000000
 -3.18312224   9.08665807
 92.66000000  -3.27290855
  9.05183159  92.67000000
 -3.36370311   9.01987944
 92.68000000  -3.45463561
  8.98805453  92.69000000
 -3.54279621   8.94925450
 92.70000000  -3.63457294
  8.91933197  92.71000000
 -3.72123630   8.87702510
 92.72000000  -3.81232081
  8.84513482  92.73000000
 -3.89945496   8.80403296
 92.74000000  -3.98785888
  8.76586695  92.75000000
 -4.07635144   8.72769228
 92.76000000  -4.16163096
  8.68283866  92.77000000
 -4.25111591   8.64653994
 92.78000000  -4.33463750
  8.59825314  92.79000000
 -4.42330229   8.56005678
 92.80000000  -4.50738706
  8.51295662  92.81000000
 -4.59292060   8.46865339
 92.82000000  -4.67858026
  8.42440510  92.83000000
 -4.76052063   8.37363480
 92.84000000  -4.84729561
  8.33117739  92.85000000
 -4.92727782   8.27716695
 92.86000000  -5.01305211
  8.23279007  92.87000000
 -5.09372302   8.17999309
 92.88000000  -5.17589935
  8.12967143  92.89000000
 -5.25836240   8.07964017
 92.90000000  -5.33650801
  8.02313176  92.91000000
 -5.42017235   7.97475176
 92.92000000  -5.49624738
  7.91531029  92.93000000
 -5.57865266   7.86490259
 92.94000000  -5.65558817
  7.80674282  92.95000000
 -5.73390948   7.75055462
 92.96000000  -5.81284833
  7.69505321  92.97000000
 -5.88674763   7.63302363
 92.98000000  -5.96692100
  7.57897896  92.99000000
 -6.03874581   7.51441912
 93.00000000  -6.11730433
  7.45816902  93.01000000
 -6.19022000   7.39499438
 93.02000000  -6.26418537
  7.33313588  93.03000000
 -6.33930627   7.27249052
 93.04000000  -6.40852298
  7.20520423  93.05000000
 -6.48484024   7.14576673
 93.06000000  -6.55210385
  7.07642635  93.07000000
 -6.62634065   7.01456085
 93.08000000  -6.69498092
  6.94672027  93.09000000
 -6.76410029   6.87944412
 93.10000000  -6.83513088
  6.81397829  93.11000000
 -6.89926236   6.74175767
 93.12000000  -6.97135842
  6.67719990  93.13000000
 -7.03380296   6.60345552
 93.14000000  -7.10323293
  6.53622668  93.15000000
 -7.16738099   6.46407974
 93.16000000  -7.23117728
  6.39168901  93.17000000
 -7.29786276   6.32172351
 93.18000000  -7.35655016
  6.24494369  93.19000000
 -7.42405128   6.17553989
 93.20000000  -7.48147755
  6.09779643  93.21000000
 -7.54560181   6.02548469
 93.22000000  -7.60508862
  5.94940364  93.23000000
 -7.66309833   5.87224715
 93.24000000  -7.72520392
  5.79810532  93.25000000
 -7.77814045   5.71718635
 93.26000000  -7.84066209
  5.64322064  93.27000000
 -7.89291661   5.56188860
 93.28000000  -7.95123991
  5.48482187  93.29000000
 -8.00592861   5.40517288
 93.30000000  -8.05772225
  5.32365563  93.31000000
 -8.11501908   5.24565525
 93.32000000  -8.16197762
  5.16106620  93.33000000
 -8.21910646   5.08282979
 93.34000000  -8.26608304
  4.99832046  93.35000000
 -8.31812534   4.91688037
 93.36000000  -8.36789351
  4.83401210  93.37000000
 -8.41310157   4.74860086
 93.38000000  -8.46534272
  4.66704654  93.39000000
 -8.50621175   4.57930421
 93.40000000  -8.55747480
  4.49709295  93.41000000
 -8.59913039   4.40982043
 93.42000000  -8.64442368
  4.32443749  93.43000000
 -8.68916528   4.23868656
 93.44000000  -8.72749059
  4.14990002  93.45000000
 -8.77440083   4.06509096
 93.46000000  -8.80920016
  3.97473756  93.47000000
 -8.85405235   3.88886904
 93.48000000  -8.89039651
  3.79923466  93.49000000
 -8.92850084   3.71039458
 93.50000000  -8.96811920
  3.62208516  93.51000000
 -8.99935776   3.53048565
 93.52000000  -9.04062244
  3.44272512  93.53000000
 -9.06942608   3.35026713
 93.54000000  -9.10733946
  3.26113992  93.55000000
 -9.13840085   3.16951357
 93.56000000  -9.16894564
  3.07776702  93.57000000
 -9.20331907   2.98720321
 93.58000000  -9.22740563
  2.89339086  93.59000000
 -9.26263593   2.80299122
 93.60000000  -9.28556820
  2.70889552  93.61000000
 -9.31605246   2.61698936
 93.62000000  -9.34186525
  2.52370865  93.63000000
 -9.36457953   2.42966417
 93.64000000  -9.39353286
  2.33713578  93.65000000
 -9.41058029   2.24172654
 93.66000000  -9.43927979
  2.14902626  93.67000000
 -9.45653276   2.05372109
 93.68000000  -9.47912738
  1.95958602  93.69000000
 -9.49972638   1.86496064
 93.70000000  -9.51446023
  1.76926750  93.71000000
 -9.53775286   1.67506746
 93.72000000  -9.54807508
  1.57865652  93.73000000
 -9.56962765   1.48405132
 93.74000000  -9.58141580
  1.38790951  93.75000000
 -9.59574308   1.29217003
 93.76000000  -9.61112557
  1.19648236  93.77000000
 -9.61789947   1.09981132
 93.78000000  -9.63519336
  1.00425391  93.79000000
 -9.63924333   0.90736231
 93.80000000  -9.65299499
  0.81135141  93.81000000
 -9.65951556   0.71468873
 93.82000000  -9.66533720
  0.61803163  93.83000000
 -9.67541370   0.52154871
 93.84000000  -9.67447909
  0.42455775  93.85000000
 -9.68529082   0.32800692
 93.86000000  -9.68349230
  0.23104767  93.87000000
 -9.68893548   0.13425456
 93.88000000  -9.69035395
  0.03733997  93.89000000
 -9.68760517  -0.05951503
 93.90000000  -9.69217649
 -0.15651400  93.91000000
 -9.68405072  -0.25323368
 93.92000000  -9.68772939
 -0.35032005  93.93000000
 -9.68050687  -0.44702348
 93.94000000  -9.67726108
 -0.54388745  93.95000000
 -9.67367152  -0.64081673
 93.96000000  -9.66250965
 -0.73715760  93.97000000
 -9.66124548  -0.83434635
 93.98000000  -9.64669535
 -0.93033361  93.99000000
 -9.64245821  -1.02735447
 94.00000000  -9.63016716
 -1.12355547  94.01000000
 -9.61805659  -1.21972528
 94.02000000  -9.60942121
 -1.31643326  94.03000000
 -9.59029958  -1.41161690
 94.04000000  -9.58267781
 -1.50857219  94.05000000
 -9.56241383  -1.60351395
 94.06000000  -9.54967470
 -1.69972768  94.07000000
 -9.53258725  -1.79523252
 94.08000000  -9.51168386
 -1.88994248  94.09000000
 -9.49779655  -1.98614790
 94.10000000  -9.47150994
 -2.07968368  94.11000000
 -9.45678626  -2.17581788
 94.12000000  -9.43143162
 -2.26951847  94.13000000
 -9.40984176  -2.36409975
 94.14000000  -9.38810712
 -2.45873321  94.15000000
 -9.35878012  -2.55128771
 94.16000000  -9.33924875
 -2.64660749  94.17000000
 -9.30688472  -2.73823804
 94.18000000  -9.28416455
 -2.83274256  94.19000000
 -9.25420222  -2.92508227
 94.20000000  -9.22371473
 -3.01719600  94.21000000
 -9.19728113  -3.11073943
 94.22000000  -9.16027923
 -3.20061771  94.23000000
 -9.13446854  -3.29448426
 94.24000000  -9.09693960
 -3.38410994  94.25000000
 -9.06566838  -3.47606378
 94.26000000  -9.03140812
 -3.56694832  94.27000000
 -8.99233485  -3.65584534
 94.28000000  -8.96090205
 -3.74795441  94.29000000
 -8.91741834  -3.83494942
 94.30000000  -8.88440529
 -3.92650188  94.31000000
 -8.84244814  -4.01412885
 94.32000000  -8.80243665
 -4.10259647  94.33000000
 -8.76396822  -4.19188556
 94.34000000  -8.71702702
 -4.27702364  94.35000000
 -8.68004362  -4.36714122
 94.36000000  -8.63139098
 -4.45135011  94.37000000
 -8.59030436  -4.53948204
 94.38000000  -8.54440739
 -4.62513805  94.39000000
 -8.49589154  -4.70929548
 94.40000000  -8.45303778
 -4.79670574  94.41000000
 -8.39939627  -4.87790467
 94.42000000  -8.35604237
 -4.96514780  94.43000000
 -8.30312952  -5.04672260
 94.44000000  -8.25369663
 -5.13038520  94.45000000
 -8.20404578  -5.21401355
 94.46000000  -8.14774936
 -5.29331437  94.47000000
 -8.10001344  -5.37828460
 94.48000000  -8.04123865
 -5.45586813  94.49000000
 -7.99048577  -5.53893211
 94.50000000  -7.93396944
 -5.61805917  94.51000000
 -7.87636945  -5.69634232
 94.52000000  -7.82286676
 -5.77771141  94.53000000
 -7.75997923  -5.85204592
 94.54000000  -7.70658545
 -5.93362409  94.55000000
 -7.64384574  -6.00800517
 94.56000000  -7.58525517
 -6.08563114  94.57000000
 -7.52545430  -6.16238944
 94.58000000  -7.46038769
 -6.23472461  94.59000000
 -7.40262002  -6.31328209
 94.60000000  -7.33477367
 -6.38317084  94.61000000
 -7.27471751  -6.45988939
 94.62000000  -7.20875093
 -6.53141517  94.63000000
 -7.14251514  -6.60262054
 94.64000000  -7.07936767
 -6.67681492  94.65000000
 -7.00808366  -6.74321827
 94.66000000  -6.94530445
 -6.81790344  94.67000000
 -6.87387411  -6.88408598
 94.68000000  -6.80662140
 -6.95444206  94.69000000
 -6.73780603  -7.02331255
 94.70000000  -6.66466716
 -7.08755393  94.71000000
 -6.59778272  -7.15858542
 94.72000000  -6.52197921
 -7.21985352  94.73000000
 -6.45321006  -7.28896846
 94.74000000  -6.37901801
 -7.35201808  94.75000000
 -6.30477867  -7.41492928
 94.76000000  -6.23310062
 -7.48100455  94.77000000
 -6.15434400  -7.53844976
 94.78000000  -6.08303473
 -7.60513040  94.79000000
 -6.00413227  -7.66230535
 94.80000000  -5.92889292
 -7.72414334  94.81000000
 -5.85229684  -7.78434186
 94.82000000  -5.77191555
 -7.83936418  94.83000000
 -5.69698002  -7.90194260
 94.84000000  -5.61435546
 -7.95375828  94.85000000
 -5.53770483  -8.01410401
 94.86000000  -5.45652418
 -8.06796744  94.87000000
 -5.37512867  -8.12141070
 94.88000000  -5.29609189
 -8.17859691  94.89000000
 -5.21093323  -8.22617322
 94.90000000  -5.13207872
 -8.28383007  94.91000000
 -5.04697114  -8.33138905
 94.92000000  -4.96463494
 -8.38349851  94.93000000
 -4.88150371  -8.43442535
 94.94000000  -4.79489943
 -8.47917792  94.95000000
 -4.71304255  -8.53251407
 94.96000000  -4.62482375
 -8.57422615  94.97000000
 -4.54128009  -8.62467471
 94.98000000  -4.45439226
 -8.66887583  94.99000000
 -4.36688010  -8.71172251
 95.00000000  -4.28169472
 -8.75943357  95.01000000
 -4.19133418  -8.79637184
 95.02000000  -4.10603884
 -8.84408674  95.03000000
 -4.01598853  -8.88157877
 95.04000000  -3.92767148
 -8.92284771  95.05000000
 -3.83923295  -8.96405711
 95.06000000  -3.74763078
 -8.99765400  95.07000000
 -3.66001004  -9.04103861
 95.08000000  -3.56750615
 -9.07225533  95.09000000
 -3.47821745  -9.11170693
 95.10000000  -3.38688318
 -9.14596491  95.11000000
 -3.29451355  -9.17721721
 95.12000000  -3.20437450
 -9.21497838  95.13000000
 -3.11015005  -9.24076327
 95.14000000  -3.01959722
 -9.27762553  95.15000000
 -2.92588134  -9.30484384
 95.16000000  -2.83288873
 -9.33423398  95.17000000
 -2.74035210  -9.36544979
 95.18000000  -2.64514868
 -9.38723467  95.19000000
 -2.55295834  -9.42000553
 95.20000000  -2.45747678
 -9.44055108  95.21000000
 -2.36379024  -9.46800831
 95.22000000  -2.26920748
 -9.49217336  95.23000000
 -2.17344872  -9.51106445
 95.24000000  -2.07952884
 -9.53843667  95.25000000
 -1.98287435  -9.55297548
 95.26000000  -1.88834868
 -9.57797233  95.27000000
 -1.79220012  -9.59494834
 95.28000000  -1.69604543
 -9.61158119  95.29000000
 -1.60056469  -9.63260374
 95.30000000  -1.50328308
 -9.64227234  95.31000000
 -1.40776983  -9.66371571
 95.32000000  -1.31058115
 -9.67367919  95.33000000
 -1.21403464  -9.68823772
 95.34000000  -1.11733970
 -9.70230354  95.35000000
 -1.01981484  -9.70838619
 95.36000000  -0.92329731
 -9.72490179  95.37000000
 -0.82558386  -9.72840804
 95.38000000  -0.72858737
 -9.74059791  95.39000000
 -0.63113259  -9.74748048
 95.40000000  -0.53352157
 -9.75078527  95.41000000
 -0.43620990  -9.76138132
 95.42000000  -0.33839813
 -9.75918080  95.43000000
 -0.24093231  -9.76837978
 95.44000000  -0.14320263
 -9.76812613  95.45000000
 -0.04553728  -9.76906375
 95.46000000   0.05221080
 -9.77305879  95.47000000
  0.14981413  -9.76636412
 95.48000000   0.24767023
 -9.77141127  95.49000000
  0.34521242  -9.76435146
 95.50000000   0.44294421
 -9.76295065  95.51000000
  0.54068616  -9.75996930
 95.52000000   0.63794234
 -9.74980725  95.53000000
  0.73594271  -9.74962191
 95.54000000   0.83290861
 -9.73633904  95.55000000
  0.93068795  -9.73226868
 95.56000000   1.02795571
 -9.72224528  95.57000000
  1.12483682  -9.70925630
 95.58000000   1.22260783
 -9.70307927  95.59000000
  1.31871866  -9.68431938
 95.60000000   1.41643879
 -9.67699871  95.61000000
  1.51278135  -9.66006723
 95.62000000   1.60930208
 -9.64456763  95.63000000
  1.70639415  -9.63190278
 95.64000000   1.80154251
 -9.60877191  95.65000000
  1.89892943  -9.59718617
 95.66000000   1.99396318
 -9.57373932  95.67000000
  2.09011470  -9.55571797
 95.68000000   2.18605593
 -9.53634564  95.69000000
  2.28024186  -9.50971373
 95.70000000   2.37690138
 -9.49301086  95.71000000
  2.47033146  -9.46358417
 95.72000000   2.56603520
 -9.44278340  95.73000000
  2.66037194  -9.41671743
 95.74000000   2.75364058
 -9.38715143  95.75000000
  2.84911173  -9.36473981
 95.76000000   2.94075770
 -9.32999659  95.77000000
  3.03583266  -9.30597716
 95.78000000   3.12815012
 -9.27338870  95.79000000
  3.22054216  -9.24118826
 95.80000000   3.31433343
 -9.21270142  95.81000000
  3.40419883  -9.17355570
 95.82000000   3.49827024
 -9.14555389  95.83000000
  3.58825138  -9.10684141
 95.84000000   3.67974218
 -9.07202639  95.85000000
  3.77138686  -9.03735206
 95.86000000   3.85955766
 -8.99458849  95.87000000
  3.95215721  -8.96193307
 95.88000000   4.03954832
 -8.91753462  95.89000000
  4.13005222  -8.87999169
 95.90000000   4.21910767
 -8.83916188  95.91000000
  4.30568706  -8.79333981
 95.92000000   4.39630645
 -8.75555070  95.93000000
  4.48098223  -8.70605037
 95.94000000   4.57029687
 -8.66548946  95.95000000
  4.65638639  -8.61870320
 95.96000000   4.74143649
 -8.57013723  95.97000000
  4.82958250  -8.52695943
 95.98000000   4.91151409
 -8.47296552  95.99000000
  4.99932363  -8.42900708
 96.00000000   5.08214544
 -8.37658319  96.01000000
  5.16567286  -8.32541106
 96.02000000   5.25088135
 -8.27676296  96.03000000
  5.33020645  -8.21900540
 96.04000000   5.41602783
 -8.17113630  96.05000000
  5.49533975  -8.11344554
 96.06000000   5.57729380
 -8.05969076  96.07000000
  5.65913077  -8.00561212
 96.08000000   5.73600749
 -7.94467306  96.09000000
  5.81931431  -7.89249535
 96.10000000   5.89499322
 -7.83001985  96.11000000
  5.97521404  -7.77356574
 96.12000000   6.05332422
 -7.71424548  96.13000000
  6.12785569  -7.65050191
 96.14000000   6.20816476
 -7.59381919  96.15000000
  6.28012744  -7.52701288
 96.16000000   6.35839976
 -7.46772138  96.17000000
  6.43247159  -7.40341130
 96.18000000   6.50472784
 -7.33712135  96.19000000
  6.58157246  -7.27585604
 96.20000000   6.64985420
 -7.20523320  96.21000000
  6.72585280  -7.14290138
 96.22000000   6.79564882
 -7.07392964  96.23000000
  6.86563266  -7.00523159
 96.24000000   6.93859755
 -6.93943294  96.25000000
  7.00334455  -6.86553532
 96.26000000   7.07661062
 -6.79990169  96.27000000
  7.14197478  -6.72665538
 96.28000000   7.20961394
 -6.65559722  96.29000000
  7.27834849  -6.58542232
 96.30000000   7.33972839
 -6.50871479  96.31000000
  7.40978746  -6.43960170
 96.32000000   7.47059087
 -6.36245851  96.33000000
  7.53577843  -6.28906315
 96.34000000   7.59996218
 -6.21472041  96.35000000
  7.65811560  -6.13556243
 96.36000000   7.72450511
 -6.06289099  96.37000000
  7.78073064  -5.98228465
 96.38000000   7.84325979
 -5.90651140  96.39000000
  7.90266073  -5.82829283
 96.40000000   7.95765241
 -5.74692697  96.41000000
  8.01998576  -5.67074532
 96.42000000   8.07161125
 -5.58705897  96.43000000
  8.13126182  -5.50889157
 96.44000000   8.18568017
 -5.42711036  96.45000000
  8.23754694  -5.34372619
 96.46000000   8.29546468
 -5.26414845  96.47000000
  8.34255682  -5.17778384
 96.48000000   8.39903895
 -5.09719538  96.49000000
  8.44833108  -5.01219413
 96.50000000   8.49705439
 -4.92692597  96.51000000
  8.55025311  -4.84413668
 96.52000000   8.59292713
 -4.75547751  96.53000000
  8.64588411  -4.67244582
 96.54000000   8.68997647
 -4.58459344  96.55000000
  8.73547931  -4.49753638
 96.56000000   8.78372125
 -4.41177926  96.57000000
  8.82212444  -4.32117861
 96.58000000   8.87118658
 -4.23572451  96.59000000
  8.91000001  -4.14536777
 96.60000000   8.95220061
 -4.05661860  96.61000000
  8.99526726  -3.96815987
 96.62000000   9.02953253
 -3.87591763  96.63000000
  9.07433932  -3.78811689
 96.64000000   9.10789395
 -3.69562938  96.65000000
  9.14663504  -3.60525963
 96.66000000   9.18438858
 -3.51440835  96.67000000
  9.21457178  -3.42075738
 96.68000000   9.25485269
 -3.33076407  96.69000000
  9.28313238  -3.23648056
 96.70000000   9.31827526
 -3.14458621  96.71000000
  9.35059447  -3.05165743
 96.72000000   9.37675098
 -2.95680946  96.73000000
  9.41224766  -2.86481062
 96.74000000   9.43531042
 -2.76907193  96.75000000
  9.46667440  -2.67575114
 96.76000000   9.49348272
 -2.58107216  96.77000000
  9.51561585  -2.48520756
 96.78000000   9.54613261
 -2.39143287  96.79000000
  9.56402787  -2.29455412
 96.80000000   9.59142697
 -2.19992496  96.81000000
  9.61270154  -2.10383118
 96.82000000   9.63078838
 -2.00711708  96.83000000
  9.65617641  -1.91182316
 96.84000000   9.66895719
 -1.81410129  96.85000000
  9.69223127  -1.71830790
 96.86000000   9.70793428
 -1.62112274  96.87000000
  9.72195217  -1.52372467
 96.88000000   9.74208065
 -1.42718257  96.89000000
  9.74984687  -1.32890493
 96.90000000   9.76879109
 -1.23210349  96.91000000
  9.77897114  -1.13415643
 96.92000000   9.78884769
 -1.03623359  96.93000000
  9.80365512  -0.93873155
 96.94000000   9.80647636
 -0.84016318  96.95000000
  9.82093429  -0.74253769
 96.96000000   9.82559671
 -0.64414115  96.97000000
  9.83128756  -0.54586225
 96.98000000   9.84071488
 -0.44769123  96.99000000
  9.83871170  -0.34908544
 97.00000000   9.84849790
 -0.25083774  97.01000000
  9.84771895  -0.15230010
 97.02000000   9.84914654
 -0.05383808  97.03000000
  9.85318493   0.04470734
 97.04000000   9.84640410
  0.14311525  97.05000000
  9.85141514   0.24176056
 97.06000000   9.84525656
  0.34014334  97.07000000
  9.84235390   0.43860539
 97.08000000   9.84102207
  0.53723289  97.09000000
  9.82952628   0.63521512
 97.10000000   9.82968062
  0.73402157  97.11000000
  9.81820097   0.83196187
 97.12000000   9.81092828
  0.93023317  97.13000000
  9.80424075   1.02865307
 97.14000000   9.78808302
  1.12598748  97.15000000
  9.78331210   1.22470780
 97.16000000   9.76663685
  1.32193280  97.17000000
  9.75490947   1.41980877
 97.18000000   9.74294999
  1.51774202  97.19000000
  9.72215335   1.61420563
 97.20000000   9.71245489
  1.71259241  97.21000000
  9.69063925   1.80882992
 97.22000000   9.67444676
  1.90610456  97.23000000
  9.65726439   2.00327321
 97.24000000   9.63188969
  2.09864887  97.25000000
  9.61723826   2.19644515
 97.26000000   9.59043487
  2.29144748  97.27000000
  9.56971257   2.38789540
 97.28000000   9.54742129
  2.48403948  97.29000000
  9.51748228   2.57809916
 97.30000000   9.49792685
  2.67505949  97.31000000
  9.46621257   2.76857101
 97.32000000   9.44096320
  2.86397040  97.33000000
  9.41366078   2.95883365
 97.34000000   9.37921664
  3.05135688  97.35000000
  9.35478656   3.14722909
 97.36000000   9.31830625
  3.23901853  97.37000000
  9.28851428   3.33313339
 97.38000000   9.25631807
  3.42647176  97.39000000
  9.21740919   3.51722874
 97.40000000   9.18816534
  3.61176775  97.41000000
  9.14706432   3.70161384
 97.42000000   9.11271339
  3.79419446  97.43000000
  9.07578617   3.88578918
 97.44000000   9.03245722
  3.97454507  97.45000000
  8.99849514   4.06751954
 97.46000000   8.95287760
  4.15519061  97.47000000
  8.91402727   4.24600714
 97.48000000   8.87247648
  4.33562517  97.49000000
  8.82480831   4.42215398
 97.50000000   8.78620322
  4.51332371  97.51000000
  8.73625805   4.59863222
 97.52000000   8.69290654
  4.68741657  97.53000000
  8.64692138   4.77487091
 97.54000000   8.59496635
  4.85892596  97.55000000
  8.55185308   4.94808169
 97.56000000   8.49767979
  5.03080094  97.57000000
  8.44992476   5.11732479
 97.58000000   8.39963310
  5.20240547  97.59000000
  8.34350568   5.28376600
 97.60000000   8.29597672
  5.37067622  97.61000000
  8.23778438   5.45064690
 97.62000000   8.18566156
  5.53463671  97.63000000
  8.13125064   5.61717677
 97.64000000   8.07103330
  5.69559563  97.65000000
  8.01923769   5.78006475
 97.66000000   7.95715645
  5.85708523  97.67000000
  7.90077422   5.93830109
 97.68000000   7.84240707
  6.01812768  97.69000000
  7.77823768   6.09338725
 97.70000000   7.72229446
  6.17520043  97.71000000
  7.65652325   6.24912273
 97.72000000   7.59597538
  6.32730447  97.73000000
  7.53382223   6.40425826
 97.74000000   7.46583001
  6.47612816  97.75000000
  7.40588460   6.55508966
 97.76000000   7.33660513
  6.62576218  97.77000000
  7.27200053   6.70064693
 97.78000000   7.20625551
  6.77459815  97.79000000
  7.13459803   6.84286478
 97.80000000   7.07079753
  6.91878047  97.81000000
  6.99818751   6.98605495
 97.82000000   6.92967863
  7.05740616  97.83000000
  6.86049856   7.12820045
 97.84000000   6.78535784
  7.19266830  97.85000000
  6.71783814   7.26532916
 97.86000000   6.64212444
  7.32911629  97.87000000
  6.56983295   7.39665201
 97.88000000   6.49742415
  7.46419356  97.89000000
  6.41898025   7.52466139
 97.90000000   6.34791024
  7.59388882  97.91000000
  6.26925964   7.65404637
 97.92000000   6.19338208
  7.71754952  97.93000000
  6.11789990   7.78169583
 97.94000000   6.03638473
  7.83802052  97.95000000
  5.96189549   7.90358314
 97.96000000   5.88055248
  7.96007341  97.97000000
  5.80124645   8.01926500
 97.98000000   5.72288965
  8.07993409  97.99000000
  5.63851102   8.13194514
 98.00000000   5.56078352
  8.19366285  98.01000000
  5.47692207   8.24637304
 98.02000000   5.39441347
  8.30104511  98.03000000
  5.31334354   8.35811259
 98.04000000   5.22637264
  8.40573521  98.05000000
  5.14554546   8.46335042
 98.06000000   5.05939731
  8.51226651  98.07000000
  4.97389657   8.56217304
 98.08000000   4.89029528
  8.61554969  98.09000000
  4.80097196   8.65867629
 98.10000000   4.71723054
  8.71197783  98.11000000
  4.62898561   8.75704082
 98.12000000   4.54074434
  8.80198373  98.13000000
  4.45477861   8.85155829
 98.14000000   4.36339435
  8.89019390  98.15000000
  4.27690164   8.93889822
 98.16000000   4.18676208
  8.98008992  98.17000000
  4.09604515   9.01988163
 98.18000000   4.00788205
  9.06554083  98.19000000
  3.91470226   9.09967934
 98.20000000   3.82565428
  9.14351640  98.21000000
  3.73381796   9.18083592
 98.22000000   3.64090723
  9.21531090  98.23000000
  3.55071648   9.25693902
 98.24000000   3.45600208
  9.28660720  98.25000000
  3.36462891   9.32533136
 98.26000000   3.27126893
  9.35874306  98.27000000
  3.17647285   9.38779302
 98.28000000   3.08441628
  9.42523601  98.29000000
  2.98842173   9.45049639
 98.30000000   2.89496645
  9.48383461  98.31000000
  2.80027173   9.51337079
 98.32000000   2.70390190
  9.53690104  98.33000000
  2.61015621   9.57001554
 98.34000000   2.51310773
  9.59090233  98.35000000
  2.41786016   9.61866217
 98.36000000   2.32198485
  9.64426924  98.37000000
  2.22437550   9.66228041
 98.38000000   2.12911227
  9.69084808  98.39000000
  2.03124509   9.70750278
 98.40000000   1.93449685
  9.72942613  98.41000000
  1.83761062   9.75112562
 98.42000000   1.73908645
  9.76363292  98.43000000
  1.64250439   9.78745916
 98.44000000   1.54401014
  9.79992318  98.45000000
  1.44609924   9.81587969
 98.46000000   1.34834920
  9.83359562  98.47000000
  1.24924207   9.84075570
 98.48000000   1.15154712
  9.85952964  98.49000000
  1.05262064   9.86797297
 98.50000000   0.95389011
  9.87778738  98.51000000
  0.85543353   9.89148741
 98.52000000   0.75604641
  9.89346336  98.53000000
  0.65748579   9.90691041
 98.54000000   0.55828731
  9.91138639  98.55000000
  0.45910582   9.91501487
 98.56000000   0.36009804
  9.92457758  98.57000000
  0.26071137   9.92172305
 98.58000000   0.16156461
  9.92942843  98.59000000
  0.06224532   9.93007220
 98.60000000  -0.03701631
  9.92748478  98.61000000
 -0.13640551   9.93279232
 98.62000000  -0.23556376
  9.92533105  98.63000000
 -0.33496120   9.92704043
 98.64000000  -0.43426679
  9.92390525  98.65000000
 -0.53324111   9.91519808
 98.66000000  -0.63282098
  9.91605091  98.67000000
 -0.73156077   9.90427570
 98.68000000  -0.83083761
  9.89975036  98.69000000
 -0.93000212   9.89288030
 98.70000000  -1.02834081
  9.87821709  98.71000000
 -1.12788844   9.87438269
 98.72000000  -1.22605351
  9.85853054  98.73000000
 -1.32481147   9.84761216
 98.74000000  -1.42370909
  9.83702607  98.75000000
 -1.52110470   9.81670577
 98.76000000  -1.62034873
  9.80787110  98.77000000
 -1.71781463   9.78817700
 98.78000000  -1.81564396
  9.77080157  98.79000000
 -1.91413442   9.75643526
 98.80000000  -2.01033908
  9.73086421  98.81000000
 -2.10894330   9.71664768
 98.82000000  -2.20561644
  9.69334529  98.83000000
 -2.30210374   9.66951142
 98.84000000  -2.40002996
  9.65128291  98.85000000
 -2.49488350   9.62099913
 98.86000000  -2.59243490
  9.60097097  98.87000000
 -2.68822410   9.57418901
 98.88000000  -2.78299033
  9.54405929  98.89000000
 -2.88014505   9.52177256
 98.90000000  -2.97355383
  9.48727837  98.91000000
 -3.06958210   9.46108799
 98.92000000  -3.16442170
  9.43098581  98.93000000
 -3.25712616   9.39480507
 98.94000000  -3.35325470
  9.36823235  98.95000000
 -3.44514850   9.32989873
 98.96000000  -3.53919114
  9.29741189  98.97000000
 -3.63297544   9.26399245
 98.98000000  -3.72337861
  9.22220739  98.99000000
 -3.81812235   9.19097833
 99.00000000  -3.90850370
  9.14922751  99.01000000
 -4.00007173   9.11034836
 99.02000000  -4.09269404
  9.07362299  99.03000000
 -4.18065187   9.02677077
 99.04000000  -4.27357568
  8.99050922  99.05000000
 -4.36241209   8.94556243
 99.06000000  -4.45109632
  8.90044415  99.07000000
 -4.54235975   8.86025624
 99.08000000  -4.62792775
  8.80911837  99.09000000
 -4.71841992   8.76727506
 99.10000000  -4.80573747
  8.71940462  99.11000000
 -4.89116545   8.66827405
 99.12000000  -4.98082529
  8.62444664  99.13000000
 -5.06406357   8.56959525
 99.14000000  -5.15154825
  8.52190688  99.15000000
 -5.23729282   8.47118553
 99.16000000  -5.31925012
  8.41451320  99.17000000
 -5.40691390   8.36671109
 99.18000000  -5.48796578
  8.30870258  99.19000000
 -5.57185765   8.25502827
 99.20000000  -5.65597063
  8.20151257  99.21000000
 -5.73437119   8.13987691
 99.22000000  -5.81954455
  8.08774096  99.23000000
 -5.89848909   8.02691167
 99.24000000  -5.97832723
  7.96738146  99.25000000
 -6.06062941   7.91096632
 99.26000000  -6.13566522
  7.84519953  99.27000000
 -6.21762173   7.78820932
 99.28000000  -6.29458784
  7.72488422  99.29000000
 -6.36999193   7.65976024
 99.30000000  -6.45021644
  7.60027733  99.31000000
 -6.52218988   7.53116091
 99.32000000  -6.60014944
  7.46892580  99.33000000
 -6.67516307   7.40324384
 99.34000000  -6.74596913
  7.33302983  99.35000000
 -6.82366353   7.27017450
 99.36000000  -6.89289716
  7.19833583  99.37000000
 -6.96617155   7.13073568
 99.38000000  -7.03920096
  7.06275229  99.39000000
 -7.10545456   6.98810292
 99.40000000  -7.18000382
  6.92151650  99.41000000
 -7.24673194   6.84736547
 99.42000000  -7.31480964
  6.77455404  99.43000000
 -7.38567770   6.70418898
 99.44000000  -7.44778629
  6.62598327  99.45000000
 -7.51829498   6.55519057
 99.46000000  -7.58273923
  6.47904063  99.47000000
 -7.64529058   6.40137203
 99.48000000  -7.71365371
  6.32844048  99.49000000
 -7.77219966   6.24752648
 99.50000000  -7.83768226
  6.17216571  99.51000000
 -7.89994403   6.09417029
 99.52000000  -7.95692985
  6.01222009  99.53000000
 -8.02221569   5.93643461
 99.54000000  -8.07770273
  5.85341701  99.55000000
 -8.13741356   5.77348359
 99.56000000  -8.19743775
  5.69365590  99.57000000
 -8.24915603   5.60817179
 99.58000000  -8.31053878
  5.52918196  99.59000000
 -8.36335912   5.44446220
 99.60000000  -8.41680076
  5.36021270  99.61000000
 -8.47435139   5.27845937
 99.62000000  -8.52156422
  5.19035632  99.63000000
 -8.57788759   5.10775820
 99.64000000  -8.62830567
  5.02157225  99.65000000
 -8.67531654   4.93349871
 99.66000000  -8.72988556
  4.84961384  99.67000000
 -8.77341845   4.75964526
 99.68000000  -8.82359145
  4.67327496  99.69000000
 -8.87172104   4.58572526
 99.70000000  -8.91253983
  4.49450221  99.71000000
 -8.96332804   4.40822147
 99.72000000  -9.00380467
  4.31686416  99.73000000
 -9.04715613   4.22692607
 99.74000000  -9.09282678
  4.13796110  99.75000000
 -9.12819172   4.04440118
 99.76000000  -9.17403616
  3.95543024  99.77000000
 -9.21193767   3.86298242
 99.78000000  -9.24814941
  3.76990377  99.79000000
 -9.29094506   3.67940134
 99.80000000  -9.32203066
  3.58432380  99.81000000
 -9.36153596   3.49246331
 99.82000000  -9.39706449
  3.39903683  99.83000000
 -9.42634126   3.30344669
 99.84000000  -9.46545808
  3.21121571  99.85000000
 -9.49317059   3.11512807
 99.86000000  -9.52540221
  3.02054793  99.87000000
 -9.55854586   2.92615530
 99.88000000  -9.58164752
  2.82878350  99.89000000
 -9.61590733   2.73464568
 99.90000000  -9.64086716
  2.63782493  99.91000000
 -9.66544937   2.54096665
 99.92000000  -9.69577876
  2.44551448  99.93000000
 -9.71408842   2.34709992
 99.94000000  -9.74188921
  2.25095048  99.95000000
 -9.76450862   2.15353020
 99.96000000  -9.78158222
  2.05497808  99.97000000
 -9.80832352   1.95836671
 99.98000000  -9.82246271
  1.85927427  99.99000000
