 -2.15465100   8.67725192
 80.00000000  -2.24298726
  8.66158321  80.01000000
 -2.32806528   8.63358764
 80.02000000  -2.41604778
  8.61602671  80.03000000
 -2.50059769   8.58646735
 80.04000000  -2.58818066
  8.56700427  80.05000000
 -2.67217919   8.53590762
 80.06000000  -2.75931657
  8.51453559  80.07000000
 -2.84274087   8.48192603
 80.08000000  -2.92938669
  8.45864192  80.09000000
 -3.01221405   8.42454153
 80.10000000  -3.09832220
  8.39934455  80.11000000
 -3.18053049   8.36377479
 80.12000000  -3.26605615
  8.33666985  80.13000000
 -3.34762197   8.29964713
 80.14000000  -3.43252184
  8.27064421  80.15000000
 -3.51342094   8.23218213
 80.16000000  -3.59765186
  8.20129228  80.17000000
 -3.67786069   8.16140568
 80.18000000  -3.76137883
  8.12863930  80.19000000
 -3.84087492   8.08734479
 80.20000000  -3.92363692
  8.05271422  80.21000000
 -4.00239748   8.01002703
 80.22000000  -4.08436209
  7.97354950  80.23000000
 -4.16236268   7.92948135
 80.24000000  -4.24349067
  7.89117793  80.25000000
 -4.32070588   7.84573895
 80.26000000  -4.40095826
  7.80563089  80.27000000
 -4.47736330   7.75883280
 80.28000000  -4.55670044
  7.71694014  80.29000000
 -4.63227154   7.66879657
 80.30000000  -4.71065452
  7.62514068  80.31000000
 -4.78536735   7.57566446
 80.32000000  -4.86275989
  7.53027081  80.33000000
 -4.93658826   7.47947219
 80.34000000  -5.01295651
  7.43236944  80.35000000
 -5.08587322   7.38025784
 80.36000000  -5.16118359
  7.33147430  80.37000000
 -5.23316225   7.27806107
 80.38000000  -5.30738025
  7.22762334  80.39000000
 -5.37839564   7.17292202
 80.40000000  -5.45148743
  7.12085724  80.41000000
 -5.52151381   7.06488112
 80.42000000  -5.59344840
  7.01121979  80.43000000
 -5.66245812   6.95398025
 80.44000000  -5.73320734
  6.89875569  80.45000000
 -5.80117161   6.84026357
 80.46000000  -5.87070773
  6.78350873  80.47000000
 -5.93759873   6.72377691
 80.48000000  -6.00589281
  6.66552267  80.49000000
 -6.07168429   6.60456648
 80.50000000  -6.13870757
  6.54484351  80.51000000
 -6.20337307   6.48267861
 80.52000000  -6.26909964
  6.42152014  80.53000000
 -6.33261078   6.35816077
 80.54000000  -6.39701794
  6.29560262  80.55000000
 -6.45934504   6.23106258
 80.56000000  -6.52241084
  6.16714039  80.57000000
 -6.58352523   6.10143535
 80.58000000  -6.64522632
  6.03618271  80.59000000
 -6.70510128   5.96933087
 80.60000000  -6.76541392
  5.90278052  80.61000000
 -6.82402304   5.83480093
 80.62000000  -6.88292598
  5.76698736  80.63000000
 -6.94024112   5.69789817
 80.64000000  -6.99771661
  5.62885811  80.65000000
 -7.05370813   5.55867704
 80.66000000  -7.10973970
  5.48844743  80.67000000
 -7.16437877   5.41719368
 80.68000000  -7.21894858
  5.34580964  80.69000000
 -7.27220861   5.27350483
 80.70000000  -7.32529781
  5.20100024  80.71000000
 -7.37715317   5.12766728
 80.72000000  -7.42874484
  5.05407695  80.73000000
 -7.47916853   4.97973833
 80.74000000  -7.52924934
  4.90509894  80.75000000
 -7.57821269   4.82977675
 80.76000000  -7.62677118
  4.75412542  80.77000000
 -7.67424599   4.67784284
 80.78000000  -7.72126964
  4.60121533  80.79000000
 -7.76723003   4.52399768
 80.80000000  -7.81270487
  4.44642831  80.81000000
 -7.85712651   4.36830240
 80.82000000  -7.90103975
  4.28982578  80.83000000
 -7.94389754   4.21081848
 80.84000000  -7.98623978
  4.13147055  80.85000000
 -8.02750693   4.05160849
 80.86000000  -8.06827118
  3.97142575  80.87000000
 -8.10792095   3.89073630
 80.88000000  -8.14709972
  3.80975432  80.89000000
 -8.18510750   3.72826659
 80.90000000  -8.22269166
  3.64651958  80.91000000
 -8.25903490   3.56426421
 80.92000000  -8.29501565
  3.48178615  80.93000000
 -8.32967175   3.39879423
 80.94000000  -8.36404323
  3.31561986  80.95000000
 -8.39698814   3.23192248
 80.96000000  -8.42974722
  3.14808704  80.97000000
 -8.46095653   3.06371581
 80.98000000  -8.49210027
  2.97925393  80.99000000
 -8.52155137   2.89424181
 81.00000000  -8.55107523
  2.80918701  81.01000000
 -8.57874786   2.72356832
 81.02000000  -8.60664692
  2.63795355  81.03000000
 -8.63252156   2.55176336
 81.04000000  -8.65879303
  2.46562184  81.05000000
 -8.68284921   2.37889544
 81.06000000  -8.70749311
  2.29226064  81.07000000
 -8.72970982   2.20503380
 81.08000000  -8.75272696
  2.11793880  81.09000000
 -8.77308454   2.03024824
 81.10000000  -8.79447442
  1.94272525  81.11000000
 -8.81295566   1.85460887
 81.12000000  -8.83271682
  1.76668945  81.13000000
 -8.84930598   1.67818592
 81.14000000  -8.86743818
  1.58990150  81.15000000
 -8.88211936   1.50104993
 81.16000000  -8.89862477
  1.41243195  81.17000000
 -8.91138163   1.32327189
 81.18000000  -8.92626363
  1.23435144  81.19000000
 -8.93708083   1.14492317
 81.20000000  -8.95034192
  1.05573071  81.21000000
 -8.95920645   0.96607534
 81.22000000  -8.97084782
  0.87664078  81.23000000
 -8.97774874   0.78680009
 81.24000000  -8.98777183
  0.69715303  81.25000000
 -8.99269900   0.60716926
 81.26000000  -9.00110688
  0.51733913  81.27000000
 -9.00405025   0.42725490
 81.28000000  -9.01084725
  0.33727079  81.29000000
 -9.01179756   0.24712923
 81.30000000  -9.01698756
  0.15701981  81.31000000
 -9.01593770   0.06686453
 81.32000000  -9.01952314
 -0.02334186  81.33000000
 -9.01646848  -0.11346689
 81.34000000  -9.01845120
 -0.20374212  81.35000000
 -9.01338887  -0.29379270
 81.36000000  -9.01377246
 -0.38410888  81.37000000
 -9.00669974  -0.47404057
 81.38000000  -9.00548658
 -0.56436997  81.39000000
 -8.99640347  -0.65413822
 81.40000000  -8.99359474
 -0.74445314  81.41000000
 -8.98250363  -0.83401344
 81.42000000  -8.97810052
 -0.92428620  81.43000000
 -8.96500528  -1.01359412
 81.44000000  -8.95900955
 -1.10379712  81.45000000
 -8.94391522  -1.19280831
 81.46000000  -8.93632851
 -1.28291394  81.47000000
 -8.91924185  -1.37158424
 81.48000000  -8.91006455
 -1.46156468  81.49000000
 -8.89099505  -1.54985041
 81.50000000  -8.88022587
 -1.63967737  81.51000000
 -8.85918617  -1.72753554
 81.52000000  -8.84682265
 -1.81718023  81.53000000
 -8.82382810  -1.90456869
 81.54000000  -8.80986734
 -1.99400182  81.55000000
 -8.78493520  -2.08087923
 81.56000000  -8.76937394
 -2.17007101  81.57000000
 -8.74252316  -2.25639690
 81.58000000  -8.72535716
 -2.34531676  81.59000000
 -8.69660922  -2.43105182
 81.60000000  -8.67783239
 -2.51966807  81.61000000
 -8.64721237  -2.60477467
 81.62000000  -8.62681657
 -2.69305418  81.63000000
 -8.59435336  -2.77749673
 81.64000000  -8.57232885
 -2.86540487  81.65000000
 -8.53805421  -2.94914976
 81.66000000  -8.51438818
 -3.03664970  81.67000000
 -8.47833932  -3.11966651
 81.68000000  -8.45301694
 -3.20671924  81.69000000
 -8.41523377  -3.28898012
 81.70000000  -8.38824068
 -3.37554528  81.71000000
 -8.34876223  -3.45702367
 81.72000000  -8.32008476
 -3.54305955  81.73000000
 -8.27895103  -3.62373093
 81.74000000  -8.24857346
 -3.70919315  81.75000000
 -8.20583028  -3.78903740
 81.76000000  -8.17373199
 -3.87387729  81.77000000
 -8.12943310  -3.95288028
 81.78000000  -8.09558911
 -4.03704458  81.79000000
 -8.04979255  -4.11519712
 81.80000000  -8.01417713
 -4.19862936  81.81000000
 -7.96694015  -4.27592495
 81.82000000  -7.92952930
 -4.35856653  81.83000000
 -7.88090521  -4.43499973
 81.84000000  -7.84167786
 -4.51679036  81.85000000
 -7.79171061  -4.59235361
 81.86000000  -7.75065495
 -4.67323480  81.87000000
 -7.69939167  -4.74792488
 81.88000000  -7.65649533
 -4.82783510  81.89000000
 -7.60398456  -4.90165231
 81.90000000  -7.55923755
 -4.98052872  81.91000000
 -7.50552328  -5.05347319
 81.92000000  -7.45892209
 -5.13125450  81.93000000
 -7.40404212  -5.20332455
 81.94000000  -7.35558896
 -5.27995099  81.95000000
 -7.29957891  -5.35114551
 81.96000000  -7.24927757
 -5.42655617  81.97000000
 -7.19217520  -5.49687767
 81.98000000  -7.14002907
 -5.57100902  81.99000000
 -7.08187319  -5.64046321
 82.00000000  -7.02788793
 -5.71325096  82.01000000
 -6.96871359  -5.78184301
 82.02000000  -6.91290107
 -5.85322550  82.03000000
 -6.85273684  -5.92095727
 82.04000000  -6.79511566
 -5.99087647  82.05000000
 -6.73398582  -6.05774774
 82.06000000  -6.67457841
 -6.12614733  82.07000000
 -6.61250667  -6.19215876
 82.08000000  -6.55133702
 -6.25898231  82.09000000
 -6.48834714  -6.32413605
 82.10000000  -6.42544180
 -6.38932800  82.11000000
 -6.36155458  -6.45362479
 82.12000000  -6.29694535
 -6.51713343  82.13000000
 -6.23217604  -6.58056944
 82.14000000  -6.16590108
 -6.64234871  82.15000000
 -6.10025988  -6.70491526
 82.16000000  -6.03236240
 -6.76492416  82.17000000
 -5.96585694  -6.82660970
 82.18000000  -5.89638346
 -6.88481104  82.19000000
 -5.82902005  -6.94560215
 82.20000000  -5.75802018
 -7.00196281  82.21000000
 -5.68980280  -7.06184269
 82.22000000  -5.61733016
 -7.11633527  82.23000000
 -5.54825890  -7.17528121
 82.24000000  -5.47437187
 -7.22788574  82.25000000
 -5.40444270  -7.28586783
 82.26000000  -5.32920429
 -7.33657273  82.27000000
 -5.25841001  -7.39355404
 82.28000000  -5.18188726
 -7.44235639  82.29000000
 -5.11021854  -7.49829348
 82.30000000  -5.03248176
 -7.54519911  82.31000000
 -4.95992753  -7.60004167
 82.32000000  -4.88104954
 -7.64506516  82.33000000
 -4.80759699  -7.69875500
 82.34000000  -4.72765278
 -7.74192028  82.35000000
 -4.65328726  -7.79439008
 82.36000000  -4.57235441
 -7.83573230  82.37000000
 -4.49705944  -7.88690403
 82.38000000  -4.41521843
 -7.92647202  82.39000000
 -4.33897602  -7.97625590
 82.40000000  -4.25630964
 -8.01411295  82.41000000
 -4.17910122  -8.06240745
 82.42000000  -4.09569266
 -8.09862992  82.43000000
 -4.01750050  -8.14532262
 82.44000000  -3.93343180
 -8.17999867  82.45000000
 -3.85423972  -8.22496604
 82.46000000  -3.76959038
 -8.25819459  82.47000000
 -3.68938504  -8.30130256
 82.48000000  -3.60421690
 -8.33316234  82.49000000
 -3.52300344  -8.37429843
 82.50000000  -3.43736895
 -8.40486067  82.51000000
 -3.35516338  -8.44392304
 82.52000000  -3.26910824
 -8.47325512  82.53000000
 -3.18593457  -8.51014891
 82.54000000  -3.09949678
 -8.53831029  82.55000000
 -3.01538719  -8.57295021
 82.56000000  -2.92859786
 -8.59999221  82.57000000
 -2.84359150  -8.63230153
 82.58000000  -2.75647651
 -8.65827002  82.59000000
 -2.67061816  -8.68817874
 82.60000000  -2.58319897
 -8.71311500  82.61000000
 -2.49653871  -8.74056077
 82.62000000  -2.40883200
 -8.76449849  82.63000000
 -2.32142551  -8.78943019
 82.64000000  -2.23344284
 -8.81239146  82.65000000
 -2.14535120  -8.83477193
 82.66000000  -2.05709974
 -8.85676595  82.67000000
 -1.96838834  -8.87657222
 82.68000000  -1.87987219
 -8.89759656  82.69000000
 -1.79060950  -8.91481894
 82.70000000  -1.70183081
 -8.93486045  82.71000000
 -1.61208741  -8.94950302
 82.72000000  -1.52304698
 -8.96853630  82.73000000
 -1.43289491  -8.98061885
 82.74000000  -1.34359271
 -8.99860363  82.75000000
 -1.25310456  -9.00816345
 82.76000000  -1.16354071
 -9.02504298  82.77000000
 -1.07278849  -9.03213605
 82.78000000  -0.98296447
 -9.04783668  82.79000000
 -0.89201830  -9.05253862
 82.80000000  -0.80193825
 -9.06696962  82.81000000
 -0.71086503  -9.06937652
 82.82000000  -0.62053696
 -9.08242944  82.83000000
 -0.52939887  -9.08265799
 82.84000000  -0.43883597
 -9.09420612  82.85000000
 -0.34768896  -9.09239347
 82.86000000  -0.25691100
 -9.10229118  82.87000000
 -0.16580334  -9.09859622
 82.88000000  -0.07483811
 -9.10667753  82.89000000
  0.01619129  -9.10128362
 82.90000000   0.10730637
 -9.10736032  82.91000000
  0.19822983  -9.10047112
 82.92000000   0.28944597
 -9.10433871  82.93000000
  0.38024726  -9.09610900
 82.94000000   0.47150441
 -9.09761598  82.95000000
  0.56217449  -9.08816822
 82.96000000   0.65340552
 -9.08719577  82.97000000
  0.74394100  -9.07663723
 82.98000000   0.83507323
 -9.07308243  82.99000000
  0.92547556  -9.06150885
 83.00000000   1.01643180
 -9.05528373  83.01000000
  1.10670614  -9.04277663
 83.02000000   1.19740636
 -9.03381274  83.03000000
  1.28755952  -9.02043292
 83.04000000   1.37792305
 -9.00868653  83.05000000
  1.46796143  -8.99447080
 83.06000000   1.55790889
 -8.97992366  83.07000000
  1.64783695  -8.96488695
 83.08000000   1.73729175
 -8.94754393  83.09000000
  1.82711092  -8.93168222
 83.10000000   1.91600084
 -8.91157044  83.11000000
  2.00570787  -8.89486006
 83.12000000   2.09396723
 -8.87203101  83.13000000
  2.18355181  -8.85442520
 83.14000000   2.27112403
 -8.82895711  83.15000000
  2.36056625  -8.81038375
 83.16000000   2.44740622
 -8.78238245  83.17000000
  2.53667442  -8.76274410
 83.18000000   2.62275099
 -8.73234347  83.19000000
  2.71179969  -8.71151784
 83.20000000   2.79709836
 -8.67888066  83.21000000
  2.88586602  -8.65672046
 83.22000000   2.97039142
 -8.62203812  83.23000000
  3.05879739  -8.59836910
 83.24000000   3.14257672
 -8.56186372  83.25000000
  3.23051885  -8.53648519
 83.26000000   3.31360400
 -8.49840748  83.27000000
  3.40095695  -8.47109458
 83.28000000   3.48342227
 -8.43171064  83.29000000
  3.57003897  -8.40222511
 83.30000000   3.65194709
 -8.36172884  83.31000000
  3.73769269  -8.32990588
 83.32000000   3.81910158
 -8.28845241  83.33000000
  3.90384727  -8.25416896
 83.34000000   3.98481379
 -8.21189000  83.35000000
  4.06843451  -8.17505155
 83.36000000   4.14900997
 -8.13205028  83.37000000
  4.23138925  -8.09259577
 83.38000000   4.31161479
 -8.04894278  83.39000000
  4.39264857  -8.00684630
 83.40000000   4.47255293
 -7.96258088  83.41000000
  4.55215133  -7.91784925
 83.42000000   4.63175000
 -7.87298299  83.43000000
  4.70983910  -7.82565349
 83.44000000   4.78913227
 -7.78017136  83.45000000
  4.86565755  -7.73031237
 83.46000000   4.94462605
 -7.68417064  83.47000000
  5.01955671  -7.63188333
 83.48000000   5.09815766
 -7.58500780  83.49000000
  5.17149038  -7.53042622
 83.50000000   5.24965409
 -7.48271287  83.51000000
  5.32141628  -7.42600303
 83.52000000   5.39904357
 -7.37731951  83.53000000
  5.46929730  -7.31867908
 83.54000000   5.54625631
 -7.26886555  83.55000000
  5.61510217  -7.20852314
 83.56000000   5.69122506
 -7.15739314  83.57000000
  5.75880468  -7.09560575
 83.58000000   5.83388504
 -7.04294815  83.59000000
  5.90038343  -6.97999825
 83.60000000   5.97417334
 -6.92557903  83.61000000
  6.03977975  -6.86172214
 83.62000000   6.11202901
 -6.80533661  83.63000000
  6.17688508  -6.74074621
 83.64000000   6.24739441
 -6.68227538  83.65000000
  6.31162659  -6.61709096
 83.66000000   6.38021684
 -6.55645450  83.67000000
  6.44393015  -6.49077913
 83.68000000   6.51044852
 -6.42793712  83.69000000
  6.57372103  -6.36183649
 83.70000000   6.63804551
 -6.29678872  83.71000000
  6.70092613  -6.23029380
 83.72000000   6.76296761
 -6.16307657  83.73000000
  6.82547476  -6.09618696
 83.74000000   6.88517985
 -6.02687071  83.75000000
  6.94729802  -5.95955606
 83.76000000   7.00465405
 -5.88824468  83.77000000
  7.06632834  -5.82044455
 83.78000000   7.12136861
 -5.74727460  83.79000000
  7.18249997  -5.67889944
 83.80000000   7.23530789
 -5.60403797  83.81000000
  7.29574971  -5.53497155
 83.82000000   7.34646288
 -5.45861367  83.83000000
  7.40601762  -5.38871566
 83.84000000   7.45483283
 -5.31108253  83.85000000
  7.51324797  -5.24019073
 83.86000000   7.56042544
 -5.16152667  83.87000000
  7.61738998  -5.08945985
 83.88000000   7.66325514
 -5.01002753  83.89000000
  7.71839763  -4.93658954
 83.90000000   7.76324353
 -4.85659992  83.91000000
  7.81622897  -4.78164884
 83.92000000   7.86027030
 -4.70123997  83.93000000
  7.91084667  -4.62470925
 83.94000000   7.95426267
 -4.54398274  83.95000000
  8.00221981  -4.46584529
 83.96000000   8.04514896
 -4.38486763  83.97000000
  8.09032535  -4.30513462
 83.98000000   8.13285812
 -4.22393789  83.99000000
  8.17514769  -4.14265710
 84.00000000   8.21732153
 -4.06124141  84.01000000
  8.25667769  -3.97849360
 84.02000000   8.29847475
 -3.89683119  84.03000000
  8.33491325  -3.81272579
 84.04000000   8.37625799
 -3.73076502  84.05000000
  8.40986118  -3.64543633
 84.06000000   8.45061595
 -3.56310489  84.07000000
  8.48153792  -3.47670844
 84.08000000   8.52149807
 -3.39391662  84.09000000
  8.54996875  -3.30662471
 84.10000000   8.58885891
 -3.22326956  84.11000000
  8.61518778  -3.13526648
 84.12000000   8.65265849
 -3.05123617  84.13000000
  8.67723978  -2.96271370
 84.14000000   8.71286310
 -2.87789190  84.15000000
  8.73615753  -2.78903616
 84.16000000   8.76944689
 -2.70331500  84.17000000
  8.79179677  -2.61424297
 84.18000000   8.82239262
 -2.52758610  84.19000000
  8.84405777  -2.43837048
 84.20000000   8.87169100
 -2.35078726  84.21000000
  8.89286662  -2.26146909
 84.22000000   8.91734012
 -2.17300121  84.23000000
  8.93815546  -2.08359502
 84.24000000   8.95934645
 -1.99431097  84.25000000
  8.97986199  -1.90480956
 84.26000000   8.99772687
 -1.81479953  84.27000000
  9.01792876  -1.72517841
 84.28000000   9.03250914
 -1.63454917  84.29000000
  9.05230382  -1.54477134
 84.30000000   9.06373103
 -1.45364030  84.31000000
  9.08294193  -1.36366193
 84.32000000   9.09144021
 -1.27215075  84.33000000
  9.10980539  -1.18192707
 84.34000000   9.11569576
 -1.09015507  84.35000000
  9.13286471  -0.99964641
 84.36000000   9.13656906
 -0.90772369  84.37000000
  9.15209949  -0.81690171
 84.38000000   9.15414282
 -0.72492183  84.39000000
  9.16749878  -0.63377615
 84.40000000   9.16841147
 -0.54180030  84.41000000
  9.17906064  -0.45035348
 84.42000000   9.17919751
 -0.35840183  84.43000000
  9.18679213  -0.26671737
 84.44000000   9.18642462
 -0.17478904  84.45000000
  9.19071076  -0.08295063
 84.46000000   9.19002587
  0.00896993  84.47000000
  9.19084597   0.10086568
 84.48000000   9.18994060
  0.19280223  84.49000000
  9.18723920   0.28465324
 84.50000000   9.18611649
  0.37663090  84.51000000
  9.17994316   0.46833744
 84.52000000   9.17850872
  0.56037546  84.53000000
  9.16902010   0.65184827
 84.54000000   9.16708308
  0.74395279  84.55000000
  9.15454490   0.83512141
 84.56000000   9.15181582
  0.92727799  84.57000000
  9.13660704   1.01809958
 84.58000000   9.13269410
  1.11026532  84.59000000
  9.11530769   1.20073355
 84.60000000   9.10971606
  1.29282911  84.61000000
  9.09075740   1.38298288
 84.62000000   9.08288959
  1.47488447  84.63000000
  9.06292729   1.56479473
 84.64000000   9.05223231
  1.65634803  84.65000000
  9.03164531   1.74608561
 84.66000000   9.01777440
  1.83713945  84.67000000
  8.99684262   1.92677534
 84.68000000   8.97956114
  2.01718305  84.69000000
  8.95845665   2.10677893
 84.70000000   8.93765136
  2.19640889  84.71000000
  8.91643470   2.28600792
 84.72000000   8.89211432
  2.37475321  84.73000000
  8.87073721   2.46437202
 84.74000000   8.84303022
  2.55215954  84.75000000
  8.82133750   2.64178019
 84.76000000   8.79049342
  2.72858091  84.77000000
  8.76822089   2.81814144
 84.78000000   8.73461277
  2.90398143  84.79000000
  8.71138478   2.99336594
 84.80000000   8.67550866
  3.07833689  84.81000000
  8.65083650   3.16736520
 84.82000000   8.61331512
  3.25163694  84.83000000
  8.58659912   3.34005523
 84.84000000   8.54808976
  3.42385314  84.85000000
  8.51871007   3.51135759
 84.86000000   8.47963836
  3.59485732  84.87000000
  8.44722016   3.68120028
 84.88000000   8.40788156
  3.76454685  84.89000000
  8.37219221   3.84951861
 84.90000000   8.33276426
  3.93282090  84.91000000
  8.29370162   4.01625673
 84.92000000   8.25424561
  4.09957820  84.93000000
  8.21183796   4.18136996
 84.94000000   8.17229771
  4.26471766  84.95000000
  8.12670493   4.34482653
 84.96000000   8.08690618
  4.42813980  84.97000000
  8.03841833   4.50660828
 84.98000000   7.99807099
  4.58974845  84.99000000
  7.94710519   4.66671194
 85.00000000   7.90580655
  4.74945226  85.01000000
  7.85290487   4.82515160
 85.02000000   7.81014183
  4.90716630  85.03000000
  7.75596871   4.98196058
 85.04000000   7.71112094
  5.06281406  85.05000000
  7.65625903   5.13706486
 85.06000000   7.60880280
  5.21632912  85.07000000
  7.55361595   5.29029591
 85.08000000   7.50325973
  5.36765594  85.09000000
  7.44798404   5.44153454
 85.10000000   7.39457653
  5.51675112  85.11000000
  7.33932515   5.59066420
 85.12000000   7.28285122
  5.66358586  85.13000000
  7.22761694   5.73757164
 85.14000000   7.16819544
  5.80814849  85.15000000
  7.11285234   5.88214806
 85.16000000   7.05073296
  5.95044566  85.17000000
  6.99504009   6.02429128
 85.18000000   6.93059766
  6.09050313  85.19000000
  6.87420471   6.16390761
 85.20000000   6.80793327
  6.22836790  85.21000000
  6.75038601   6.30091356
 85.22000000   6.68289362
  6.36411117  85.23000000
  6.62363908   6.43523797
 85.24000000   6.55552318
  6.49771816  85.25000000
  6.49403407   6.56682430
 85.26000000   6.42565510
  6.62896118  85.27000000
  6.36165493   6.69563196
 85.28000000   6.29324036
  6.75769780  85.29000000
  6.22659769   6.82163713
 85.30000000   6.15825201
  6.88379503  85.31000000
  6.08896986   6.94483490
 85.32000000   6.02068121
  7.00712794  85.33000000
  5.94889048   7.06524224
 85.34000000   5.88053596
  7.12758076  85.35000000
  5.80648892   7.18289999
 85.36000000   5.73784085
  7.24504901  85.37000000
  5.66190248   7.29787341
 85.38000000   5.59263655
  7.35944173  85.39000000
  5.51527480   7.41025370
 85.40000000   5.44497890
  7.47068321  85.41000000
  5.36675503   7.52016071
 85.42000000   5.29493806
  7.57871513  85.43000000
  5.21633014   7.62751249
 85.44000000   5.14259794
  7.68349929  85.45000000
  5.06388367   7.73205471
 85.46000000   4.98805485
  7.78501951  85.47000000
  4.90939089   7.83363003
 85.48000000   4.83141537
  7.88328239  85.49000000
  4.75284686   7.93209337
 85.50000000   4.67279463
  7.97831877  85.51000000
  4.59426535   8.02731401
 85.52000000   4.51231540
  8.07018668  85.53000000
  4.43367731   8.11917676
 85.54000000   4.35010661
  8.15897386  85.55000000
  4.27112969   8.20758403
 85.56000000   4.18630080
  8.24479848  85.57000000
  4.10668429   8.29245813
 85.58000000   4.02103154
  8.32780979  85.59000000
  3.94041617   8.37374291
 85.60000000   3.85438916
  8.40810334  85.61000000
  3.77241198   8.45140569
 85.62000000   3.68627700
  8.48538233  85.63000000
  3.60276871   8.52544002
 85.64000000   3.51667277
  8.55944543  85.65000000
  3.43159183   8.59586814
 85.66000000   3.34558501
  8.63012877  85.67000000
  3.25899289   8.66274188
 85.68000000   3.17304066
  8.69728740  85.69000000
  3.08508687   8.72614336
 85.70000000   2.99908367
  8.76079794  85.71000000
  2.90999026   8.78618751
 85.72000000   2.82377300
  8.82056008  85.73000000
  2.73381883   8.84302475
 85.74000000   2.64718069
  8.87649861  85.75000000
  2.55668473   8.89684169
 85.76000000   2.46938995
  8.92856571  85.77000000
  2.37867361   8.94779396
 85.78000000   2.29049279
  8.97674231  85.79000000
  2.19973782   8.99557743
 85.80000000   2.11058755
  9.02103941  85.81000000
  2.01987797   9.03995451
 85.82000000   1.92977665
  9.06150059  85.83000000
  1.83912639   9.08075016
 85.84000000   1.74816407
  9.09820459  85.85000000
  1.65753182   9.11781316
 85.86000000   1.56585235
  9.13126627  85.87000000
  1.47515751   9.15101916
 85.88000000   1.38293939
  9.16083675  85.89000000
  1.29207889   9.18027305
 85.90000000   1.19951543
  9.18710516  85.91000000
  1.10838093   9.20551058
 85.92000000   1.01566004
  9.21030108  85.93000000
  0.92415551   9.22670036
 85.94000000   0.83142220
  9.23055058  85.95000000
  0.73949855   9.24384600
 85.96000000   0.64680043
  9.24747686  85.97000000
  0.55450691   9.25698713
 85.98000000   0.46183946
  9.26085343  85.99000000
  0.36927516   9.26619992
 86.00000000   0.27660250
  9.27050340  86.01000000
  0.18389238   9.27159875
 86.02000000   0.09116564
  9.27628161  86.03000000
 -0.00156134   9.27333854
 86.04000000  -0.09438508
  9.27807593  86.05000000
 -0.18701852   9.27161538
 86.06000000  -0.27995674
  9.27581008  86.07000000
 -0.37242808   9.26666539
 86.08000000  -0.46545288
  9.26944487  86.09000000
 -0.55775880   9.25875922
 86.10000000  -0.65077666
  9.25897713  86.11000000
 -0.74297573   9.24776184
 86.12000000  -0.83583444
  9.24444221  86.13000000
 -0.92800634   9.23332059
 86.14000000  -1.02053963
  9.22591788  86.15000000
 -1.11276378   9.21523597
 86.16000000  -1.20481682
  9.20352526  86.17000000
 -1.29715098   9.19334359
 86.18000000  -1.38860534
  9.17742610  86.19000000
 -1.48106447   9.16751873
 86.20000000  -1.57186313
  9.14782251  86.21000000
 -1.66439805   9.13767689
 86.22000000  -1.75457150
  9.11496089  86.23000000
 -1.84704653   9.10377418
 86.24000000  -1.93673978
  9.07913307  86.25000000
 -2.02890994   9.06580954
 86.26000000  -2.11836001
  9.04044048  86.27000000
 -2.20989764   9.02382532
 86.28000000  -2.29930082
  8.99845771  86.29000000
 -2.38993202   8.97790552
 86.30000000  -2.47944155
  8.95296412  86.31000000
 -2.56895272   8.92817624
 86.32000000  -2.65865811
  8.90379043  86.33000000
 -2.74692187   8.87480891
 86.34000000  -2.83682486
  8.85080885  86.35000000
 -2.92382912   8.81802081
 86.36000000  -3.01381893
  8.79393468  86.37000000
 -3.09969532   8.75807149
 86.38000000  -3.18952415
  8.73312602  86.39000000
 -3.27457809   8.69526436
 86.40000000  -3.36383732
  8.66838928  86.41000000
 -3.44851207   8.62977320
 86.42000000  -3.53667278
  8.59977818  86.43000000
 -3.62130295   8.56118092
 86.44000000  -3.70796667
  8.52739239  86.45000000
 -3.79278500   8.48924935
 86.46000000  -3.87768061
  8.45137436  86.47000000
 -3.96280218   8.41381110
 86.48000000  -4.04580689
  8.37190985  86.49000000
 -4.13120506   8.33474714
 86.50000000  -4.21237502
  8.28923029  86.51000000
 -4.29785494   8.25198561
 86.52000000  -4.37745655
  8.20361074  86.53000000
 -4.46262949   8.16550305
 86.54000000  -4.54116810
  8.11536432  86.55000000
 -4.62542756   8.07532377
 86.56000000  -4.70354738
  8.02460982  86.57000000
 -4.78617347   7.98151779
 86.58000000  -4.86432027
  7.93093256  86.59000000
 -4.94482288   7.88420124
 86.60000000  -5.02328609
  7.83412391  86.61000000
 -5.10136941   7.78353732
 86.62000000  -5.18025773
  7.73403286  86.63000000
 -5.25584926   7.67973328
 86.64000000  -5.33506411
  7.63055988  86.65000000
 -5.40834446   7.57303560
 86.66000000  -5.48755608
  7.52365702  86.67000000
 -5.55898890   7.46372920
 86.68000000  -5.63761096
  7.41332572  86.69000000
 -5.70797401   7.35213532
 86.70000000  -5.78513853
  7.29961608  86.71000000
 -5.85521516   7.23817374
 86.72000000  -5.93008734
  7.18262627  86.73000000
 -6.00037757   7.12148932
 86.74000000  -6.07244905
  7.06249899  86.75000000
 -6.14322916   7.00191098
 86.76000000  -6.21226236
  6.93941748  86.77000000
 -6.28356164   6.87932355
 86.78000000  -6.34961975
  6.81360451  86.79000000
 -6.42119443   6.75366423
 86.80000000  -6.48467482
  6.68532142  86.81000000
 -6.55598029   6.62492082
 86.82000000  -6.61764609
  6.55486287  86.83000000
 -6.68781183   6.49313048
 86.84000000  -6.74872584
  6.42245712  86.85000000
 -6.81662624   6.35837634
 86.86000000  -6.87755645
  6.28778648  86.87000000
 -6.94241014   6.22078403
 86.88000000  -7.00382390
  6.15063814  86.89000000
 -7.06520681   6.08052014
 86.90000000  -7.12727676
  6.01089029  86.91000000
 -7.18512302   5.93778961
 86.92000000  -7.24769842
  5.86847413  86.93000000
 -7.30233241   5.79282991
 86.94000000  -7.36491463
  5.72337265  86.95000000
 -7.41707899   5.64590543
 86.96000000  -7.47879882
  5.57561720  86.97000000
 -7.52967426   5.49729670
 86.98000000  -7.58927737
  5.42528369  86.99000000
 -7.63994707   5.34689407
 87.00000000  -7.69633677
  5.27248989  87.01000000
 -7.74745327   5.19443374
 87.02000000  -7.80002956
  5.11739138  87.03000000
 -7.85189520   5.03979953
 87.04000000  -7.90047746
  4.96017539  87.05000000
 -7.95302201   4.88293025
 87.06000000  -7.99787595
  4.80105555  87.07000000
 -8.05063474   4.72381525
 87.08000000  -8.09250216
  4.64026837  87.09000000
 -8.14459126   4.56248986
 87.10000000  -8.18472051
  4.47806775  87.11000000
 -8.23481309   4.39903147
 87.12000000  -8.27455452
  4.31448245  87.13000000
 -8.32129082   4.23355466
 87.14000000  -8.36145004
  4.14925272  87.15000000
 -8.40408756   4.06620490
 87.16000000  -8.44507034
  3.98228501  87.17000000
 -8.48334462   3.89715329
 87.18000000  -8.52513530
  3.81353794  87.19000000
 -8.55928905   3.72659178
 87.20000000  -8.60142564
  3.64301684  87.21000000
 -8.63223789   3.55472634
 87.22000000  -8.67379006
  3.47076921  87.23000000
 -8.70259935   3.38176877
 87.24000000  -8.74215063
  3.29687910  87.25000000
 -8.77048980   3.20777947
 87.26000000  -8.80650679
  3.12146067  87.27000000
 -8.83529590   3.03255564
 87.28000000  -8.86694156
  2.94465227  87.29000000
 -8.89664334   2.85603657
 87.30000000  -8.92362814
  2.76661025  87.31000000
 -8.95422823   2.67821067
 87.32000000  -8.97683281
  2.58750114  87.33000000
 -9.00782060   2.49910841
 87.34000000  -9.02691664
  2.40749343  87.35000000
 -9.05726968   2.31879590
 87.36000000  -9.07434138
  2.22675036  87.37000000
 -9.10250797   2.13736779
 87.38000000  -9.11919567
  2.04530503  87.39000000
 -9.14355730   1.95494042
 87.40000000  -9.16081573
  1.86302987  87.41000000
 -9.18053406   1.77164431
 87.42000000  -9.19880661
  1.67991149  87.43000000
 -9.21365112   1.58761571
 87.44000000  -9.23285665
  1.49597817  87.45000000
 -9.24322049   1.40298818
 87.46000000  -9.26274005
  1.31129192  87.47000000
 -9.26965937   1.21788446
 87.48000000  -9.28832050
  1.12594059  87.49000000
 -9.29348932   1.03240676
 87.50000000  -9.30955676
  0.94003001  87.51000000
 -9.31459037   0.84654663
 87.52000000  -9.32650667
  0.75367552  87.53000000
 -9.33230125   0.66027367
 87.54000000  -9.33932881
  0.56699303  87.55000000
 -9.34622808   0.47362996
 87.56000000  -9.34828598
  0.38009002  87.57000000
 -9.35606952   0.28668808
 87.58000000  -9.35375055
  0.19305626  87.59000000
 -9.36162012   0.09954260
 87.60000000  -9.35620614
  0.00595380  87.61000000
 -9.36277559  -0.08769880
 87.62000000  -9.35616473
 -0.18119335  87.63000000
 -9.35953621  -0.27492459
 87.64000000  -9.35316100
 -0.36837512  87.65000000
 -9.35200869  -0.46202903
 87.66000000  -9.34661483
 -0.55552361  87.67000000
 -9.34040685  -0.64892187
 87.68000000  -9.33615258
 -0.74254027  87.69000000
 -9.32505732  -0.83553873
 87.70000000  -9.32150248
 -0.92930977  87.71000000
 -9.30640229  -1.02185184
 87.72000000  -9.30249942
 -1.11570983  87.73000000
 -9.28499640  -1.20788056
 87.74000000  -9.27908875
 -1.30162136  87.75000000
 -9.26111493  -1.39365106
 87.76000000  -9.25132662
 -1.48693868  87.77000000
 -9.23401260  -1.57904190
 87.78000000  -9.21938236
 -1.67158024  87.79000000
 -9.20323113  -1.76391152
 87.80000000  -9.18354240
 -1.85550011  87.81000000
 -9.16843646  -1.94810963
 87.82000000  -9.14420991
 -2.03869924  87.83000000
 -9.12940857  -2.13148680
 87.84000000  -9.10190117
 -2.22123618  87.85000000
 -9.08604362  -2.31390545
 87.86000000  -9.05720000
 -2.40322777  87.87000000
 -9.03835379  -2.49525080
 87.88000000  -9.00974305
 -2.58458133  87.89000000
 -8.98646954  -2.67544271
 87.90000000  -8.95888885
 -2.76507327  87.91000000
 -8.93064124  -2.85444792
 87.92000000  -8.90424976
 -2.94450491  87.93000000
 -8.87123620  -3.03229138
 87.94000000  -8.84555802
 -3.12268770  87.95000000
 -8.80873675  -3.20906799
 87.96000000  -8.78266831
 -3.29945569  87.97000000
 -8.74374402  -3.38495696
 87.98000000  -8.71555887
 -3.47467804  87.99000000
 -8.67643198  -3.56002323
 88.00000000  -8.64433177
 -3.64827173  88.01000000
 -8.60602421  -3.73393617
 88.02000000  -8.56920730
 -3.82021219  88.03000000
 -8.53209038  -3.90643632
 88.04000000  -8.49052016
 -3.99054474  88.05000000
 -8.45433277  -4.07728895
 88.06000000  -8.40872291
 -4.15939971  88.07000000
 -8.37257811  -4.24629356
 88.08000000  -8.32438408
 -4.32700619  88.09000000
 -8.28677934  -4.41329788
 88.10000000  -8.23795924
 -4.49358824  88.11000000
 -8.19701380  -4.57821079
 88.12000000  -8.14879037
 -4.65879119  88.13000000
 -8.10347660  -4.74101297
 88.14000000  -8.05637701
 -4.82226578  88.15000000
 -8.00647916  -4.90177067
 88.16000000  -7.96040122
 -4.98372334  88.17000000
 -7.90644999  -5.06065169
 88.18000000  -7.86067296
 -5.14292359  88.19000000
 -7.80392644  -5.21793659
 88.20000000  -7.75713092
 -5.29969001  88.21000000
 -7.69945716  -5.37397040
 88.22000000  -7.64983730
 -5.45392201  88.23000000
 -7.59258542  -5.52844588
 88.24000000  -7.53897170
 -5.60560663  88.25000000
 -7.48275547  -5.68090523
 88.26000000  -7.42482995
 -5.75483457  88.27000000
 -7.36964394  -5.83100173
 88.28000000  -7.30781973
 -5.90181466  88.29000000
 -7.25305857  -5.97845436
 88.30000000  -7.18844844
 -6.04688275  88.31000000
 -7.13293615  -6.12306312
 88.32000000  -7.06727532
 -6.19048042  88.33000000
 -7.00933466  -6.26472038
 88.34000000  -6.94399505
 -6.33235577  88.35000000
 -6.88242786  -6.40342476
 88.36000000  -6.81803848
 -6.47194290  88.37000000
 -6.75250182  -6.53929754
 88.38000000  -6.68909414
 -6.60883795  88.39000000
 -6.61994514  -6.67259413
 88.40000000  -6.55698327
 -6.74272283  88.41000000
 -6.48523631  -6.80371271
 88.42000000  -6.42165331
 -6.87337890  88.43000000
 -6.34890981  -6.93318091
 88.44000000  -6.28316876
 -7.00069843  88.45000000
 -6.21072113  -7.06075169
 88.46000000  -6.14170558
 -7.12470042  88.47000000
 -6.07013146  -7.18576490
 88.48000000  -5.99754339
 -7.24554514  88.49000000
 -5.92685999  -7.30776651
 88.50000000  -5.85105218
 -7.36354281  88.51000000
 -5.78075634  -7.42640987
 88.52000000  -5.70268134
 -7.47916502  88.53000000
 -5.63179011  -7.54146686
 88.54000000  -5.55291727
 -7.59301631  88.55000000
 -5.48004155  -7.65284101
 88.56000000  -5.40149448
 -7.70476046  88.57000000
 -5.32569384  -7.76058358
 88.58000000  -5.24794441
 -7.81366975  88.59000000
 -5.16902076  -7.86490456
 88.60000000  -5.09203438
 -7.91925305  88.61000000
 -5.01037264  -7.96618109
 88.62000000  -4.93365484
 -8.02114777  88.63000000
 -4.85016636  -8.06497290
 88.64000000  -4.77280703
 -8.11913018  88.65000000
 -4.68880906  -8.16192976
 88.66000000  -4.60959307
 -8.21313052  88.67000000
 -4.52597178  -8.25651419
 88.68000000  -4.44420454
 -8.30324669  88.69000000
 -4.36128975  -8.34797254
 88.70000000  -4.27690728
 -8.38975225  88.71000000
 -4.19459211  -8.43579417
 88.72000000  -4.10802779
 -8.47310777  88.73000000
 -4.02581936  -8.51961744
 88.74000000  -3.93794160
 -8.55397758  88.75000000
 -3.85501053  -8.59924174
 88.76000000  -3.76692971
 -8.63296243  88.77000000
 -3.68229119  -8.67464263
 88.78000000  -3.59461886
 -8.70924448  88.79000000
 -3.50785822  -8.74598146
 88.80000000  -3.42076788
 -8.78209490  88.81000000
 -3.33196366  -8.81361337
 88.82000000  -3.24527647
 -8.85100457  88.83000000
 -3.15490066  -8.87810183
 88.84000000  -3.06814034
 -8.91563452  88.85000000
 -2.97698775  -8.94023147
 88.86000000  -2.88943745
 -8.97583015  88.87000000
 -2.79832486  -9.00033230
 88.88000000  -2.70931264
 -9.03163318  88.89000000
 -2.61858435  -9.05735876
 88.90000000  -2.52796005
 -9.08328822  88.91000000
 -2.43764427  -9.11063925
 88.92000000  -2.34560648
 -9.13125354  88.93000000
 -2.25547823  -9.15969109
 88.94000000  -2.16249472
 -9.17621506  88.95000000
 -2.07213674  -9.20422463
 88.96000000  -1.97885619
 -9.21905930  88.97000000
 -1.88773096  -9.24415664
 88.98000000  -1.79460458
 -9.25949198  88.99000000
 -1.70241440  -9.27961746
 89.00000000  -1.60956860
 -9.29649816  89.01000000
 -1.51636408  -9.31095795
 89.02000000  -1.42372205
 -9.32944813  89.03000000
 -1.32976224  -9.33876208
 89.04000000  -1.23710933
 -9.35791533  89.05000000
 -1.14277625  -9.36385488
 89.06000000  -1.04982762
 -9.38168920  89.07000000
 -0.95549739  -9.38697633
 89.08000000  -0.86200764
 -9.40078382  89.09000000
 -0.76780740  -9.40716706
 89.10000000  -0.67379351
 -9.41544239  89.11000000
 -0.57969239  -9.42357980
 89.12000000  -0.48532249
 -9.42614648  89.13000000
 -0.39121262  -9.43565220
 89.14000000  -0.29670388
 -9.43362546  89.15000000
 -0.20247167  -9.44304728
 89.16000000  -0.10799662
 -9.43885226  89.17000000
 -0.01359593  -9.44566341
 89.18000000   0.08082172
 -9.44182265  89.19000000
  0.17528662  -9.44363773
 89.20000000   0.26973079
 -9.44137986  89.21000000
  0.36406821  -9.43735189
 89.22000000   0.45863240
 -9.43683018  89.23000000
  0.55268374  -9.42743854
 89.24000000   0.64739614
 -9.42771499  89.25000000
  0.74113378  -9.41478371
 89.26000000   0.83588131
 -9.41381918  89.27000000
  0.92948292  -9.40020997
 89.28000000   1.02395937
 -9.39517589  89.29000000
  1.11765924  -9.38273628
 89.30000000   1.21153701
 -9.37207036  89.31000000
  1.30550134  -9.36146079
 89.32000000   1.39857987
 -9.34504408  89.33000000
  1.49283182  -9.33580911
 89.34000000   1.58513677
 -9.31489636  89.35000000
  1.67947745  -9.30546015
 89.36000000   1.77136044
 -9.28266193  89.37000000
  1.86529305  -9.27034983
 89.38000000   1.95724192
 -9.24813961  89.39000000
  2.05018559  -9.23067276
 89.40000000   2.14251870
 -9.21017207  89.41000000
  2.23413910  -9.18688423
 89.42000000   2.32694710
 -9.16807921  89.43000000
  2.41724003  -9.13970068
 89.44000000   2.51030423
 -9.12144341  89.45000000
  2.59970236  -9.09009659
 89.46000000   2.69241326
 -9.07011202  89.47000000
  2.78170824  -9.03865954
 89.48000000   2.87316853
 -9.01419712  89.49000000
  2.96290651  -8.98418714
 89.50000000   3.05256142
 -8.95407500  89.51000000
  3.14296292  -8.92588195
 89.52000000   3.23070686
 -8.89038500  89.53000000
  3.32158891  -8.86324131
 89.54000000   3.40787101
 -8.82402934  89.55000000
  3.49856287  -8.79603632
 89.56000000   3.58441541
 -8.75595349  89.57000000
  3.67375702  -8.72431085
 89.58000000   3.76003506
 -8.68532310  89.59000000
  3.84716187  -8.64837295
 89.60000000   3.93426312
 -8.61117394  89.61000000
  4.01891304  -8.56879089
 89.62000000   4.10673414
 -8.53293895  89.63000000
  4.18932108  -8.48639322
 89.64000000   4.27717097
 -8.45032689  89.65000000
  4.35887747  -8.40221765
 89.66000000   4.44541393
 -8.36332220  89.67000000
  4.52745611  -8.31594362
 89.68000000   4.61144611
 -8.27217546  89.69000000
  4.69443500  -8.22647230
 89.70000000   4.77541944
 -8.17739420  89.71000000
  4.85936135  -8.13318873
 89.72000000   4.93768531
 -8.07974025  89.73000000
  5.02189483  -8.03575616
 89.74000000   5.09882143
 -7.98021838  89.75000000
  5.18183787  -7.93411369
 89.76000000   5.25895627
 -7.87897419  89.77000000
  5.33916236  -7.82846618
 89.78000000   5.41731744
 -7.77484698  89.79000000
  5.49403468  -7.71927073
 89.80000000   5.57335801
 -7.66719340  89.81000000
  5.64684622  -7.60722993
 89.82000000   5.72667020
 -7.55564930  89.83000000
  5.79824239  -7.49328087
 89.84000000   5.87701597
 -7.44012374  89.85000000
  5.94860213  -7.37787714
 89.86000000   6.02435517
 -7.32078816  89.87000000
  6.09704636  -7.25989804
 89.88000000   6.16886977
 -7.19805946  89.89000000
  6.24292320  -7.13868191
 89.90000000   6.31099323
 -7.07258829  89.91000000
  6.38575695  -7.01385595
 89.92000000   6.45144112
 -6.94524720  89.93000000
  6.52527021  -6.88531513
 89.94000000   6.59078749
 -6.81663014  89.95000000
  6.66141332  -6.75320984
 89.96000000   6.72809959
 -6.68573047  89.97000000
  6.79438810  -6.61792625
 89.98000000   6.86261106
 -6.55188100  89.99000000
