  1.88606192   2.52843231
 10.00000000   1.86134438
  2.54805344  10.01000000
  1.83646262   2.56750453
 10.02000000   1.81151917
  2.58692235  10.03000000
  1.78658641   2.60642007
 10.04000000   1.76154921
  2.62586140  10.05000000
  1.73632557   2.64509583
 10.06000000   1.71085766
  2.66401128  10.07000000
  1.68510718   2.68253091
 10.08000000   1.65905536
  2.70061312  10.09000000
  1.63270301   2.71825153
 10.10000000   1.60607045
  2.73547501  10.11000000
  1.57919755   2.75234766
 10.12000000   1.55214372
  2.76896884  10.13000000
  1.52498793   2.78547310
 10.14000000   1.49782462
  2.80202556  10.15000000
  1.47061958   2.81860837
 10.16000000   1.44327998
  2.83503426  10.17000000
  1.41575218   2.85116362
 10.18000000   1.38799856
  2.86689554  10.19000000
  1.35999750   2.88216781
 10.20000000   1.33174339
  2.89695689  10.21000000
  1.30324665   2.91127796
 10.22000000   1.27453368
  2.92518487  10.23000000
  1.24564691   2.93877019
 10.24000000   1.21664478
  2.95216517  10.25000000
  1.18760175   2.96553974
 10.26000000   1.15855080
  2.97900196  10.27000000
  1.12940348   2.99236321
 10.28000000   1.10011516
  3.00545694  10.29000000
  1.07065458   3.01816012
 10.30000000   1.04100245
  3.03039150  10.31000000
  1.01115146   3.04211165
 10.32000000   0.98110632
  3.05332295  10.33000000
  0.95088370   3.06406957
 10.34000000   0.92051226
  3.07443752  10.35000000
  0.89003264   3.08455461
 10.36000000   0.85949749
  3.09459043  10.37000000
  0.82895372   3.10471823
 10.38000000   0.79834245
  3.11480484  10.39000000
  0.76762738   3.12465333
 10.40000000   0.73678853
  3.13412175  10.41000000
  0.70581342   3.14311268
 10.42000000   0.67469707
  3.15157322  10.43000000
  0.64344203   3.15949496
 10.44000000   0.61205831
  3.16691404  10.45000000
  0.58056347   3.17391111
 10.46000000   0.54898254
  3.18061131  10.47000000
  0.51734806   3.18718434
 10.48000000   0.48569525
  3.19383100  10.49000000
  0.45398990   3.20048367
 10.50000000   0.42220911
  3.20692225  10.51000000
  0.39034809   3.21299030
 10.52000000   0.35840466
  3.21857811  10.53000000
  0.32637926   3.22362275
 10.54000000   0.29427492
  3.22810803  10.55000000
  0.26209727   3.23206453
 10.56000000   0.22985456
  3.23556958  10.57000000
  0.19755762   3.23874728
 10.58000000   0.16521992
  3.24176846  10.59000000
  0.13285617   3.24484560
 10.60000000   0.10044310
  3.24795671  10.61000000
  0.06797717   3.25086790
 10.62000000   0.03547144
  3.25341349  10.63000000
  0.00293633   3.25547627
 10.64000000  -0.02962043
  3.25698750  10.65000000
 -0.06219374   3.25792692
 10.66000000  -0.09478120
  3.25832274  10.67000000
 -0.12738303   3.25825164
 10.68000000  -0.16000214
  3.25783879  10.69000000
 -0.19264408   3.25725781
 10.70000000  -0.22531761
  3.25672730  10.71000000
 -0.25804401   3.25623896
 10.72000000  -0.29080207
  3.25555216  10.73000000
 -0.32355968   3.25449791
 10.74000000  -0.35629296
  3.25295682  10.75000000
 -0.38898628   3.25085911
 10.76000000  -0.42163222
  3.24818463  10.77000000
 -0.45423164   3.24496284
 10.78000000  -0.48679358
  3.24127283  10.79000000
 -0.51933537   3.23724329
 10.80000000  -0.55188254
  3.23305253  10.81000000
 -0.58446906   3.22892251
 10.82000000  -0.61711330
  3.22482437  10.83000000
 -0.64976481   3.22051726
 10.84000000  -0.68237248
  3.21583391  10.85000000
 -0.71489931   3.21065743
 10.86000000  -0.74732245
  3.20492127  10.87000000
 -0.77963315   3.19860927
 10.88000000  -0.81183684
  3.19175564  10.89000000
 -0.84395302   3.18444495
 10.90000000  -0.87601536
  3.17681213  10.91000000
 -0.90807166   3.16904251
 10.92000000  -0.94018238
  3.16135685  10.93000000
 -0.97235062   3.15367701
 10.94000000  -1.00449498
  3.14576872  10.95000000
 -1.03654654   3.13747138
 10.96000000  -1.06845672
  3.12867499  10.97000000
 -1.10019723   3.11932012
 10.98000000  -1.13176013
  3.10939791  10.99000000
 -1.16315777   3.09895009
 11.00000000  -1.19442282
  3.08806896  11.01000000
 -1.22560828   3.07689741
 11.02000000  -1.25678744
  3.06562888  11.03000000
 -1.28804493   3.05446900
 11.04000000  -1.31934660
  3.04327104  11.05000000
 -1.35058306   3.03181836
 11.06000000  -1.38167048
  3.01996250  11.07000000
 -1.41255169   3.00760499
 11.08000000  -1.44319619
  2.99469741  11.09000000
 -1.47360012   2.98124132
 11.10000000  -1.50378629
  2.96728831  11.11000000
 -1.53380419   2.95293995
 11.12000000  -1.56372995
  2.93834786  11.13000000
 -1.59366637   2.92371363
 11.14000000  -1.62370647
  2.90919433  11.15000000
 -1.65375344   2.89457425
 11.16000000  -1.68367998
  2.87966795  11.17000000
 -1.71339298   2.86434584
 11.18000000  -1.74283217
  2.84852661  11.19000000
 -1.77197007   2.83217727
 11.20000000  -1.80081202
  2.81531310  11.21000000
 -1.82939616   2.79799770
 11.22000000  -1.85779345
  2.78034295  11.23000000
 -1.88610765   2.76250903
 11.24000000  -1.91447524
  2.74470420  11.25000000
 -1.94294479   2.72696418
 11.26000000  -1.97135669
  2.70905735  11.27000000
 -1.99957667   2.69083169
 11.28000000  -2.02750936
  2.67218112  11.29000000
 -2.05509827   2.65304548
 11.30000000  -2.08232582
  2.63341050  11.31000000
 -2.10921331   2.61330788
 11.32000000  -2.13582095
  2.59281519  11.33000000
 -2.16224783   2.57205594
 11.34000000  -2.18863193
  2.55119956  11.35000000
 -2.21513187   2.53043193
 11.36000000  -2.24167428
  2.50962923  11.37000000
 -2.26807422   2.48860470
 11.38000000  -2.29419724
  2.46723571  11.39000000
 -2.31995376   2.44544253
 11.40000000  -2.34529912
  2.42318833  11.41000000
 -2.37023353   2.40047920
 11.42000000  -2.39480210
  2.37736411  11.43000000
 -2.41909481   2.35393494
 11.44000000  -2.44324656
  2.33032647  11.45000000
 -2.46743713   2.30671638
 11.46000000  -2.49176418
  2.28317614  11.47000000
 -2.51602274   2.25950230
 11.48000000  -2.54003662
  2.23556378  11.49000000
 -2.56368071   2.21126924
 11.50000000  -2.58688057
  2.18656654  11.51000000
 -2.60961244   2.16144274
 11.52000000  -2.63190324
  2.13592404  11.53000000
 -2.65383056   2.11007586
 11.54000000  -2.67552268
  2.08400277  11.55000000
 -2.69715855   2.05784856
 11.56000000  -2.71893889
  2.03176641  11.57000000
 -2.74075163   2.00563942
 11.58000000  -2.76236916
  1.97931923  11.59000000
 -2.78363009   1.95271103
 11.60000000  -2.80442919
  1.92575476  11.61000000
 -2.82471739   1.89842512
 11.62000000  -2.84450180
  1.87073158  11.63000000
 -2.86384569   1.84271840
 11.64000000  -2.88286852
  1.81446458  11.65000000
 -2.90174588   1.78608391
 11.66000000  -2.92070862
  1.75772403  11.67000000
 -2.93979919   1.72938469
 11.68000000  -2.95875501
  1.70091003  11.69000000
 -2.97737933   1.67220959
 11.70000000  -2.99553669
  1.64322260  11.71000000
 -3.01315292   1.61391797
 11.72000000  -3.03021514
  1.58429429  11.73000000
 -3.04677175   1.55437986
 11.74000000  -3.06293245
  1.52423264  11.75000000
 -3.07886821   1.49394028
 11.76000000  -3.09481130
  1.46362012  11.77000000
 -3.11093633   1.43334459
 11.78000000  -3.12699497
  1.40297859  11.79000000
 -3.14275368   1.37243987
 11.80000000  -3.15804885
  1.34167365  11.81000000
 -3.17278285   1.31064914
 11.82000000  -3.18692400
  1.27935949  11.83000000
 -3.20050655   1.24782183
 11.84000000  -3.21363076
  1.21607724  11.85000000
 -3.22646279   1.18419078
 11.86000000  -3.23923479
  1.15225148  11.87000000
 -3.25219198   1.12034491
 11.88000000  -3.26515388
  1.08838102  11.89000000
 -3.27784817   1.05628702
 11.90000000  -3.29008659
  1.02402006  11.91000000
 -3.30175099   0.99155496
 11.92000000  -3.31279334
  0.95888420  11.93000000
 -3.32323568   0.92601788
 11.94000000  -3.33317019
  0.89298379  11.95000000
 -3.34275912   0.85982735
 11.96000000  -3.35223485
  0.82661162  11.97000000
 -3.36187732   0.79340793
 11.98000000  -3.37158259
  0.76016312  11.99000000
 -3.38104789   0.72682099
 12.00000000  -3.39006507
  0.69335557  12.01000000
 -3.39849960   0.65975167
 12.02000000  -3.40629062
  0.62600489  12.03000000
 -3.41345092   0.59212162
 12.04000000  -3.42006697
  0.55811902  12.05000000
 -3.42629886   0.52402507
 12.06000000  -3.43238035
  0.48987851  12.07000000
 -3.43860862   0.45572561
 12.08000000  -3.44493831
  0.42153315  12.09000000
 -3.45104651   0.38726879
 12.10000000  -3.45671088
  0.35292705  12.11000000
 -3.46178564   0.31850590
 12.12000000  -3.46620157
  0.28400674  12.13000000
 -3.46996597   0.24943441
 12.14000000  -3.47316270
  0.21479717  12.15000000
 -3.47595217   0.18010674
 12.16000000  -3.47857136
  0.14537822  12.17000000
 -3.48132732   0.11062881
 12.18000000  -3.48420262
  0.07583178  12.19000000
 -3.48686248   0.04098451
 12.20000000  -3.48907695
  0.00610425  12.21000000
 -3.49069481  -0.02879612
 12.22000000  -3.49164356
 -0.06370803  12.23000000
 -3.49192941  -0.09862729
 12.24000000  -3.49163731
 -0.13355404  12.25000000
 -3.49093093  -0.16849277
 12.26000000  -3.49005265
 -0.20345233  12.27000000
 -3.48931623  -0.23844672
 12.28000000  -3.48869594
 -0.27350084  12.29000000
 -3.48785227  -0.30858280
 12.30000000  -3.48655470
 -0.34365207  12.31000000
 -3.48465283  -0.37868056
 12.32000000  -3.48207638
 -0.41365271  12.33000000
 -3.47883521  -0.44856541
 12.34000000  -3.47501930
 -0.48342806  12.35000000
 -3.47079878  -0.51826253
 12.36000000  -3.46642387
 -0.55310317  12.37000000
 -3.46221082  -0.58799687
 12.38000000  -3.45809027
 -0.62296054  12.39000000
 -3.45372612  -0.65792465
 12.40000000  -3.44889303
 -0.69282608  12.41000000
 -3.44344670  -0.72762268
 12.42000000  -3.43732387
 -0.76229328  12.43000000
 -3.43054234  -0.79683773
 12.44000000  -3.42320095
 -0.83127688  12.45000000
 -3.41547957  -0.86565256
 12.46000000  -3.40763915
 -0.90002759  12.47000000
 -3.39999051  -0.93448230
 12.48000000  -3.39239342
 -0.96900890  12.49000000
 -3.38452397  -1.00350047
 12.50000000  -3.37616762
 -1.03787324  12.51000000
 -3.36719106  -1.07207327
 12.52000000  -3.35754227
 -1.10607650  12.53000000
 -3.34725044  -1.13988869
 12.54000000  -3.33642603
 -1.17354543  12.55000000
 -3.32526076  -1.20711220
 12.56000000  -3.31402758
 -1.24068428  12.57000000
 -3.30301273  -1.27437095
 12.58000000  -3.29199019
 -1.30811576  12.59000000
 -3.28066067  -1.34177925
 12.60000000  -3.26882622
 -1.37526053  12.61000000
 -3.25636943  -1.40849764
 12.62000000  -3.24325342
 -1.44146751  12.63000000
 -3.22952183  -1.47418602
 12.64000000  -3.21529887
 -1.50670793  12.65000000
 -3.20078926  -1.53912695
 12.66000000  -3.18627825
 -1.57157568  12.67000000
 -3.17198901  -1.60417378
 12.68000000  -3.15761506
 -1.63679159  12.69000000
 -3.14289559  -1.66926821
 12.70000000  -3.12765689
 -1.70149215  12.71000000
 -3.11180355  -1.73339964
 12.72000000  -3.09531840
 -1.76497464  12.73000000
 -3.07826257  -1.79624884
 12.74000000  -3.06077545
 -1.82730168  12.75000000
 -3.04307471  -1.85826029
 12.76000000  -3.02545627
 -1.88929956  12.77000000
 -3.00800292  -1.92049592
 12.78000000  -2.99038322
 -1.95164568  12.79000000
 -2.97237842  -1.98257851
 12.80000000  -2.95384486
 -2.01318046  12.81000000
 -2.93471388  -2.04339398
 12.82000000  -2.91499191
 -2.07321788  12.83000000
 -2.89476040  -2.10270737
 12.84000000  -2.87417585
 -2.13197403  12.85000000
 -2.85346980  -2.16118584
 12.86000000  -2.83292634
 -2.19055469  12.87000000
 -2.81243229  -2.22003156
 12.88000000  -2.79170124
 -2.24937437  12.89000000
 -2.77055199  -2.27841094
 12.90000000  -2.74887440
 -2.30703405  12.91000000
 -2.72662934  -2.33520141
 12.92000000  -2.70384874
 -2.36293566  12.93000000
 -2.68063557  -2.39032440
 12.94000000  -2.65716384
 -2.41752015  12.95000000
 -2.63367860  -2.44474038
 12.96000000  -2.61037543
 -2.47217767  12.97000000
 -2.58699182  -2.49961571
 12.98000000  -2.56331152
 -2.52681324  12.99000000
 -2.53919353  -2.55360688
 13.00000000  -2.51456303
 -2.57990655  13.01000000
 -2.48941136  -2.60569542
 13.02000000  -2.46379604
 -2.63102991  13.03000000
 -2.43784074  -2.65603970
 13.04000000  -2.41173530
 -2.68092773  13.05000000
 -2.38573147  -2.70596681
 13.06000000  -2.35981175
 -2.73117905  13.07000000
 -2.33371440  -2.75625567
 13.08000000  -2.30727903
 -2.78097276  13.09000000
 -2.28040562  -2.80518764
 13.10000000  -2.25305460
 -2.82883888  13.11000000
 -2.22524674  -2.85194622
 13.12000000  -2.19706326
 -2.87461066  13.13000000
 -2.16864573  -2.89701439
 13.14000000  -2.14019616
 -2.91942084  13.15000000
 -2.11189385  -2.94208416
 13.16000000  -2.08353092
 -2.96476001  13.17000000
 -2.05492717  -2.98715247
 13.18000000  -2.02596835
 -3.00906344  13.19000000
 -1.99659395  -3.03038360
 13.20000000  -1.96679726
 -3.05109234  13.21000000
 -1.93662534  -3.07125778
 13.22000000  -1.90617899
 -3.09103680  13.23000000
 -1.87561282  -3.11067499
 13.24000000  -1.84512963
 -3.13050004  13.25000000
 -1.81469338  -3.15050825
 13.26000000  -1.78410162
 -3.17033570  13.27000000
 -1.75323678  -3.18972803
 13.28000000  -1.72202762
 -3.20852658  13.29000000
 -1.69044920  -3.22666844
 13.30000000  -1.65852291
 -3.24418639  13.31000000
 -1.62631647  -3.26120896
 13.32000000  -1.59394391
 -3.27796041  13.33000000
 -1.56156557  -3.29476070
 13.34000000  -1.52928419
 -3.31185285  13.35000000
 -1.49691761  -3.32889143
 13.36000000  -1.46435155
 -3.34556176  13.37000000
 -1.43151392  -3.36165630
 13.38000000  -1.39837073
 -3.37706957  13.39000000
 -1.36492606  -3.39179823
 13.40000000  -1.33122208
 -3.40594100  13.41000000
 -1.29733907  -3.41969871
 13.42000000  -1.26339535
 -3.43337429  13.43000000
 -1.22952390  -3.44732736
 13.44000000  -1.19562699
 -3.46137795  13.45000000
 -1.16159045  -3.47514135
 13.46000000  -1.12735077
 -3.48836325  13.47000000
 -1.09287357  -3.50089712
 13.48000000  -1.05815361
 -3.51270418  13.49000000
 -1.02321475  -3.52385344
 13.50000000  -0.98810998
 -3.53452167  13.51000000
 -0.95292141  -3.54499341
 13.52000000  -0.91775872
 -3.55565746  13.53000000
 -0.88260328  -3.56655273
 13.54000000  -0.84735114
 -3.57724899  13.55000000
 -0.81195605  -3.58744898
 13.56000000  -0.77639123
 -3.59696807  13.57000000
 -0.74064938  -3.60573434
 13.58000000  -0.70474271
 -3.61378851  13.59000000
 -0.66870291  -3.62128396
 13.60000000  -0.63258114
 -3.62848677  13.61000000
 -0.59644807  -3.63577564
 13.62000000  -0.56032634
 -3.64338269  13.63000000
 -0.52413403  -3.65088141
 13.64000000  -0.48784871
 -3.65793426  13.65000000
 -0.45145820  -3.66432301
 13.66000000  -0.41495960
 -3.66994610  13.67000000
 -0.37835922  -3.67481870
 13.68000000  -0.34167267
 -3.67907269  13.69000000
 -0.30492478  -3.68295666
 13.70000000  -0.26814963
 -3.68683592  13.71000000
 -0.23136598  -3.69105452
 13.72000000  -0.19452461
 -3.69525849  13.73000000
 -0.15762974  -3.69906674
 13.74000000  -0.12068962
 -3.70223299  13.75000000
 -0.08371101  -3.70463080
 13.76000000  -0.04669914
 -3.70625358  13.77000000
 -0.00965774  -3.70721457
 13.78000000   0.02741097
 -3.70774688  13.79000000
  0.06450630  -3.70820344
 13.80000000   0.10163618
 -3.70898438  13.81000000
  0.13882518  -3.70983134
 13.82000000   0.17603720
 -3.71032755  13.83000000
  0.21323912  -3.71020530
 13.84000000   0.25041052
 -3.70931892  13.85000000
  0.28754372  -3.70764472
 13.86000000   0.32464375
 -3.70528103  13.87000000
  0.36172836  -3.70244815
 13.88000000   0.39882802
 -3.69948841  13.89000000
  0.43598663  -3.69682650
 13.90000000   0.47321707
 -3.69429043  13.91000000
  0.51044651  -3.69144003
 13.92000000   0.54761389
 -3.68799283  13.93000000
  0.58468250  -3.68378966
 13.94000000   0.62163995
 -3.67879469  13.95000000
  0.65849816  -3.67309544
 13.96000000   0.69529339
 -3.66690272  13.97000000
  0.73208620  -3.66055070
 13.98000000   0.76896002
 -3.65447321  13.99000000
  0.80592580  -3.64856198
 14.00000000   0.84287028
 -3.64236402  14.01000000
  0.87970247  -3.63558775
 14.02000000   0.91636772
 -3.62806558  14.03000000
  0.95284777  -3.61975394
 14.04000000   0.98916070
 -3.61073324  14.05000000
  1.02536097  -3.60120790
 14.06000000   1.06153939
 -3.59150632  14.07000000
  1.09782073  -3.58206470
 14.08000000   1.13421798
 -3.57281334  14.09000000
  1.17057481  -3.56329425
 14.10000000   1.20676953
 -3.55321321  14.11000000
  1.24272914  -3.54239957
 14.12000000   1.27842937
 -3.53080630  14.13000000
  1.31389468  -3.51850994
 14.14000000   1.34919825
 -3.50571063  14.15000000
  1.38446195  -3.49273211
 14.16000000   1.41985301
 -3.48000761  14.17000000
  1.45538289  -3.46747807
 14.18000000   1.49085064
 -3.45468946  14.19000000
  1.52610505  -3.44135261
 14.20000000   1.56105605
 -3.42730016  14.21000000
  1.59567474  -3.41248653
 14.22000000   1.62999336
 -3.39698793  14.23000000
  1.66410534  -3.38100237
 14.24000000   1.69816524
 -3.36484964  14.25000000
  1.73238281  -3.34895414
 14.26000000   1.76675331
 -3.33323392  14.27000000
  1.80103189  -3.31725034
 14.28000000   1.83504225
 -3.30072912  14.29000000
  1.86868126  -3.28351413
 14.30000000   1.90191899
 -3.26556736  14.31000000
  1.93479870  -3.24696893
 14.32000000   1.96743685
 -3.22791709  14.33000000
  2.00002308  -3.20872821
 14.34000000   2.03280653
 -3.18980724  14.35000000
  2.06573861  -3.17101391
 14.36000000   2.09853555
 -3.15194036  14.37000000
  2.13100189  -3.13233508
 14.38000000   2.16302719
 -3.11205989  14.39000000
  2.19458599  -3.09108995
 14.40000000   2.22573786
 -3.06951376  14.41000000
  2.25662736  -3.04753315
 14.42000000   2.28748407
 -3.02546330  14.43000000
  2.31858851  -3.00367528
 14.44000000   2.34981341
 -2.98194820  14.45000000
  2.38084500  -2.95991730
 14.46000000   2.41147557
 -2.93735958  14.47000000
  2.44159411  -2.91415967
 14.48000000   2.47118625
 -2.89030979  14.49000000
  2.50033430  -2.86590976
 14.50000000   2.52921726
 -2.84116700  14.51000000
  2.55811076  -2.81639656
 14.52000000   2.58730468
 -2.79190994  14.53000000
  2.61656102  -2.76740535
 14.54000000   2.64555055
 -2.74257208  14.55000000
  2.67406180  -2.71722032
 14.56000000   2.70199127
 -2.69126104  14.57000000
  2.72934347  -2.66470599
 14.58000000   2.75623092
 -2.63766771  14.59000000
  2.78287411  -2.61035953
 14.60000000   2.80960154
 -2.58309556  14.61000000
  2.83666160  -2.55608514
 14.62000000   2.86369467
 -2.52897649  14.63000000
  2.89037295  -2.50151823
 14.64000000   2.91649109
 -2.47355694  14.65000000
  2.94196256  -2.44503207
 14.66000000   2.96681966
 -2.41597591  14.67000000
  2.99121354  -2.38651360
 14.68000000   3.01541416
 -2.35686314  14.69000000
  3.03980956  -2.32733453
 14.70000000   3.06450818
 -2.29797584  14.71000000
  3.08906976  -2.26845516
 14.72000000   3.11317694
 -2.23857303  14.73000000
  3.13664143  -2.20821381
 14.74000000   3.15940407
 -2.17734572  14.75000000
  3.18153477  -2.14602087
 14.76000000   3.20323254
 -2.11437517  14.77000000
  3.22482551  -2.08262844
 14.78000000   3.24674019
 -2.05105892  14.79000000
  3.26885128  -2.01954566
 14.80000000   3.29069989
 -1.98782521  14.81000000
  3.31198787  -1.95574519
 14.82000000   3.33255576
 -1.92322708  14.83000000
  3.35238279  -1.89026619
 14.84000000   3.37158691
 -1.85693171  14.85000000
  3.39042475  -1.82336665
 14.86000000   3.40929162
 -1.78978786  14.87000000
  3.42856834  -1.75638665
 14.88000000   3.44787133
 -1.72293432  14.89000000
  3.46677387  -1.68924870
 14.90000000   3.48501003
 -1.65522261  14.91000000
  3.50246141  -1.62081176
 14.92000000   3.51915712
 -1.58603472  14.93000000
  3.53527381  -1.55097292
 14.94000000   3.55113566
 -1.51577067  14.95000000
  3.56721400  -1.48063490
 14.96000000   3.58365802
 -1.44559851  14.97000000
  3.59993572  -1.41044320
 14.98000000   3.61567116
 -1.37505171  14.99000000
  3.63064392  -1.33935778
 15.00000000   3.64478904
 -1.30334613  15.01000000
  3.65819708  -1.26705245
 15.02000000   3.67111408
 -1.23056338  15.03000000
  3.68394160  -1.19401659
 15.04000000   3.69717349
 -1.15757242  15.05000000
  3.71056906  -1.12111829
 15.06000000   3.72361165
 -1.08452063  15.07000000
  3.73597699  -1.04770902
 15.08000000   3.74750333
 -1.01065131  15.09000000
  3.75819143  -0.97335355
 15.10000000   3.76820457
 -0.93586009  15.11000000
  3.77786852  -0.89825347
 15.12000000   3.78767160
 -0.86065453  15.13000000
  3.79792175  -0.82311518
 15.14000000   3.80806780
 -0.78549872  15.15000000
  3.81767950  -0.74774690
 15.16000000   3.82649801
 -0.70982756  15.17000000
  3.83443301  -0.67173326
 15.18000000   3.84156267
 -0.63348133  15.19000000
  3.84813365  -0.59511385
 15.20000000   3.85456111
 -0.55669762  15.21000000
  3.86138664  -0.51831316
 15.22000000   3.86843397
 -0.47990024  15.23000000
  3.87513874  -0.44140708
 15.24000000   3.88114720
 -0.40281794  15.25000000
  3.88627896  -0.36412764
 15.26000000   3.89052700
 -0.32534158  15.27000000
  3.89405770  -0.28647573
 15.28000000   3.89721078
 -0.24755665  15.29000000
  3.90049936  -0.20862143
 15.30000000   3.90425671
 -0.16967081  15.31000000
  3.90790551  -0.13066177
 15.32000000   3.91099762
 -0.09160970  15.33000000
  3.91326587  -0.05252677
 15.34000000   3.91462014
 -0.01342098  15.35000000
  3.91514742   0.02570387
 15.36000000   3.91511174
  0.06484818  15.37000000
  3.91495422   0.10401655
 15.38000000   3.91522993
  0.14322280  15.39000000
  3.91568911   0.18249430
 15.40000000   3.91576412
  0.22178332  15.41000000
  3.91510634   0.26104619
 15.42000000   3.91354669
  0.30025867  15.43000000
  3.91109562   0.33941595
 15.44000000   3.90794313
  0.37853269  15.45000000
  3.90445876   0.41764299
 15.46000000   3.90119157
  0.45680041  15.47000000
  3.89835432   0.49605520
 15.48000000   3.89532869
  0.53533579  15.49000000
  3.89169056   0.57455378
 15.50000000   3.88719688
  0.61365593  15.51000000
  3.88178565   0.65262416
 15.52000000   3.87557596
  0.69147554  15.53000000
  3.86886795   0.73026234
 15.54000000   3.86214281
  0.76907195  15.55000000
  3.85590531   0.80801040
 15.56000000   3.84971806
  0.84701959  15.57000000
  3.84306158   0.88595605
 15.58000000   3.83562404
  0.92472540  15.59000000
  3.82727530   0.96328464
 15.60000000   3.81806693
  1.00164215  15.61000000
  3.80823219   1.03985765
 15.62000000   3.79818607
  1.07804224  15.63000000
  3.78850505   1.11635526
 15.64000000   3.77911676
  1.15481361  15.65000000
  3.76941941   1.19321999
 15.66000000   3.75903926
  1.23142774  15.67000000
  3.74778355   1.26935809
 15.68000000   3.73564053
  1.30700019  15.69000000
  3.72277946   1.34441110
 15.70000000   3.70955059
  1.38171578  15.71000000
  3.69648517   1.41910713
 15.72000000   3.68388243
  1.45672193  15.73000000
  3.67114037   1.49433882
 15.74000000   3.65783031
  1.53174875  15.75000000
  3.64370442   1.56882769
 15.76000000   3.62869361
  1.60553621  15.77000000
  3.61290751   1.64191945
 15.78000000   3.59663447
  1.67810717  15.79000000
  3.58034155   1.71431371
 15.80000000   3.56452343
  1.75078158  15.81000000
  3.54875343   1.78733940
 15.82000000   3.53253732
  1.82370576  15.83000000
  3.51558417   1.85970509
 15.84000000   3.49777699
  1.89526257  15.85000000
  3.47917275   1.93040410
 15.86000000   3.46000238
  1.96525628  15.87000000
  3.44067078   2.00004646
 15.88000000   3.42171848
  2.03508570  15.89000000
  3.40297615   2.07031787
 15.90000000   3.38390305
  2.10539250  15.91000000
  3.36417762   2.14007870
 15.92000000   3.34364595
  2.17426205  15.93000000
  3.32232185   2.20794461
 15.94000000   3.30038676
  2.24124495  15.95000000
  3.27818983   2.27439810
 15.96000000   3.25624489
  2.30775407  15.97000000
  3.23462411   2.34140366
 15.98000000   3.21277636
  2.37494485  15.99000000
  3.19036048   2.40808851
 16.00000000   3.16719564
  2.44067763  16.01000000
  3.14326133   2.47268728
 16.02000000   3.11869736
  2.50422464  16.03000000
  3.09380387   2.53552896
 16.04000000   3.06904132
  2.56697162  16.05000000
  3.04466359   2.59879167
 16.06000000   3.02014996
  2.63056509  16.07000000
  2.99514861   2.66194231
 16.08000000   2.96946151
  2.69272230  16.09000000
  2.94304234   2.72285138
 16.10000000   2.91599647
  2.75242320  16.11000000
  2.88858096   2.78167876
 16.12000000   2.86120456
  2.81100643  16.13000000
  2.83421258   2.84076156
 16.14000000   2.80716614
  2.87054317  16.15000000
  2.77970524   2.89993682
 16.16000000   2.75162448
  2.92869813  16.17000000
  2.72286011   2.95674469
 16.18000000   2.69349010
  2.98415612  16.19000000
  2.66373407   3.01117402
 16.20000000   2.63395334
  3.03820202  16.21000000
  2.60452345   3.06568193
 16.22000000   2.57510102
  3.09326228  16.23000000
  2.54532791   3.12046553
 16.24000000   2.51500062
  3.14700639  16.25000000
  2.48404604   3.17277555
 16.26000000   2.45252138
  3.19783966  16.27000000
  2.42061421   3.22244134
 16.28000000   2.38864243
  3.24699919  16.29000000
  2.35697602   3.27201957
 16.30000000   2.32535567
  3.29720648  16.31000000
  2.29343815   3.32202562
 16.32000000   2.26103039
  3.34615487  16.33000000
  2.22805711   3.36946128
 16.34000000   2.19456077
  3.39200106  16.35000000
  2.16070160   3.41401961
 16.36000000   2.12675759
  3.43595148  16.37000000
  2.09307287   3.45835254
 16.38000000   2.05945060
  3.48097249  16.39000000
  2.02557497   3.50322862
 16.40000000   1.99127080
  3.52476755  16.41000000
  1.95646690   3.54543742
 16.42000000   1.92119603
  3.56528780  16.43000000
  1.88559495   3.58456980
 16.44000000   1.84990436
  3.60373596  16.45000000
  1.81443095   3.62338140
 16.46000000   1.77901763
  3.64328019  16.47000000
  1.74338664   3.66281035
 16.48000000   1.70738693
  3.68159424  16.49000000
  1.67095648   3.69946703
 16.50000000   1.63412233
  3.71647668  16.51000000
  1.59700053   3.73288395
 16.52000000   1.55979618
  3.74916239  16.53000000
  1.52277127   3.76593851
 16.54000000   1.48578981
  3.78298133  16.55000000
  1.44862074   3.79963931
 16.56000000   1.41114192
  3.81551873  16.57000000
  1.37330427   3.83044889
 16.58000000   1.33513169
  3.84448210  16.59000000
  1.29672113   3.85789366
 16.60000000   1.25824256
  3.87118188  16.61000000
  1.21990790   3.88499666
 16.62000000   1.18159080
  3.89906743  16.63000000
  1.14311370   3.91272413
 16.64000000   1.10438652
  3.92556613  16.65000000
  1.06537524   3.93742480
 16.66000000   1.02610185
  3.94836356  16.67000000
  0.98664436   3.95867781
 16.68000000   0.94713681
  3.96889499  16.69000000
  0.90773623   3.97967676
 16.70000000   0.86832373
  3.99067706  16.71000000
  0.82877989   4.00122058
 16.72000000   0.78904808
  4.01090964  16.73000000
  0.74910982   4.01958631
 16.74000000   0.70898471
  4.02733240  16.75000000
  0.66873051   4.03446945
 16.76000000   0.62844308
  4.04155875  16.77000000
  0.58822048   4.04925418
 16.78000000   0.54795929
  4.05710195  16.79000000
  0.50760010   4.06443753
 16.80000000   0.46711915
  4.07087655  16.81000000
  0.42651214   4.07628074
 16.82000000   0.38579415
  4.08075790  16.83000000
  0.34499972   4.08466195
 16.84000000   0.30418279
  4.08859291  16.85000000
  0.26338081   4.09316350
 16.86000000   0.22252355
  4.09779189  16.87000000
  0.18160958   4.10184204
 16.88000000   0.14064550
  4.10495340  16.89000000
  0.09963788   4.10701643
 16.90000000   0.05859336
  4.10817260  16.91000000
  0.01751859   4.10881439
 16.92000000  -0.02357976
  4.10958529  16.93000000
 -0.06471973   4.11100198
 16.94000000  -0.10591459
  4.11235851  16.95000000
 -0.14711418   4.11306337
 16.96000000  -0.18828625
  4.11279025  16.97000000
 -0.22941848   4.11146725
 16.98000000  -0.27051853
  4.10927688  16.99000000
 -0.31161399   4.10665609
 17.00000000  -0.35275242
  4.10429622  17.01000000
 -0.39398823   4.10253232
 17.02000000  -0.43525614
  4.10057965  17.03000000
 -0.47646444   4.09789880
 17.04000000  -0.51756181
  4.09420723  17.05000000
 -0.55853735   4.08947884
 17.06000000  -0.59942063
  4.08394396  17.07000000
 -0.64028162   4.07808940
 17.08000000  -0.68123039
  4.07264881  17.09000000
 -0.72231442   4.06768148
 17.10000000  -0.76338524
  4.06240051  17.11000000
 -0.80431918   4.05631682
 17.12000000  -0.84505408
  4.04919893  17.13000000
 -0.88558926   4.04107298
 17.14000000  -0.92598552
  4.03222270  17.15000000
 -0.96636514   4.02318946
 17.16000000  -1.00690315
  4.01470935  17.17000000
 -1.04757985   4.00653328
 17.18000000  -1.08817718
  3.99792015  17.19000000
 -1.12854892   3.98843882
 17.20000000  -1.16863188
  3.97791543  17.21000000
 -1.20844583   3.96643345
 17.22000000  -1.24809356
  3.95433363  17.23000000
 -1.28776086   3.94221406
 17.24000000  -1.32766969
  3.93073509  17.25000000
 -1.36767656   3.91935655
 17.26000000  -1.40751768
  3.90742382  17.27000000
 -1.44703572   3.89457163
 17.28000000  -1.48617807
  3.88068990  17.29000000
 -1.52499688   3.86592368
 17.30000000  -1.56364902
  3.85067314  17.31000000
 -1.60239613   3.83559363
 17.32000000  -1.64144950
  3.82114129  17.33000000
 -1.68051492   3.80657802
 17.34000000  -1.71931035
  3.79135580  17.35000000
 -1.75768142   3.77518363
 17.36000000  -1.79559997
  3.75802098  17.37000000
 -1.83316408   3.74007780
 17.38000000  -1.87059801
  3.72181449  17.39000000
 -1.90824969   3.70393489
 17.40000000  -1.94619883
  3.68651247  17.41000000
 -1.98404173   3.66879765
 17.42000000  -2.02149662
  3.65033764  17.43000000
 -2.05842876   3.63092297
 17.44000000  -2.09485048
  3.61058743  17.45000000
 -2.13092114   3.58960813
 17.46000000  -2.16694718
  3.56850549  17.47000000
 -2.20333449   3.54794686
 17.48000000  -2.23991601
  3.52758469  17.49000000
 -2.27624901   3.50677476
 17.50000000  -2.31206867
  3.48515829  17.51000000
 -2.34727768   3.46261103
 17.52000000  -2.38194626
  3.43924330  17.53000000
 -2.41631219   3.41539995
 17.54000000  -2.45078073
  3.39166037  17.55000000
 -2.48570459   3.36848581
 17.56000000  -2.52064352
  3.34523672  17.57000000
 -2.55517552   3.32141456
 17.58000000  -2.58907159
  3.29675644  17.59000000
 -2.62229045   3.27122392
 17.60000000  -2.65497855
  3.24500301  17.61000000
 -2.68747006   3.21850412
 17.62000000  -2.72028053
  3.19235247  17.63000000
 -2.75348019   3.16657087
 17.64000000  -2.78649010
  3.14050874  17.65000000
 -2.81892990   3.11378599
 17.66000000  -2.85062662
  3.08623527  17.67000000
 -2.88161468   3.05790196
 17.68000000  -2.91213586
  3.02904417  17.69000000
 -2.94263933   3.00013276
 17.70000000  -2.97366447
  2.97171134  17.71000000
 -3.00485513   2.94336903
 17.72000000  -3.03564330
  2.91459592  17.73000000
 -3.06570704   2.88511775
 17.74000000  -3.09495069
  2.85485968  17.75000000
 -3.12350487   2.82394620
 17.76000000  -3.15172644
  2.79270122  17.77000000
 -3.18019852   2.76164802
 17.78000000  -3.20921495
  2.73100449  17.79000000
 -3.23810372   2.70018792
 17.80000000  -3.26637957
  2.66884077  17.81000000
 -3.29380162   2.63679006
 17.82000000  -3.32037328
  2.60404728  17.83000000
 -3.34634222   2.57080836
 17.84000000  -3.37220041
  2.53745371  17.85000000
 -3.39860990   2.50448157
 17.86000000  -3.42530376
  2.47164266  17.87000000
 -3.45159305   2.43847468
 17.88000000  -3.47707938
  2.40472996  17.89000000
 -3.50162570   2.37032888
 17.90000000  -3.52535633
  2.33535987  17.91000000
 -3.54865690   2.30007941
 17.92000000  -3.57217442
  2.26491203  17.93000000
 -3.59633539   2.23010136
 17.94000000  -3.62039952
  2.19516894  17.95000000
 -3.64379902   2.15981450
 17.96000000  -3.66624602
  2.12389030  17.97000000
 -3.68772997   2.08739882
 17.98000000  -3.70851764
  2.05049271  17.99000000
 -3.72915313   2.01347485
 18.00000000  -3.75038630
  1.97675112  18.01000000
 -3.77195414   1.94013443
 18.02000000  -3.79308217
  1.90325678  18.03000000
 -3.81332430   1.86592605
 18.04000000  -3.83252656
  1.82808112  18.05000000
 -3.85082702   1.78979181
 18.06000000  -3.86865584
  1.75125897  18.07000000
 -3.88673525   1.71281440
 18.08000000  -3.90551146
  1.67462844  18.09000000
 -3.92415660   1.63633016
 18.10000000  -3.94206002
  1.59770590  18.11000000
 -3.95891860   1.55865376
 18.12000000  -3.97473472
  1.51918233  18.13000000
 -3.98981624   1.47941067
 18.14000000  -4.00477656
  1.43956833  18.15000000
 -4.02042036   1.39994335
 18.16000000  -4.03635348
  1.36035379  18.17000000
 -4.05176191   1.32055771
 18.18000000  -4.06619060
  1.28043546  18.19000000
 -4.07950201   1.23995615
 18.20000000  -4.09187609
  1.19917770  18.21000000
 -4.10381027   1.15824679
 18.22000000  -4.11611907
  1.11739871  18.23000000
 -4.12910374   1.07668133
 18.24000000  -4.14184617
  1.03585328  18.25000000
 -4.15373947   0.99479992
 18.26000000  -4.16450473
  0.95347262  18.27000000
 -4.17419098   0.91188874
 18.28000000  -4.18317521
  0.87013163  18.29000000
 -4.19216237   0.82835063
 18.30000000  -4.20193418
  0.78669250  18.31000000
 -4.21183371   0.74499690
 18.32000000  -4.22107331
  0.70316181  18.33000000
 -4.22923393   0.66114213
 18.34000000  -4.23623332
  0.61893500  18.35000000
 -4.24232601   0.57657976
 18.36000000  -4.24810332
  0.53415799  18.37000000
 -4.25446376   0.49178674
 18.38000000  -4.26134701
  0.44941626  18.39000000
 -4.26780921   0.40696503
 18.40000000  -4.27329503
  0.36441211  18.41000000
 -4.27759309   0.32175412
 18.42000000  -4.28083590
  0.27900526  18.43000000
 -4.28349987   0.23619733
 18.44000000  -4.28640535
  0.19337970  18.45000000
 -4.29010698   0.15055518
 18.46000000  -4.29367049
  0.10767302  18.47000000
 -4.29640586   0.06475498
 18.48000000  -4.29797710
  0.02181603  18.49000000
 -4.29839746  -0.02113665
 18.50000000  -4.29802943
 -0.06410369  18.51000000
 -4.29758478  -0.10709352
 18.52000000  -4.29793044
 -0.15013201  18.53000000
 -4.29848402  -0.19323929
 18.54000000  -4.29839423
 -0.23634203  18.55000000
 -4.29720722  -0.27938924
 18.56000000  -4.29482192
 -0.32236369  18.57000000
 -4.29148998  -0.36528195
 18.58000000  -4.28781581
 -0.40819437  18.59000000
 -4.28472829  -0.45118520
 18.60000000  -4.28217968
 -0.49429242  18.61000000
 -4.27919982  -0.53738634
 18.62000000  -4.27522431
 -0.58036331  18.63000000
 -4.27004365  -0.62318004
 18.64000000  -4.26380320
 -0.66585361  18.65000000
 -4.25700322  -0.70846144
 18.66000000  -4.25049885
 -0.75114134  18.67000000
 -4.24477445  -0.79400580
 18.68000000  -4.23885419
 -0.83688506  18.69000000
 -4.23206870  -0.87960690
 18.70000000  -4.22410595
 -0.92208673  18.71000000
 -4.21500970  -0.96432749
 18.72000000  -4.20517953
 -1.00641969  18.73000000
 -4.19537081  -1.04854140
 18.74000000  -4.18638846
 -1.09090358  18.75000000
 -4.17748965  -1.13335003
 18.76000000  -4.16788019
 -1.17562473  18.77000000
 -4.15715308  -1.21758749
 18.78000000  -4.14525614
 -1.25921330  18.79000000
 -4.13249200  -1.30059238
 18.80000000  -4.11951809
 -1.34193015  18.81000000
 -4.10725372  -1.38352536
 18.82000000  -4.09535445
 -1.42530990  18.83000000
 -4.08291522  -1.46693757
 18.84000000  -4.06944407
 -1.50819987  18.85000000
 -4.05480058  -1.54903133
 18.86000000  -4.03919594
 -1.58950956  18.87000000
 -4.02319289  -1.62985520
 18.88000000  -4.00769460
 -1.67042875  18.89000000
 -3.99279293  -1.71131335
 18.90000000  -3.97752818
 -1.75208576  18.91000000
 -3.96133739  -1.79245930
 18.92000000  -3.94400290
 -1.83231783  18.93000000
 -3.92565234  -1.87171570
 18.94000000  -3.90675865
 -1.91087778  18.95000000
 -3.88814004  -1.95019945
 18.96000000  -3.87026185
 -1.98994382  18.97000000
 -3.85219194  -2.02964690
 18.98000000  -3.83331164
 -2.06893711  18.99000000
 -3.81334018  -2.10764062
 19.00000000  -3.79233279
 -2.14578078  19.01000000
 -3.77068065  -2.18357809
 19.02000000  -3.74911094
 -2.22145017  19.03000000
 -3.72830214  -2.25981522
 19.04000000  -3.70747432
 -2.29823698  19.05000000
 -3.68595147  -2.33624810
 19.06000000  -3.66340361
 -2.37361216  19.07000000
 -3.63982555  -2.41031609
 19.08000000  -3.61553689
 -2.44657014  19.09000000
 -3.59118199  -2.48280786
 19.10000000  -3.56753071
 -2.51956817  19.11000000
 -3.54401762  -2.55650208
 19.12000000  -3.51992003
 -2.59304178  19.13000000
 -3.49487151  -2.62888456
 19.14000000  -3.46881764
 -2.66397691  19.15000000
 -3.44201604  -2.69851448
 19.16000000  -3.41503634
 -2.73294212  19.17000000
 -3.38866549  -2.76788962
 19.18000000  -3.36256001
 -2.80313511  19.19000000
 -3.33597242  -2.83801450
 19.20000000  -3.30851266
 -2.87215713  19.21000000
 -3.28008807  -2.90546675
 19.22000000  -3.25090339
 -2.93812152  19.23000000
 -3.22146078  -2.97057399
 19.24000000  -3.19251985
 -3.00352035  19.25000000
 -3.16393452  -3.03688576
 19.26000000  -3.13495776
 -3.06992071  19.27000000
 -3.10518889  -3.10218735
 19.28000000  -3.07450801
 -3.13354653  19.29000000
 -3.04307600  -3.16415781
 19.30000000  -3.01133456
 -3.19447943  19.31000000
 -2.97999211  -3.22525610
 19.32000000  -2.94905868
 -3.25656214  19.33000000
 -2.91781043  -3.28757622
 19.34000000  -2.88584847
 -3.31779608  19.35000000
 -2.85303623  -3.34704142
 19.36000000  -2.81949942
 -3.37545394  19.37000000
 -2.78562606  -3.40349726
 19.38000000  -2.75206293
 -3.43195351  19.39000000
 -2.71893011  -3.46103507
 19.40000000  -2.68554416
 -3.48986163  19.41000000
 -2.65151953  -3.51787104
 19.42000000  -2.61671269
 -3.54484528  19.43000000
 -2.58122214  -3.57091046
 19.44000000  -2.54538842
 -3.59653682  19.45000000
 -2.50979373  -3.62253832
 19.46000000  -2.47462439
 -3.64924543  19.47000000
 -2.43924907  -3.67572870
 19.48000000  -2.40330597
 -3.70137235  19.49000000
 -2.36665339  -3.72592569
 19.50000000  -2.32936965
 -3.74950301  19.51000000
 -2.29175312  -3.77258368
 19.52000000  -2.25432222
 -3.79601209  19.53000000
 -2.21729090  -3.82021046
 19.54000000  -2.18008744
 -3.84420635  19.55000000
 -2.14238310  -3.86733831
 19.56000000  -2.10404556
 -3.88932948  19.57000000
 -2.06513890  -3.91028753
 19.58000000  -2.02592364
 -3.93070467  19.59000000
 -1.98685666  -3.95145766
 19.60000000  -1.94814703
 -3.97302855  19.61000000
 -1.90928826  -3.99440537
 19.62000000  -1.86999216
 -4.01489005  19.63000000
 -1.83014207  -4.03418751
 19.64000000  -1.78979251
 -4.05240515  19.65000000
 -1.74916923  -4.07005288
 19.66000000  -1.70866914
 -4.08804313  19.67000000
 -1.66847254  -4.10688387
 19.68000000  -1.62814141
 -4.12552263  19.69000000
 -1.58743451  -4.14323571
 19.70000000  -1.54625552
 -4.15971885  19.71000000
 -1.50465261  -4.17508662
 19.72000000  -1.46281850
 -4.18987239  19.73000000
 -1.42109042  -4.20502836
 19.74000000  -1.37960355
 -4.22105095  19.75000000
 -1.33799189  -4.23684532
 19.76000000  -1.29606579
 -4.25167439  19.77000000
 -1.25375217  -4.26523474
 19.78000000  -1.21109449
 -4.27765631  19.79000000
 -1.16825268  -4.28950242
 19.80000000  -1.12550318
 -4.30176971  19.81000000
 -1.08292622  -4.31489873
 19.82000000  -1.04023371
 -4.32775481  19.83000000
 -0.99728975  -4.33959996
 19.84000000  -0.95404566
 -4.35014227  19.85000000
 -0.91054001  -4.35953592
 19.86000000  -0.86689861
 -4.36838114  19.87000000
 -0.82333380  -4.37772205
 19.88000000  -0.77986999
 -4.38789385  19.89000000
 -0.73630336  -4.39772993
 19.90000000  -0.69255190
 -4.40650428  19.91000000
 -0.64859047  -4.41394771
 19.92000000  -0.60445078
 -4.42024784  19.93000000
 -0.56022143  -4.42604906
 19.94000000  -0.51604535
 -4.43244164  19.95000000
 -0.47190065  -4.43960335
 19.96000000  -0.42767315
 -4.44634968  19.97000000
 -0.38333282  -4.45198007
 19.98000000  -0.33887512
 -4.45625943  19.99000000
