 -2.72524103  -7.91047261
 70.00000000  -2.64557993
 -7.93608867  70.01000000
 -2.56736625  -7.96614166
 70.02000000  -2.48619704
 -7.98690658  70.03000000
 -2.40798715  -8.01742705
 70.04000000  -2.32649420
 -8.03681430  70.05000000
 -2.24720877  -8.06412686
 70.06000000  -2.16615520
 -8.08492392  70.07000000
 -2.08528665  -8.10660558
 70.08000000  -2.00478770
 -8.12974019  70.09000000
 -1.92255970  -8.14579969
 70.10000000  -1.84225978
 -8.17030751  70.11000000
 -1.75944439  -8.18340488
 70.12000000  -1.67863400
 -8.20622237  70.13000000
 -1.59599398  -8.21982261
 70.14000000  -1.51410005
 -8.23763215  70.15000000
 -1.43185706  -8.25342607
 70.16000000  -1.34891040
 -8.26523923  70.17000000
 -1.26689959  -8.28304639
 70.18000000  -1.18332951
 -8.29037057  70.19000000
 -1.10116071  -8.30805641
 70.20000000  -1.01757025
 -8.31457529  70.21000000
 -0.93478934  -8.32838055
 70.22000000  -0.85142118
 -8.33658563  70.23000000
 -0.76797995  -8.34449028
 70.24000000  -0.68476709
 -8.35501311  70.25000000
 -0.60090949  -8.35739294
 70.26000000  -0.51764770
 -8.36901025  70.27000000
 -0.43371436  -8.36883907
 70.28000000  -0.35019451
 -8.37826541  70.29000000
 -0.26635845  -8.37884737
 70.30000000  -0.18256942
 -8.38300278  70.31000000
 -0.09876811  -8.38582332
 70.32000000  -0.01490392
 -8.38397791  70.33000000
  0.06899434  -8.38868566
 70.34000000   0.15275759
 -8.38254434  70.35000000
  0.23678974  -8.38688899
 70.36000000   0.32044968
 -8.38010026  70.37000000
  0.40446244  -8.38041352
 70.38000000   0.48817445
 -8.37533072  70.39000000
  0.57189817  -8.36974376
 70.40000000   0.65582455
 -8.36692601  70.41000000
  0.73908220  -8.35587266
 70.42000000   0.82322846
 -8.35409020  70.43000000
  0.90615389  -8.34050605
 70.44000000   0.99020949
 -8.33654681  70.45000000
  1.07315056  -8.32366293
 70.46000000   1.15664436
 -8.31453455  70.47000000
  1.23989668  -8.30380831
 70.48000000   1.32251703
 -8.28877541  70.49000000
  1.40616556  -8.27991541
 70.50000000   1.48797969
 -8.26051579  70.51000000
  1.57173570  -8.25146232
 70.52000000   1.65329895
 -8.23120920  70.53000000
  1.73644465  -8.21841408
 70.54000000   1.81829382
 -8.19969403  70.55000000
  1.90024542  -8.18121989
 70.56000000   1.98265614
 -8.16469268  70.57000000
  2.06325876  -8.14079125
 70.58000000   2.14609310
 -8.12543323  70.59000000
  2.22585466  -8.09866034
 70.60000000   2.30838158
 -8.08163498  70.61000000
  2.38816416  -8.05520681
 70.62000000   2.46941638
 -8.03347639  70.63000000
  2.54979412  -8.00899407
 70.64000000   2.62926007
 -7.98157564  70.65000000
  2.71035741  -7.95900632
 70.66000000   2.78819847
 -7.92698956  70.67000000
  2.86953842  -7.90469768
 70.68000000   2.94677550
 -7.87127535  70.69000000
  3.02714990  -7.84599176
 70.70000000   3.10476074
 -7.81368404  70.71000000
  3.18317975  -7.78325156
 70.72000000   3.26164942
 -7.75296284  70.73000000
  3.33782285  -7.71722082
 70.74000000   3.41702259
 -7.68834227  70.75000000
  3.49157131  -7.64912150
 70.76000000   3.57058258
 -7.61948478  70.77000000
  3.64487873  -7.57992366
 70.78000000   3.72219898
 -7.54646471  70.79000000
  3.79721689  -7.50842780
 70.80000000   3.87196246
 -7.46976257  70.81000000
  3.94802327  -7.43360699
 70.82000000   4.02021797
 -7.39021829  70.83000000
  4.09687094  -7.35488541
 70.84000000   4.16767485
 -7.30916847  70.85000000
  4.24350739  -7.27210168
 70.86000000   4.31444845
 -7.22676365  70.87000000
  4.38788320  -7.18545991
 70.88000000   4.45984582
 -7.14179748  70.89000000
  4.53019656  -7.09551178
 70.90000000   4.60328305
 -7.05345327  70.91000000
  4.67094148  -7.00314270
 70.92000000   4.74434539
 -6.96131495  70.93000000
  4.81098073  -6.90965915
 70.94000000   4.88283514
 -6.86535064  70.95000000
  4.94998651  -6.81451907
 70.96000000   5.01879831
 -6.76586621  70.97000000
  5.08720502  -6.71669020
 70.98000000   5.15254828
 -6.66345999  70.99000000
  5.22205535  -6.61553950
 71.00000000   5.28474834
 -6.55905958  71.01000000
  5.35415578  -6.51079015
 71.02000000   5.41620544
 -6.45366568  71.03000000
  5.48336550  -6.40250040
 71.04000000   5.54626413
 -6.34643056  71.05000000
  5.60982201  -6.29103587
 71.06000000   5.67414343
 -6.23649877  71.07000000
  5.73395671  -6.17701873
 71.08000000   5.79927436
 -6.12338482  71.09000000
  5.85660698  -6.06139447
 71.10000000   5.92132218
 -6.00692901  71.11000000
  5.97836118  -5.94475937
 71.12000000   6.04020891
 -5.88725742  71.13000000
  6.09836711  -5.82621552
 71.14000000   6.15615024
 -5.76475725  71.15000000
  6.21583670  -5.70506736
 71.16000000   6.26968144
 -5.64004109  71.17000000
  6.33021561  -5.58094621
 71.18000000   6.38179780
 -5.51403250  71.19000000
  6.44121458  -5.45377878
 71.20000000   6.49280537
 -5.38697406  71.21000000
  6.54882264  -5.32374134
 71.22000000   6.60174196
 -5.25803458  71.23000000
  6.65332613  -5.19122167
 71.24000000   6.70782640
 -5.12666008  71.25000000
  6.75533913  -5.05679077
 71.26000000   6.81052507
 -4.99257995  71.27000000
  6.85597722  -4.92130429
 71.28000000   6.90958405
 -4.85577874  71.29000000
  6.95528168  -4.78476397
 71.30000000   7.00504976
 -4.71645933  71.31000000
  7.05223411  -4.64645091
 71.32000000   7.09727467
 -4.57499766  71.33000000
  7.14606068  -4.50592899
 71.34000000   7.18693269
 -4.43190629  71.35000000
  7.23625393  -4.36301120
 71.36000000   7.27521314
 -4.28793572  71.37000000
  7.32258978  -4.21772311
 71.38000000   7.36195394
 -4.14295971  71.39000000
  7.40515243  -4.07027157
 71.40000000   7.44611500
 -3.99638482  71.41000000
  7.48434518  -3.92100547
 71.42000000   7.52692389
 -3.84787191  71.43000000
  7.56089019  -3.77037261
 71.44000000   7.60389382
 -3.69730039  71.45000000
  7.63601745  -3.61900200
 71.46000000   7.67682881
 -3.54472711  71.47000000
  7.70943882  -3.46672622
 71.48000000   7.74583641
 -3.39035077  71.49000000
  7.78010953  -3.31307316
 71.50000000   7.81134513
 -3.23447862  71.51000000
  7.84725715  -3.15778819
 71.52000000   7.87410708
 -3.07748740  71.53000000
  7.91040229  -3.00080161
 71.54000000   7.93537780
 -2.91988331  71.55000000
  7.96936722  -2.84219125
 71.56000000   7.99483482
 -2.76151882  71.57000000
  8.02427555  -2.68214335
 71.58000000   8.05142671
 -2.60203015  71.59000000
  8.07556050  -2.52091786
 71.60000000   8.10438228
 -2.44123927  71.61000000
  8.12397479  -2.35881456
 71.62000000   8.15322058
 -2.27911901  71.63000000
  8.17078578  -2.19621799
 71.64000000   8.19776419
 -2.11575934  71.65000000
  8.21574420  -2.03303626
 71.66000000   8.23814039
 -1.95133076  71.67000000
  8.25778376  -1.86900282
 71.68000000   8.27477609
 -1.78604759  71.69000000
  8.29612880  -1.70400859
 71.70000000   8.30840143
 -1.62013457  71.71000000
  8.33029339  -1.53806569
 71.72000000   8.34025940
 -1.45385282  71.73000000
  8.36008676  -1.37127343
 71.74000000   8.37029247
 -1.28717380  71.75000000
  8.38561982  -1.20378495
 71.76000000   8.39742084
 -1.11992343  71.77000000
  8.40729998  -1.03577245
 71.78000000   8.42085303
 -0.95205619  71.79000000
  8.42582202  -0.86739343
 71.80000000   8.44009069
 -0.78362155  71.81000000
  8.44236012  -0.69879140
 71.82000000   8.45492362
 -0.61473000  71.83000000
  8.45714807  -0.52997529
 71.84000000   8.46543051
 -0.44552062  71.85000000
  8.46911539  -0.36086294
 71.86000000   8.47197948
 -0.27612893  71.87000000
  8.47744799  -0.19147114
 71.88000000   8.47521763
 -0.10665493  71.89000000
  8.48162241  -0.02188706
 71.90000000   8.47620712
  0.06285884  71.91000000
  8.48140112   0.14776416
 71.92000000   8.47553736
  0.23241797  71.93000000
  8.47682447   0.31735073
 71.94000000   8.47219960
  0.40201688  71.95000000
  8.46820279   0.48676441
 71.96000000   8.46535777
  0.57157539  71.97000000
  8.45611536   0.65595052
 71.98000000   8.45445179
  0.74096499  71.99000000
  8.44148393   0.82494136
 72.00000000   8.43919890
  0.91003948  72.01000000
  8.42525347   0.99382100
 72.02000000   8.41959318
  1.07866568  72.03000000
  8.40657561   1.16251600
 72.04000000   8.39589077
  1.24675190  72.05000000
  8.38458113   1.33087910
 72.06000000   8.36859543
  1.41427512  72.07000000
  8.35867710   1.49873530
 72.08000000   8.33846665
  1.58131077  72.09000000
  8.32853500   1.66590979
 72.10000000   8.30666089
  1.74806085  72.11000000
  8.29408782   1.83225689
 72.12000000   8.27270267
  1.91444852  72.13000000
  8.25552462   1.99768855
 72.14000000   8.23568365
  2.08025394  72.15000000
  8.21327273   2.16219934
 72.16000000   8.19496829
  2.24524795  72.17000000
  8.16798102   2.32589040
 72.18000000   8.15018172
  2.40921893  72.19000000
  8.12070355   2.48903680
 72.20000000   8.10119548
  2.57199791  72.21000000
  8.07161570   2.65169924
 72.22000000   8.04812078
  2.73348519  72.23000000
  8.01979359   2.81358523
 72.24000000   7.99129806
  2.89367582  72.25000000
  7.96455013   2.97440109
 72.26000000   7.93128683
  3.05268474  72.27000000
  7.90545694   3.13388703
 72.28000000   7.86890627
  3.21078742  72.29000000
  7.84233564   3.29184417
 72.30000000   7.80492275
  3.36828573  72.31000000
  7.77522436   3.44814998
 72.32000000   7.73859286
  3.52488207  72.33000000
  7.70436200   3.60277864
 72.34000000   7.66919708
  3.68021729  72.35000000
  7.63019237   3.75583066
 72.36000000   7.59624753
  3.83397147  72.37000000
  7.55334498   3.90755236
 72.38000000   7.51949048
  3.98589369  72.39000000
  7.47479727   4.05842507
 72.40000000   7.43889463
  4.13582593  72.41000000
  7.39435308   4.20835701
 72.42000000   7.35461898
  4.28371441  72.43000000
  7.31125093   4.35691109
 72.44000000   7.26699503
  4.42962655  72.45000000
  7.22495925   4.50370381
 72.46000000   7.17652593
  4.57377800  72.47000000
  7.13515622   4.64842177
 72.48000000   7.08395914
  4.71660334  72.49000000
  7.04172711   4.79084876
 72.50000000   6.98987319
  4.85847618  72.51000000
  6.94475061   4.93088662
 72.52000000   6.89359521
  4.99894970  72.53000000
  6.84446819   5.06856301
 72.54000000   6.79454461
  5.13756246  72.55000000
  6.74126455   5.20404460
 72.56000000   6.69234723
  5.27393458  72.57000000
  6.63566257   5.33766110
 72.58000000   6.58681442
  5.40778099  72.59000000
  6.52847947   5.47003878
 72.60000000   6.47793622
  5.53893524  72.61000000
  6.41962959   5.60111595
 72.62000000   6.36586655
  5.66736772  72.63000000
  6.30847898   5.73033675
 72.64000000   6.25089433
  5.79319027  72.65000000
  6.19459927   5.85723930
 72.66000000   6.13342258
  5.91666548  72.67000000
  6.07774384   5.98146544
 72.68000000   6.01400131
  6.03826518  72.69000000
  5.95782632   6.10277067
 72.70000000   5.89325214
  6.15858863  72.71000000
  5.83491039   6.22104444
 72.72000000   5.77072670
  6.27718991  72.73000000
  5.70919445   6.33632584
 72.74000000   5.64594224
  6.39350858  72.75000000
  5.58098461   6.44880567
 72.76000000   5.51859538
  6.50709735  72.77000000
  5.45067324   6.55883188
 72.78000000   5.38853942
  6.61762956  72.79000000
  5.31882591   6.66703492
 72.80000000   5.25576265
  6.72490576  72.81000000
  5.18571629   6.77374452
 72.82000000   5.12037559
  6.82887016  72.83000000
  5.05086327   6.87834695
 72.84000000   4.98259539
  6.92962416  72.85000000
  4.91391050   6.98029035
 72.86000000   4.84272099
  7.02742643  72.87000000
  4.77465497   7.07914983
 72.88000000   4.70111152
  7.12269455  72.89000000
  4.63302569   7.17463326
 72.90000000   4.55829545
  7.21617930  72.91000000
  4.48906228   7.26658455
 72.92000000   4.41427310
  7.30788243  72.93000000
  4.34290031   7.35499628
 72.94000000   4.26865118
  7.39714802  72.95000000
  4.19475562   7.44002111
 72.96000000   4.12117767
  7.48343959  72.97000000
  4.04490178   7.52197045
 72.98000000   3.97172886
  7.56635681  72.99000000
  3.89365222   7.60131851
 73.00000000   3.82028943
  7.64563992  73.01000000
  3.74144712   7.67886752
 73.02000000   3.66693168
  7.72117018  73.03000000
  3.58815529   7.75436279
 73.04000000   3.51179979
  7.79297854  73.05000000
  3.43349071   7.82715615
 73.06000000   3.35509411
  7.86125498  73.07000000
  3.27728713   7.89672855
 73.08000000   3.19705084
  7.92634636  73.09000000
  3.11948313   7.96270223
 73.10000000   3.03793070
  7.98877213  73.11000000
  2.96010345   8.02484414
 73.12000000   2.87806040
  8.04932080  73.13000000
  2.79923942   8.08306400
 73.14000000   2.71729658
  8.10761278  73.15000000
  2.63703258   8.13741913
 73.16000000   2.55544538
  8.16301139  73.17000000
  2.47365924   8.18812161
 73.18000000   2.39241153
  8.21501373  73.19000000
  2.30931209   8.23553583
 73.20000000   2.22818299
  8.26325996  73.21000000
  2.14418976   8.28019799
 73.22000000   2.06281353
  8.30753591  73.23000000
  1.97852025   8.32288673
 73.24000000   1.89640446
  8.34776939  73.25000000
  1.81220038   8.36319364
 73.26000000   1.72908843
  8.38403142  73.27000000
  1.64511554   8.40049278
 73.28000000   1.56101423
  8.41654112  73.29000000
  1.47723038   8.43429393
 73.30000000   1.39233016
  8.44566314  73.31000000
  1.30857337   8.46424906
 73.32000000   1.22317078
  8.47191761  73.33000000
  1.13922042   8.49015417
 73.34000000   1.05367851
  8.49609890  73.35000000
  0.96927815   8.51194448
 73.36000000   0.88380635
  8.51785514  73.37000000
  0.79886833   8.52969245
 73.38000000   0.71350935
  8.53656858  73.39000000
  0.62811318   8.54361032
 73.40000000   0.54280451
  8.55175718  73.41000000
  0.45712016   8.55404750
 73.42000000   0.37175551
  8.56307813  73.43000000
  0.28596745   8.56148434
 73.44000000   0.20045730
  8.57032897  73.45000000
  0.11471223   8.56672330
 73.46000000   0.02902084
  8.57344226  73.47000000
 -0.05664621   8.56957792
 73.48000000  -0.14244133
  8.57248092  73.49000000
 -0.22808959   8.56943529
 73.50000000  -0.31382914
  8.56763886  73.51000000
 -0.39955317   8.56581794
 73.52000000  -0.48506868
  8.55923424  73.53000000
 -0.57094042   8.55838313
 73.54000000  -0.65612550
  8.54770630  73.55000000
 -0.74213717   8.54691863
 73.56000000  -0.82702216
  8.53378710  73.57000000
 -0.91302546   8.53134177
 73.58000000  -0.99775954
  8.51760521  73.59000000
 -1.08349744   8.51169861
 73.60000000  -1.16825993
  8.49855243  73.61000000
 -1.25346834   8.48815749
 73.62000000  -1.33841239
  8.47614740  73.63000000
 -1.42288851   8.46100066
 73.64000000  -1.50808703
  8.45004069  73.65000000
 -1.59175554   8.43062044
 73.66000000  -1.67714778
  8.42000874  73.67000000
 -1.76014115   8.39761010
 73.68000000  -1.84546530
  8.38595049  73.69000000
 -1.92812419   8.36245681
 73.70000000  -2.01292987
  8.34788553  73.71000000
 -2.09558347   8.32463804
 73.72000000  -2.17946335
  8.30594801  73.73000000
 -2.26236131   8.28366557
 73.74000000  -2.34502965
  8.26037750  73.75000000
 -2.42829205   8.23917875
 73.76000000  -2.50964551
  8.21151293  73.77000000
 -2.59321377   8.19093793
 73.78000000  -2.67339467
  8.15979927  73.79000000
 -2.75697973   8.13881904
 73.80000000  -2.83647272
  8.10593653  73.81000000
 -2.91946943   8.08280797
 73.82000000  -2.99879338
  8.04969062  73.83000000
 -3.08060303   8.02300427
 73.84000000  -3.16014834
  7.99055957  73.85000000
 -3.24034933   7.95960686
 73.86000000  -3.32033282
  7.92817015  73.87000000
 -3.39872920   7.89289292
 73.88000000  -3.47915691
  7.86227097  73.89000000
 -3.55582679   7.82321851
 73.90000000  -3.63645077
  7.79271385  73.91000000
 -3.71184884   7.75113279
 73.92000000  -3.79207458
  7.71944911  73.93000000
 -3.86693215   7.67697371
 73.94000000  -3.94593367
  7.64253090  73.95000000
 -4.02083711   7.60027801
 73.96000000  -4.09798706
  7.56210770  73.97000000
 -4.17331458   7.52065531
 73.98000000  -4.24824876
  7.47840169  73.99000000
 -4.32413799   7.43783212
 74.00000000  -4.39679484
  7.39170185  74.01000000
 -4.47310769   7.35163566
 74.02000000  -4.54377841
  7.30236969  74.03000000
 -4.62005718   7.26198361
 74.04000000  -4.68952709
  7.21099902  74.05000000
 -4.76486667   7.16888616
 74.06000000  -4.83397272
  7.11750516  74.07000000
 -4.90747336   7.07244145
 74.08000000  -4.97681725
  7.02148167  74.09000000
 -5.04787224   6.97281803
 74.10000000  -5.11779072
  6.92263253  74.11000000
 -5.18611890   6.87024283
 74.12000000  -5.25665642
  6.82075999  74.13000000
 -5.32234150   6.76500181
 74.14000000  -5.39321382
  6.71575138  74.15000000
 -5.45677161   6.65746476
 74.16000000  -5.52730905
  6.60757668  74.17000000
 -5.58975508   6.54810559
 74.18000000  -5.65884636
  6.49628643  74.19000000
 -5.72106660   6.43667225
 74.20000000  -5.78779032
  6.38199855  74.21000000
 -5.85038649   6.32284776
 74.22000000  -5.91416524
  6.26488410  74.23000000
 -5.97743372   6.20641035
 74.24000000  -6.03806327
  6.14516343  74.25000000
 -6.10196686   6.08721994
 74.26000000  -6.15965470
  6.02310392  74.27000000
 -6.22379052   5.96521154
 74.28000000  -6.27923578
  5.89905658  74.29000000
 -6.34276661   5.84039303
 74.30000000  -6.39712179
  5.77336018  74.31000000
 -6.45881887   5.71283632
 74.32000000  -6.51301237
  5.64575656  74.33000000
 -6.57193093   5.58266340
 74.34000000  -6.62657526
  5.51600228  74.35000000
 -6.68214974   5.45003877
 74.36000000  -6.73752169
  5.38393327  74.37000000
 -6.78959542   5.31516669
 74.38000000  -6.84560875
  5.24945539  74.39000000
 -6.89446430   5.17828280
 74.40000000  -6.95064863
  5.11254053  74.41000000
 -6.99708222   5.03968669
 74.42000000  -7.05251542
  4.97322056  74.43000000
 -7.09776969   4.89964830
 74.44000000  -7.15114382
  4.83157557  74.45000000
 -7.19620497   4.75795981
 74.46000000  -7.24652869
  4.68772410  74.47000000
 -7.29204588   4.61443705
 74.48000000  -7.33873220
  4.54181858  74.49000000
 -7.38499707   4.46896262
 74.50000000  -7.42788953
  4.39403959  74.51000000
 -7.47481570   4.32147982
 74.52000000  -7.51420531
  4.24458460  74.53000000
 -7.56131930   4.17198762
 74.54000000  -7.59799409
  4.09368430  74.55000000
 -7.64438664   4.02053163
 74.56000000  -7.67964774
  3.94158975  74.57000000
 -7.72395518   3.86719389
 74.58000000  -7.75887356
  3.78816593  74.59000000
 -7.80002429   3.71208642
 74.60000000  -7.83531947
  3.63327778  74.61000000
 -7.87266171   3.55534620
 74.62000000  -7.90868401
  3.47684740  74.63000000
 -7.94200303   3.39712670
 74.64000000  -7.97872337
  3.31884869  74.65000000
 -8.00824615   3.23758799
 74.66000000  -8.04525476
  3.15930035  74.67000000
 -8.07166288   3.07689494
 74.68000000  -8.10815399
  2.99825671  74.69000000
 -8.13273380   2.91527341
 74.70000000  -8.16735496
  2.83580008  74.71000000
 -8.19129299   2.75268269
 74.72000000  -8.22285465
  2.67203532  74.73000000
 -8.24697791   2.58903044
 74.74000000  -8.27471536
  2.50708313  74.75000000
 -8.29948059   2.42427331
 74.76000000  -8.32306025
  2.34107168  74.77000000
 -8.34855271   2.25841082
 74.78000000  -8.36806978
  2.17412920  74.79000000
 -8.39400493   2.09147762
 74.80000000  -8.40998464
  2.00637867  74.81000000
 -8.43570426   1.92353582
 74.82000000  -8.44923061
  1.83796628  74.83000000
 -8.47357604   1.75466880
 74.84000000  -8.48597062
  1.66895791  74.85000000
 -8.50760736   1.58497531
 74.86000000  -8.51984147
  1.49930284  74.87000000
 -8.53784514   1.41456242
 74.88000000  -8.55052698
  1.32898894  74.89000000
 -8.56439103   1.24353858
 74.90000000  -8.57777004
  1.15803870  74.91000000
 -8.58740090   1.07200788
 74.92000000  -8.60136981
  0.98650220  74.93000000
 -8.60708735   0.90006467
 74.94000000  -8.62118060
  0.81445063  74.95000000
 -8.62373535   0.72778991
 74.96000000  -8.63711457
  0.64197057  74.97000000
 -8.63780819   0.55526436
 74.98000000  -8.64914203
  0.46915774  74.99000000
 -8.64912230   0.38249713
 75.00000000  -8.65728726
  0.29611088  75.01000000
 -8.65735112   0.20950552
 75.02000000  -8.66162511
  0.12292613  75.03000000
 -8.66222509   0.03633464
 75.04000000  -8.66228199
 -0.05030820  75.05000000
 -8.66352871  -0.13694873
 75.06000000  -8.65943604
 -0.22351700  75.07000000
 -8.66110146  -0.31026187
 75.08000000  -8.65331075
 -0.39664336  75.09000000
 -8.65483950  -0.48351197
 75.10000000  -8.64423304
 -0.56965438  75.11000000
 -8.64468882  -0.65660147
 75.12000000  -8.63255052
 -0.74253384  75.13000000
 -8.63064346  -0.82943296
 75.14000000  -8.61799307
 -0.91523695  75.15000000
 -8.61274962  -1.00191472
 75.16000000  -8.60027334
 -1.08769485  75.17000000
 -8.59110446  -1.17396602
 75.18000000  -8.57915760
 -1.25982157  75.19000000
 -8.56584787  -1.34552114
 75.20000000  -8.55446817
 -1.43151993  75.21000000
 -8.53715774  -1.51653313
 75.22000000  -8.52607896
 -1.60268646  75.23000000
 -8.50525277  -1.68697870
 75.24000000  -8.49391042
 -1.77321563  75.25000000
 -8.47047058  -1.85687622
 75.26000000  -8.45793048
 -1.94300484  75.27000000
 -8.43309040  -2.02624758
 75.28000000  -8.41815639
 -2.11195996  75.29000000
 -8.39284507  -2.19500422
 75.30000000  -8.37465002
 -2.27999935  75.31000000
 -8.34948378  -2.36303844
 75.32000000  -8.32751078
 -2.44705661  75.33000000
 -8.30280902  -2.53023506
 75.34000000  -8.27687438
 -2.61308456  75.35000000
 -8.25267115  -2.69647504
 75.36000000  -8.22291455
 -2.77806019  75.37000000
 -8.19896528  -2.86163941
 75.38000000  -8.16583973
 -2.94198822  75.39000000
 -8.14162970  -3.02561330
 75.40000000  -8.10594209
 -3.10492166  75.41000000
 -8.08065484  -3.18829432
 75.42000000  -8.04352032
 -3.26693056  75.43000000
 -8.01607435  -3.34959471
 75.44000000  -7.97836000
 -3.42790011  75.45000000
 -7.94794928  -3.50943923
 75.46000000  -7.91024782
 -3.58769507  75.47000000
 -7.87636940  -3.66776915
 75.48000000  -7.83901506
 -3.74617827  75.49000000
 -7.80146410  -3.82455149
 75.50000000  -7.76453109
 -3.90321200  75.51000000
 -7.72339768  -3.97978199
 75.52000000  -7.68671076
 -4.05866594  75.53000000
 -7.64235162  -4.13348041
 75.54000000  -7.60551630
 -4.21242358  75.55000000
 -7.55852870  -4.28569548
 75.56000000  -7.52094529
 -4.36438081  75.57000000
 -7.47228060  -4.43657242
 75.58000000  -7.43302189
 -4.51444496  75.59000000
 -7.38354395  -4.58603853
 75.60000000  -7.34180216
 -4.66254158  75.61000000
 -7.29212714  -4.73393314
 75.62000000  -7.24737873
 -4.80862224  75.63000000
 -7.19787723  -4.88009651
 75.64000000  -7.14987098
 -4.95266317  75.65000000
 -7.10068606  -5.02437861
 75.66000000  -7.04941279
 -5.09466062  75.67000000
 -7.00048761  -5.16664263
 75.68000000  -6.94615385
 -5.23463491  75.69000000
 -6.89724744  -5.30676233
 75.70000000  -6.84026635
 -5.37263931  75.71000000
 -6.79095922  -5.44462328
 75.72000000  -6.73199482
 -5.50880160  75.73000000
 -6.68164957  -5.58013093
 75.74000000  -6.62154777
 -5.64323677  75.75000000
 -6.56937717  -5.71321501
 75.76000000  -6.50877570
 -5.77577777  75.77000000
 -6.45422251  -5.84382567
 75.78000000  -6.39354823
 -5.90625075  75.79000000
 -6.33628115  -5.97193099
 75.80000000  -6.27577374
 -6.03449444  75.81000000
 -6.21566688  -6.09752351
 75.82000000  -6.15539109
 -6.16035725  75.83000000
 -6.09251383  -6.22062675
 75.84000000  -6.03236860
 -6.28370044  75.85000000
 -5.96696835  -6.34129186
 75.86000000  -5.90670650
 -6.40440547  75.87000000
 -5.83917988  -6.45959158
 75.88000000  -5.77843317
 -6.52237526  75.89000000
 -5.70936700  -6.57569201
 75.90000000  -5.64759679
 -6.63752984  75.91000000
 -5.57765582  -6.68967399
 75.92000000  -5.51426240
 -6.74980664  75.93000000
 -5.44393798  -6.80135524
 75.94000000  -5.37851430
 -6.85916763  75.95000000
 -5.30812962  -6.91055682
 75.96000000  -5.24045462
 -6.96560270  75.97000000
 -5.17017658  -7.01711301
 75.98000000  -5.10019566
 -7.06912448  75.99000000
 -5.03005514  -7.12087756
 76.00000000  -4.95785454
 -7.16976472  76.01000000
 -4.88776744  -7.22172317
 76.02000000  -4.81355443
 -7.26757951  76.03000000
 -4.74333561  -7.31953796
 76.04000000  -4.66742513
 -7.36265476  76.05000000
 -4.59680039  -7.41422781
 76.06000000  -4.51963584
 -7.45515953  76.07000000
 -4.44822185  -7.50572255
 76.08000000  -4.37032368
 -7.54523174  76.09000000
 -4.29767613  -7.59397654
 76.10000000  -4.21942535
 -7.63269259  76.11000000
 -4.14524945  -7.67896341
 76.12000000  -4.06689597
 -7.71736579  76.13000000
 -3.99103515  -7.76067490
 76.14000000  -3.91271597
 -7.79909279  76.15000000
 -3.83513431  -7.83912657
 76.16000000  -3.75688656
 -7.87772984  76.17000000
 -3.67765432  -7.91436062
 76.18000000  -3.59942863
 -7.95315108  76.19000000
 -3.51870383  -7.98644081
 76.20000000  -3.44038194
 -8.02525317  76.21000000
 -3.35838870  -8.05544774
 76.22000000  -3.27980168
 -8.09395421  76.23000000
 -3.19681551  -8.12149081
 76.24000000  -3.11775413
 -8.15918955  76.25000000
 -3.03413608  -8.18481323
 76.26000000  -2.95431486
 -8.22091252  76.27000000
 -2.87036507  -8.24534319
 76.28000000  -2.78956826
 -8.27909934  76.29000000
 -2.70548582  -8.30290480
 76.30000000  -2.62360524
 -8.33374993  76.31000000
 -2.53950185  -8.35733933
 76.32000000  -2.45651930
 -8.38488280  76.33000000
 -2.37243557  -8.40850922
 76.34000000  -2.28840399
 -8.43253235  76.35000000
 -2.20432517  -8.45629663
 76.36000000  -2.11935231
 -8.47675267  76.37000000
 -2.03522148  -8.50060037
 76.38000000  -1.94945543
 -8.51762045  76.39000000
 -1.86518636  -8.54133734
 76.40000000  -1.77879977
 -8.55523083  76.41000000
 -1.69429135  -8.57844627
 76.42000000  -1.60747002
 -8.58971732  76.43000000
 -1.52261521  -8.61188708
 76.44000000  -1.43556026
 -8.62129896  76.45000000
 -1.35024113  -8.64163649
 76.46000000  -1.26309242
 -8.64986570  76.47000000
 -1.17725486  -8.66768697
 76.48000000  -1.09009055
 -8.67526547  76.49000000
 -1.00374362  -8.69005017
 76.50000000  -0.91659268
 -8.69736248  76.51000000
 -0.82979429  -8.70875826
 76.52000000  -0.74264915
 -8.71603852  76.53000000
 -0.65549115  -8.72385977
 76.54000000  -0.56832085
 -8.73119583  76.55000000
 -0.48091426  -8.73541582
 76.56000000  -0.39367706
 -8.74275619  76.57000000
 -0.30613824  -8.74350178
 76.58000000  -0.21879342
 -8.75065763  76.59000000
 -0.13123104  -8.74821009
 76.60000000  -0.04375028
 -8.75485422  76.61000000
  0.04374754  -8.74965382
 76.62000000   0.13136883
 -8.75531884  76.63000000
  0.21874378  -8.74806639
 76.64000000   0.30647917
 -8.75204420  76.65000000
  0.39371304  -8.74341147
 76.66000000   0.48149630
 -8.74503752  76.67000000
  0.56860385  -8.73555646
 76.68000000   0.65633707
 -8.73431580  76.69000000
  0.74335527  -8.72438875
 76.70000000   0.83092114
 -8.71991219  76.71000000
  0.91789813  -8.70980966
 76.72000000   1.00517306
 -8.70187974  76.73000000
  1.09215655  -8.69173571
 76.74000000   1.17902333
 -8.68028499  76.75000000
  1.26605014  -8.67010370
 76.76000000   1.35240850
 -8.65520057  76.77000000
  1.43949574  -8.64486951
 76.78000000   1.52527222
 -8.62670769  76.79000000
  1.61240809  -8.61600193
 76.80000000   1.69756753
 -8.59490265  76.81000000
  1.78470073  -8.58348130
 76.82000000   1.86926362
 -8.55992644  76.83000000
  1.95628815  -8.54730454
 76.84000000   2.04034631
 -8.52196810  76.85000000
  2.12708805  -8.50748697
 76.86000000   2.21075009
 -8.48094258  76.87000000
  2.29702150  -8.46405679
 76.88000000   2.38039774
 -8.43675018  76.89000000
  2.46601273  -8.41704984
 76.90000000   2.54920796
 -8.38931062  76.91000000
  2.63399061  -8.36651207
 76.92000000   2.71709557
 -8.33855808  76.93000000
  2.80089131  -8.31250399
 76.94000000   2.88397227
 -8.28443956  76.95000000
  2.96665866  -8.25509731
 76.96000000   3.04974794
 -8.22691543  76.97000000
  3.13124589  -8.19437594
 76.98000000   3.21433430
 -8.16596529  76.99000000
  3.29461121  -8.13042184
 77.00000000   3.37764649
 -8.10158716  77.01000000
  3.45671899  -8.06331792
 77.02000000   3.53960057
 -8.03378744  77.03000000
  3.61754929  -7.99316913
 77.04000000   3.70011262
 -7.96257755  77.05000000
  3.77712929  -7.92017488
 77.06000000   3.85910305
 -7.88798178  77.07000000
  3.93539828  -7.84431797
 77.08000000   4.01650061
 -7.81004201  77.09000000
  4.09226390  -7.76552501
 77.10000000   4.17224043
 -7.72881046  77.11000000
  4.24763341  -7.68374021
 77.12000000   4.32626022
 -7.64434082  77.13000000
  4.40141616  -7.59892647
 77.14000000   4.47850190
 -7.55669082  77.15000000
  4.55352134  -7.51105838
 77.16000000   4.62891722
 -7.46593024  77.17000000
  4.70385698  -7.42011900
 77.18000000   4.77746888
 -7.37213984  77.19000000
  4.85233376  -7.32610436
 77.20000000   4.92412542
 -7.27540160  77.21000000
  4.99886842  -7.22902645
 77.22000000   5.06885879
 -7.17579470  77.23000000
  5.14338194  -7.12890784
 77.24000000   5.21164910
 -7.07340212  77.25000000
  5.28579622  -7.02577578
 77.26000000   5.35249945
 -6.96832977  77.27000000
  5.42603589  -6.91966394
 77.28000000   5.49146120
 -6.86074009  77.29000000
  5.56403361  -6.81061795
 77.30000000   5.62846099
 -6.75062041  77.31000000
  5.69973105  -6.69869430
 77.32000000   5.76340144
 -6.63793577  77.33000000
  5.83307430  -6.58395347
 77.34000000   5.89618929
 -6.52266677  77.35000000
  5.96401170  -6.46645689
 77.36000000   6.02673516
 -6.40480705  77.37000000
  6.09249814  -6.34627121
 77.38000000   6.15495044
 -6.28435861  77.39000000
  6.21849938  -6.22347154
 77.40000000   6.28074809
 -6.16133166  77.41000000
  6.34198949  -6.09813721
 77.42000000   6.40404685
 -6.03574772  77.43000000
  6.46294554  -5.97034597
 77.44000000   6.52477226
 -5.90763906  77.45000000
  6.58134817  -5.84017451
 77.46000000   6.64285328
 -5.77704420  77.47000000
  6.69718746  -5.70770320
 77.48000000   6.75822044
 -5.64400573  77.49000000
  6.81046444  -5.57301626
 77.50000000   6.87080951
 -5.50857284  77.51000000
  6.92122021  -5.43622575
 77.52000000   6.98056545
 -5.37080338  77.53000000
  7.02948550  -5.29742879
 77.54000000   7.08744052
 -5.23076107  77.55000000
  7.13517062  -5.15662270
 77.56000000   7.19138972
 -5.08851133  77.57000000
  7.23818848  -5.01381373
 77.58000000   7.29237096
 -4.94412120  77.59000000
  7.33845634  -4.86901754
 77.60000000   7.39034987
 -4.79766212  77.61000000
  7.43589311  -4.72225651
 77.62000000   7.48530167
 -4.64921016  77.63000000
  7.53042103  -4.57356027
 77.64000000   7.57720704
 -4.49884248  77.65000000
  7.62196904  -4.42296691
 77.66000000   7.66604838
 -4.34663488  77.67000000
  7.71047224  -4.27052164
 77.68000000   7.75181244
 -4.19266319  77.69000000
  7.79586875  -4.11627423
 77.70000000   7.83449501
 -4.03700533  77.71000000
  7.87809946  -3.96027850
 77.72000000   7.91410001
 -3.87974001  77.73000000
  7.95711180  -3.80259366
 77.74000000   7.99063403
 -3.72094349  77.75000000
  8.03286159  -3.64328442
 77.76000000   8.06410608
 -3.56068953  77.77000000
  8.10531003  -3.48241871
 77.78000000   8.13459388
 -3.39908047  77.79000000
  8.17442046  -3.32006586
 77.80000000   8.20208235
 -3.23617123  77.81000000
  8.24015988  -3.15629704
 77.82000000   8.26649866
 -3.07199280  77.83000000
  8.30250292  -2.99118638
 77.84000000   8.32777186
 -2.90658167  77.85000000
  8.36143200  -2.82481020
 77.86000000   8.38583480
 -2.73998020  77.87000000
  8.41693319  -2.65724508
 77.88000000   8.44062696
 -2.57223690  77.89000000
  8.46899422  -2.48856706
 77.90000000   8.49209367
 -2.40340543  77.91000000
  8.51760737  -2.31885236
 77.92000000   8.54018367
 -2.23354336  77.93000000
  8.56277255  -2.14817781
 77.94000000   8.58484931
 -2.06271185  77.95000000
  8.60449540  -1.97661974
 77.96000000   8.62604929
 -1.89097590  77.97000000
  8.64278294  -1.80425269
 77.98000000   8.66374931
 -1.71840381  77.99000000
  8.67764322  -1.63114938
 78.00000000   8.69791930
 -1.54506611  78.01000000
  8.70908922  -1.45738134
 78.02000000   8.72853153
 -1.37103489  78.03000000
  8.73714044  -1.28301881
 78.04000000   8.75556243
 -1.19638390  78.05000000
  8.76182469  -1.10813063
 78.06000000   8.77899540
 -1.02118855  78.07000000
  8.78322757  -0.93279151
 78.08000000   8.79882006
 -0.84552520  78.09000000
  8.80133034  -0.75705793
 78.10000000   8.81502891
 -0.66947047  78.11000000
  8.81608347  -0.58098432
 78.12000000   8.82761625
 -0.49310102  78.13000000
  8.82744366  -0.40462903
 78.14000000   8.83658068
 -0.31649354  78.15000000
  8.83537139  -0.22805366
 78.16000000   8.84192706
 -0.13972447  78.17000000
  8.83983058  -0.05132272
 78.18000000   8.84366473
  0.03713049  78.19000000
  8.84079043   0.12549658
 78.20000000   8.84180453
  0.21399660  78.21000000
  8.83822621   0.30233491
 78.22000000   8.83635913
  0.39080015  78.23000000
  8.83211852   0.47912121
 78.24000000   8.82734209
  0.56746839  78.25000000
  8.82245018   0.65578292
 78.26000000   8.81477449
  0.74393020  78.27000000
  8.80920592   0.83224601
 78.28000000   8.79868315
  0.92011649  78.29000000
  8.79237644   1.00843557
 78.30000000   8.77909414
  1.09595987  78.31000000
  8.77196004   1.18427652
 78.32000000   8.75603100
  1.27139415  78.33000000
  8.74795892   1.35969366
 78.34000000   8.72951987
  1.44635493  78.35000000
  8.72037536   1.53461122
 78.36000000   8.69959351
  1.62078054  78.37000000
  8.68921343   1.70895310
 78.38000000   8.66631455
  1.79461635  78.39000000
  8.65448339   1.88264392
 78.40000000   8.62974531
  1.96781060  78.41000000
  8.61620215   2.05560962
 78.42000000   8.58986540
  2.14029720  78.43000000
  8.57438885   2.22777693
 78.44000000   8.54665812
  2.31200829  78.45000000
  8.52906203   2.39907258
 78.46000000   8.50011360
  2.48287530  78.47000000
  8.48024213   2.56942388
 78.48000000   8.45022568
  2.65282856  78.49000000
  8.42795526   2.73876014
 78.50000000   8.39699027
  2.82179698  78.51000000
  8.37223154   2.90701252
 78.52000000   8.34040681
  2.98970866  78.53000000
  8.31310241   3.07411340
 78.54000000   8.28047909
  3.15649144  78.55000000
  8.25060260   3.23999720
 78.56000000   8.21721607
  3.32207350  78.57000000
  8.18476518   3.40459856
 78.58000000   8.15063154
  3.48638370  78.59000000
  8.11562353   3.56785288
 78.60000000   8.08074124
  3.64935068  78.61000000
  8.04321538   3.72969824
 78.62000000   8.00756217
  3.81090253  78.63000000
  7.96758280   3.89007579
 78.64000000   7.93111510
  3.97096808  78.65000000
  7.88876785   4.04892795
 78.66000000   7.85142630
  4.12947811  78.67000000
  7.80681013   4.20619702
 78.68000000   7.76852564
  4.28636481  78.69000000
  7.72174955   4.36182637
 78.70000000   7.68244349
  4.44156029  78.71000000
  7.63362985   4.51576249
 78.72000000   7.59321078
  4.59499652  78.73000000
  7.54249776   4.66795496
 78.74000000   7.50086191
  4.74660703  78.75000000
  7.44841924   4.81836618
 78.76000000   7.40543602
  4.89632821  78.77000000
  7.35145423   4.96695727
 78.78000000   7.30697476
  5.04409818  78.79000000
  7.25161812   5.11366256
 78.80000000   7.20551959
  5.18985508  78.81000000
  7.14893116   5.25841762
 78.82000000   7.10111233
  5.33353727  78.83000000
  7.04341756   5.40115906
 78.84000000   6.99379772
  5.47508529  78.85000000
  6.93510345   5.54182321
 78.86000000   6.88362409
  5.61444278  78.87000000
  6.82401697   5.68034631
 78.88000000   6.77064116
  5.75155499  78.89000000
  6.71018976   5.81666580
 78.90000000   6.65489805
  5.88636715  78.91000000
  6.59365706   5.95072078
 78.92000000   6.53644426
  6.01882510  78.93000000
  6.47445636   6.08245116
 78.94000000   6.41533181
  6.14887734  78.95000000
  6.35262674   6.21179709
 78.96000000   6.29161528
  6.27647541  78.97000000
  6.22820972   6.33869988
 78.98000000   6.16534962
  6.40157203  78.99000000
  6.10125002   6.46310310
 79.00000000   6.03658886
  6.52411964  79.01000000
  5.97179483   6.58495210
 79.02000000   5.90538741
  6.64407155  79.03000000
  5.83989243   6.70419269
 79.04000000   5.77180185
  6.76138403  79.05000000
  5.70559208   6.82077106
 79.06000000   5.63589057
  6.87601633  79.07000000
  5.56894524   6.93463524
 79.08000000   5.49771176
  6.98792841  79.09000000
  5.43000618   7.04573616
 79.10000000   5.35732249
  7.09707961  79.11000000
  5.28883096   7.15402676
 79.12000000   5.21478006
  7.20343012  79.13000000
  5.14547603   7.25946027
 79.14000000   5.07014351
  7.30694314  79.15000000
  4.99999838   7.36199028
 79.16000000   4.92347318
  7.40758465  79.17000000
  4.85245675   7.46157244
 79.18000000   4.77482904
  7.50532112  79.19000000
  4.70291203   7.55816559
 79.20000000   4.62427791
  7.60013020  79.21000000
  4.55142637   7.65173059
 79.22000000   4.47188711
  7.69199236  79.23000000
  4.39806204   7.74222864
 79.24000000   4.31770766
  7.78086367  79.25000000
  4.24288158   7.82962130
 79.26000000   4.16179257
  7.86670200  79.27000000
  4.08594879   7.91387227
 79.28000000   4.00419618
  7.94946601  79.29000000
  3.92732900   7.99494834
 79.30000000   3.84497395
  8.02911475  79.31000000
  3.76708832   8.07281821
 79.32000000   3.68418299
  8.10560883  79.33000000
  3.60529281   8.14745089
 79.34000000   3.52188231
  8.17891129  79.35000000
  3.44200872   8.21881589
 79.36000000   3.35813242
  8.24898704  79.37000000
  3.27730317   8.28688491
 79.38000000   3.19299485
  8.31580210  79.39000000
  3.11124430   8.35163251
 79.40000000   3.02653223
  8.37932372  79.41000000
  2.94390060   8.41303493
 79.42000000   2.85880846
  8.43952119  79.43000000
  2.77534047   8.47106859
 79.44000000   2.68988863
  8.49636598  79.45000000
  2.60563239   8.52571056
 79.46000000   2.51983869
  8.54983100  79.47000000
  2.43484549   8.57694012
 79.48000000   2.34872527
  8.59989018  79.49000000
  2.26304948   8.62473929
 79.50000000   2.17661582
  8.64651910  79.51000000
  2.09031419   8.66909149
 79.52000000   2.00357875
  8.68969576  79.53000000
  1.91670931   8.70998017
 79.54000000   1.82968320
  8.72940035  79.55000000
  1.74230455   8.74738940
 79.56000000   1.65499875
  8.76561419  79.57000000
  1.56717004   8.78130554
 79.58000000   1.47959533
  8.79831943  79.59000000
  1.39137623   8.81171760
 79.60000000   1.30354344
  8.82749990  79.61000000
  1.21499355   8.83861584
 79.62000000   1.12691414
  8.85314207  79.63000000
  1.03809227   8.86199044
 79.64000000   0.94977888
  8.87523466  79.65000000
  0.86074269   8.88183212
 79.66000000   0.77220930
  8.89376742  79.67000000
  0.68301527   8.89813376
 79.68000000   0.59427720
  8.90873074  79.69000000
  0.50498061   8.91089088
 79.70000000   0.41605465
  8.92011659  79.71000000
  0.32670921   8.92010027
 79.72000000   0.23761394
  8.92791951  79.73000000
  0.14827146   8.92575868
 79.74000000   0.05902748
  8.93213638  79.75000000
 -0.03026224   8.92786326
 79.76000000  -0.11963236
  8.93276511  79.77000000
 -0.20882148   8.92641312
 79.78000000  -0.29829315
  8.92980479  79.79000000
 -0.38733589   8.92140907
 79.80000000  -0.47688254
  8.92325648  79.81000000
 -0.56573514   8.91285270
 79.82000000  -0.65532810
  8.91312120  79.83000000
 -0.74394921   8.90075085
 79.84000000  -0.83355742
  8.89940149  79.85000000
 -0.92190901   8.88512017
 79.86000000  -1.01149826
  8.88210290  79.87000000
 -1.09954509   8.86596386
 79.88000000  -1.18907875
  8.86123348  79.89000000
 -1.27678757   8.84328360
 79.90000000  -1.36622715
  8.83680196  79.91000000
 -1.45356650   8.81708365
 79.92000000  -1.54287174
  8.80881713  79.93000000
 -1.62981208   8.78737120
 79.94000000  -1.71894092
  8.77728903  79.95000000
 -1.80545458   8.75415522
 79.96000000  -1.89436357
  8.74223044  79.97000000
 -1.98042419   8.71744529
 79.98000000  -2.06906911
  8.70365651  79.99000000
