  0.00000049   0.00000058
-80.00000000  -0.00000010
 -0.00000011 -79.99000000
 -0.00000060  -0.00000072
-79.98000000  -0.00000020
 -0.00000026 -79.97000000
  0.00000017   0.00000014
-79.96000000  -0.00000005
 -0.00000006 -79.95000000
 -0.00000029  -0.00000030
-79.94000000  -0.00000000
 -0.00000003 -79.93000000
  0.00000008   0.00000006
-79.92000000  -0.00000010
 -0.00000009 -79.91000000
 -0.00000008  -0.00000008
-79.90000000   0.00000016
  0.00000012 -79.89000000
  0.00000018   0.00000013
-79.88000000  -0.00000008
 -0.00000006 -79.87000000
 -0.00000021  -0.00000016
-79.86000000   0.00000028
  0.00000017 -79.85000000
  0.00000064   0.00000042
-79.84000000   0.00000031
  0.00000021 -79.83000000
 -0.00000043  -0.00000028
-79.82000000  -0.00000050
 -0.00000034 -79.81000000
  0.00000055   0.00000027
-79.80000000   0.00000091
  0.00000049 -79.79000000
 -0.00000001  -0.00000001
-79.78000000  -0.00000100
 -0.00000055 -79.77000000
 -0.00000025  -0.00000017
-79.76000000   0.00000028
  0.00000010 -79.75000000
 -0.00000014  -0.00000007
-79.74000000  -0.00000044
 -0.00000021 -79.73000000
 -0.00000004  -0.00000004
-79.72000000   0.00000003
  0.00000000 -79.71000000
 -0.00000017  -0.00000007
-79.70000000  -0.00000005
 -0.00000003 -79.69000000
  0.00000012   0.00000003
-79.68000000   0.00000005
  0.00000001 -79.67000000
 -0.00000015  -0.00000004
-79.66000000   0.00000001
 -0.00000001 -79.65000000
  0.00000034   0.00000007
-79.64000000   0.00000031
  0.00000007 -79.63000000
 -0.00000010  -0.00000002
-79.62000000  -0.00000039
 -0.00000009 -79.61000000
  0.00000024   0.00000002
-79.60000000   0.00000094
  0.00000013 -79.59000000
  0.00000063   0.00000009
-79.58000000  -0.00000048
 -0.00000007 -79.57000000
 -0.00000091  -0.00000013
-79.56000000   0.00000019
 -0.00000002 -79.55000000
  0.00000062   0.00000002
-79.54000000  -0.00000018
 -0.00000002 -79.53000000
 -0.00000076  -0.00000005
-79.52000000  -0.00000012
 -0.00000003 -79.51000000
  0.00000006  -0.00000001
-79.50000000  -0.00000024
 -0.00000000 -79.49000000
 -0.00000013  -0.00000001
-79.48000000   0.00000007
 -0.00000001 -79.47000000
 -0.00000000  -0.00000000
-79.46000000  -0.00000014
  0.00000001 -79.45000000
  0.00000005  -0.00000001
-79.44000000   0.00000021
 -0.00000003 -79.43000000
  0.00000009  -0.00000001
-79.42000000  -0.00000018
  0.00000003 -79.41000000
 -0.00000009   0.00000001
-79.40000000   0.00000050
 -0.00000012 -79.39000000
  0.00000068  -0.00000015
-79.38000000   0.00000015
 -0.00000003 -79.37000000
 -0.00000061   0.00000014
-79.36000000  -0.00000038
  0.00000007 -79.35000000
  0.00000076  -0.00000026
-79.34000000   0.00000091
 -0.00000029 -79.33000000
 -0.00000022   0.00000007
-79.32000000  -0.00000109
  0.00000034 -79.31000000
 -0.00000020   0.00000003
-79.30000000   0.00000024
 -0.00000012 -79.29000000
 -0.00000023   0.00000008
-79.28000000  -0.00000039
  0.00000015 -79.27000000
 -0.00000002  -0.00000001
-79.26000000   0.00000000
 -0.00000001 -79.25000000
 -0.00000017   0.00000008
-79.24000000  -0.00000002
  0.00000000 -79.23000000
  0.00000012  -0.00000007
-79.22000000   0.00000003
 -0.00000002 -79.21000000
 -0.00000014   0.00000008
-79.20000000   0.00000003
 -0.00000003 -79.19000000
  0.00000036  -0.00000024
-79.18000000   0.00000034
 -0.00000022 -79.17000000
 -0.00000007   0.00000005
-79.16000000  -0.00000041
  0.00000027 -79.15000000
  0.00000014  -0.00000013
-79.14000000   0.00000097
 -0.00000077 -79.13000000
  0.00000085  -0.00000066
-79.12000000  -0.00000026
  0.00000021 -79.11000000
 -0.00000110   0.00000086
-79.10000000  -0.00000013
  0.00000004 -79.09000000
  0.00000064  -0.00000063
-79.08000000   0.00000010
 -0.00000010 -79.07000000
 -0.00000081   0.00000074
-79.06000000  -0.00000031
  0.00000025 -79.05000000
  0.00000005  -0.00000008
-79.04000000  -0.00000016
  0.00000015 -79.03000000
 -0.00000020   0.00000020
-79.02000000   0.00000002
 -0.00000005 -79.01000000
  0.00000003  -0.00000005
-79.00000000  -0.00000011
  0.00000013 -78.99000000
 -0.00000003   0.00000003
-78.98000000   0.00000014
 -0.00000020 -78.97000000
  0.00000012  -0.00000016
-78.96000000  -0.00000008
  0.00000011 -78.95000000
 -0.00000015   0.00000020
-78.94000000   0.00000020
 -0.00000035 -78.93000000
  0.00000042  -0.00000071
-78.92000000   0.00000021
 -0.00000034 -78.91000000
 -0.00000028   0.00000047
-78.90000000  -0.00000035
  0.00000058 -78.89000000
  0.00000023  -0.00000052
-78.88000000   0.00000046
 -0.00000094 -78.87000000
  0.00000001  -0.00000003
-78.86000000  -0.00000051
  0.00000103 -78.85000000
 -0.00000019   0.00000032
-78.84000000   0.00000006
 -0.00000023 -78.83000000
 -0.00000006   0.00000013
-78.82000000  -0.00000018
  0.00000042 -78.81000000
 -0.00000004   0.00000005
-78.80000000   0.00000000
 -0.00000003 -78.79000000
 -0.00000005   0.00000015
-78.78000000  -0.00000002
  0.00000005 -78.77000000
  0.00000003  -0.00000012
-78.76000000   0.00000002
 -0.00000007 -78.75000000
 -0.00000003   0.00000013
-78.74000000  -0.00000002
  0.00000004 -78.73000000
  0.00000006  -0.00000033
-78.72000000   0.00000007
 -0.00000039 -78.71000000
  0.00000000  -0.00000001
-78.70000000  -0.00000007
  0.00000041 -78.69000000
 -0.00000002   0.00000002
-78.68000000   0.00000008
 -0.00000088 -78.67000000
  0.00000009  -0.00000090
-78.66000000  -0.00000001
  0.00000013 -78.65000000
 -0.00000011   0.00000107
-78.64000000  -0.00000005
  0.00000023 -78.63000000
 -0.00000001  -0.00000058
-78.62000000  -0.00000001
 -0.00000014 -78.61000000
 -0.00000002   0.00000076
-78.60000000  -0.00000002
  0.00000030 -78.59000000
 -0.00000002  -0.00000005
-78.58000000  -0.00000000
  0.00000014 -78.57000000
  0.00000001   0.00000020
-78.56000000  -0.00000001
 -0.00000003 -78.55000000
 -0.00000001  -0.00000005
-78.54000000   0.00000001
  0.00000011 -78.53000000
  0.00000000   0.00000004
-78.52000000  -0.00000004
 -0.00000018 -78.51000000
 -0.00000004  -0.00000019
-78.50000000   0.00000001
  0.00000006 -78.49000000
  0.00000004   0.00000024
-78.48000000  -0.00000007
 -0.00000022 -78.47000000
 -0.00000020  -0.00000074
-78.46000000  -0.00000015
 -0.00000057 -78.45000000
  0.00000006   0.00000022
-78.44000000   0.00000021
  0.00000079 -78.43000000
 -0.00000007  -0.00000008
-78.42000000  -0.00000038
 -0.00000100 -78.41000000
 -0.00000021  -0.00000057
-78.40000000   0.00000028
  0.00000076 -78.39000000
  0.00000028   0.00000081
-78.38000000  -0.00000006
 -0.00000005 -78.37000000
 -0.00000006  -0.00000009
-78.36000000   0.00000018
  0.00000042 -78.35000000
  0.00000008   0.00000020
-78.34000000  -0.00000003
 -0.00000003 -78.33000000
  0.00000003   0.00000006
-78.32000000   0.00000007
  0.00000014 -78.31000000
 -0.00000004  -0.00000006
-78.30000000  -0.00000008
 -0.00000012 -78.29000000
  0.00000002   0.00000003
-78.28000000   0.00000009
  0.00000015 -78.27000000
 -0.00000011  -0.00000014
-78.26000000  -0.00000031
 -0.00000043 -78.25000000
 -0.00000022  -0.00000030
-78.24000000   0.00000012
  0.00000017 -78.23000000
  0.00000032   0.00000044
-78.22000000  -0.00000028
 -0.00000029 -78.21000000
 -0.00000094  -0.00000108
-78.20000000  -0.00000068
 -0.00000079 -78.19000000
  0.00000038   0.00000043
-78.18000000   0.00000098
  0.00000114 -78.17000000
 -0.00000003   0.00000005
-78.16000000  -0.00000064
 -0.00000059 -78.15000000
  0.00000002   0.00000003
-78.14000000   0.00000080
  0.00000080 -78.13000000
  0.00000021   0.00000024
-78.12000000  -0.00000007
 -0.00000003 -78.11000000
  0.00000019   0.00000018
-78.10000000   0.00000018
  0.00000016 -78.09000000
 -0.00000005  -0.00000002
-78.08000000  -0.00000003
 -0.00000002 -78.07000000
  0.00000013   0.00000010
-78.06000000   0.00000000
  0.00000001 -78.05000000
 -0.00000020  -0.00000012
-78.04000000  -0.00000014
 -0.00000009 -78.03000000
  0.00000012   0.00000008
-78.02000000   0.00000018
  0.00000012 -78.01000000
 -0.00000036  -0.00000019
-78.00000000  -0.00000071
 -0.00000038 -77.99000000
 -0.00000035  -0.00000019
-77.98000000   0.00000044
  0.00000023 -77.97000000
  0.00000062   0.00000034
-77.96000000  -0.00000047
 -0.00000018 -77.95000000
 -0.00000102  -0.00000044
-77.94000000  -0.00000021
 -0.00000009 -77.93000000
  0.00000102   0.00000045
-77.92000000   0.00000051
  0.00000024 -77.91000000
 -0.00000020  -0.00000004
-77.90000000   0.00000002
  0.00000002 -77.89000000
  0.00000049   0.00000018
-77.88000000   0.00000012
  0.00000006 -77.87000000
 -0.00000004   0.00000000
-77.86000000   0.00000012
  0.00000004 -77.85000000
  0.00000010   0.00000003
-77.84000000  -0.00000009
 -0.00000001 -77.83000000
 -0.00000009  -0.00000002
-77.82000000   0.00000009
  0.00000002 -77.81000000
  0.00000010   0.00000002
-77.80000000  -0.00000024
 -0.00000003 -77.79000000
 -0.00000040  -0.00000005
-77.78000000  -0.00000014
 -0.00000002 -77.77000000
  0.00000032   0.00000004
-77.76000000   0.00000026
  0.00000004 -77.75000000
 -0.00000066  -0.00000002
-77.74000000  -0.00000106
 -0.00000005 -77.73000000
 -0.00000034  -0.00000002
-77.72000000   0.00000087
  0.00000004 -77.71000000
  0.00000074   0.00000004
-77.70000000  -0.00000040
  0.00000005 -77.69000000
 -0.00000052   0.00000003
-77.68000000   0.00000045
 -0.00000001 -77.67000000
  0.00000065  -0.00000002
-77.66000000   0.00000006
  0.00000002 -77.65000000
  0.00000000   0.00000001
-77.64000000   0.00000026
 -0.00000002 -77.63000000
  0.00000008  -0.00000000
-77.62000000  -0.00000007
  0.00000002 -77.61000000
  0.00000002  -0.00000000
-77.60000000   0.00000013
 -0.00000002 -77.59000000
 -0.00000007   0.00000002
-77.58000000  -0.00000021
  0.00000005 -77.57000000
 -0.00000009   0.00000002
-77.56000000   0.00000017
 -0.00000004 -77.55000000
  0.00000011  -0.00000002
-77.54000000  -0.00000049
  0.00000017 -77.53000000
 -0.00000076   0.00000025
-77.52000000  -0.00000030
  0.00000010 -77.51000000
  0.00000052  -0.00000018
-77.50000000   0.00000064
 -0.00000021 -77.49000000
 -0.00000053   0.00000025
-77.48000000  -0.00000109
  0.00000047 -77.47000000
 -0.00000023   0.00000010
-77.46000000   0.00000107
 -0.00000045 -77.45000000
  0.00000059  -0.00000023
-77.44000000  -0.00000016
  0.00000012 -77.43000000
  0.00000001   0.00000001
-77.42000000   0.00000048
 -0.00000024 -77.41000000
  0.00000015  -0.00000006
-77.40000000  -0.00000003
  0.00000003 -77.39000000
  0.00000010  -0.00000006
-77.38000000   0.00000011
 -0.00000006 -77.37000000
 -0.00000008   0.00000006
-77.36000000  -0.00000010
  0.00000007 -77.35000000
  0.00000006  -0.00000004
-77.34000000   0.00000013
 -0.00000009 -77.33000000
 -0.00000019   0.00000016
-77.32000000  -0.00000042
  0.00000035 -77.31000000
 -0.00000024   0.00000020
-77.30000000   0.00000021
 -0.00000018 -77.29000000
  0.00000041  -0.00000033
-77.28000000  -0.00000039
  0.00000040 -77.27000000
 -0.00000112   0.00000109
-77.26000000  -0.00000077
  0.00000075 -77.25000000
  0.00000045  -0.00000045
-77.24000000   0.00000115
 -0.00000112 -77.23000000
  0.00000007   0.00000003
-77.22000000  -0.00000064
  0.00000078 -77.21000000
 -0.00000005   0.00000007
-77.20000000   0.00000083
 -0.00000094 -77.19000000
  0.00000033  -0.00000035
-77.18000000   0.00000001
  0.00000003 -77.17000000
  0.00000016  -0.00000019
-77.16000000   0.00000017
 -0.00000021 -77.15000000
  0.00000000   0.00000002
-77.14000000  -0.00000001
  0.00000002 -77.13000000
  0.00000008  -0.00000012
-77.12000000   0.00000001
 -0.00000000 -77.11000000
 -0.00000009   0.00000017
-77.10000000  -0.00000007
  0.00000012 -77.09000000
  0.00000006  -0.00000010
-77.08000000   0.00000009
 -0.00000016 -77.07000000
 -0.00000015   0.00000034
-77.06000000  -0.00000033
  0.00000071 -77.05000000
 -0.00000021   0.00000044
-77.04000000   0.00000014
 -0.00000032 -77.03000000
  0.00000034  -0.00000072
-77.02000000   0.00000009
 -0.00000014 -77.01000000
 -0.00000004   0.00000015
-77.00000000   0.00000006
 -0.00000013 -76.99000000
  0.00000010  -0.00000026
-76.98000000   0.00000001
  0.00000000 -76.97000000
 -0.00000001   0.00000005
-76.96000000   0.00000003
 -0.00000011 -76.95000000
  0.00000002  -0.00000006
-76.94000000  -0.00000003
  0.00000015 -76.93000000
 -0.00000003   0.00000016
-76.92000000   0.00000001
 -0.00000005 -76.91000000
  0.00000004  -0.00000020
-76.90000000  -0.00000002
  0.00000020 -76.89000000
 -0.00000009   0.00000063
-76.88000000  -0.00000007
  0.00000049 -76.87000000
  0.00000002  -0.00000017
-76.86000000   0.00000009
 -0.00000067 -76.85000000
  0.00000003   0.00000007
-76.84000000  -0.00000005
  0.00000104 -76.83000000
 -0.00000004   0.00000079
-76.82000000   0.00000003
 -0.00000052 -76.81000000
  0.00000006  -0.00000109
-76.80000000   0.00000004
 -0.00000009 -76.79000000
  0.00000003   0.00000028
-76.78000000   0.00000000
 -0.00000028 -76.77000000
 -0.00000000  -0.00000044
-76.76000000   0.00000001
 -0.00000005 -76.75000000
  0.00000001   0.00000000
-76.74000000  -0.00000001
 -0.00000017 -76.73000000
  0.00000000  -0.00000004
-76.72000000   0.00000002
  0.00000010 -76.71000000
  0.00000001   0.00000004
-76.70000000  -0.00000002
 -0.00000013 -76.69000000
  0.00000001  -0.00000000
-76.68000000   0.00000007
  0.00000029 -76.67000000
  0.00000008   0.00000032
-76.66000000  -0.00000000
  0.00000000 -76.65000000
 -0.00000008  -0.00000035
-76.64000000   0.00000001
 -0.00000002 -76.63000000
  0.00000028   0.00000083
-76.62000000   0.00000032
  0.00000099 -76.61000000
  0.00000004   0.00000014
-76.60000000  -0.00000031
 -0.00000095 -76.59000000
 -0.00000018  -0.00000061
-76.58000000   0.00000026
  0.00000055 -76.57000000
  0.00000027   0.00000061
-76.56000000  -0.00000018
 -0.00000045 -76.55000000
 -0.00000032  -0.00000078
-76.54000000  -0.00000002
 -0.00000011 -76.53000000
  0.00000003   0.00000002
-76.52000000  -0.00000013
 -0.00000027 -76.51000000
 -0.00000006  -0.00000014
-76.50000000   0.00000004
  0.00000005 -76.49000000
  0.00000000  -0.00000001
-76.48000000  -0.00000007
 -0.00000013 -76.47000000
  0.00000003   0.00000003
-76.46000000   0.00000013
  0.00000018 -76.45000000
  0.00000007   0.00000011
-76.44000000  -0.00000008
 -0.00000012 -76.43000000
 -0.00000010  -0.00000015
-76.42000000   0.00000030
  0.00000035 -76.41000000
  0.00000057   0.00000069
-76.40000000   0.00000034
  0.00000041 -76.39000000
 -0.00000025  -0.00000030
-76.38000000  -0.00000057
 -0.00000070 -76.37000000
 -0.00000010  -0.00000016
-76.36000000   0.00000018
  0.00000016 -76.35000000
 -0.00000007  -0.00000008
-76.34000000  -0.00000028
 -0.00000030 -76.33000000
 -0.00000001  -0.00000003
-76.32000000   0.00000009
  0.00000007 -76.31000000
 -0.00000007  -0.00000007
-76.30000000  -0.00000012
 -0.00000011 -76.29000000
  0.00000012   0.00000008
-76.28000000   0.00000021
  0.00000016 -76.27000000
  0.00000002   0.00000002
-76.26000000  -0.00000022
 -0.00000017 -76.25000000
  0.00000002  -0.00000000
-76.24000000   0.00000054
  0.00000035 -76.23000000
  0.00000057   0.00000037
-76.22000000  -0.00000001
 -0.00000001 -76.21000000
 -0.00000063  -0.00000041
-76.20000000  -0.00000016
 -0.00000014 -76.19000000
  0.00000078   0.00000040
-76.18000000   0.00000073
  0.00000039 -76.17000000
 -0.00000033  -0.00000018
-76.16000000  -0.00000095
 -0.00000051 -76.15000000
 -0.00000011  -0.00000010
-76.14000000   0.00000026
  0.00000009 -76.13000000
 -0.00000019  -0.00000009
-76.12000000  -0.00000042
 -0.00000019 -76.11000000
 -0.00000004  -0.00000003
-76.10000000   0.00000005
  0.00000001 -76.09000000
 -0.00000015  -0.00000006
-76.08000000  -0.00000009
 -0.00000004 -76.07000000
  0.00000011   0.00000002
-76.06000000   0.00000009
  0.00000002 -76.05000000
 -0.00000010  -0.00000003
-76.04000000  -0.00000011
 -0.00000003 -76.03000000
  0.00000023   0.00000004
-76.02000000   0.00000039
  0.00000008 -76.01000000
  0.00000014   0.00000003
-76.00000000  -0.00000030
 -0.00000006 -75.99000000
 -0.00000027  -0.00000006
-75.98000000   0.00000056
  0.00000005 -75.97000000
  0.00000096   0.00000011
-75.96000000   0.00000036
  0.00000004 -75.95000000
 -0.00000072  -0.00000008
-75.94000000  -0.00000074
 -0.00000009 -75.93000000
  0.00000031  -0.00000002
-75.92000000   0.00000056
  0.00000000 -75.91000000
 -0.00000025  -0.00000001
-75.90000000  -0.00000072
 -0.00000003 -75.89000000
 -0.00000012  -0.00000003
-75.88000000   0.00000007
 -0.00000002 -75.87000000
 -0.00000020   0.00000000
-75.86000000  -0.00000017
  0.00000000 -75.85000000
  0.00000005  -0.00000001
-75.84000000   0.00000004
 -0.00000001 -75.83000000
 -0.00000012   0.00000001
-75.82000000  -0.00000004
 -0.00000000 -75.81000000
  0.00000018  -0.00000004
-75.80000000   0.00000019
 -0.00000004 -75.79000000
 -0.00000004   0.00000001
-75.78000000  -0.00000023
  0.00000004 -75.77000000
  0.00000013  -0.00000005
-75.76000000   0.00000065
 -0.00000018 -75.75000000
  0.00000060  -0.00000016
-75.74000000  -0.00000005
  0.00000002 -75.73000000
 -0.00000070   0.00000019
-75.72000000  -0.00000020
  0.00000003 -75.71000000
  0.00000083  -0.00000032
-75.70000000   0.00000083
 -0.00000031 -75.69000000
 -0.00000027   0.00000010
-75.68000000  -0.00000107
  0.00000039 -75.67000000
 -0.00000023   0.00000005
-75.66000000   0.00000023
 -0.00000013 -75.65000000
 -0.00000015   0.00000005
-75.64000000  -0.00000044
  0.00000019 -75.63000000
 -0.00000008   0.00000002
-75.62000000   0.00000004
 -0.00000003 -75.61000000
 -0.00000012   0.00000006
-75.60000000  -0.00000010
  0.00000005 -75.59000000
  0.00000009  -0.00000006
-75.58000000   0.00000011
 -0.00000007 -75.57000000
 -0.00000006   0.00000004
-75.56000000  -0.00000014
  0.00000009 -75.55000000
  0.00000017  -0.00000014
-75.54000000   0.00000041
 -0.00000031 -75.53000000
  0.00000027  -0.00000020
-75.52000000  -0.00000017
  0.00000013 -75.51000000
 -0.00000042   0.00000032
-75.50000000   0.00000025
 -0.00000025 -75.49000000
  0.00000100  -0.00000090
-75.48000000   0.00000082
 -0.00000073 -75.47000000
 -0.00000025   0.00000023
-75.46000000  -0.00000109
  0.00000098 -75.45000000
 -0.00000025   0.00000017
-75.44000000   0.00000058
 -0.00000066 -75.43000000
  0.00000026  -0.00000029
-75.42000000  -0.00000068
  0.00000071 -75.41000000
 -0.00000046   0.00000047
-75.40000000  -0.00000001
 -0.00000004 -75.39000000
 -0.00000005   0.00000004
-75.38000000  -0.00000025
  0.00000030 -75.37000000
 -0.00000006   0.00000006
-75.36000000   0.00000004
 -0.00000007 -75.35000000
 -0.00000004   0.00000005
-75.34000000  -0.00000009
  0.00000013 -75.33000000
  0.00000004  -0.00000008
-75.32000000   0.00000012
 -0.00000020 -75.31000000
  0.00000004  -0.00000006
-75.30000000  -0.00000011
  0.00000018 -75.29000000
 -0.00000005   0.00000007
-75.28000000   0.00000023
 -0.00000047 -75.27000000
  0.00000033  -0.00000066
-75.26000000   0.00000011
 -0.00000022 -75.25000000
 -0.00000025   0.00000050
-75.24000000  -0.00000027
  0.00000052 -75.23000000
  0.00000019  -0.00000055
-75.22000000   0.00000041
 -0.00000105 -75.21000000
  0.00000011  -0.00000027
-75.20000000  -0.00000038
  0.00000097 -75.19000000
 -0.00000027   0.00000064
-75.18000000   0.00000002
 -0.00000017 -75.17000000
  0.00000002  -0.00000012
-75.16000000  -0.00000015
  0.00000047 -75.15000000
 -0.00000009   0.00000025
-75.14000000  -0.00000001
 -0.00000003 -75.13000000
 -0.00000002   0.00000005
-75.12000000  -0.00000004
  0.00000017 -75.11000000
 -0.00000001  -0.00000001
-75.10000000   0.00000002
 -0.00000012 -75.09000000
 -0.00000000  -0.00000000
-75.08000000  -0.00000002
  0.00000014 -75.07000000
 -0.00000000  -0.00000005
-75.06000000   0.00000003
 -0.00000034 -75.05000000
  0.00000003  -0.00000032
-75.04000000  -0.00000000
  0.00000004 -75.03000000
 -0.00000003   0.00000038
-75.02000000  -0.00000002
 -0.00000002 -75.01000000
 -0.00000001  -0.00000086
-75.00000000  -0.00000000
 -0.00000097 -74.99000000
  0.00000000  -0.00000010
-74.98000000   0.00000000
  0.00000097 -74.97000000
 -0.00000002   0.00000058
-74.96000000  -0.00000007
 -0.00000050 -74.95000000
 -0.00000006  -0.00000055
-74.94000000   0.00000003
  0.00000043 -74.93000000
  0.00000006   0.00000074
-74.92000000  -0.00000001
  0.00000011 -74.91000000
 -0.00000002  -0.00000003
-74.90000000   0.00000003
  0.00000025 -74.89000000
  0.00000002   0.00000015
-74.88000000  -0.00000002
 -0.00000005 -74.87000000
 -0.00000001  -0.00000002
-74.86000000   0.00000003
  0.00000012 -74.85000000
 -0.00000000   0.00000001
-74.84000000  -0.00000006
 -0.00000018 -74.83000000
 -0.00000005  -0.00000016
-74.82000000   0.00000002
  0.00000006 -74.81000000
  0.00000006   0.00000021
-74.80000000  -0.00000008
 -0.00000018 -74.79000000
 -0.00000027  -0.00000066
-74.78000000  -0.00000024
 -0.00000060 -74.77000000
  0.00000002   0.00000004
-74.76000000   0.00000028
  0.00000069 -74.75000000
  0.00000009   0.00000027
-74.74000000  -0.00000045
 -0.00000085 -74.73000000
 -0.00000052  -0.00000103
-74.72000000   0.00000003
  0.00000005 -74.71000000
  0.00000059   0.00000117
-74.70000000   0.00000022
  0.00000048 -74.69000000
 -0.00000017  -0.00000021
-74.68000000  -0.00000001
  0.00000001 -74.67000000
  0.00000031   0.00000051
-74.66000000   0.00000010
  0.00000019 -74.65000000
 -0.00000004  -0.00000002
-74.64000000   0.00000005
  0.00000008 -74.63000000
  0.00000010   0.00000014
-74.62000000  -0.00000004
 -0.00000004 -74.61000000
 -0.00000009  -0.00000011
-74.60000000   0.00000001
  0.00000001 -74.59000000
  0.00000011   0.00000014
-74.58000000  -0.00000008
 -0.00000007 -74.57000000
 -0.00000034  -0.00000035
-74.56000000  -0.00000032
 -0.00000033 -74.55000000
  0.00000002   0.00000002
-74.54000000   0.00000036
  0.00000038 -74.53000000
  0.00000016   0.00000018
-74.52000000  -0.00000020
 -0.00000016 -74.51000000
 -0.00000017  -0.00000014
-74.50000000   0.00000020
  0.00000018 -74.49000000
  0.00000022   0.00000020
-74.48000000  -0.00000011
 -0.00000007 -74.47000000
 -0.00000018  -0.00000013
-74.46000000   0.00000008
  0.00000007 -74.45000000
  0.00000023   0.00000018
-74.44000000  -0.00000010
 -0.00000005 -74.43000000
 -0.00000030  -0.00000019
-74.42000000  -0.00000010
 -0.00000006 -74.41000000
  0.00000028   0.00000018
-74.40000000   0.00000016
  0.00000011 -74.39000000
 -0.00000036  -0.00000017
-74.38000000  -0.00000045
 -0.00000023 -74.37000000
  0.00000002   0.00000001
-74.36000000   0.00000052
  0.00000027 -74.35000000
  0.00000010   0.00000007
-74.34000000  -0.00000045
 -0.00000017 -74.33000000
 -0.00000031  -0.00000013
-74.32000000   0.00000034
  0.00000014 -74.31000000
  0.00000044   0.00000019
-74.30000000  -0.00000011
 -0.00000001 -74.29000000
 -0.00000025  -0.00000007
-74.28000000   0.00000014
  0.00000005 -74.27000000
  0.00000034   0.00000011
-74.26000000  -0.00000002
  0.00000001 -74.25000000
 -0.00000018  -0.00000004
-74.24000000   0.00000004
  0.00000001 -74.23000000
  0.00000025   0.00000006
-74.22000000  -0.00000003
  0.00000001 -74.21000000
 -0.00000023  -0.00000003
-74.20000000  -0.00000009
 -0.00000001 -74.19000000
  0.00000022   0.00000004
-74.18000000   0.00000013
  0.00000003 -74.17000000
 -0.00000030  -0.00000001
-74.16000000  -0.00000039
 -0.00000003 -74.15000000
 -0.00000001  -0.00000000
-74.14000000   0.00000043
  0.00000003 -74.13000000
  0.00000010   0.00000002
-74.12000000  -0.00000048
  0.00000001 -74.11000000
 -0.00000046   0.00000001
-74.10000000   0.00000018
 -0.00000000 -74.09000000
  0.00000060  -0.00000000
-74.08000000   0.00000002
  0.00000003 -74.07000000
 -0.00000037   0.00000005
-74.06000000  -0.00000008
  0.00000001 -74.05000000
  0.00000045  -0.00000004
-74.04000000   0.00000020
 -0.00000001 -74.03000000
 -0.00000016   0.00000004
-74.02000000  -0.00000008
  0.00000002 -74.01000000
  0.00000024  -0.00000004
-74.00000000   0.00000013
 -0.00000002 -73.99000000
 -0.00000014   0.00000005
-73.98000000  -0.00000014
  0.00000004 -73.97000000
  0.00000013  -0.00000003
-73.96000000   0.00000018
 -0.00000004 -73.95000000
 -0.00000015   0.00000006
-73.94000000  -0.00000032
  0.00000011 -73.93000000
 -0.00000009   0.00000003
-73.92000000   0.00000029
 -0.00000010 -73.91000000
  0.00000017  -0.00000005
-73.90000000  -0.00000038
  0.00000018 -73.89000000
 -0.00000053   0.00000024
-73.88000000  -0.00000007
  0.00000003 -73.87000000
  0.00000053  -0.00000024
-73.86000000   0.00000026
 -0.00000010 -73.85000000
 -0.00000040   0.00000024
-73.84000000  -0.00000043
  0.00000024 -73.83000000
  0.00000020  -0.00000011
-73.82000000   0.00000058
 -0.00000031 -73.81000000
  0.00000005   0.00000001
-73.80000000  -0.00000024
  0.00000017 -73.79000000
  0.00000003  -0.00000001
-73.78000000   0.00000036
 -0.00000023 -73.77000000
  0.00000007  -0.00000003
-73.76000000  -0.00000015
  0.00000013 -73.75000000
 -0.00000003   0.00000003
-73.74000000   0.00000021
 -0.00000016 -73.73000000
  0.00000006  -0.00000003
-73.72000000  -0.00000020
  0.00000019 -73.71000000
 -0.00000018   0.00000016
-73.70000000   0.00000010
 -0.00000009 -73.69000000
  0.00000025  -0.00000022
-73.68000000  -0.00000014
  0.00000017 -73.67000000
 -0.00000045   0.00000049
-73.66000000  -0.00000029
  0.00000031 -73.65000000
  0.00000023  -0.00000025
-73.64000000   0.00000045
 -0.00000049 -73.63000000
 -0.00000013   0.00000022
-73.62000000  -0.00000057
  0.00000075 -73.61000000
 -0.00000030   0.00000038
-73.60000000   0.00000041
 -0.00000053 -73.59000000
  0.00000050  -0.00000062
-73.58000000  -0.00000004
  0.00000013 -73.57000000
 -0.00000020   0.00000033
-73.56000000   0.00000013
 -0.00000019 -73.55000000
  0.00000031  -0.00000046
-73.54000000   0.00000005
 -0.00000004 -73.53000000
 -0.00000004   0.00000011
-73.52000000   0.00000007
 -0.00000011 -73.51000000
  0.00000011  -0.00000019
-73.50000000  -0.00000002
  0.00000006 -73.49000000
 -0.00000006   0.00000014
-73.48000000   0.00000002
 -0.00000003 -73.47000000
  0.00000008  -0.00000018
-73.46000000  -0.00000002
  0.00000007 -73.45000000
 -0.00000011   0.00000032
-73.44000000  -0.00000008
  0.00000023 -73.43000000
  0.00000005  -0.00000014
-73.42000000   0.00000012
 -0.00000034 -73.41000000
 -0.00000004   0.00000020
-73.40000000  -0.00000019
  0.00000071 -73.39000000
 -0.00000014   0.00000052
-73.38000000   0.00000007
 -0.00000026 -73.37000000
  0.00000021  -0.00000076
-73.36000000   0.00000004
 -0.00000002 -73.35000000
 -0.00000009   0.00000061
-73.34000000  -0.00000005
  0.00000029 -73.33000000
  0.00000010  -0.00000056
-73.32000000   0.00000010
 -0.00000048 -73.31000000
  0.00000002   0.00000006
-73.30000000   0.00000000
  0.00000010 -73.29000000
  0.00000003  -0.00000026
-73.28000000   0.00000003
 -0.00000019 -73.27000000
  0.00000001   0.00000006
-73.26000000   0.00000000
  0.00000006 -73.25000000
  0.00000001  -0.00000013
-73.24000000   0.00000001
 -0.00000009 -73.23000000
  0.00000001   0.00000015
-73.22000000   0.00000001
  0.00000019 -73.21000000
 -0.00000000  -0.00000001
-73.20000000  -0.00000001
 -0.00000023 -73.19000000
  0.00000002   0.00000003
-73.18000000   0.00000007
  0.00000048 -73.17000000
  0.00000007   0.00000051
-73.16000000   0.00000000
  0.00000003 -73.15000000
 -0.00000007  -0.00000053
-73.14000000  -0.00000002
 -0.00000026 -73.13000000
  0.00000016   0.00000061
-73.12000000   0.00000019
  0.00000080 -73.11000000
  0.00000001   0.00000004
-73.10000000  -0.00000020
 -0.00000086 -73.09000000
 -0.00000008  -0.00000042
-73.08000000   0.00000011
  0.00000026 -73.07000000
  0.00000007   0.00000017
-73.06000000  -0.00000012
 -0.00000041 -73.05000000
 -0.00000009  -0.00000031
-73.04000000   0.00000003
  0.00000003 -73.03000000
  0.00000002   0.00000003
-73.02000000  -0.00000007
 -0.00000018 -73.01000000
 -0.00000003  -0.00000009
-73.00000000   0.00000006
  0.00000011 -72.99000000
  0.00000005   0.00000010
-72.98000000  -0.00000004
 -0.00000009 -72.97000000
 -0.00000006  -0.00000014
-72.96000000   0.00000011
  0.00000016 -72.95000000
  0.00000021   0.00000035
-72.94000000   0.00000012
  0.00000020 -72.93000000
 -0.00000012  -0.00000019
-72.92000000  -0.00000021
 -0.00000035 -72.91000000
  0.00000021   0.00000026
-72.90000000   0.00000060
  0.00000082 -72.89000000
  0.00000045   0.00000062
-72.88000000  -0.00000018
 -0.00000024 -72.87000000
 -0.00000063  -0.00000088
-72.86000000  -0.00000008
 -0.00000018 -72.85000000
  0.00000054   0.00000058
-72.84000000   0.00000035
  0.00000040 -72.83000000
 -0.00000041  -0.00000049
-72.82000000  -0.00000051
 -0.00000061 -72.81000000
  0.00000001  -0.00000004
-72.80000000   0.00000012
  0.00000009 -72.79000000
 -0.00000020  -0.00000020
-72.78000000  -0.00000021
 -0.00000022 -72.77000000
  0.00000006   0.00000003
-72.76000000   0.00000009
  0.00000007 -72.75000000
 -0.00000010  -0.00000009
-72.74000000  -0.00000013
 -0.00000012 -72.73000000
  0.00000012   0.00000008
-72.72000000   0.00000023
  0.00000017 -72.71000000
  0.00000006   0.00000004
-72.70000000  -0.00000022
 -0.00000016 -72.69000000
 -0.00000009  -0.00000008
-72.68000000   0.00000042
  0.00000024 -72.67000000
  0.00000059   0.00000035
-72.66000000   0.00000016
  0.00000010 -72.65000000
 -0.00000048  -0.00000029
-72.64000000  -0.00000043
 -0.00000027 -72.63000000
  0.00000044   0.00000019
-72.62000000   0.00000077
  0.00000037 -72.61000000
  0.00000014   0.00000007
-72.60000000  -0.00000077
 -0.00000038 -72.59000000
 -0.00000045  -0.00000024
-72.58000000   0.00000019
  0.00000004 -72.57000000
  0.00000016   0.00000005
-72.56000000  -0.00000035
 -0.00000014 -72.55000000
 -0.00000028  -0.00000012
-72.54000000   0.00000004
 -0.00000000 -72.53000000
  0.00000005   0.00000001
-72.52000000  -0.00000016
 -0.00000005 -72.51000000
 -0.00000010  -0.00000004
-72.50000000   0.00000011
  0.00000002 -72.49000000
  0.00000012   0.00000003
-72.48000000  -0.00000007
 -0.00000002 -72.47000000
 -0.00000017  -0.00000004
-72.46000000   0.00000013
  0.00000001 -72.45000000
  0.00000039   0.00000005
-72.44000000   0.00000027
  0.00000004 -72.43000000
 -0.00000015  -0.00000002
-72.42000000  -0.00000041
 -0.00000006 -72.41000000
  0.00000013  -0.00000001
-72.40000000   0.00000078
  0.00000003 -72.39000000
  0.00000068   0.00000004
-72.38000000  -0.00000016
 -0.00000001 -72.37000000
 -0.00000088  -0.00000005
-72.36000000  -0.00000025
 -0.00000004 -72.35000000
  0.00000049  -0.00000004
-72.34000000   0.00000033
 -0.00000002 -72.33000000
 -0.00000046   0.00000001
-72.32000000  -0.00000052
  0.00000001 -72.31000000
 -0.00000001  -0.00000002
-72.30000000   0.00000008
 -0.00000002 -72.29000000
 -0.00000020   0.00000002
-72.28000000  -0.00000018
  0.00000001 -72.27000000
  0.00000005  -0.00000002
-72.26000000   0.00000008
 -0.00000002 -72.25000000
 -0.00000009   0.00000001
-72.24000000  -0.00000012
  0.00000002 -72.23000000
  0.00000012  -0.00000004
-72.22000000   0.00000024
 -0.00000007 -72.21000000
  0.00000009  -0.00000002
-72.20000000  -0.00000019
  0.00000005 -72.19000000
 -0.00000017   0.00000004
-72.18000000   0.00000036
 -0.00000014 -72.17000000
  0.00000068  -0.00000025
-72.16000000   0.00000040
 -0.00000014 -72.15000000
 -0.00000031   0.00000012
-72.14000000  -0.00000069
  0.00000025 -72.13000000
  0.00000008  -0.00000007
-72.12000000   0.00000082
 -0.00000040 -72.11000000
  0.00000058  -0.00000028
-72.10000000  -0.00000044
  0.00000021 -72.09000000
 -0.00000088   0.00000041
-72.08000000  -0.00000012
  0.00000002 -72.07000000
  0.00000023  -0.00000016
-72.06000000  -0.00000011
  0.00000005 -72.05000000
 -0.00000043   0.00000024
-72.04000000  -0.00000010
  0.00000004 -72.03000000
  0.00000007  -0.00000006
-72.02000000  -0.00000006
  0.00000003 -72.01000000
 -0.00000017   0.00000011
-72.00000000   0.00000002
 -0.00000003 -71.99000000
  0.00000014  -0.00000012
-71.98000000   0.00000005
 -0.00000004 -71.97000000
 -0.00000014   0.00000011
-71.96000000  -0.00000008
  0.00000005 -71.95000000
  0.00000027  -0.00000027
-71.94000000   0.00000043
 -0.00000041 -71.93000000
  0.00000020  -0.00000019
-71.92000000  -0.00000026
  0.00000024 -71.91000000
 -0.00000041   0.00000039
-71.90000000   0.00000028
 -0.00000036 -71.89000000
  0.00000092  -0.00000105
-71.88000000   0.00000073
 -0.00000082 -71.87000000
 -0.00000022   0.00000026
-71.86000000  -0.00000099
  0.00000112 -71.85000000
 -0.00000035   0.00000033
-71.84000000   0.00000038
 -0.00000058 -71.83000000
  0.00000025  -0.00000037
-71.82000000  -0.00000045
  0.00000059 -71.81000000
 -0.00000045   0.00000059
-71.80000000  -0.00000008
  0.00000006 -71.79000000
 -0.00000002  -0.00000000
-71.78000000  -0.00000017
  0.00000025 -71.77000000
 -0.00000009   0.00000012
-71.76000000   0.00000002
 -0.00000005 -71.75000000
  0.00000001  -0.00000002
-71.74000000  -0.00000007
  0.00000012 -71.73000000
 -0.00000002   0.00000003
-71.72000000   0.00000007
 -0.00000017 -71.71000000
  0.00000008  -0.00000019
-71.70000000  -0.00000000
  0.00000001 -71.69000000
 -0.00000010   0.00000022
-71.68000000  -0.00000001
 -0.00000001 -71.67000000
  0.00000020  -0.00000058
-71.66000000   0.00000026
 -0.00000076 -71.65000000
  0.00000010  -0.00000029
-71.64000000  -0.00000017
  0.00000049 -71.63000000
 -0.00000025   0.00000073
-71.62000000   0.00000004
 -0.00000030 -71.61000000
  0.00000026  -0.00000109
-71.60000000   0.00000016
 -0.00000064 -71.59000000
 -0.00000016   0.00000066
-71.58000000  -0.00000027
  0.00000106 -71.57000000
 -0.00000008   0.00000015
-71.56000000   0.00000000
 -0.00000019 -71.55000000
 -0.00000005   0.00000022
-71.54000000  -0.00000008
  0.00000042 -71.53000000
 -0.00000003   0.00000008
-71.52000000  -0.00000001
 -0.00000002 -71.51000000
 -0.00000002   0.00000012
-71.50000000  -0.00000001
  0.00000010 -71.49000000
 -0.00000000  -0.00000007
-71.48000000   0.00000000
 -0.00000011 -71.47000000
 -0.00000000   0.00000002
-71.46000000  -0.00000000
  0.00000014 -71.45000000
 -0.00000001  -0.00000007
-71.44000000  -0.00000003
 -0.00000037 -71.43000000
 -0.00000002  -0.00000038
-71.42000000  -0.00000000
 -0.00000004 -71.41000000
  0.00000002   0.00000037
-71.40000000   0.00000001
  0.00000025 -71.39000000
 -0.00000011  -0.00000066
-71.38000000  -0.00000018
 -0.00000116 -71.37000000
 -0.00000010  -0.00000066
-71.36000000   0.00000009
  0.00000054 -71.35000000
  0.00000018   0.00000118
-71.34000000  -0.00000002
  0.00000016 -71.33000000
 -0.00000018  -0.00000062
-71.32000000  -0.00000007
 -0.00000026 -71.31000000
  0.00000017   0.00000071
-71.30000000   0.00000012
  0.00000054 -71.29000000
 -0.00000001   0.00000005
-71.28000000  -0.00000001
  0.00000003 -71.27000000
  0.00000008   0.00000025
-71.26000000   0.00000002
  0.00000010 -71.25000000
 -0.00000003  -0.00000005
-71.24000000  -0.00000001
 -0.00000002 -71.23000000
  0.00000004   0.00000011
-71.22000000   0.00000000
  0.00000003 -71.21000000
 -0.00000009  -0.00000017
-71.20000000  -0.00000010
 -0.00000020 -71.19000000
 -0.00000001  -0.00000002
-71.18000000   0.00000010
  0.00000020 -71.17000000
  0.00000002   0.00000006
-71.16000000  -0.00000033
 -0.00000052 -71.15000000
 -0.00000049  -0.00000080
-71.14000000  -0.00000028
 -0.00000046 -71.13000000
  0.00000020   0.00000032
-71.12000000   0.00000050
  0.00000082 -71.11000000
  0.00000017   0.00000032
-71.10000000  -0.00000011
 -0.00000010 -71.09000000
 -0.00000001   0.00000001
-71.08000000   0.00000022
  0.00000031 -71.07000000
  0.00000008   0.00000013
-71.06000000  -0.00000005
 -0.00000004 -71.05000000
 -0.00000000   0.00000000
-71.04000000   0.00000010
  0.00000012 -71.03000000
  0.00000000   0.00000001
-71.02000000  -0.00000015
 -0.00000015 -71.01000000
 -0.00000014  -0.00000014
-71.00000000   0.00000003
  0.00000003 -70.99000000
  0.00000018   0.00000018
-70.98000000  -0.00000010
 -0.00000007 -70.97000000
 -0.00000063  -0.00000053
-70.96000000  -0.00000076
 -0.00000064 -70.95000000
 -0.00000029  -0.00000025
-70.94000000   0.00000048
  0.00000040 -70.93000000
  0.00000076   0.00000064
-70.92000000   0.00000018
  0.00000019 -70.91000000
 -0.00000012  -0.00000005
-70.90000000   0.00000010
  0.00000008 -70.89000000
  0.00000030   0.00000022
-70.88000000   0.00000006
  0.00000006 -70.87000000
 -0.00000005  -0.00000002
-70.86000000   0.00000005
  0.00000003 -70.85000000
  0.00000011   0.00000007
-70.84000000  -0.00000006
 -0.00000002 -70.83000000
 -0.00000017  -0.00000008
-70.82000000  -0.00000009
 -0.00000005 -70.81000000
  0.00000011   0.00000006
-70.80000000   0.00000015
  0.00000008 -70.79000000
 -0.00000029  -0.00000011
-70.78000000  -0.00000067
 -0.00000027 -70.77000000
 -0.00000055  -0.00000022
-70.76000000   0.00000005
  0.00000002 -70.75000000
  0.00000065   0.00000026
-70.74000000   0.00000044
  0.00000018 -70.73000000
 -0.00000006   0.00000001
-70.72000000  -0.00000011
 -0.00000002 -70.71000000
  0.00000022   0.00000007
-70.70000000   0.00000022
  0.00000007 -70.69000000
 -0.00000002   0.00000001
-70.68000000  -0.00000005
 -0.00000001 -70.67000000
  0.00000009   0.00000002
-70.66000000   0.00000010
  0.00000002 -70.65000000
 -0.00000010  -0.00000001
-70.64000000  -0.00000019
 -0.00000003 -70.63000000
 -0.00000006  -0.00000001
-70.62000000   0.00000016
  0.00000002 -70.61000000
  0.00000011   0.00000002
-70.60000000  -0.00000037
 -0.00000001 -70.59000000
 -0.00000065  -0.00000003
-70.58000000  -0.00000041
 -0.00000002 -70.57000000
  0.00000023   0.00000001
-70.56000000   0.00000067
  0.00000004 -70.55000000
  0.00000004   0.00000003
-70.54000000  -0.00000092
  0.00000005 -70.53000000
 -0.00000095   0.00000004
-70.52000000   0.00000005
 -0.00000000 -70.51000000
  0.00000110  -0.00000004
-70.50000000   0.00000056
  0.00000000 -70.49000000
 -0.00000020   0.00000006
-70.48000000  -0.00000015
  0.00000004 -70.47000000
  0.00000044  -0.00000004
-70.46000000   0.00000035
 -0.00000003 -70.45000000
  0.00000002   0.00000002
-70.44000000  -0.00000000
  0.00000001 -70.43000000
  0.00000017  -0.00000003
-70.42000000   0.00000008
 -0.00000001 -70.41000000
 -0.00000008   0.00000003
-70.40000000  -0.00000009
  0.00000003 -70.39000000
  0.00000006  -0.00000002
-70.38000000   0.00000013
 -0.00000003 -70.37000000
 -0.00000013   0.00000005
-70.36000000  -0.00000035
  0.00000013 -70.35000000
 -0.00000028   0.00000010
-70.34000000   0.00000006
 -0.00000002 -70.33000000
  0.00000036  -0.00000013
-70.32000000   0.00000004
  0.00000001 -70.31000000
 -0.00000075   0.00000037
-70.30000000  -0.00000103
  0.00000049 -70.29000000
 -0.00000043   0.00000020
-70.28000000   0.00000063
 -0.00000030 -70.27000000
  0.00000101  -0.00000047
-70.26000000  -0.00000002
  0.00000007 -70.25000000
 -0.00000073   0.00000045
-70.24000000  -0.00000032
  0.00000020 -70.23000000
  0.00000069  -0.00000040
-70.22000000   0.00000065
 -0.00000037 -70.21000000
  0.00000007  -0.00000000
-70.20000000  -0.00000003
  0.00000004 -70.19000000
  0.00000024  -0.00000016
-70.18000000   0.00000019
 -0.00000012 -70.17000000
 -0.00000002   0.00000003
-70.16000000  -0.00000004
  0.00000004 -70.15000000
  0.00000009  -0.00000007
-70.14000000   0.00000009
 -0.00000007 -70.13000000
 -0.00000010   0.00000011
-70.12000000  -0.00000019
  0.00000018 -70.11000000
 -0.00000007   0.00000007
-70.10000000   0.00000014
 -0.00000014 -70.09000000
  0.00000015  -0.00000014
-70.08000000  -0.00000031
  0.00000037 -70.07000000
 -0.00000067   0.00000077
-70.06000000  -0.00000054
  0.00000061 -70.05000000
  0.00000005  -0.00000006
-70.04000000   0.00000064
 -0.00000074 -70.03000000
  0.00000047  -0.00000052
-70.02000000   0.00000003
  0.00000002 -70.01000000
