  0.00000005   0.00000035
 -0.00000000   0.00000006
  0.00000036   0.01000000
  0.00000006   0.00000038
  0.02000000   0.00000006
  0.00000039   0.03000000
  0.00000006   0.00000041
  0.04000000   0.00000007
  0.00000042   0.05000000
  0.00000007   0.00000044
  0.06000000   0.00000007
  0.00000046   0.07000000
  0.00000007   0.00000047
  0.08000000   0.00000008
  0.00000049   0.09000000
  0.00000008   0.00000050
  0.10000000   0.00000008
  0.00000052   0.11000000
  0.00000008   0.00000054
  0.12000000   0.00000009
  0.00000055   0.13000000
  0.00000009   0.00000057
  0.14000000   0.00000009
  0.00000059   0.15000000
  0.00000009   0.00000060
  0.16000000   0.00000010
  0.00000062   0.17000000
  0.00000010   0.00000064
  0.18000000   0.00000010
  0.00000065   0.19000000
  0.00000010   0.00000067
  0.20000000   0.00000010
  0.00000069   0.21000000
  0.00000011   0.00000070
  0.22000000   0.00000011
  0.00000072   0.23000000
  0.00000011   0.00000074
  0.24000000   0.00000011
  0.00000075   0.25000000
  0.00000012   0.00000077
  0.26000000   0.00000012
  0.00000079   0.27000000
  0.00000012   0.00000080
  0.28000000   0.00000012
  0.00000082   0.29000000
  0.00000013   0.00000083
  0.30000000   0.00000013
  0.00000085   0.31000000
  0.00000013   0.00000087
  0.32000000   0.00000013
  0.00000088   0.33000000
  0.00000013   0.00000090
  0.34000000   0.00000014
  0.00000092   0.35000000
  0.00000014   0.00000093
  0.36000000   0.00000014
  0.00000095   0.37000000
  0.00000014   0.00000096
  0.38000000   0.00000015
  0.00000098   0.39000000
  0.00000015   0.00000099
  0.40000000   0.00000015
  0.00000101   0.41000000
  0.00000015   0.00000102
  0.42000000   0.00000015
  0.00000104   0.43000000
  0.00000016   0.00000105
  0.44000000   0.00000016
  0.00000107   0.45000000
  0.00000016   0.00000108
  0.46000000   0.00000016
  0.00000110   0.47000000
  0.00000016   0.00000111
  0.48000000   0.00000016
  0.00000113   0.49000000
  0.00000017   0.00000114
  0.50000000   0.00000017
  0.00000115   0.51000000
  0.00000017   0.00000117
  0.52000000   0.00000017
  0.00000118   0.53000000
  0.00000017   0.00000119
  0.54000000   0.00000017
  0.00000120   0.55000000
  0.00000018   0.00000122
  0.56000000   0.00000018
  0.00000123   0.57000000
  0.00000018   0.00000124
  0.58000000   0.00000018
  0.00000125   0.59000000
  0.00000018   0.00000127
  0.60000000   0.00000018
  0.00000128   0.61000000
  0.00000018   0.00000129
  0.62000000   0.00000019
  0.00000130   0.63000000
  0.00000019   0.00000131
  0.64000000   0.00000019
  0.00000132   0.65000000
  0.00000019   0.00000133
  0.66000000   0.00000019
  0.00000134   0.67000000
  0.00000019   0.00000135
  0.68000000   0.00000019
  0.00000136   0.69000000
  0.00000019   0.00000137
  0.70000000   0.00000019
  0.00000138   0.71000000
  0.00000019   0.00000139
  0.72000000   0.00000020
  0.00000139   0.73000000
  0.00000020   0.00000140
  0.74000000   0.00000020
  0.00000141   0.75000000
  0.00000020   0.00000142
  0.76000000   0.00000020
  0.00000142   0.77000000
  0.00000020   0.00000143
  0.78000000   0.00000020
  0.00000144   0.79000000
  0.00000020   0.00000144
  0.80000000   0.00000020
  0.00000145   0.81000000
  0.00000020   0.00000146
  0.82000000   0.00000020
  0.00000146   0.83000000
  0.00000020   0.00000147
  0.84000000   0.00000020
  0.00000147   0.85000000
  0.00000020   0.00000148
  0.86000000   0.00000020
  0.00000148   0.87000000
  0.00000020   0.00000148
  0.88000000   0.00000020
  0.00000149   0.89000000
  0.00000020   0.00000149
  0.90000000   0.00000020
  0.00000149   0.91000000
  0.00000020   0.00000149
  0.92000000   0.00000020
  0.00000150   0.93000000
  0.00000020   0.00000150
  0.94000000   0.00000020
  0.00000150   0.95000000
  0.00000020   0.00000150
  0.96000000   0.00000020
  0.00000150   0.97000000
  0.00000020   0.00000150
  0.98000000   0.00000020
  0.00000150   0.99000000
  0.00000020   0.00000150
  1.00000000   0.00000019
  0.00000150   1.01000000
  0.00000019   0.00000150
  1.02000000   0.00000019
  0.00000150   1.03000000
  0.00000019   0.00000150
  1.04000000   0.00000019
  0.00000149   1.05000000
  0.00000019   0.00000149
  1.06000000   0.00000019
  0.00000149   1.07000000
  0.00000019   0.00000149
  1.08000000   0.00000019
  0.00000148   1.09000000
  0.00000019   0.00000148
  1.10000000   0.00000018
  0.00000147   1.11000000
  0.00000018   0.00000147
  1.12000000   0.00000018
  0.00000147   1.13000000
  0.00000018   0.00000146
  1.14000000   0.00000018
  0.00000145   1.15000000
  0.00000018   0.00000145
  1.16000000   0.00000018
  0.00000144   1.17000000
  0.00000017   0.00000144
  1.18000000   0.00000017
  0.00000143   1.19000000
  0.00000017   0.00000142
  1.20000000   0.00000017
  0.00000141   1.21000000
  0.00000017   0.00000140
  1.22000000   0.00000017
  0.00000140   1.23000000
  0.00000016   0.00000139
  1.24000000   0.00000016
  0.00000138   1.25000000
  0.00000016   0.00000137
  1.26000000   0.00000016
  0.00000136   1.27000000
  0.00000015   0.00000135
  1.28000000   0.00000015
  0.00000134   1.29000000
  0.00000015   0.00000133
  1.30000000   0.00000015
  0.00000132   1.31000000
  0.00000015   0.00000130
  1.32000000   0.00000014
  0.00000129   1.33000000
  0.00000014   0.00000128
  1.34000000   0.00000014
  0.00000127   1.35000000
  0.00000014   0.00000125
  1.36000000   0.00000013
  0.00000124   1.37000000
  0.00000013   0.00000123
  1.38000000   0.00000013
  0.00000121   1.39000000
  0.00000013   0.00000120
  1.40000000   0.00000012
  0.00000118   1.41000000
  0.00000012   0.00000117
  1.42000000   0.00000012
  0.00000115   1.43000000
  0.00000012   0.00000114
  1.44000000   0.00000011
  0.00000112   1.45000000
  0.00000011   0.00000111
  1.46000000   0.00000011
  0.00000109   1.47000000
  0.00000010   0.00000107
  1.48000000   0.00000010
  0.00000106   1.49000000
  0.00000010   0.00000104
  1.50000000   0.00000009
  0.00000102   1.51000000
  0.00000009   0.00000100
  1.52000000   0.00000009
  0.00000098   1.53000000
  0.00000009   0.00000097
  1.54000000   0.00000008
  0.00000095   1.55000000
  0.00000008   0.00000093
  1.56000000   0.00000008
  0.00000091   1.57000000
  0.00000007   0.00000089
  1.58000000   0.00000007
  0.00000087   1.59000000
  0.00000007   0.00000085
  1.60000000   0.00000006
  0.00000083   1.61000000
  0.00000006   0.00000081
  1.62000000   0.00000006
  0.00000078   1.63000000
  0.00000005   0.00000076
  1.64000000   0.00000005
  0.00000074   1.65000000
  0.00000005   0.00000072
  1.66000000   0.00000004
  0.00000070   1.67000000
  0.00000004   0.00000067
  1.68000000   0.00000004
  0.00000065   1.69000000
  0.00000003   0.00000063
  1.70000000   0.00000003
  0.00000060   1.71000000
  0.00000003   0.00000058
  1.72000000   0.00000002
  0.00000056   1.73000000
  0.00000002   0.00000053
  1.74000000   0.00000002
  0.00000051   1.75000000
  0.00000001   0.00000049
  1.76000000   0.00000001
  0.00000046   1.77000000
  0.00000000   0.00000044
  1.78000000   0.00000000
  0.00000041   1.79000000
 -0.00000000   0.00000039
  1.80000000  -0.00000001
  0.00000036   1.81000000
 -0.00000001   0.00000033
  1.82000000  -0.00000001
  0.00000031   1.83000000
 -0.00000002   0.00000028
  1.84000000  -0.00000002
  0.00000026   1.85000000
 -0.00000002   0.00000023
  1.86000000  -0.00000003
  0.00000020   1.87000000
 -0.00000003   0.00000018
  1.88000000  -0.00000003
  0.00000015   1.89000000
 -0.00000004   0.00000012
  1.90000000  -0.00000004
  0.00000010   1.91000000
 -0.00000004   0.00000007
  1.92000000  -0.00000005
  0.00000004   1.93000000
 -0.00000005   0.00000002
  1.94000000  -0.00000005
 -0.00000001   1.95000000
 -0.00000006  -0.00000004
  1.96000000  -0.00000006
 -0.00000007   1.97000000
 -0.00000006  -0.00000009
  1.98000000  -0.00000007
 -0.00000012   1.99000000
 -0.00000007  -0.00000015
  2.00000000  -0.00000007
 -0.00000018   2.01000000
 -0.00000008  -0.00000020
  2.02000000  -0.00000008
 -0.00000023   2.03000000
 -0.00000008  -0.00000026
  2.04000000  -0.00000008
 -0.00000029   2.05000000
 -0.00000009  -0.00000032
  2.06000000  -0.00000009
 -0.00000035   2.07000000
 -0.00000009  -0.00000037
  2.08000000  -0.00000010
 -0.00000040   2.09000000
 -0.00000010  -0.00000043
  2.10000000  -0.00000010
 -0.00000046   2.11000000
 -0.00000010  -0.00000049
  2.12000000  -0.00000011
 -0.00000051   2.13000000
 -0.00000011  -0.00000054
  2.14000000  -0.00000011
 -0.00000057   2.15000000
 -0.00000012  -0.00000060
  2.16000000  -0.00000012
 -0.00000063   2.17000000
 -0.00000012  -0.00000065
  2.18000000  -0.00000012
 -0.00000068   2.19000000
 -0.00000012  -0.00000071
  2.20000000  -0.00000013
 -0.00000074   2.21000000
 -0.00000013  -0.00000076
  2.22000000  -0.00000013
 -0.00000079   2.23000000
 -0.00000013  -0.00000082
  2.24000000  -0.00000013
 -0.00000085   2.25000000
 -0.00000014  -0.00000087
  2.26000000  -0.00000014
 -0.00000090   2.27000000
 -0.00000014  -0.00000093
  2.28000000  -0.00000014
 -0.00000095   2.29000000
 -0.00000014  -0.00000098
  2.30000000  -0.00000014
 -0.00000101   2.31000000
 -0.00000015  -0.00000103
  2.32000000  -0.00000015
 -0.00000106   2.33000000
 -0.00000015  -0.00000109
  2.34000000  -0.00000015
 -0.00000111   2.35000000
 -0.00000015  -0.00000114
  2.36000000  -0.00000015
 -0.00000116   2.37000000
 -0.00000015  -0.00000119
  2.38000000  -0.00000015
 -0.00000121   2.39000000
 -0.00000015  -0.00000124
  2.40000000  -0.00000015
 -0.00000126   2.41000000
 -0.00000015  -0.00000128
  2.42000000  -0.00000015
 -0.00000131   2.43000000
 -0.00000015  -0.00000133
  2.44000000  -0.00000015
 -0.00000135   2.45000000
 -0.00000015  -0.00000138
  2.46000000  -0.00000015
 -0.00000140   2.47000000
 -0.00000015  -0.00000142
  2.48000000  -0.00000015
 -0.00000144   2.49000000
 -0.00000015  -0.00000146
  2.50000000  -0.00000015
 -0.00000148   2.51000000
 -0.00000015  -0.00000150
  2.52000000  -0.00000015
 -0.00000152   2.53000000
 -0.00000015  -0.00000154
  2.54000000  -0.00000014
 -0.00000156   2.55000000
 -0.00000014  -0.00000158
  2.56000000  -0.00000014
 -0.00000160   2.57000000
 -0.00000014  -0.00000162
  2.58000000  -0.00000014
 -0.00000164   2.59000000
 -0.00000014  -0.00000165
  2.60000000  -0.00000013
 -0.00000167   2.61000000
 -0.00000013  -0.00000168
  2.62000000  -0.00000013
 -0.00000170   2.63000000
 -0.00000013  -0.00000172
  2.64000000  -0.00000012
 -0.00000173   2.65000000
 -0.00000012  -0.00000174
  2.66000000  -0.00000012
 -0.00000176   2.67000000
 -0.00000011  -0.00000177
  2.68000000  -0.00000011
 -0.00000178   2.69000000
 -0.00000010  -0.00000179
  2.70000000  -0.00000010
 -0.00000180   2.71000000
 -0.00000010  -0.00000181
  2.72000000  -0.00000009
 -0.00000182   2.73000000
 -0.00000009  -0.00000183
  2.74000000  -0.00000008
 -0.00000184   2.75000000
 -0.00000008  -0.00000185
  2.76000000  -0.00000007
 -0.00000186   2.77000000
 -0.00000007  -0.00000186
  2.78000000  -0.00000006
 -0.00000187   2.79000000
 -0.00000006  -0.00000187
  2.80000000  -0.00000005
 -0.00000188   2.81000000
 -0.00000004  -0.00000188
  2.82000000  -0.00000004
 -0.00000189   2.83000000
 -0.00000003  -0.00000189
  2.84000000  -0.00000002
 -0.00000189   2.85000000
 -0.00000002  -0.00000189
  2.86000000  -0.00000001
 -0.00000189   2.87000000
 -0.00000000  -0.00000189
  2.88000000   0.00000001
 -0.00000189   2.89000000
  0.00000002  -0.00000188
  2.90000000   0.00000002
 -0.00000188   2.91000000
  0.00000003  -0.00000187
  2.92000000   0.00000004
 -0.00000187   2.93000000
  0.00000005  -0.00000186
  2.94000000   0.00000006
 -0.00000185   2.95000000
  0.00000007  -0.00000185
  2.96000000   0.00000008
 -0.00000184   2.97000000
  0.00000009  -0.00000183
  2.98000000   0.00000010
 -0.00000182   2.99000000
  0.00000011  -0.00000180
  3.00000000   0.00000012
 -0.00000179   3.01000000
  0.00000013  -0.00000178
  3.02000000   0.00000014
 -0.00000176   3.03000000
  0.00000016  -0.00000174
  3.04000000   0.00000017
 -0.00000173   3.05000000
  0.00000018  -0.00000171
  3.06000000   0.00000019
 -0.00000169   3.07000000
  0.00000021  -0.00000167
  3.08000000   0.00000022
 -0.00000165   3.09000000
  0.00000023  -0.00000162
  3.10000000   0.00000025
 -0.00000160   3.11000000
  0.00000026  -0.00000157
  3.12000000   0.00000028
 -0.00000155   3.13000000
  0.00000029  -0.00000152
  3.14000000   0.00000031
 -0.00000149   3.15000000
  0.00000032  -0.00000146
  3.16000000   0.00000034
 -0.00000143   3.17000000
  0.00000035  -0.00000140
  3.18000000   0.00000037
 -0.00000136   3.19000000
  0.00000039  -0.00000133
  3.20000000   0.00000040
 -0.00000129   3.21000000
  0.00000042  -0.00000125
  3.22000000   0.00000044
 -0.00000121   3.23000000
  0.00000046  -0.00000117
  3.24000000   0.00000048
 -0.00000113   3.25000000
  0.00000049  -0.00000109
  3.26000000   0.00000051
 -0.00000104   3.27000000
  0.00000053  -0.00000100
  3.28000000   0.00000055
 -0.00000095   3.29000000
  0.00000057  -0.00000090
  3.30000000   0.00000059
 -0.00000085   3.31000000
  0.00000062  -0.00000080
  3.32000000   0.00000064
 -0.00000074   3.33000000
  0.00000066  -0.00000069
  3.34000000   0.00000068
 -0.00000063   3.35000000
  0.00000070  -0.00000057
  3.36000000   0.00000073
 -0.00000051   3.37000000
  0.00000075  -0.00000045
  3.38000000   0.00000078
 -0.00000039   3.39000000
  0.00000080  -0.00000032
  3.40000000   0.00000082
 -0.00000026   3.41000000
  0.00000085  -0.00000019
  3.42000000   0.00000088
 -0.00000012   3.43000000
  0.00000090  -0.00000005
  3.44000000   0.00000093
  0.00000003   3.45000000
  0.00000096   0.00000010
  3.46000000   0.00000098
  0.00000018   3.47000000
  0.00000101   0.00000026
  3.48000000   0.00000104
  0.00000034   3.49000000
  0.00000107   0.00000042
  3.50000000   0.00000110
  0.00000051   3.51000000
  0.00000113   0.00000059
  3.52000000   0.00000116
  0.00000068   3.53000000
  0.00000119   0.00000077
  3.54000000   0.00000122
  0.00000086   3.55000000
  0.00000125   0.00000096
  3.56000000   0.00000128
  0.00000105   3.57000000
  0.00000131   0.00000115
  3.58000000   0.00000135
  0.00000125   3.59000000
  0.00000138   0.00000135
  3.60000000   0.00000141
  0.00000145   3.61000000
  0.00000145   0.00000156
  3.62000000   0.00000148
  0.00000167   3.63000000
  0.00000152   0.00000178
  3.64000000   0.00000156
  0.00000189   3.65000000
  0.00000159   0.00000200
  3.66000000   0.00000163
  0.00000212   3.67000000
  0.00000167   0.00000224
  3.68000000   0.00000171
  0.00000236   3.69000000
  0.00000174   0.00000248
  3.70000000   0.00000178
  0.00000261   3.71000000
  0.00000182   0.00000274
  3.72000000   0.00000186
  0.00000287   3.73000000
  0.00000190   0.00000300
  3.74000000   0.00000194
  0.00000313   3.75000000
  0.00000198   0.00000328
  3.76000000   0.00000200
  0.00000344   3.77000000
  0.00000201   0.00000362
  3.78000000   0.00000202
  0.00000381   3.79000000
  0.00000202   0.00000401
  3.80000000   0.00000201
  0.00000422   3.81000000
  0.00000201   0.00000444
  3.82000000   0.00000200
  0.00000467   3.83000000
  0.00000199   0.00000491
  3.84000000   0.00000198
  0.00000516   3.85000000
  0.00000197   0.00000542
  3.86000000   0.00000196
  0.00000568   3.87000000
  0.00000195   0.00000595
  3.88000000   0.00000195
  0.00000623   3.89000000
  0.00000195   0.00000651
  3.90000000   0.00000195
  0.00000680   3.91000000
  0.00000196   0.00000710
  3.92000000   0.00000197
  0.00000741   3.93000000
  0.00000199   0.00000772
  3.94000000   0.00000201
  0.00000804   3.95000000
  0.00000204   0.00000837
  3.96000000   0.00000208
  0.00000870   3.97000000
  0.00000212   0.00000905
  3.98000000   0.00000216
  0.00000940   3.99000000
  0.00000221   0.00000977
  4.00000000   0.00000227
  0.00001014   4.01000000
  0.00000233   0.00001053
  4.02000000   0.00000240
  0.00001093   4.03000000
  0.00000247   0.00001134
  4.04000000   0.00000255
  0.00001177   4.05000000
  0.00000263   0.00001221
  4.06000000   0.00000271
  0.00001267   4.07000000
  0.00000279   0.00001315
  4.08000000   0.00000288
  0.00001365   4.09000000
  0.00000297   0.00001416
  4.10000000   0.00000305
  0.00001470   4.11000000
  0.00000314   0.00001527
  4.12000000   0.00000322
  0.00001586   4.13000000
  0.00000330   0.00001648
  4.14000000   0.00000338
  0.00001713   4.15000000
  0.00000345   0.00001781
  4.16000000   0.00000351
  0.00001852   4.17000000
  0.00000357   0.00001926
  4.18000000   0.00000361
  0.00002005   4.19000000
  0.00000365   0.00002087
  4.20000000   0.00000367
  0.00002174   4.21000000
  0.00000368   0.00002265
  4.22000000   0.00000367
  0.00002361   4.23000000
  0.00000364   0.00002462
  4.24000000   0.00000360
  0.00002567   4.25000000
  0.00000353   0.00002679
  4.26000000   0.00000344
  0.00002796   4.27000000
  0.00000332   0.00002919
  4.28000000   0.00000318
  0.00003048   4.29000000
  0.00000300   0.00003184
  4.30000000   0.00000280
  0.00003327   4.31000000
  0.00000255   0.00003478
  4.32000000   0.00000228
  0.00003635   4.33000000
  0.00000196   0.00003801
  4.34000000   0.00000160
  0.00003975   4.35000000
  0.00000119   0.00004158
  4.36000000   0.00000074
  0.00004349   4.37000000
  0.00000024   0.00004550
  4.38000000  -0.00000031
  0.00004760   4.39000000
 -0.00000093   0.00004980
  4.40000000  -0.00000160
  0.00005211   4.41000000
 -0.00000233   0.00005453
  4.42000000  -0.00000312
  0.00005706   4.43000000
 -0.00000399   0.00005970
  4.44000000  -0.00000492
  0.00006247   4.45000000
 -0.00000593   0.00006536
  4.46000000  -0.00000702
  0.00006838   4.47000000
 -0.00000819   0.00007153
  4.48000000  -0.00000945
  0.00007483   4.49000000
 -0.00001079   0.00007826
  4.50000000  -0.00001223
  0.00008184   4.51000000
 -0.00001376   0.00008557
  4.52000000  -0.00001540
  0.00008946   4.53000000
 -0.00001713   0.00009351
  4.54000000  -0.00001898
  0.00009773   4.55000000
 -0.00002093   0.00010212
  4.56000000  -0.00002301
  0.00010669   4.57000000
 -0.00002520   0.00011144
  4.58000000  -0.00002756
  0.00011640   4.59000000
 -0.00003008   0.00012158
  4.60000000  -0.00003277
  0.00012700   4.61000000
 -0.00003566   0.00013265
  4.62000000  -0.00003873
  0.00013855   4.63000000
 -0.00004202   0.00014471
  4.64000000  -0.00004553
  0.00015115   4.65000000
 -0.00004927   0.00015786
  4.66000000  -0.00005327
  0.00016488   4.67000000
 -0.00005754   0.00017220
  4.68000000  -0.00006209
  0.00017984   4.69000000
 -0.00006694   0.00018782
  4.70000000  -0.00007212
  0.00019616   4.71000000
 -0.00007765   0.00020486
  4.72000000  -0.00008355
  0.00021394   4.73000000
 -0.00008984   0.00022342
  4.74000000  -0.00009654
  0.00023333   4.75000000
 -0.00010369   0.00024366
  4.76000000  -0.00011131
  0.00025446   4.77000000
 -0.00011942   0.00026572
  4.78000000  -0.00012807
  0.00027748   4.79000000
 -0.00013727   0.00028975
  4.80000000  -0.00014706
  0.00030256   4.81000000
 -0.00015750   0.00031593
  4.82000000  -0.00016862
  0.00032989   4.83000000
 -0.00018045   0.00034445
  4.84000000  -0.00019304
  0.00035965   4.85000000
 -0.00020642   0.00037550
  4.86000000  -0.00022065
  0.00039205   4.87000000
 -0.00023577   0.00040930
  4.88000000  -0.00025184
  0.00042730   4.89000000
 -0.00026891   0.00044607
  4.90000000  -0.00028707
  0.00046564   4.91000000
 -0.00030637   0.00048606
  4.92000000  -0.00032688
  0.00050735   4.93000000
 -0.00034870   0.00052954
  4.94000000  -0.00037189
  0.00055269   4.95000000
 -0.00039655   0.00057682
  4.96000000  -0.00042277
  0.00060198   4.97000000
 -0.00045065   0.00062820
  4.98000000  -0.00048028
  0.00065553   4.99000000
 -0.00051177   0.00068402
  5.00000000  -0.00054523
  0.00071371   5.01000000
 -0.00058078   0.00074464
  5.02000000  -0.00061854
  0.00077687   5.03000000
 -0.00065863   0.00081044
  5.04000000  -0.00070126
  0.00084541   5.05000000
 -0.00074658   0.00088184
  5.06000000  -0.00079471
  0.00091977   5.07000000
 -0.00084581   0.00095926
  5.08000000  -0.00090003
  0.00100038   5.09000000
 -0.00095756   0.00104317
  5.10000000  -0.00101861
  0.00108770   5.11000000
 -0.00108338   0.00113404
  5.12000000  -0.00115212
  0.00118223   5.13000000
 -0.00122508   0.00123236
  5.14000000  -0.00130252
  0.00128447   5.15000000
 -0.00138473   0.00133865
  5.16000000  -0.00147202
  0.00139496   5.17000000
 -0.00156470   0.00145347
  5.18000000  -0.00166313
  0.00151424   5.19000000
 -0.00176765   0.00157737
  5.20000000  -0.00187864
  0.00164291   5.21000000
 -0.00199649   0.00171095
  5.22000000  -0.00212161
  0.00178156   5.23000000
 -0.00225443   0.00185483
  5.24000000  -0.00239539
  0.00193082   5.25000000
 -0.00254494   0.00200963
  5.26000000  -0.00270361
  0.00209134   5.27000000
 -0.00287217   0.00217598
  5.28000000  -0.00305114
  0.00226365   5.29000000
 -0.00324106   0.00235444
  5.30000000  -0.00344253
  0.00244843   5.31000000
 -0.00365621   0.00254570
  5.32000000  -0.00388282
  0.00264632   5.33000000
 -0.00412316   0.00275034
  5.34000000  -0.00437807
  0.00285783   5.35000000
 -0.00464847   0.00296883
  5.36000000  -0.00493535
  0.00308337   5.37000000
 -0.00523975   0.00320150
  5.38000000  -0.00556279
  0.00332324   5.39000000
 -0.00590562   0.00344860
  5.40000000  -0.00626951
  0.00357760   5.41000000
 -0.00665574   0.00371023
  5.42000000  -0.00706569
  0.00384650   5.43000000
 -0.00750078   0.00398640
  5.44000000  -0.00796252
  0.00412990   5.45000000
 -0.00845246   0.00427698
  5.46000000  -0.00897223
  0.00442760   5.47000000
 -0.00952355   0.00458172
  5.48000000  -0.01010894
  0.00473902   5.49000000
 -0.01073045   0.00489938
  5.50000000  -0.01138990
  0.00506277   5.51000000
 -0.01208937   0.00522909
  5.52000000  -0.01283114
  0.00539815   5.53000000
 -0.01361772   0.00556971
  5.54000000  -0.01445185
  0.00574346   5.55000000
 -0.01533647   0.00591902
  5.56000000  -0.01627477
  0.00609593   5.57000000
 -0.01727014   0.00627367
  5.58000000  -0.01832621
  0.00645164   5.59000000
 -0.01944682   0.00662919
  5.60000000  -0.02063603
  0.00680559   5.61000000
 -0.02189813   0.00698003
  5.62000000  -0.02323763
  0.00715165   5.63000000
 -0.02465926   0.00731951
  5.64000000  -0.02616799
  0.00748260   5.65000000
 -0.02776898   0.00763985
  5.66000000  -0.02946763
  0.00779010   5.67000000
 -0.03126956   0.00793214
  5.68000000  -0.03318090
  0.00806452   5.69000000
 -0.03520919   0.00818501
  5.70000000  -0.03736129
  0.00829187   5.71000000
 -0.03964441   0.00838319
  5.72000000  -0.04206639
  0.00845677   5.73000000
 -0.04463569   0.00851009
  5.74000000  -0.04736135
  0.00854033   5.75000000
 -0.05025303   0.00854437
  5.76000000  -0.05332100
  0.00851878   5.77000000
 -0.05657614   0.00845982
  5.78000000  -0.06002994
  0.00836346   5.79000000
 -0.06369447   0.00822535
  5.80000000  -0.06758244
  0.00804086   5.81000000
 -0.07170716   0.00780502
  5.82000000  -0.07608322
  0.00751200   5.83000000
 -0.08072596   0.00715553
  5.84000000  -0.08565108
  0.00672926   5.85000000
 -0.09087550   0.00622603
  5.86000000  -0.09641726
  0.00563793   5.87000000
 -0.10229562   0.00495620
  5.88000000  -0.10853099
  0.00417133   5.89000000
 -0.11514497   0.00327300
  5.90000000  -0.12216031
  0.00225010   5.91000000
 -0.12960096   0.00109073
  5.92000000  -0.13749216
 -0.00021799   5.93000000
 -0.14586110  -0.00169076
  5.94000000  -0.15473561
 -0.00334223   5.95000000
 -0.16414514  -0.00518846
  5.96000000  -0.17412089
 -0.00724714   5.97000000
 -0.18469585  -0.00953767
  5.98000000  -0.19590481
 -0.01208112   5.99000000
 -0.20778432  -0.01490025
  6.00000000  -0.22037272
 -0.01801950   6.01000000
 -0.23371012  -0.02146499
  6.02000000  -0.24783843
 -0.02526449   6.03000000
 -0.26280039  -0.02944836
  6.04000000  -0.27864151
 -0.03404930   6.05000000
 -0.29541042  -0.03910148
  6.06000000  -0.31315641
 -0.04464176   6.07000000
 -0.33192943  -0.05070966
  6.08000000  -0.35178010
 -0.05734740   6.09000000
 -0.37275966  -0.06459989
  6.10000000  -0.39492005
 -0.07251472   6.11000000
 -0.41831382  -0.08114218
  6.12000000  -0.44299420
 -0.09053522   6.13000000
 -0.46901508  -0.10074949
  6.14000000  -0.49642237
 -0.11183908   6.15000000
 -0.52525258  -0.12385802
  6.16000000  -0.55556893
 -0.13687901   6.17000000
 -0.58742311  -0.15097255
  6.18000000  -0.62085286
 -0.16620564   6.19000000
 -0.65588193  -0.18264182
  6.20000000  -0.69252012
 -0.20034113   6.21000000
 -0.73076325  -0.21936010
  6.22000000  -0.77059318
 -0.23975181   6.23000000
 -0.81197777  -0.26156582
  6.24000000  -0.85487094
 -0.28484824   6.25000000
 -0.89921263  -0.30964166
  6.26000000  -0.94492882
 -0.33598520   6.27000000
 -0.99195740  -0.36391584
  6.28000000  -1.04020293
 -0.39344611   6.29000000
 -1.08942736  -0.42455019
  6.30000000  -1.13938142
 -0.45718580   6.31000000
 -1.18981073  -0.49129498
  6.32000000  -1.24045581
 -0.52680409   6.33000000
 -1.29105206  -0.56362380
  6.34000000  -1.34132981
 -0.60164910   6.35000000
 -1.39101424  -0.64075930
  6.36000000  -1.43982544
 -0.68081804   6.37000000
 -1.48747841  -0.72167326
  6.38000000  -1.53368301
 -0.76315723   6.39000000
 -1.57814401  -0.80508653
  6.40000000  -1.62056109
 -0.84726207   6.41000000
 -1.66062880  -0.88946908
  6.42000000  -1.69813856
 -0.93156056   6.43000000
 -1.73300785  -0.97342186
  6.44000000  -1.76511972
 -1.01487215   6.45000000
 -1.79438677  -1.05575254
  6.46000000  -1.82075128
 -1.09592616   6.47000000
 -1.84418518  -1.13527825
  6.48000000  -1.86469011
 -1.17371606   6.49000000
 -1.88229736  -1.21116890
  6.50000000  -1.89706789
 -1.24758816   6.51000000
 -1.90909236  -1.28294727
  6.52000000  -1.91849108
 -1.31724170   6.53000000
 -1.92541405  -1.35048901
  6.54000000  -1.93004093
 -1.38272878   6.55000000
 -1.93258106  -1.41402266
  6.56000000  -1.93327347
 -1.44445437   6.57000000
 -1.93236184  -1.47411811
  6.58000000  -1.92990108
 -1.50301532   6.59000000
 -1.92595856  -1.53113915
  6.60000000  -1.92062327
 -1.55849913   6.61000000
 -1.91398715  -1.58511421
  6.62000000  -1.90614507
 -1.61101282   6.63000000
 -1.89719489  -1.63623281
  6.64000000  -1.88723738
 -1.66082145   6.65000000
 -1.87637629  -1.68483549
  6.66000000  -1.86471830
 -1.70834109   6.67000000
 -1.85237267  -1.73141344
  6.68000000  -1.83941151
 -1.75409279   6.69000000
 -1.82585615  -1.77637045
  6.70000000  -1.81173084
 -1.79824451   6.71000000
 -1.79706283  -1.81971895
  6.72000000  -1.78188243
 -1.84080365   6.73000000
 -1.76622295  -1.86151439
  6.74000000  -1.75012073
 -1.88187287   6.75000000
 -1.73361516  -1.90190667
  6.76000000  -1.71674865
 -1.92164930   6.77000000
 -1.69956662  -1.94114014
  6.78000000  -1.68211591
 -1.96042772   6.79000000
 -1.66440565  -1.97951775
  6.80000000  -1.64642112
 -1.99837596   6.81000000
 -1.62815229  -2.01697543
  6.82000000  -1.60959414
 -2.03529723   6.83000000
 -1.59074664  -2.05333040
  6.84000000  -1.57161476
 -2.07107200   6.85000000
 -1.55220848  -2.08852706
  6.86000000  -1.53254276
 -2.10570860   6.87000000
 -1.51263759  -2.12263764
  6.88000000  -1.49251794
 -2.13934318   6.89000000
 -1.47221378  -2.15586220
  6.90000000  -1.45176010
 -2.17223970   6.91000000
 -1.43117772  -2.18851270
  6.92000000  -1.41044160
 -2.20464769   6.93000000
 -1.38953123  -2.22059602
  6.94000000  -1.36843067
 -2.23631811   6.95000000
 -1.34712846  -2.25178350
  6.96000000  -1.32561764
 -2.26697077   6.97000000
 -1.30389571  -2.28186763
  6.98000000  -1.28196464
 -2.29647085   6.99000000
 -1.25983090  -2.31078633
  7.00000000  -1.23750542
 -2.32482900   7.01000000
 -1.21500363  -2.33862293
  7.02000000  -1.19234540
 -2.35220126   7.03000000
 -1.16955513  -2.36560621
  7.04000000  -1.14666165
 -2.37888910   7.05000000
 -1.12368213  -2.39209550
  7.06000000  -1.10058887
 -2.40518634   7.07000000
 -1.07736311  -2.41809714
  7.08000000  -1.05399034
 -2.43077460   7.09000000
 -1.03045977  -2.44317668
  7.10000000  -1.00676429
 -2.45527257   7.11000000
 -0.98290048  -2.46704270
  7.12000000  -0.95886859
 -2.47847872   7.13000000
 -0.93467260  -2.48958354
  7.14000000  -0.91032014
 -2.50037130   7.15000000
 -0.88582256  -2.51086739
  7.16000000  -0.86119486
 -2.52110841   7.17000000
 -0.83645577  -2.53114222
  7.18000000  -0.81162770
 -2.54102792   7.19000000
 -0.78673630  -2.55083533
  7.20000000  -0.76177096
 -2.56057178   7.21000000
 -0.73670701  -2.57015643
  7.22000000  -0.71153576
 -2.57952233   7.23000000
 -0.68625069  -2.58861518
  7.24000000  -0.66084752
 -2.59739332   7.25000000
 -0.63532412  -2.60582774
  7.26000000  -0.60968059
 -2.61390205   7.27000000
 -0.58391920  -2.62161250
  7.28000000  -0.55804443
 -2.62896799   7.29000000
 -0.53206294  -2.63599004
  7.30000000  -0.50598361
 -2.64271282   7.31000000
 -0.47981747  -2.64918314
  7.32000000  -0.45357779
 -2.65546044   7.33000000
 -0.42728001  -2.66161679
  7.34000000  -0.40093320
 -2.66771718   7.35000000
 -0.37451372  -2.67369815
  7.36000000  -0.34801910
 -2.67947835   7.37000000
 -0.32145044  -2.68499367
  7.38000000  -0.29480924
 -2.69019373   7.39000000
 -0.26809738  -2.69504184
  7.40000000  -0.24131713
 -2.69951503   7.41000000
 -0.21447117  -2.70360402
  7.42000000  -0.18756256
 -2.70731325   7.43000000
 -0.16059474  -2.71066088
  7.44000000  -0.13357157
 -2.71367875   7.45000000
 -0.10649729  -2.71641243
  7.46000000  -0.07937652
 -2.71892119   7.47000000
 -0.05221429  -2.72127800
  7.48000000  -0.02501457
 -2.72356521   7.49000000
  0.00223792  -2.72575719
  7.50000000   0.02953935
 -2.72776080   7.51000000
  0.05687873  -2.72950545
  7.52000000   0.08424674
 -2.73093511   7.53000000
  0.11163569  -2.73200827
  7.54000000   0.13903953
 -2.73269799   7.55000000
  0.16645387  -2.73299186
  7.56000000   0.19387595
 -2.73289201   7.57000000
  0.22130467  -2.73241513
  7.58000000   0.24874056
 -2.73159244   7.59000000
  0.27618582  -2.73046970
  7.60000000   0.30364427
 -2.72910723   7.61000000
  0.33112138  -2.72757988
  7.62000000   0.35862462
 -2.72597530   7.63000000
  0.38616703  -2.72428345
  7.64000000   0.41373358
 -2.72240584   7.65000000
  0.44130232  -2.72026938
  7.66000000   0.46885523
 -2.71781613   7.67000000
  0.49637814  -2.71500319
  7.68000000   0.52386079
 -2.71180281   7.69000000
  0.55129681  -2.70820232
  7.70000000   0.57868371
 -2.70420414   7.71000000
  0.60602288  -2.69982580
  7.72000000   0.63331962
 -2.69509994   7.73000000
  0.66058310  -2.69007429
  7.74000000   0.68782638
 -2.68481168   7.75000000
  0.71506643  -2.67939003
  7.76000000   0.74232425
 -2.67389850   7.77000000
  0.76960957  -2.66831291
  7.78000000   0.79689064
 -2.66253506   7.79000000
  0.82413442  -2.65649267
  7.80000000   0.85131426
 -2.65012894   7.81000000
  0.87840988  -2.64340259
  7.82000000   0.90540737
 -2.63628780   7.83000000
  0.93229916  -2.62877425
  7.84000000   0.95908409
 -2.62086711   7.85000000
  0.98576735  -2.61258704
  7.86000000   1.01236049
 -2.60397020   7.87000000
  1.03888145  -2.59506822
  7.88000000   1.06535452
 -2.58594825   7.89000000
  1.09181037  -2.57669289
  7.90000000   1.11828388
 -2.56738551   7.91000000
  1.14476684  -2.55796442
  7.92000000   1.17120943
 -2.54833806   7.93000000
  1.19756868  -2.53843877
  7.94000000   1.22381068
 -2.52821437   7.95000000
  1.24991049  -2.51762822
  7.96000000   1.27585225
 -2.50665919   7.97000000
  1.30162908  -2.49530165
  7.98000000   1.32724315
 -2.48356549   7.99000000
  1.35270566  -2.47147613
  8.00000000   1.37803682
 -2.45907449   8.01000000
  1.40326587  -2.44641699
  8.02000000   1.42843109
 -2.43357560   8.03000000
  1.45357975  -2.42063777
  8.04000000   1.47874851
 -2.40765230   8.05000000
  1.50388893  -2.39451786
  8.06000000   1.52893995
 -2.38115979   8.07000000
  1.55385233  -2.36752004
  8.08000000   1.57858847
 -2.35355545   8.09000000
  1.60312238  -2.33923779
  8.10000000   1.62743972
 -2.32455376   8.11000000
  1.65153773  -2.30950496
  8.12000000   1.67542531
 -2.29410794   8.13000000
  1.69912297  -2.27839416
  8.14000000   1.72266284
 -2.26241000   8.15000000
  1.74608868  -2.24621676
  8.16000000   1.76945587
 -2.22989067   8.17000000
  1.79282781  -2.21351480
  8.18000000   1.81618941
 -2.19704251   8.19000000
  1.83946162  -2.18038737
  8.20000000   1.86257956
 -2.16349016   8.21000000
  1.88549259  -2.14630568
  8.22000000   1.90816434
 -2.12880267   8.23000000
  1.93057268  -2.11096389
  8.24000000   1.95270972
 -2.09278608   8.25000000
  1.97458184  -2.07427994
  8.26000000   1.99620964
 -2.05547018   8.27000000
  2.01762799  -2.03639547
  8.28000000   2.03888601
 -2.01710849   8.29000000
  2.06004705  -1.99767589
  8.30000000   2.08118862
 -1.97817808   8.31000000
  2.10233236  -1.95861680
  8.32000000   2.12338686
 -1.93890282   8.33000000
  2.14427258  -1.91898039
  8.34000000   2.16492679
 -1.89880639   8.35000000
  2.18530362  -1.87835039
  8.36000000   2.20537405
 -1.85759461   8.37000000
  2.22512589  -1.83653392
  8.38000000   2.24456378
 -1.81517585   8.39000000
  2.26370921  -1.79354060
  8.40000000   2.28260054
 -1.77166101   8.41000000
  2.30129292  -1.74958259
  8.42000000   2.31985838
 -1.72736350   8.43000000
  2.33838577  -1.70507457
  8.44000000   2.35691976
 -1.68273616   8.45000000
  2.37535852  -1.66026530
  8.46000000   2.39361005
 -1.63761360   8.47000000
  2.41160185  -1.61474381
  8.48000000   2.42928075
 -1.59162963   8.49000000
  2.44661291  -1.56825568
  8.50000000   2.46358380
 -1.54461750   8.51000000
  2.48019826  -1.52072157
  8.52000000   2.49648042
 -1.49658529   8.53000000
  2.51247377  -1.47223699
  8.54000000   2.52824111
 -1.44771594   8.55000000
  2.54386458  -1.42307231
  8.56000000   2.55944566
 -1.39836722   8.57000000
  2.57503046  -1.37361389
  8.58000000   2.59050204
 -1.34874102   8.59000000
  2.60575986  -1.32371124
  8.60000000   2.62072512
 -1.29849611   8.61000000
  2.63534073  -1.27307597
  8.62000000   2.64957121
 -1.24744000   8.63000000
  2.66340276  -1.22158614
  8.64000000   2.67684325
 -1.19552116   8.65000000
  2.68992216  -1.16926061
  8.66000000   2.70269069
 -1.14282886   8.67000000
  2.71522165  -1.11625906
  8.68000000   2.72760952
 -1.08959318   8.69000000
  2.73996984  -1.06288150
  8.70000000   2.75231691
 -1.03611300   8.71000000
  2.76451762  -1.00923606
  8.72000000   2.77646770
 -0.98222654   8.73000000
  2.78808667  -0.95506659
  8.74000000   2.79931778
 -0.92774465   8.75000000
  2.81012805  -0.90025544
  8.76000000   2.82050828
 -0.87259999   8.77000000
  2.83047302  -0.84478561
  8.78000000   2.84006058
 -0.81682589   8.79000000
  2.84933304  -0.78874074
  8.80000000   2.85837625
 -0.76055634   8.81000000
  2.86729981  -0.73230515
  8.82000000   2.87622457
 -0.70401957   8.83000000
  2.88509172  -0.67566536
  8.84000000   2.89376409
 -0.64721842   8.85000000
  2.90213916  -0.61866847
  8.86000000   2.91014002
 -0.59000863   8.87000000
  2.91771534  -0.56123544
  8.88000000   2.92483938
 -0.53234889   8.89000000
  2.93151200  -0.50335236
  8.90000000   2.93775865
 -0.47425267   8.91000000
  2.94363036  -0.44506006
  8.92000000   2.94920375
 -0.41578819   8.93000000
  2.95458105  -0.38645413
  8.94000000   2.95989005
 -0.35707841   8.95000000
  2.96520926  -0.32766280
  8.96000000   2.97039614
 -0.29817910   8.97000000
  2.97532742  -0.26862892
  8.98000000   2.97990843
 -0.23901491   8.99000000
  2.98407156  -0.20933991
  9.00000000   2.98777631
 -0.17960700   9.01000000
  2.99100926  -0.14981950
  9.02000000   2.99378406
 -0.11998094   9.03000000
  2.99614146  -0.09009507
  9.04000000   2.99814930
 -0.06016591   9.05000000
  2.99990249  -0.03019765
  9.06000000   3.00152303
 -0.00019474   9.07000000
  3.00314631   0.02984115
  9.08000000   3.00470554
  0.05992926   9.09000000
  3.00605125   0.09005872
  9.10000000   3.00707454
  0.12021348   9.11000000
  3.00769473   0.15038073
  9.12000000   3.00785933
  0.18055094   9.13000000
  3.00754407   0.21071781
  9.14000000   3.00675286
  0.24087832   9.15000000
  3.00551779   0.27103269
  9.16000000   3.00389919
  0.30118440   9.17000000
  3.00198556   0.33134018
  9.18000000   2.99989360
  0.36151003   9.19000000
  2.99776784   0.39170727
  9.20000000   2.99562802
  0.42195019   9.21000000
  2.99331076   0.45221859
  9.22000000   2.99069730
  0.48248015   9.23000000
  2.98769781   0.51270957
  9.24000000   2.98425133
  0.54288852   9.25000000
  2.98032585   0.57300566
  9.26000000   2.97591825
  0.60305664   9.27000000
  2.97105431   0.63304408
  9.28000000   2.96578872
  0.66297762   9.29000000
  2.96020509   0.69287385
  9.30000000   2.95441592
  0.72275636   9.31000000
  2.94856264   0.75265574
  9.32000000   2.94272127
  0.78260099   9.33000000
  2.93673165   0.81256174
  9.34000000   2.93046765
  0.84248749   9.35000000
  2.92383364   0.87233863
  9.36000000   2.91676336
  0.90208656   9.37000000
  2.90921992   0.93171369
  9.38000000   2.90119580
  0.96121341   9.39000000
  2.89271285   0.99059013
  9.40000000   2.88382226
  1.01985925   9.41000000
  2.87460462   1.04904720
  9.42000000   2.86516988
  1.07819138   9.43000000
  2.85565733   1.10734021
  9.44000000   2.84616817
  1.13653929   9.45000000
  2.83655277   1.16574660
  9.46000000   2.82668035
  1.19489235   9.47000000
  2.81645351   1.22392193
  9.48000000   2.80580419
  1.25279593   9.49000000
  2.79469361   1.28149019
  9.50000000   2.78311236
  1.30999576   9.51000000
  2.77108028   1.33831893
  9.52000000   2.75864659
  1.36648120   9.53000000
  2.74588979   1.39451931
  9.54000000   2.73291770
  1.42248523   9.55000000
  2.71986745   1.45044614
  9.56000000   2.70684423
  1.47846366   9.57000000
  2.69370133   1.50647795
  9.58000000   2.68031133
  1.53440099   9.59000000
  2.66658100   1.56216481
  9.60000000   2.65244548
  1.58972080   9.61000000
  2.63786834   1.61703974
  9.62000000   2.62284158
  1.64411177   9.63000000
  2.60738559   1.67094640
  9.64000000   2.59154919
  1.69757250   9.65000000
  2.57540961   1.72403834
  9.66000000   2.55907249
  1.75041153   9.67000000
  2.54267189   1.77677907
  9.68000000   2.52629144
  1.80320850   9.69000000
  2.50977924   1.82961006
  9.70000000   2.49302118
  1.85588128   9.71000000
  2.47593314   1.88194406
  9.72000000   2.45845795
  1.90774375   9.73000000
  2.44056544   1.93324921
  9.74000000   2.42225240
  1.95845279   9.75000000
  2.40354260   1.98337031
  9.76000000   2.38448678
  2.00804111   9.77000000
  2.36516267   2.03252798
  9.78000000   2.34567495
  2.05691724   9.79000000
  2.32615531   2.08131866
  9.80000000   2.30663247
  2.10577766   9.81000000
  2.28695699   2.13016653
  9.82000000   2.26703271
  2.15437388   9.83000000
  2.24678847   2.17831587
  9.84000000   2.22617819
  2.20193624   9.85000000
  2.20518079   2.22520628
  9.86000000   2.18380024
  2.24812485   9.87000000
  2.16206553   2.27071838
  9.88000000   2.14003070
  2.29304084   9.89000000
  2.11777482   2.31517379
  9.90000000   2.09540199
  2.33722631   9.91000000
  2.07303269   2.35932869
  9.92000000   2.05061253
  2.38145256   9.93000000
  2.02802009   2.40344654
  9.94000000   2.00517743
  2.42519535   9.95000000
  1.98202917   2.44661521
  9.96000000   1.95854247
  2.46765386   9.97000000
  1.93470709   2.48829051
  9.98000000   1.91053528
  2.50853592   9.99000000
