  0.00000010  -0.00000010
-20.00000000   0.00000005
  0.00000007 -19.99000000
 -0.00000001   0.00000025
-19.98000000  -0.00000007
  0.00000044 -19.97000000
 -0.00000012   0.00000060
-19.96000000  -0.00000016
  0.00000072 -19.95000000
 -0.00000018   0.00000079
-19.94000000  -0.00000019
  0.00000081 -19.93000000
 -0.00000019   0.00000076
-19.92000000  -0.00000017
  0.00000066 -19.91000000
 -0.00000013   0.00000050
-19.90000000  -0.00000008
  0.00000030 -19.89000000
 -0.00000003   0.00000007
-19.88000000   0.00000003
 -0.00000018 -19.87000000
  0.00000009  -0.00000042
-19.86000000   0.00000015
 -0.00000062 -19.85000000
  0.00000019  -0.00000077
-19.84000000   0.00000021
 -0.00000082 -19.83000000
  0.00000019  -0.00000074
-19.82000000   0.00000017
 -0.00000053 -19.81000000
  0.00000015  -0.00000027
-19.80000000   0.00000014
  0.00000002 -19.79000000
  0.00000014   0.00000029
-19.78000000   0.00000013
  0.00000051 -19.77000000
  0.00000012   0.00000067
-19.76000000   0.00000011
  0.00000075 -19.75000000
  0.00000010   0.00000074
-19.74000000   0.00000008
  0.00000065 -19.73000000
  0.00000006   0.00000048
-19.72000000   0.00000003
  0.00000024 -19.71000000
  0.00000001  -0.00000003
-19.70000000  -0.00000002
 -0.00000032 -19.69000000
 -0.00000004  -0.00000058
-19.68000000  -0.00000005
 -0.00000078 -19.67000000
 -0.00000005  -0.00000086
-19.66000000  -0.00000004
 -0.00000076 -19.65000000
 -0.00000001  -0.00000059
-19.64000000   0.00000003
 -0.00000040 -19.63000000
  0.00000006  -0.00000023
-19.62000000   0.00000009
 -0.00000009 -19.61000000
  0.00000012   0.00000002
-19.60000000   0.00000012
  0.00000008 -19.59000000
  0.00000011   0.00000010
-19.58000000   0.00000009
  0.00000008 -19.57000000
  0.00000006   0.00000002
-19.56000000   0.00000001
 -0.00000007 -19.55000000
 -0.00000003  -0.00000017
-19.54000000  -0.00000007
 -0.00000025 -19.53000000
 -0.00000010  -0.00000031
-19.52000000  -0.00000010
 -0.00000030 -19.51000000
 -0.00000007  -0.00000024
-19.50000000  -0.00000004
 -0.00000017 -19.49000000
 -0.00000000  -0.00000010
-19.48000000   0.00000003
 -0.00000004 -19.47000000
  0.00000005   0.00000000
-19.46000000   0.00000007
  0.00000004 -19.45000000
  0.00000007   0.00000005
-19.44000000   0.00000007
  0.00000005 -19.43000000
  0.00000005   0.00000003
-19.42000000   0.00000002
  0.00000000 -19.41000000
 -0.00000001  -0.00000003
-19.40000000  -0.00000004
 -0.00000007 -19.39000000
 -0.00000007  -0.00000011
-19.38000000  -0.00000008
 -0.00000013 -19.37000000
 -0.00000008  -0.00000012
-19.36000000  -0.00000005
 -0.00000009 -19.35000000
 -0.00000001  -0.00000005
-19.34000000   0.00000004
 -0.00000000 -19.33000000
  0.00000009   0.00000004
-19.32000000   0.00000013
  0.00000008 -19.31000000
  0.00000017   0.00000011
-19.30000000   0.00000019
  0.00000013 -19.29000000
  0.00000020   0.00000014
-19.28000000   0.00000019
  0.00000014 -19.27000000
  0.00000016   0.00000012
-19.26000000   0.00000012
  0.00000009 -19.25000000
  0.00000007   0.00000005
-19.24000000   0.00000001
  0.00000001 -19.23000000
 -0.00000005  -0.00000004
-19.22000000  -0.00000011
 -0.00000008 -19.21000000
 -0.00000016  -0.00000012
-19.20000000  -0.00000020
 -0.00000015 -19.19000000
 -0.00000020  -0.00000015
-19.18000000  -0.00000016
 -0.00000013 -19.17000000
 -0.00000006  -0.00000008
-19.16000000   0.00000009
 -0.00000002 -19.15000000
  0.00000026   0.00000004
-19.14000000   0.00000044
  0.00000011 -19.13000000
  0.00000060   0.00000017
-19.12000000   0.00000073
  0.00000022 -19.11000000
  0.00000082   0.00000026
-19.10000000   0.00000087
  0.00000028 -19.09000000
  0.00000087   0.00000028
-19.08000000   0.00000081
  0.00000027 -19.07000000
  0.00000070   0.00000024
-19.06000000   0.00000055
  0.00000019 -19.05000000
  0.00000036   0.00000013
-19.04000000   0.00000013
  0.00000006 -19.03000000
 -0.00000011  -0.00000002
-19.02000000  -0.00000035
 -0.00000010 -19.01000000
 -0.00000057  -0.00000017
-19.00000000  -0.00000075
 -0.00000023 -18.99000000
 -0.00000086  -0.00000028
-18.98000000  -0.00000088
 -0.00000029 -18.97000000
 -0.00000078  -0.00000026
-18.96000000  -0.00000060
 -0.00000022 -18.95000000
 -0.00000042  -0.00000019
-18.94000000  -0.00000025
 -0.00000016 -18.93000000
 -0.00000010  -0.00000014
-18.92000000   0.00000001
 -0.00000012 -18.91000000
  0.00000008  -0.00000010
-18.90000000   0.00000011
 -0.00000008 -18.89000000
  0.00000009  -0.00000007
-18.88000000   0.00000004
 -0.00000006 -18.87000000
 -0.00000005  -0.00000004
-18.86000000  -0.00000014
 -0.00000004 -18.85000000
 -0.00000023  -0.00000003
-18.84000000  -0.00000030
 -0.00000002 -18.83000000
 -0.00000032  -0.00000002
-18.82000000  -0.00000027
 -0.00000002 -18.81000000
 -0.00000020  -0.00000002
-18.80000000  -0.00000014
 -0.00000003 -18.79000000
 -0.00000008  -0.00000003
-18.78000000  -0.00000003
 -0.00000004 -18.77000000
  0.00000000  -0.00000004
-18.76000000   0.00000002
 -0.00000004 -18.75000000
  0.00000002  -0.00000003
-18.74000000   0.00000002
 -0.00000003 -18.73000000
 -0.00000001  -0.00000002
-18.72000000  -0.00000003
 -0.00000001 -18.71000000
 -0.00000006   0.00000000
-18.70000000  -0.00000009
  0.00000001 -18.69000000
 -0.00000011   0.00000002
-18.68000000  -0.00000010
  0.00000002 -18.67000000
 -0.00000008   0.00000001
-18.66000000  -0.00000004
 -0.00000000 -18.65000000
 -0.00000000  -0.00000002
-18.64000000   0.00000004
 -0.00000004 -18.63000000
  0.00000007  -0.00000006
-18.62000000   0.00000010
 -0.00000007 -18.61000000
  0.00000012  -0.00000008
-18.60000000   0.00000013
 -0.00000008 -18.59000000
  0.00000012  -0.00000008
-18.58000000   0.00000011
 -0.00000007 -18.57000000
  0.00000009  -0.00000005
-18.56000000   0.00000006
 -0.00000003 -18.55000000
  0.00000002  -0.00000001
-18.54000000  -0.00000003
  0.00000002 -18.53000000
 -0.00000007   0.00000004
-18.52000000  -0.00000010
  0.00000006 -18.51000000
 -0.00000013   0.00000008
-18.50000000  -0.00000014
  0.00000008 -18.49000000
 -0.00000012   0.00000007
-18.48000000  -0.00000008
  0.00000003 -18.47000000
 -0.00000001  -0.00000005
-18.46000000   0.00000008
 -0.00000014 -18.45000000
  0.00000018  -0.00000025
-18.44000000   0.00000027
 -0.00000035 -18.43000000
  0.00000035  -0.00000044
-18.42000000   0.00000042
 -0.00000052 -18.41000000
  0.00000047  -0.00000057
-18.40000000   0.00000050
 -0.00000060 -18.39000000
  0.00000050  -0.00000060
-18.38000000   0.00000047
 -0.00000056 -18.37000000
  0.00000043  -0.00000050
-18.36000000   0.00000035
 -0.00000041 -18.35000000
  0.00000026  -0.00000029
-18.34000000   0.00000015
 -0.00000016 -18.33000000
  0.00000003  -0.00000001
-18.32000000  -0.00000010
  0.00000014 -18.31000000
 -0.00000023   0.00000029
-18.30000000  -0.00000034
  0.00000043 -18.29000000
 -0.00000043   0.00000054
-18.28000000  -0.00000049
  0.00000060 -18.27000000
 -0.00000050   0.00000061
-18.26000000  -0.00000046
  0.00000055 -18.25000000
 -0.00000038   0.00000043
-18.24000000  -0.00000030
  0.00000029 -18.23000000
 -0.00000022   0.00000016
-18.22000000  -0.00000015
  0.00000004 -18.21000000
 -0.00000009  -0.00000006
-18.20000000  -0.00000005
 -0.00000012 -18.19000000
 -0.00000002  -0.00000015
-18.18000000  -0.00000001
 -0.00000015 -18.17000000
 -0.00000001  -0.00000012
-18.16000000  -0.00000003
 -0.00000005 -18.15000000
 -0.00000005   0.00000003
-18.14000000  -0.00000007
  0.00000012 -18.13000000
 -0.00000010   0.00000020
-18.12000000  -0.00000012
  0.00000026 -18.11000000
 -0.00000012   0.00000028
-18.10000000  -0.00000011
  0.00000024 -18.09000000
 -0.00000009   0.00000018
-18.08000000  -0.00000008
  0.00000012 -18.07000000
 -0.00000006   0.00000007
-18.06000000  -0.00000005
  0.00000002 -18.05000000
 -0.00000004  -0.00000002
-18.04000000  -0.00000003
 -0.00000004 -18.03000000
 -0.00000003  -0.00000005
-18.02000000  -0.00000002
 -0.00000005 -18.01000000
 -0.00000002  -0.00000003
-18.00000000  -0.00000002
 -0.00000000 -17.99000000
 -0.00000002   0.00000003
-17.98000000  -0.00000002
  0.00000007 -17.97000000
 -0.00000002   0.00000010
-17.96000000  -0.00000002
  0.00000012 -17.95000000
 -0.00000002   0.00000011
-17.94000000  -0.00000002
  0.00000009 -17.93000000
 -0.00000002   0.00000005
-17.92000000  -0.00000002
  0.00000000 -17.91000000
 -0.00000003  -0.00000004
-17.90000000  -0.00000004
 -0.00000008 -17.89000000
 -0.00000004  -0.00000012
-17.88000000  -0.00000004
 -0.00000014 -17.87000000
 -0.00000004  -0.00000015
-17.86000000  -0.00000004
 -0.00000016 -17.85000000
 -0.00000004  -0.00000014
-17.84000000  -0.00000003
 -0.00000012 -17.83000000
 -0.00000002  -0.00000009
-17.82000000  -0.00000001
 -0.00000005 -17.81000000
 -0.00000000  -0.00000000
-17.80000000   0.00000001
  0.00000005 -17.79000000
  0.00000002   0.00000010
-17.78000000   0.00000003
  0.00000014 -17.77000000
  0.00000004   0.00000016
-17.76000000   0.00000004
  0.00000017 -17.75000000
  0.00000003   0.00000014
-17.74000000   0.00000000
  0.00000009 -17.73000000
 -0.00000005   0.00000000
-17.72000000  -0.00000010
 -0.00000010 -17.71000000
 -0.00000016  -0.00000020
-17.70000000  -0.00000022
 -0.00000030 -17.69000000
 -0.00000028  -0.00000039
-17.68000000  -0.00000032
 -0.00000046 -17.67000000
 -0.00000035  -0.00000051
-17.66000000  -0.00000036
 -0.00000054 -17.65000000
 -0.00000035  -0.00000054
-17.64000000  -0.00000033
 -0.00000051 -17.63000000
 -0.00000029  -0.00000045
-17.62000000  -0.00000023
 -0.00000037 -17.61000000
 -0.00000016  -0.00000026
-17.60000000  -0.00000008
 -0.00000014 -17.59000000
  0.00000001  -0.00000001
-17.58000000   0.00000010
  0.00000013 -17.57000000
  0.00000019   0.00000027
-17.56000000   0.00000027
  0.00000039 -17.55000000
  0.00000033   0.00000048
-17.54000000   0.00000036
  0.00000054 -17.53000000
  0.00000036   0.00000054
-17.52000000   0.00000031
  0.00000048 -17.51000000
  0.00000023   0.00000039
-17.50000000   0.00000013
  0.00000028 -17.49000000
  0.00000002   0.00000018
-17.48000000  -0.00000007
  0.00000008 -17.47000000
 -0.00000016  -0.00000000
-17.46000000  -0.00000022
 -0.00000006 -17.45000000
 -0.00000025  -0.00000010
-17.44000000  -0.00000026
 -0.00000012 -17.43000000
 -0.00000023  -0.00000012
-17.42000000  -0.00000018
 -0.00000009 -17.41000000
 -0.00000011  -0.00000004
-17.40000000  -0.00000002
  0.00000001 -17.39000000
  0.00000008   0.00000008
-17.38000000   0.00000017
  0.00000015 -17.37000000
  0.00000025   0.00000020
-17.36000000   0.00000030
  0.00000023 -17.35000000
  0.00000030   0.00000023
-17.34000000   0.00000024
  0.00000020 -17.33000000
  0.00000017   0.00000016
-17.32000000   0.00000009
  0.00000012 -17.31000000
  0.00000002   0.00000008
-17.30000000  -0.00000005
  0.00000005 -17.29000000
 -0.00000011   0.00000002
-17.28000000  -0.00000014
  0.00000000 -17.27000000
 -0.00000016  -0.00000001
-17.26000000  -0.00000015
 -0.00000002 -17.25000000
 -0.00000013  -0.00000001
-17.24000000  -0.00000009
 -0.00000001 -17.23000000
 -0.00000004   0.00000001
-17.22000000   0.00000003
  0.00000002 -17.21000000
  0.00000009   0.00000004
-17.20000000   0.00000015
  0.00000006 -17.19000000
  0.00000019   0.00000007
-17.18000000   0.00000021
  0.00000007 -17.17000000
  0.00000019   0.00000007
-17.16000000   0.00000014
  0.00000006 -17.15000000
  0.00000008   0.00000005
-17.14000000   0.00000001
  0.00000005 -17.13000000
 -0.00000006   0.00000004
-17.12000000  -0.00000012
  0.00000004 -17.11000000
 -0.00000016   0.00000003
-17.10000000  -0.00000020
  0.00000003 -17.09000000
 -0.00000021   0.00000003
-17.08000000  -0.00000021
  0.00000002 -17.07000000
 -0.00000019   0.00000002
-17.06000000  -0.00000015
  0.00000001 -17.05000000
 -0.00000010   0.00000001
-17.04000000  -0.00000004
  0.00000001 -17.03000000
  0.00000003   0.00000000
-17.02000000   0.00000009
 -0.00000000 -17.01000000
  0.00000016  -0.00000000
-17.00000000   0.00000021
 -0.00000001 -16.99000000
  0.00000023  -0.00000001
-16.98000000   0.00000023
 -0.00000001 -16.97000000
  0.00000019   0.00000000
-16.96000000   0.00000012
  0.00000002 -16.95000000
  0.00000003   0.00000005
-16.94000000  -0.00000006
  0.00000007 -16.93000000
 -0.00000015   0.00000010
-16.92000000  -0.00000023
  0.00000013 -16.91000000
 -0.00000029   0.00000015
-16.90000000  -0.00000034
  0.00000017 -16.89000000
 -0.00000036   0.00000017
-16.88000000  -0.00000037
  0.00000017 -16.87000000
 -0.00000034   0.00000015
-16.86000000  -0.00000030
  0.00000013 -16.85000000
 -0.00000023   0.00000010
-16.84000000  -0.00000015
  0.00000006 -16.83000000
 -0.00000006   0.00000002
-16.82000000   0.00000005
 -0.00000002 -16.81000000
  0.00000015  -0.00000007
-16.80000000   0.00000025
 -0.00000011 -16.79000000
  0.00000032  -0.00000014
-16.78000000   0.00000037
 -0.00000016 -16.77000000
  0.00000038  -0.00000016
-16.76000000   0.00000034
 -0.00000014 -16.75000000
  0.00000026  -0.00000008
-16.74000000   0.00000015
 -0.00000000 -16.73000000
  0.00000003   0.00000010
-16.72000000  -0.00000009
  0.00000020 -16.71000000
 -0.00000021   0.00000029
-16.70000000  -0.00000030
  0.00000037 -16.69000000
 -0.00000038   0.00000043
-16.68000000  -0.00000043
  0.00000047 -16.67000000
 -0.00000045   0.00000048
-16.66000000  -0.00000044
  0.00000046 -16.65000000
 -0.00000040   0.00000041
-16.64000000  -0.00000033
  0.00000034 -16.63000000
 -0.00000024   0.00000024
-16.62000000  -0.00000013
  0.00000013 -16.61000000
 -0.00000000   0.00000000
-16.60000000   0.00000013
 -0.00000013 -16.59000000
  0.00000025  -0.00000025
-16.58000000   0.00000036
 -0.00000036 -16.57000000
  0.00000044  -0.00000044
-16.56000000   0.00000048
 -0.00000048 -16.55000000
  0.00000047  -0.00000045
-16.54000000   0.00000039
 -0.00000036 -16.53000000
  0.00000030  -0.00000022
-16.52000000   0.00000020
 -0.00000006 -16.51000000
  0.00000010   0.00000012
-16.50000000   0.00000000
  0.00000028 -16.49000000
 -0.00000008   0.00000043
-16.48000000  -0.00000015
  0.00000054 -16.47000000
 -0.00000020   0.00000061
-16.46000000  -0.00000022
  0.00000064 -16.45000000
 -0.00000023   0.00000063
-16.44000000  -0.00000021
  0.00000057 -16.43000000
 -0.00000017   0.00000046
-16.42000000  -0.00000012
  0.00000032 -16.41000000
 -0.00000005   0.00000015
-16.40000000   0.00000003
 -0.00000004 -16.39000000
  0.00000011  -0.00000023
-16.38000000   0.00000018
 -0.00000041 -16.37000000
  0.00000025  -0.00000056
-16.36000000   0.00000029
 -0.00000066 -16.35000000
  0.00000030  -0.00000068
-16.34000000   0.00000028
 -0.00000060 -16.33000000
  0.00000024  -0.00000047
-16.32000000   0.00000020
 -0.00000032 -16.31000000
  0.00000017  -0.00000018
-16.30000000   0.00000014
 -0.00000004 -16.29000000
  0.00000012   0.00000008
-16.28000000   0.00000010
  0.00000017 -16.27000000
  0.00000008   0.00000023
-16.26000000   0.00000006
  0.00000025 -16.25000000
  0.00000005   0.00000024
-16.24000000   0.00000004
  0.00000020 -16.23000000
  0.00000004   0.00000013
-16.22000000   0.00000003
  0.00000004 -16.21000000
  0.00000003  -0.00000007
-16.20000000   0.00000003
 -0.00000018 -16.19000000
  0.00000003  -0.00000028
-16.18000000   0.00000003
 -0.00000035 -16.17000000
  0.00000003  -0.00000038
-16.16000000   0.00000003
 -0.00000035 -16.15000000
  0.00000003  -0.00000029
-16.14000000   0.00000004
 -0.00000022 -16.13000000
  0.00000005  -0.00000014
-16.12000000   0.00000006
 -0.00000007 -16.11000000
  0.00000007  -0.00000001
-16.10000000   0.00000007
  0.00000003 -16.09000000
  0.00000007   0.00000007
-16.08000000   0.00000007
  0.00000009 -16.07000000
  0.00000006   0.00000009
-16.06000000   0.00000005
  0.00000008 -16.05000000
  0.00000004   0.00000005
-16.04000000   0.00000003
  0.00000001 -16.03000000
  0.00000001  -0.00000003
-16.02000000  -0.00000001
 -0.00000008 -16.01000000
 -0.00000003  -0.00000012
-16.00000000  -0.00000004
 -0.00000016 -15.99000000
 -0.00000004  -0.00000017
-15.98000000  -0.00000004
 -0.00000016 -15.97000000
 -0.00000003  -0.00000013
-15.96000000  -0.00000001
 -0.00000009 -15.95000000
  0.00000002  -0.00000005
-15.94000000   0.00000004
 -0.00000001 -15.93000000
  0.00000007   0.00000004
-15.92000000   0.00000009
  0.00000007 -15.91000000
  0.00000010   0.00000010
-15.90000000   0.00000012
  0.00000012 -15.89000000
  0.00000012   0.00000013
-15.88000000   0.00000011
  0.00000013 -15.87000000
  0.00000010   0.00000012
-15.86000000   0.00000009
  0.00000010 -15.85000000
  0.00000006   0.00000007
-15.84000000   0.00000003
  0.00000004 -15.83000000
  0.00000000  -0.00000000
-15.82000000  -0.00000003
 -0.00000004 -15.81000000
 -0.00000006  -0.00000008
-15.80000000  -0.00000009
 -0.00000012 -15.79000000
 -0.00000011  -0.00000014
-15.78000000  -0.00000012
 -0.00000015 -15.77000000
 -0.00000011  -0.00000015
-15.76000000  -0.00000008
 -0.00000012 -15.75000000
 -0.00000002  -0.00000007
-15.74000000   0.00000006
 -0.00000002 -15.73000000
  0.00000014   0.00000003
-15.72000000   0.00000022
  0.00000009 -15.71000000
  0.00000030   0.00000014
-15.70000000   0.00000037
  0.00000019 -15.69000000
  0.00000043   0.00000023
-15.68000000   0.00000047
  0.00000026 -15.67000000
  0.00000049   0.00000027
-15.66000000   0.00000049
  0.00000028 -15.65000000
  0.00000047   0.00000027
-15.64000000   0.00000043
  0.00000025 -15.63000000
  0.00000037   0.00000022
-15.62000000   0.00000029
  0.00000017 -15.61000000
  0.00000019   0.00000012
-15.60000000   0.00000009
  0.00000006 -15.59000000
 -0.00000003  -0.00000000
-15.58000000  -0.00000014
 -0.00000007 -15.57000000
 -0.00000026  -0.00000014
-15.56000000  -0.00000036
 -0.00000019 -15.55000000
 -0.00000044  -0.00000024
-15.54000000  -0.00000049
 -0.00000027 -15.53000000
 -0.00000050  -0.00000028
-15.52000000  -0.00000046
 -0.00000027 -15.51000000
 -0.00000036  -0.00000023
-15.50000000  -0.00000019
 -0.00000019 -15.49000000
  0.00000001  -0.00000014
-15.48000000   0.00000024
 -0.00000010 -15.47000000
  0.00000047  -0.00000005
-15.46000000   0.00000068
 -0.00000001 -15.45000000
  0.00000087   0.00000002
-15.44000000   0.00000102
  0.00000005 -15.43000000
  0.00000112   0.00000008
-15.42000000   0.00000117
  0.00000009 -15.41000000
  0.00000117   0.00000010
-15.40000000   0.00000111
  0.00000011 -15.39000000
  0.00000099   0.00000010
-15.38000000   0.00000083
  0.00000009 -15.37000000
  0.00000061   0.00000007
-15.36000000   0.00000036
  0.00000005 -15.35000000
  0.00000009   0.00000002
-15.34000000  -0.00000020
 -0.00000001 -15.33000000
 -0.00000048  -0.00000004
-15.32000000  -0.00000075
 -0.00000007 -15.31000000
 -0.00000097  -0.00000009
-15.30000000  -0.00000113
 -0.00000011 -15.29000000
 -0.00000120  -0.00000013
-15.28000000  -0.00000115
 -0.00000013 -15.27000000
 -0.00000098  -0.00000013
-15.26000000  -0.00000077
 -0.00000014 -15.25000000
 -0.00000055  -0.00000016
-15.24000000  -0.00000033
 -0.00000018 -15.23000000
 -0.00000013  -0.00000021
-15.22000000   0.00000004
 -0.00000023 -15.21000000
  0.00000018  -0.00000024
-15.20000000   0.00000028
 -0.00000025 -15.19000000
  0.00000033  -0.00000024
-15.18000000   0.00000033
 -0.00000022 -15.17000000
  0.00000030  -0.00000019
-15.16000000   0.00000022
 -0.00000015 -15.15000000
  0.00000010  -0.00000010
-15.14000000  -0.00000003
 -0.00000005 -15.13000000
 -0.00000018   0.00000001
-15.12000000  -0.00000033
  0.00000006 -15.11000000
 -0.00000046   0.00000011
-15.10000000  -0.00000055
  0.00000014 -15.09000000
 -0.00000058   0.00000015
-15.08000000  -0.00000053
  0.00000013 -15.07000000
 -0.00000044   0.00000010
-15.06000000  -0.00000036
  0.00000006 -15.05000000
 -0.00000028   0.00000003
-15.04000000  -0.00000020
 -0.00000001 -15.03000000
 -0.00000014  -0.00000004
-15.02000000  -0.00000008
 -0.00000006 -15.01000000
 -0.00000005  -0.00000007
-15.00000000  -0.00000002
 -0.00000008 -14.99000000
 -0.00000001  -0.00000007
-14.98000000  -0.00000001
 -0.00000006 -14.97000000
 -0.00000003  -0.00000004
-14.96000000  -0.00000005
 -0.00000001 -14.95000000
 -0.00000008   0.00000002
-14.94000000  -0.00000011
  0.00000004 -14.93000000
 -0.00000013   0.00000007
-14.92000000  -0.00000015
  0.00000009 -14.91000000
 -0.00000015   0.00000009
-14.90000000  -0.00000014
  0.00000008 -14.89000000
 -0.00000011   0.00000006
-14.88000000  -0.00000008
  0.00000003 -14.87000000
 -0.00000005  -0.00000000
-14.86000000  -0.00000003
 -0.00000003 -14.85000000
 -0.00000000  -0.00000006
-14.84000000   0.00000002
 -0.00000008 -14.83000000
  0.00000004  -0.00000010
-14.82000000   0.00000005
 -0.00000011 -14.81000000
  0.00000006  -0.00000012
-14.80000000   0.00000006
 -0.00000011 -14.79000000
  0.00000005  -0.00000010
-14.78000000   0.00000004
 -0.00000008 -14.77000000
  0.00000003  -0.00000006
-14.76000000   0.00000001
 -0.00000003 -14.75000000
 -0.00000001  -0.00000000
-14.74000000  -0.00000003
  0.00000003 -14.73000000
 -0.00000005   0.00000006
-14.72000000  -0.00000007
  0.00000009 -14.71000000
 -0.00000008   0.00000011
-14.70000000  -0.00000009
  0.00000012 -14.69000000
 -0.00000008   0.00000012
-14.68000000  -0.00000007
  0.00000009 -14.67000000
 -0.00000006   0.00000005
-14.66000000  -0.00000004
 -0.00000001 -14.65000000
 -0.00000002  -0.00000008
-14.64000000  -0.00000000
 -0.00000016 -14.63000000
  0.00000001  -0.00000023
-14.62000000   0.00000003
 -0.00000029 -14.61000000
  0.00000005  -0.00000035
-14.60000000   0.00000006
 -0.00000040 -14.59000000
  0.00000007  -0.00000043
-14.58000000   0.00000007
 -0.00000045 -14.57000000
  0.00000008  -0.00000045
-14.56000000   0.00000008
 -0.00000044 -14.55000000
  0.00000007  -0.00000041
-14.54000000   0.00000007
 -0.00000036 -14.53000000
  0.00000006  -0.00000030
-14.52000000   0.00000005
 -0.00000022 -14.51000000
  0.00000003  -0.00000013
-14.50000000   0.00000002
 -0.00000004 -14.49000000
 -0.00000000   0.00000006
-14.48000000  -0.00000002
  0.00000016 -14.47000000
 -0.00000004   0.00000025
-14.46000000  -0.00000005
  0.00000033 -14.45000000
 -0.00000007   0.00000040
-14.44000000  -0.00000007
  0.00000044 -14.43000000
 -0.00000008   0.00000046
-14.42000000  -0.00000008
  0.00000043 -14.41000000
 -0.00000008   0.00000036
-14.40000000  -0.00000009
  0.00000024 -14.39000000
 -0.00000011   0.00000009
-14.38000000  -0.00000014
 -0.00000009 -14.37000000
 -0.00000018  -0.00000028
-14.36000000  -0.00000021
 -0.00000046 -14.35000000
 -0.00000024  -0.00000063
-14.34000000  -0.00000027
 -0.00000078 -14.33000000
 -0.00000029  -0.00000090
-14.32000000  -0.00000031
 -0.00000098 -14.31000000
 -0.00000031  -0.00000103
-14.30000000  -0.00000030
 -0.00000104 -14.29000000
 -0.00000029  -0.00000100
-14.28000000  -0.00000026
 -0.00000093 -14.27000000
 -0.00000022  -0.00000081
-14.26000000  -0.00000018
 -0.00000066 -14.25000000
 -0.00000012  -0.00000048
-14.24000000  -0.00000006
 -0.00000028 -14.23000000
  0.00000000  -0.00000005
-14.22000000   0.00000007
  0.00000018 -14.21000000
  0.00000013   0.00000041
-14.20000000   0.00000019
  0.00000063 -14.19000000
  0.00000024   0.00000081
-14.18000000   0.00000028
  0.00000096 -14.17000000
  0.00000029   0.00000104
-14.16000000   0.00000029
  0.00000105 -14.15000000
  0.00000026   0.00000096
-14.14000000   0.00000019
  0.00000081 -14.13000000
  0.00000010   0.00000064
-14.12000000   0.00000000
  0.00000046 -14.11000000
 -0.00000010   0.00000028
-14.10000000  -0.00000020
  0.00000012 -14.09000000
 -0.00000029  -0.00000003
-14.08000000  -0.00000036
 -0.00000015 -14.07000000
 -0.00000041  -0.00000024
-14.06000000  -0.00000043
 -0.00000030 -14.05000000
 -0.00000043  -0.00000033
-14.04000000  -0.00000040
 -0.00000032 -14.03000000
 -0.00000035  -0.00000028
-14.02000000  -0.00000027
 -0.00000022 -14.01000000
 -0.00000018  -0.00000012
-14.00000000  -0.00000007
 -0.00000001 -13.99000000
  0.00000004   0.00000011
-13.98000000   0.00000016
  0.00000023 -13.97000000
  0.00000027   0.00000035
-13.96000000   0.00000036
  0.00000045 -13.95000000
  0.00000041   0.00000051
-13.94000000   0.00000043
  0.00000053 -13.93000000
  0.00000039   0.00000049
-13.92000000   0.00000032
  0.00000042 -13.91000000
  0.00000024   0.00000035
-13.90000000   0.00000016
  0.00000028 -13.89000000
  0.00000008   0.00000022
-13.88000000   0.00000001
  0.00000017 -13.87000000
 -0.00000005   0.00000012
-13.86000000  -0.00000010
  0.00000008 -13.85000000
 -0.00000013   0.00000005
-13.84000000  -0.00000015
  0.00000003 -13.83000000
 -0.00000015   0.00000001
-13.82000000  -0.00000013
  0.00000001 -13.81000000
 -0.00000010   0.00000002
-13.80000000  -0.00000005
  0.00000003 -13.79000000
  0.00000000   0.00000005
-13.78000000   0.00000006
  0.00000007 -13.77000000
  0.00000012   0.00000009
-13.76000000   0.00000017
  0.00000011 -13.75000000
  0.00000021   0.00000013
-13.74000000   0.00000023
  0.00000013 -13.73000000
  0.00000022   0.00000013
-13.72000000   0.00000018
  0.00000011 -13.71000000
  0.00000014   0.00000010
-13.70000000   0.00000009
  0.00000008 -13.69000000
  0.00000005   0.00000007
-13.68000000   0.00000000
  0.00000006 -13.67000000
 -0.00000003   0.00000005
-13.66000000  -0.00000007
  0.00000004 -13.65000000
 -0.00000009   0.00000003
-13.64000000  -0.00000011
  0.00000003 -13.63000000
 -0.00000012   0.00000002
-13.62000000  -0.00000012
  0.00000002 -13.61000000
 -0.00000011   0.00000002
-13.60000000  -0.00000009
  0.00000001 -13.59000000
 -0.00000006   0.00000001
-13.58000000  -0.00000003
  0.00000001 -13.57000000
  0.00000001   0.00000001
-13.56000000   0.00000005
  0.00000001 -13.55000000
  0.00000008   0.00000001
-13.54000000   0.00000012
  0.00000001 -13.53000000
  0.00000014   0.00000002
-13.52000000   0.00000016
  0.00000002 -13.51000000
  0.00000015   0.00000002
-13.50000000   0.00000013
  0.00000002 -13.49000000
  0.00000010   0.00000002
-13.48000000   0.00000006
  0.00000003 -13.47000000
  0.00000002   0.00000004
-13.46000000  -0.00000003
  0.00000005 -13.45000000
 -0.00000007   0.00000006
-13.44000000  -0.00000011
  0.00000007 -13.43000000
 -0.00000015   0.00000008
-13.42000000  -0.00000017
  0.00000009 -13.41000000
 -0.00000020   0.00000009
-13.40000000  -0.00000021
  0.00000010 -13.39000000
 -0.00000021   0.00000009
-13.38000000  -0.00000021
  0.00000009 -13.37000000
 -0.00000019   0.00000008
-13.36000000  -0.00000017
  0.00000007 -13.35000000
 -0.00000014   0.00000006
-13.34000000  -0.00000010
  0.00000004 -13.33000000
 -0.00000006   0.00000002
-13.32000000  -0.00000001
  0.00000000 -13.31000000
  0.00000004  -0.00000002
-13.30000000   0.00000009
 -0.00000004 -13.29000000
  0.00000013  -0.00000005
-13.28000000   0.00000017
 -0.00000007 -13.27000000
  0.00000020  -0.00000008
-13.26000000   0.00000022
 -0.00000009 -13.25000000
  0.00000022  -0.00000009
-13.24000000   0.00000020
 -0.00000008 -13.23000000
  0.00000016  -0.00000005
-13.22000000   0.00000011
 -0.00000000 -13.21000000
  0.00000005   0.00000005
-13.20000000  -0.00000002
  0.00000012 -13.19000000
 -0.00000009   0.00000018
-13.18000000  -0.00000016
  0.00000025 -13.17000000
 -0.00000022   0.00000031
-13.16000000  -0.00000028
  0.00000037 -13.15000000
 -0.00000032   0.00000041
-13.14000000  -0.00000036
  0.00000045 -13.13000000
 -0.00000039   0.00000047
-13.12000000  -0.00000040
  0.00000048 -13.11000000
 -0.00000040   0.00000047
-13.10000000  -0.00000039
  0.00000045 -13.09000000
 -0.00000036   0.00000041
-13.08000000  -0.00000032
  0.00000036 -13.07000000
 -0.00000027   0.00000030
-13.06000000  -0.00000021
  0.00000022 -13.05000000
 -0.00000014   0.00000014
-13.04000000  -0.00000006
  0.00000005 -13.03000000
  0.00000002  -0.00000004
-13.02000000   0.00000010
 -0.00000014 -13.01000000
  0.00000018  -0.00000023
-13.00000000   0.00000026
 -0.00000031 -12.99000000
  0.00000032  -0.00000038
-12.98000000   0.00000037
 -0.00000044 -12.97000000
  0.00000040  -0.00000047
-12.96000000   0.00000041
 -0.00000047 -12.95000000
  0.00000039  -0.00000044
-12.94000000   0.00000034
 -0.00000036 -12.93000000
  0.00000028  -0.00000024
-12.92000000   0.00000022
 -0.00000008 -12.91000000
  0.00000016   0.00000010
-12.90000000   0.00000009
  0.00000029 -12.89000000
  0.00000003   0.00000048
-12.88000000  -0.00000003
  0.00000065 -12.87000000
 -0.00000008   0.00000081
-12.86000000  -0.00000013
  0.00000095 -12.85000000
 -0.00000017   0.00000106
-12.84000000  -0.00000020
  0.00000113 -12.83000000
 -0.00000022   0.00000116
-12.82000000  -0.00000023
  0.00000116 -12.81000000
 -0.00000023   0.00000111
-12.80000000  -0.00000022
  0.00000103 -12.79000000
 -0.00000020   0.00000091
-12.78000000  -0.00000017
  0.00000076 -12.77000000
 -0.00000014   0.00000057
-12.76000000  -0.00000009
  0.00000037 -12.75000000
 -0.00000004   0.00000014
-12.74000000   0.00000001
 -0.00000010 -12.73000000
  0.00000006  -0.00000034
-12.72000000   0.00000011
 -0.00000057 -12.71000000
  0.00000016  -0.00000078
-12.70000000   0.00000020
 -0.00000096 -12.69000000
  0.00000024  -0.00000109
-12.68000000   0.00000026
 -0.00000117 -12.67000000
  0.00000027  -0.00000116
-12.66000000   0.00000025
 -0.00000106 -12.65000000
  0.00000024  -0.00000091
-12.64000000   0.00000023
 -0.00000074 -12.63000000
  0.00000024  -0.00000056
-12.62000000   0.00000024
 -0.00000039 -12.61000000
  0.00000025  -0.00000022
-12.60000000   0.00000026
 -0.00000007 -12.59000000
  0.00000026   0.00000005
-12.58000000   0.00000026
  0.00000016 -12.57000000
  0.00000026   0.00000023
-12.56000000   0.00000025
  0.00000028 -12.55000000
  0.00000023   0.00000029
-12.54000000   0.00000021
  0.00000028 -12.53000000
  0.00000018   0.00000024
-12.52000000   0.00000014
  0.00000017 -12.51000000
  0.00000011   0.00000008
-12.50000000   0.00000007
 -0.00000002 -12.49000000
  0.00000003  -0.00000013
-12.48000000  -0.00000001
 -0.00000025 -12.47000000
 -0.00000005  -0.00000035
-12.46000000  -0.00000008
 -0.00000044 -12.45000000
 -0.00000010  -0.00000051
-12.44000000  -0.00000011
 -0.00000053 -12.43000000
 -0.00000010  -0.00000050
-12.42000000  -0.00000008
 -0.00000044 -12.41000000
 -0.00000006  -0.00000038
-12.40000000  -0.00000003
 -0.00000031 -12.39000000
 -0.00000000  -0.00000025
-12.38000000   0.00000002
 -0.00000020 -12.37000000
  0.00000004  -0.00000015
-12.36000000   0.00000006
 -0.00000011 -12.35000000
  0.00000007  -0.00000007
-12.34000000   0.00000008
 -0.00000005 -12.33000000
  0.00000008  -0.00000003
-12.32000000   0.00000008
 -0.00000002 -12.31000000
  0.00000007  -0.00000002
-12.30000000   0.00000005
 -0.00000002 -12.29000000
  0.00000004  -0.00000003
-12.28000000   0.00000001
 -0.00000005 -12.27000000
 -0.00000001  -0.00000007
-12.26000000  -0.00000003
 -0.00000009 -12.25000000
 -0.00000005  -0.00000011
-12.24000000  -0.00000007
 -0.00000012 -12.23000000
 -0.00000008  -0.00000013
-12.22000000  -0.00000008
 -0.00000013 -12.21000000
 -0.00000007  -0.00000012
-12.20000000  -0.00000006
 -0.00000010 -12.19000000
 -0.00000003  -0.00000008
-12.18000000  -0.00000001
 -0.00000006 -12.17000000
  0.00000001  -0.00000004
-12.16000000   0.00000004
 -0.00000003 -12.15000000
  0.00000006  -0.00000001
-12.14000000   0.00000008
  0.00000001 -12.13000000
  0.00000010   0.00000002
-12.12000000   0.00000011
  0.00000003 -12.11000000
  0.00000012   0.00000004
-12.10000000   0.00000012
  0.00000005 -12.09000000
  0.00000012   0.00000005
-12.08000000   0.00000012
  0.00000005 -12.07000000
  0.00000011   0.00000004
-12.06000000   0.00000009
  0.00000004 -12.05000000
  0.00000007   0.00000003
-12.04000000   0.00000005
  0.00000002 -12.03000000
  0.00000002   0.00000001
-12.02000000  -0.00000000
 -0.00000001 -12.01000000
 -0.00000003  -0.00000002
-12.00000000  -0.00000006
 -0.00000003 -11.99000000
 -0.00000008  -0.00000005
-11.98000000  -0.00000010
 -0.00000006 -11.97000000
 -0.00000012  -0.00000007
-11.96000000  -0.00000013
 -0.00000007 -11.95000000
 -0.00000012  -0.00000007
-11.94000000  -0.00000011
 -0.00000006 -11.93000000
 -0.00000008  -0.00000006
-11.92000000  -0.00000004
 -0.00000005 -11.91000000
  0.00000001  -0.00000005
-11.90000000   0.00000007
 -0.00000005 -11.89000000
  0.00000013  -0.00000004
-11.88000000   0.00000019
 -0.00000004 -11.87000000
  0.00000024  -0.00000004
-11.86000000   0.00000030
 -0.00000004 -11.85000000
  0.00000035  -0.00000003
-11.84000000   0.00000039
 -0.00000003 -11.83000000
  0.00000042  -0.00000003
-11.82000000   0.00000044
 -0.00000003 -11.81000000
  0.00000045  -0.00000002
-11.80000000   0.00000046
 -0.00000002 -11.79000000
  0.00000045  -0.00000002
-11.78000000   0.00000043
 -0.00000001 -11.77000000
  0.00000040  -0.00000001
-11.76000000   0.00000035
 -0.00000001 -11.75000000
  0.00000030  -0.00000000
-11.74000000   0.00000024
 -0.00000000 -11.73000000
  0.00000018   0.00000000
-11.72000000   0.00000010
  0.00000001 -11.71000000
  0.00000003   0.00000001
-11.70000000  -0.00000005
  0.00000001 -11.69000000
 -0.00000013   0.00000002
-11.68000000  -0.00000021
  0.00000002 -11.67000000
 -0.00000028   0.00000002
-11.66000000  -0.00000035
  0.00000002 -11.65000000
 -0.00000040   0.00000002
-11.64000000  -0.00000044
  0.00000002 -11.63000000
 -0.00000046   0.00000002
-11.62000000  -0.00000045
  0.00000002 -11.61000000
 -0.00000042   0.00000001
-11.60000000  -0.00000036
 -0.00000000 -11.59000000
 -0.00000028  -0.00000003
-11.58000000  -0.00000017
 -0.00000008 -11.57000000
 -0.00000006  -0.00000014
-11.56000000   0.00000007
 -0.00000020 -11.55000000
  0.00000019  -0.00000027
-11.54000000   0.00000032
 -0.00000034 -11.53000000
  0.00000043  -0.00000040
-11.52000000   0.00000054
 -0.00000046 -11.51000000
  0.00000063  -0.00000050
-11.50000000   0.00000071
 -0.00000054 -11.49000000
  0.00000077  -0.00000057
-11.48000000   0.00000081
 -0.00000059 -11.47000000
  0.00000082  -0.00000059
-11.46000000   0.00000082
 -0.00000057 -11.45000000
  0.00000079  -0.00000055
-11.44000000   0.00000074
 -0.00000051 -11.43000000
  0.00000067  -0.00000045
-11.42000000   0.00000058
 -0.00000039 -11.41000000
  0.00000048  -0.00000031
-11.40000000   0.00000036
 -0.00000023 -11.39000000
  0.00000022  -0.00000013
-11.38000000   0.00000008
 -0.00000003 -11.37000000
 -0.00000007   0.00000007
-11.36000000  -0.00000022
  0.00000017 -11.35000000
 -0.00000036   0.00000027
-11.34000000  -0.00000050
  0.00000036 -11.33000000
 -0.00000062   0.00000044
-11.32000000  -0.00000072
  0.00000051 -11.31000000
 -0.00000080   0.00000055
-11.30000000  -0.00000083
  0.00000057 -11.29000000
 -0.00000083   0.00000056
-11.28000000  -0.00000077
  0.00000051 -11.27000000
 -0.00000069   0.00000043
-11.26000000  -0.00000059
  0.00000033 -11.25000000
 -0.00000050   0.00000021
-11.24000000  -0.00000040
  0.00000008 -11.23000000
 -0.00000031  -0.00000005
-11.22000000  -0.00000022
 -0.00000017 -11.21000000
 -0.00000014  -0.00000029
-11.20000000  -0.00000007
 -0.00000039 -11.19000000
 -0.00000000  -0.00000047
-11.18000000   0.00000005
 -0.00000054 -11.17000000
  0.00000009  -0.00000058
-11.16000000   0.00000012
 -0.00000060 -11.15000000
  0.00000014  -0.00000060
-11.14000000   0.00000014
 -0.00000058 -11.13000000
  0.00000014  -0.00000053
-11.12000000   0.00000012
 -0.00000046 -11.11000000
  0.00000009  -0.00000037
-11.10000000   0.00000005
 -0.00000026 -11.09000000
  0.00000001  -0.00000014
-11.08000000  -0.00000004
 -0.00000001 -11.07000000
 -0.00000009   0.00000012
-11.06000000  -0.00000014
  0.00000025 -11.05000000
 -0.00000019   0.00000038
-11.04000000  -0.00000024
  0.00000048 -11.03000000
 -0.00000027   0.00000057
-11.02000000  -0.00000030
  0.00000063 -11.01000000
 -0.00000031   0.00000064
-11.00000000  -0.00000030
  0.00000061 -10.99000000
 -0.00000027   0.00000053
-10.98000000  -0.00000025
  0.00000046 -10.97000000
 -0.00000023   0.00000038
-10.96000000  -0.00000022
  0.00000030 -10.95000000
 -0.00000020   0.00000022
-10.94000000  -0.00000019
  0.00000015 -10.93000000
 -0.00000018   0.00000008
-10.92000000  -0.00000016
  0.00000003 -10.91000000
 -0.00000015  -0.00000002
-10.90000000  -0.00000014
 -0.00000005 -10.89000000
 -0.00000013  -0.00000008
-10.88000000  -0.00000012
 -0.00000009 -10.87000000
 -0.00000011  -0.00000009
-10.86000000  -0.00000010
 -0.00000008 -10.85000000
 -0.00000009  -0.00000006
-10.84000000  -0.00000007
 -0.00000003 -10.83000000
 -0.00000006   0.00000000
-10.82000000  -0.00000005
  0.00000004 -10.81000000
 -0.00000004   0.00000008
-10.80000000  -0.00000003
  0.00000013 -10.79000000
 -0.00000002   0.00000017
-10.78000000  -0.00000001
  0.00000020 -10.77000000
 -0.00000001   0.00000023
-10.76000000  -0.00000000
  0.00000024 -10.75000000
 -0.00000000   0.00000023
-10.74000000  -0.00000000
  0.00000020 -10.73000000
 -0.00000001   0.00000018
-10.72000000  -0.00000002
  0.00000015 -10.71000000
 -0.00000003   0.00000012
-10.70000000  -0.00000003
  0.00000009 -10.69000000
 -0.00000004   0.00000006
-10.68000000  -0.00000005
  0.00000004 -10.67000000
 -0.00000006   0.00000002
-10.66000000  -0.00000007
 -0.00000000 -10.65000000
 -0.00000007  -0.00000002
-10.64000000  -0.00000007
 -0.00000003 -10.63000000
 -0.00000007  -0.00000004
-10.62000000  -0.00000007
 -0.00000005 -10.61000000
 -0.00000007  -0.00000005
-10.60000000  -0.00000006
 -0.00000004 -10.59000000
 -0.00000005  -0.00000004
-10.58000000  -0.00000004
 -0.00000003 -10.57000000
 -0.00000003  -0.00000002
-10.56000000  -0.00000002
 -0.00000000 -10.55000000
 -0.00000001   0.00000002
-10.54000000   0.00000001
  0.00000003 -10.53000000
  0.00000002   0.00000005
-10.52000000   0.00000003
  0.00000007 -10.51000000
  0.00000004   0.00000008
-10.50000000   0.00000005
  0.00000009 -10.49000000
  0.00000005   0.00000010
-10.48000000   0.00000006
  0.00000010 -10.47000000
  0.00000005   0.00000009
-10.46000000   0.00000004
  0.00000008 -10.45000000
  0.00000002   0.00000007
-10.44000000   0.00000000
  0.00000005 -10.43000000
 -0.00000002   0.00000004
-10.42000000  -0.00000004
  0.00000002 -10.41000000
 -0.00000007   0.00000000
-10.40000000  -0.00000009
 -0.00000001 -10.39000000
 -0.00000012  -0.00000003
-10.38000000  -0.00000014
 -0.00000004 -10.37000000
 -0.00000016  -0.00000005
-10.36000000  -0.00000018
 -0.00000006 -10.35000000
 -0.00000019  -0.00000007
-10.34000000  -0.00000020
 -0.00000008 -10.33000000
 -0.00000021  -0.00000008
-10.32000000  -0.00000021
 -0.00000009 -10.31000000
 -0.00000021  -0.00000009
-10.30000000  -0.00000020
 -0.00000009 -10.29000000
 -0.00000019  -0.00000008
-10.28000000  -0.00000017
 -0.00000008 -10.27000000
 -0.00000015  -0.00000007
-10.26000000  -0.00000013
 -0.00000006 -10.25000000
 -0.00000010  -0.00000005
-10.24000000  -0.00000007
 -0.00000004 -10.23000000
 -0.00000004  -0.00000002
-10.22000000  -0.00000001
 -0.00000001 -10.21000000
  0.00000002   0.00000001
-10.20000000   0.00000006
  0.00000002 -10.19000000
  0.00000009   0.00000004
-10.18000000   0.00000012
  0.00000005 -10.17000000
  0.00000015   0.00000007
-10.16000000   0.00000017
  0.00000008 -10.15000000
  0.00000019   0.00000009
-10.14000000   0.00000020
  0.00000009 -10.13000000
  0.00000021   0.00000009
-10.12000000   0.00000020
  0.00000009 -10.11000000
  0.00000018   0.00000009
-10.10000000   0.00000014
  0.00000008 -10.09000000
  0.00000009   0.00000009
-10.08000000   0.00000002
  0.00000009 -10.07000000
 -0.00000005   0.00000010
-10.06000000  -0.00000013
  0.00000010 -10.05000000
 -0.00000022   0.00000011
-10.04000000  -0.00000030
  0.00000012 -10.03000000
 -0.00000039   0.00000013
-10.02000000  -0.00000047
  0.00000015 -10.01000000
