  6.09837060   4.77077935
 60.00000000   6.05394977
  4.83444404  60.01000000
  6.00549232   4.89485409
 60.02000000   5.95420254
  4.95295602  60.03000000
  5.90853072   5.01582617
 60.04000000   5.85589099
  5.07270689  60.05000000
  5.80584572   5.13190547
 60.06000000   5.75669932
  5.19193062  60.07000000
  5.70135334   5.24630966
 60.08000000   5.65211916
  5.30641543  60.09000000
  5.59871926   5.36257153
 60.10000000   5.54314453
  5.41665210  60.11000000
  5.49248389   5.47563307
 60.12000000   5.43525071
  5.52798021  60.13000000
  5.38090376   5.58334485
 60.14000000   5.32684803
  5.63903673  60.15000000
  5.26731385   5.68887632
 60.16000000   5.21357267
  5.74508429  60.17000000
  5.15553565   5.79650940
 60.18000000   5.09607985
  5.84635827  60.19000000
  5.04070880   5.90099343
 60.20000000   4.97924426
  5.94840593  60.21000000
  4.92096044   5.99971546
 60.22000000   4.86230510
  6.05058645  60.23000000
  4.79899750   6.09561978
 60.24000000   4.74105825
  6.14759478  60.25000000
  4.67874666   6.19383740
 60.26000000   4.61580751
  6.23928474  60.27000000
  4.55604299   6.28912215
 60.28000000   4.49076439
  6.33125126  60.29000000
  4.42889353   6.37830100
 60.30000000   4.36599818
  6.42387452  60.31000000
  4.29937888   6.46392847
 60.32000000   4.23754134
  6.51130822  60.33000000
  4.17137113   6.55194919
 60.34000000   4.10535233
  6.59288715  60.35000000
  4.04154307   6.63746621
 60.36000000   3.97291500
  6.67402833  60.37000000
  3.90779453   6.71662273
 60.38000000   3.84107454
  6.75644621  60.39000000
  3.77162728   6.79144496
 60.40000000   3.70619137
  6.83382196  60.41000000
  3.63663746   6.86849937
 60.42000000   3.56792205
  6.90485238  60.43000000
  3.50046086   6.94371205
 60.44000000   3.42899451
  6.97452101  60.45000000
  3.36094393   7.01244680
 60.46000000   3.29086749
  7.04609543  60.47000000
  3.21908070   7.07607657
 60.48000000   3.15036710
  7.11299046  60.49000000
  3.07795401   7.14141201
 60.50000000   3.00690112
  7.17312643  60.51000000
  2.93623457   7.20581842
 60.52000000   2.86246813
  7.23079995  60.53000000
  2.79179196   7.26379440
 60.54000000   2.71888747
  7.29090113  60.55000000
  2.64519532   7.31593074
 60.56000000   2.57359190
  7.34692920  60.57000000
  2.49888955   7.36890581
 60.58000000   2.42582766
  7.39591968  60.59000000
  2.35245905   7.42201554
 60.60000000   2.27694403
  7.44124955  60.61000000
  2.20394430   7.46896324
 60.62000000   2.12879211
  7.48923320  60.63000000
  2.05358526   7.50941662
 60.64000000   1.97954038
  7.53404304  60.65000000
  1.90314545   7.54951150
 60.66000000   1.82837374
  7.57171190  60.67000000
  1.75287090   7.59083726
 60.68000000   1.67613866
  7.60458006  60.69000000
  1.60113792   7.62652813
 60.70000000   1.52436362
  7.63977643  60.71000000
  1.44798054   7.65521957
 60.72000000   1.37201172
  7.67302714  60.73000000
  1.29452547   7.68209098
 60.74000000   1.21833030
  7.69927143  60.75000000
  1.14131927   7.71112669
 60.76000000   1.06382529
  7.71974725  60.77000000
  0.98722498   7.73536555
 60.78000000   0.90947872
  7.74154725  60.79000000
  0.83220871   7.75230223
 60.80000000   0.75490993
  7.76289410  60.81000000
  0.67690059   7.76585408
 60.82000000   0.59958530
  7.77765384  60.83000000
  0.52173991   7.78205853
 60.84000000   0.44382895
  7.78586412  60.85000000
  0.36614812   7.79465606
 60.86000000   0.28807458
  7.79390918  60.87000000
  0.21017966   7.79991996
 60.88000000   0.13221518
  7.80298057  60.89000000
  0.05416883   7.80037612
 60.90000000  -0.02389403
  7.80622371  60.91000000
 -0.10187785   7.80315427
 60.92000000  -0.17993827
  7.80238619  60.93000000
 -0.25808250   7.80390727
 60.94000000  -0.33589000
  7.79659036  60.95000000
 -0.41413324   7.79762152
 60.96000000  -0.49204592
  7.79296966  60.97000000
 -0.56978472   7.78544460
 60.98000000  -0.64808512
  7.78466455  60.99000000
 -0.72552881   7.77429710
 61.00000000  -0.80351495
  7.76905498  61.01000000
 -0.88141978   7.76297329
 61.02000000  -0.95847915
  7.74968642  61.03000000
 -1.03671145   7.74526258
 61.04000000  -1.11383737
  7.73290484  61.05000000
 -1.19104741   7.72090009
 61.06000000  -1.26893446
  7.71297977  61.07000000
 -1.34523539   7.69574163
 61.08000000  -1.42290709
  7.68591460  61.09000000
 -1.49980963   7.67203429
 61.10000000  -1.57583092
  7.65367559  61.11000000
 -1.65351555   7.64302779
 61.12000000  -1.72915266
  7.62318417  61.13000000
 -1.80567381   7.60698427
 61.14000000  -1.88239112
  7.59153280  61.15000000
 -1.95709735   7.56812216
 61.16000000  -2.03410819
  7.55331619  61.17000000
 -2.10923571   7.53166289
 61.18000000  -2.18409451
  7.50896783  61.19000000
 -2.26051111   7.49142615
 61.20000000  -2.33406740
  7.46460097  61.21000000
 -2.40971090   7.44421094
 61.22000000  -2.48443877
  7.42102625  61.23000000
 -2.55735419   7.39247124
 61.24000000  -2.63312239
  7.37193140  61.25000000
 -2.70576031   7.34278672
 61.26000000  -2.77939471
  7.31620172  61.27000000
 -2.85370359   7.29131793
 61.28000000  -2.92479600
  7.25833065  61.29000000
 -2.99922029   7.23340612
 61.30000000  -3.07114386
  7.20253868  61.31000000
 -3.14232817   7.16989748
 61.32000000  -3.21598987
  7.14275593  61.33000000
 -3.28558714   7.10672784
 61.34000000  -3.35787965
  7.07636363  61.35000000
 -3.42917946   7.04392164
 61.36000000  -3.49776486
  7.00594391  61.37000000
 -3.57030983   6.97572783
 61.38000000  -3.63871824
  6.93754258  61.39000000
 -3.70823622   6.90137131
 61.40000000  -3.77884522
  6.86716803  61.41000000
 -3.84513071   6.82519830
 61.42000000  -3.91571938
  6.79071021  61.43000000
 -3.98317043   6.75084589
 61.44000000  -4.04953255
  6.70910863  61.45000000
 -4.11915155   6.67264631
 61.46000000  -4.18357540
  6.62787857  61.47000000
 -4.25136598   6.58831462
 61.48000000  -4.31794082
  6.54687738  61.49000000
 -4.38109225   6.50028148
 61.50000000  -4.44917802
  6.46087163  61.51000000
 -4.51210479   6.41406120
 61.52000000  -4.57646020
  6.36919805  61.53000000
 -4.64206473   6.32602523
 61.54000000  -4.70241465
  6.27576369  61.55000000
 -4.76805503   6.23243430
 61.56000000  -4.82974161
  6.18399293  61.57000000
 -4.89031337   6.13409696
 61.58000000  -4.95462115
  6.08879099  61.59000000
 -5.01269329   6.03591274
 61.60000000  -5.07500583
  5.98802940  61.61000000
 -5.13554166   5.93806459
 61.62000000  -5.19231165
  5.88376695  61.63000000
 -5.25476715   5.83579827
 61.64000000  -5.31097876
  5.78097591  61.65000000
 -5.36931809   5.72839182
 61.66000000  -5.42861434
  5.67679679  61.67000000
 -5.48201694   5.61909443
 61.68000000  -5.54171529
  5.56773488  61.69000000
 -5.59635868   5.51135094
 61.70000000  -5.65037105
  5.45431165  61.71000000
 -5.70812011   5.40080526
 61.72000000  -5.75875413
  5.34064281  61.73000000
 -5.81476817   5.28536919
 61.74000000  -5.86796519
  5.22755816  61.75000000
 -5.91761643   5.16659684
 61.76000000  -5.97330154
  5.11080598  61.77000000
 -6.02164118   5.04880568
 61.78000000  -6.07329411
  4.98950527  61.79000000
 -6.12499437   4.93022966
 61.80000000  -6.17063568
  4.86611648  61.81000000
 -6.22346035   4.80757059
 61.82000000  -6.26984801
  4.74410833  61.83000000
 -6.31674316   4.68098514
 61.84000000  -6.36669873
  4.62007821  61.85000000
 -6.40898506   4.55366761
 61.86000000  -6.45798337
  4.49193230  61.87000000
 -6.50259712   4.42718048
 61.88000000  -6.54463640
  4.36066765  61.89000000
 -6.59241356   4.29789796
 61.90000000  -6.63188425
  4.22978279  61.91000000
 -6.67632484   4.16475653
 61.92000000  -6.71918114
  4.09874659  61.93000000
 -6.75656070   4.02941788
 61.94000000  -6.80153669
  3.96453176  61.95000000
 -6.83859868   3.89509275
 61.96000000  -6.87801192
  3.82693503  61.97000000
 -6.91895368   3.75960026
 61.98000000  -6.95227745
  3.68817129  61.99000000
 -6.99354546   3.62086933
 62.00000000  -7.02845239
  3.55031738  62.01000000
 -7.06264201   3.47937474
 62.02000000  -7.10134959
  3.41060037  62.03000000
 -7.13123051   3.33764712
 62.04000000  -7.16798663
  3.26782901  62.05000000
 -7.20084252   3.19625569
 62.06000000  -7.22986619
  3.12298313  62.07000000
 -7.26586965   3.05264811
 62.08000000  -7.29279064
  2.97856056  62.09000000
 -7.32447308   2.90634776
 62.10000000  -7.35523150
  2.83376596  62.11000000
 -7.37942757   2.75868132
 62.12000000  -7.41208892
  2.68668045  62.13000000
 -7.43639236   2.61170286
 62.14000000  -7.46268735
  2.53737521  62.15000000
 -7.49116021   2.46375821
 62.16000000  -7.51116291
  2.38740000  62.17000000
 -7.53965365   2.31365851
 62.18000000  -7.56154370
  2.23793037  62.19000000
 -7.58236326   2.16186126
 62.20000000  -7.60823845
  2.08717839  62.21000000
 -7.62461459   2.00994661
 62.22000000  -7.64827196
  1.93455685  62.23000000
 -7.66782199   1.85814958
 62.24000000  -7.68329764
  1.78075640  62.25000000
 -7.70614633   1.70499956
 62.26000000  -7.71933417
  1.62716512  62.27000000
 -7.73772065   1.55035921
 62.28000000  -7.75487986
  1.47330748  62.29000000
 -7.76534474   1.39500608
 62.30000000  -7.78463596
  1.31821362  62.31000000
 -7.79494551   1.23995220
 62.32000000  -7.80782827
  1.16204921  62.33000000
 -7.82244102   1.08438010
 62.34000000  -7.82848235
  1.00556222  62.35000000
 -7.84351949   0.92782190
 62.36000000  -7.85114507
  0.84924575  62.37000000
 -7.85848321   0.77060851
 62.38000000  -7.87029688
  0.69236357  62.39000000
 -7.87245170   0.61332112
 62.40000000  -7.88267614
  0.53483062  62.41000000
 -7.88770168   0.45601467
 62.42000000  -7.88961993
  0.37701148  62.43000000
 -7.89831044   0.29826689
 62.44000000  -7.89699585
  0.21920287  62.45000000
 -7.90203901   0.14024442
 62.46000000  -7.90445606
  0.06124968  62.47000000
 -7.90121880  -0.01777621
 62.48000000  -7.90640464
 -0.09689550  62.49000000
 -7.90193252  -0.17584025
 62.50000000  -7.90159856
 -0.25493699  62.51000000
 -7.90131608  -0.33404478
 62.52000000  -7.89336122
 -0.41279909  62.53000000
 -7.89457020  -0.49210911
 62.54000000  -7.88715146
 -0.57083332  62.55000000
 -7.88139104  -0.64972199
 62.56000000  -7.87826498
 -0.72885826  62.57000000
 -7.86610296  -0.80711492
 62.58000000  -7.86284396
 -0.88636332  62.59000000
 -7.85261504  -0.96478753
 62.60000000  -7.84149953
 -1.04312857  62.61000000
 -7.83532803  -1.12217780
 62.62000000  -7.81939676
 -1.19977492  62.63000000
 -7.81132446  -1.27865531
 62.64000000  -7.79834033
 -1.35670519  62.65000000
 -7.78207198  -1.43418994
 62.66000000  -7.77260934
 -1.51299573  62.67000000
 -7.75324506  -1.58981423
 62.68000000  -7.74016876
 -1.66799511  62.69000000
 -7.72442539  -1.74558951
 62.70000000  -7.70326987
 -1.82194894  62.71000000
 -7.69026662  -1.90031297
 62.72000000  -7.66772539
 -1.97626096  62.73000000
 -7.64956807  -2.05340340
 62.74000000  -7.63101711
 -2.13044570  62.75000000
 -7.60535174  -2.20547468
 62.76000000  -7.58850539
 -2.28314049  62.77000000
 -7.56297720  -2.35814128
 62.78000000  -7.53978049
 -2.43392142  62.79000000
 -7.51832772  -2.51028875
 62.80000000  -7.48860161
 -2.58385266  62.81000000
 -7.46759624  -2.66050801
 62.82000000  -7.43920557
 -2.73448627  62.83000000
 -7.41109036  -2.80860310
 62.84000000  -7.38662309
 -2.88414549  62.85000000
 -7.35321845  -2.95614551
 62.86000000  -7.32784619
 -3.03145884  62.87000000
 -7.29666620  -3.10433245
 62.88000000  -7.26385095
 -3.17653116  62.89000000
 -7.23622711  -3.25106037
 62.90000000  -7.19945179
 -3.32141684  62.91000000
 -7.16963546  -3.39506766
 62.92000000  -7.13569291
 -3.46673799  62.93000000
 -7.09841300  -3.53679080
 62.94000000  -7.06753119
 -3.61010627  62.95000000
 -7.02761350  -3.67873988
 62.96000000  -6.99334884
 -3.75041361  62.97000000
 -6.95666565  -3.82077660
 62.98000000  -6.91519434
 -3.88849771  62.99000000
 -6.88094040  -3.96036176
 63.00000000  -6.83808247
 -4.02720697  63.01000000
 -6.79944891  -4.09661536
 63.02000000  -6.76000686
 -4.16553749  63.03000000
 -6.71466385  -4.23079759
 63.04000000  -6.67694057
 -4.30094796  63.05000000
 -6.63128594  -4.36592603
 63.06000000  -6.58841916
 -4.43280675  63.07000000
 -6.54621235  -4.50014851
 63.08000000  -6.49732635
 -4.56285940  63.09000000
 -6.45603772  -4.63099969
 63.10000000  -6.40771091
 -4.69403226  63.11000000
 -6.36078288  -4.75814626
 63.12000000  -6.31579754
 -4.82374759  63.13000000
 -6.26368487  -4.88385346
 63.14000000  -6.21878809
 -4.94968451  63.15000000
 -6.16788469  -5.01068048
 63.16000000  -6.11711791
 -5.07183216  63.17000000
 -6.06934177  -5.13551492
 63.18000000  -6.01426139
 -5.19295381  63.19000000
 -5.96579257  -5.25620482
 63.20000000  -5.91239335
 -5.31506337  63.21000000
 -5.85801296  -5.37307120
 63.22000000  -5.80746005
 -5.43465850  63.23000000
 -5.74963599  -5.48936761
 63.24000000  -5.69767609
 -5.54978250  63.25000000
 -5.64185672  -5.60639686
 63.26000000  -5.58411611
 -5.66111925  63.27000000
 -5.53080033  -5.72041279
 63.28000000  -5.47043616
 -5.77233392  63.29000000
 -5.41511611  -5.82968734
 63.30000000  -5.35694092
 -5.88393425  63.31000000
 -5.29609636  -5.93525204
 63.32000000  -5.24006138
 -5.99206057  63.33000000
 -5.17732873  -6.04112074
 63.34000000  -5.11881047
 -6.09520998  63.35000000
 -5.05835359  -6.14696802
 63.36000000  -4.99465593
 -6.19477627  63.37000000
 -4.93596310  -6.24890644
 63.38000000  -4.87102549
 -6.29503602  63.39000000
 -4.80949718  -6.34568395
 63.40000000  -4.74683035
 -6.39481829  63.41000000
 -4.68053933  -6.43904484
 63.42000000  -4.61926744
 -6.49030267  63.43000000
 -4.55227298  -6.53342177
 63.44000000  -4.48794520
 -6.58048067  63.45000000
 -4.42315042  -6.62685616
 63.46000000  -4.35451246
 -6.66743471  63.47000000
 -4.29076454  -6.71563811
 63.48000000  -4.22185546
 -6.75566284  63.49000000
 -4.15494688  -6.79900099
 63.50000000  -4.08811737
 -6.84248420  63.51000000
 -4.01738374  -6.87937929
 63.52000000  -3.95127052
 -6.92433701  63.53000000
 -3.88058726  -6.96118189
 63.54000000  -3.81133075
 -7.00069816  63.55000000
 -3.74256586  -7.04114893
 63.56000000  -3.66997180
 -7.07432622  63.57000000
 -3.60163380  -7.11587436
 63.58000000  -3.52931417
 -7.14944684  63.59000000
 -3.45794386  -7.18505442
 63.60000000  -3.38735961
 -7.22234467  63.61000000
 -3.31312337  -7.25176121
 63.62000000  -3.24272199
 -7.28975798  63.63000000
 -3.16890852  -7.31996875
 63.64000000  -3.09566118
 -7.35160014  63.65000000
 -3.02338200  -7.38560044
 63.66000000  -2.94771697
 -7.41122239  63.67000000
 -2.87542891  -7.44554583
 63.68000000  -2.80026630
 -7.47230172  63.69000000
 -2.72538018  -7.49991073
 63.70000000  -2.65154280
 -7.53049940  63.71000000
 -2.57465231  -7.55228554
 63.72000000  -2.50066792
 -7.58283909  63.73000000
 -2.42430721  -7.60605010
 63.74000000  -2.34801554
 -7.62959806  63.75000000
 -2.27276908  -7.65666529
 63.76000000  -2.19485334
 -7.67457794  63.77000000
 -2.11936983  -7.70128091
 63.78000000  -2.04196853
 -7.72086040  63.79000000
 -1.96450382  -7.74032984
 63.80000000  -1.88800556
 -7.76376809  63.81000000
 -1.80926296  -7.77777417
 63.82000000  -1.73248361
 -7.80056720  63.83000000
 -1.65420562  -7.81643001
 63.84000000  -1.57579491
 -7.83181258  63.85000000
 -1.49821329  -7.85153011
 63.86000000  -1.41884004
 -7.86159467  63.87000000
 -1.34097056  -7.88043465
 63.88000000  -1.26198798
 -7.89250442  63.89000000
 -1.18285340  -7.90380263
 63.90000000  -1.10436459
 -7.91971484  63.91000000
 -1.02455817  -7.92581306
 63.92000000  -0.94580479
 -7.94067145  63.93000000
 -0.86629665  -7.94887549
 63.94000000  -0.78665562
 -7.95610802  63.95000000
 -0.70744337  -7.96813956
 63.96000000  -0.62740147
 -7.97024968  63.97000000
 -0.54796972  -7.98111410
 63.98000000  -0.46812270
 -7.98538840  63.99000000
 -0.38818601  -7.98857894
 64.00000000  -0.30844123
 -7.99666863  64.01000000
 -0.22836277  -7.99477644
 64.02000000  -0.14845576
 -8.00164474  64.03000000
 -0.06846373  -8.00193471
 64.04000000   0.01156378
 -8.00112160  64.05000000
  0.09164438  -8.00521373
 64.06000000   0.17155942
 -7.99931664  64.07000000
  0.25174158  -8.00219926
 64.08000000   0.33167798
 -7.99845770  64.09000000
  0.41159848  -7.99368825
 64.10000000   0.49181279
 -7.99374351  64.11000000
  0.57136343  -7.98384091
 64.12000000   0.65162468
 -7.98276091  64.13000000
  0.73129876  -7.97495638
 64.14000000   0.81092019
 -7.96627192  64.15000000
  0.89106250  -7.96226881
 64.16000000   0.97004724
 -7.94837487  64.17000000
  1.05019454  -7.94335357
 64.18000000   1.12939473
 -7.93146702  64.19000000
  1.20853380  -7.91893941
 64.20000000   1.28839179
 -7.91084362  64.21000000
  1.36661193  -7.89299766
 64.22000000   1.44645648
 -7.88406936  64.23000000
  1.52496514  -7.86808406
 64.24000000   1.60344693
 -7.85178944  64.25000000
  1.68280546  -7.83959096
 64.26000000   1.76006218
 -7.81782916  64.27000000
  1.83941867  -7.80503308
 64.28000000   1.91701578
 -7.78495534  64.29000000
  1.99467186  -7.76496809
 64.30000000   2.07331119
 -7.74866358  64.31000000
  2.14941236  -7.72305094
 64.32000000   2.22809648
 -7.70642377  64.33000000
  2.30455823  -7.68226841
 64.34000000   2.38123348
 -7.65868744  64.35000000
  2.45892694  -7.63827406
 64.36000000   2.53368635
 -7.60888835  64.37000000
  2.61151683  -7.58847529
 64.38000000   2.68661729
 -7.56027117  64.39000000
  2.76216169  -7.53318576
 64.40000000   2.83868094
 -7.50868084  64.41000000
  2.91192206  -7.47561883
 64.42000000   2.98871143
 -7.45145028  64.43000000
  3.06222674  -7.41924798
 64.44000000   3.13650970
 -7.38877841  64.45000000
  3.21160984  -7.36018036
 64.46000000   3.28317764
 -7.32357732  64.47000000
  3.35873895  -7.29569288
 64.48000000   3.43044065
 -7.25954518  64.49000000
  3.50333444  -7.22579466
 64.50000000   3.57678192
 -7.19315312  64.51000000
  3.64651720  -7.15311699
 64.52000000   3.72066092
 -7.12155984  64.53000000
  3.79033272  -7.08155686
 64.54000000   3.86170976
 -7.04461539  64.55000000
  3.93326286  -7.00797987
 64.56000000   4.00104592
 -6.96468037  64.57000000
  4.07356016  -6.92946514
 64.58000000   4.14099108
 -6.88571084  64.59000000
  4.21074567  -6.84569651
 64.60000000   4.28015208
 -6.80511689  64.61000000
  4.34588124  -6.75872790
 64.62000000   4.41655046
 -6.71988404  64.63000000
  4.48153522  -6.67249550
 64.64000000   4.54955023
 -6.62949566  64.65000000
  4.61657304  -6.58506453
 64.66000000   4.68015705
 -6.53575032  64.67000000
  4.74875033  -6.49330717
 64.68000000   4.81110772
 -6.44243717  64.69000000
  4.87727186  -6.39654318
 64.70000000   4.94166069
 -6.34834759  64.71000000
  5.00304245  -6.29629495
 64.72000000   5.06931805
 -6.25029213  64.73000000
  5.12888045  -6.19610600
 64.74000000   5.19308209
 -6.14740507  64.75000000
  5.25459708  -6.09556107
 64.76000000   5.31371368
 -6.04092504  64.77000000
  5.37743611  -5.99143269
 64.78000000   5.43405948
 -5.93411682  64.79000000
  5.49616730  -5.88267396
 64.80000000   5.55458121
 -5.82732345  64.81000000
  5.61139660  -5.77027054
 64.82000000   5.67230587
 -5.71735292  64.83000000
  5.72588788  -5.65712618
 64.84000000   5.78576020
 -5.60300241  64.85000000
  5.84084825  -5.54429866
 64.86000000   5.89534013
 -5.48498861  64.87000000
  5.95317805  -5.42873582
 64.88000000   6.00364258
 -5.36582441  64.89000000
  6.06111271  -5.30906774
 64.90000000   6.11267731
 -5.24719701  64.91000000
  6.16481301  -5.18576251
 64.92000000   6.21932329
 -5.12628829  64.93000000
  6.26664794  -5.06094400
 64.94000000   6.32150880
 -5.00158545  64.95000000
  6.36937509  -4.93675547
 64.96000000   6.41913681
 -4.87332857  64.97000000
  6.47005203  -4.81075866
 64.98000000   6.51427363
 -4.74325075  64.99000000
  6.56627789  -4.68131537
 65.00000000   6.61029927
 -4.61375445  65.01000000
  6.65764806  -4.54844015
 65.02000000   6.70472288
 -4.48293720  65.03000000
  6.74592907  -4.41353523
 65.04000000   6.79477368
 -4.34904208  65.05000000
  6.83485014  -4.27900499
 65.06000000   6.87972509
 -4.21188910  65.07000000
  6.92272178  -4.14363752
 65.08000000   6.96104137
 -4.07259550  65.09000000
  7.00639460  -4.00558817
 65.10000000   7.04247499
 -3.93334766  65.11000000
  7.08478890  -3.86450149
 65.12000000   7.12349167
 -3.79371342  65.13000000
  7.15902034  -3.72122629
 65.14000000   7.20058512
 -3.65180993  65.15000000
  7.23267440  -3.57765159
 65.16000000   7.27228614
 -3.50712579  65.17000000
  7.30651968  -3.43404524
 65.18000000   7.33934762
 -3.36027730  65.19000000
  7.37682259  -3.28858758
 65.20000000   7.40500518
 -3.21281013  65.21000000
  7.44171376  -3.14064495
 65.22000000   7.47133947
 -3.06553801  65.23000000
  7.50154778  -2.99062612
 65.24000000   7.53464141
 -2.91683449  65.25000000
  7.55907997  -2.83973515
 65.26000000   7.59260972
 -2.76596777  65.27000000
  7.61754700  -2.68912384
 65.28000000   7.64517015
 -2.61316915  65.29000000
  7.67362257  -2.53748756
 65.30000000   7.69457312
 -2.45935388  65.31000000
  7.72455077  -2.38402660
 65.32000000   7.74478946
 -2.30575173  65.33000000
  7.76981667  -2.22883200
 65.34000000   7.79339479
 -2.15150481  65.35000000
  7.81120034  -2.07259629
 65.36000000   7.83716926
 -1.99578042  65.37000000
  7.85277714  -1.91638707
 65.38000000   7.87512646
 -1.83856091  65.39000000
  7.89365205  -1.75986648
 65.40000000   7.90856471
 -1.68035918  65.41000000
  7.93014457  -1.60220825
 65.42000000   7.94128463
 -1.52200563  65.43000000
  7.96077981  -1.44332322
 65.44000000   7.97413993
 -1.36356595  65.45000000
  7.98636298  -1.28358601
 65.46000000   8.00320664
 -1.20430746  65.47000000
  8.01015433  -1.12358788
 65.48000000   8.02651156
 -1.04410792  65.49000000
  8.03466934  -0.96360838
 65.50000000   8.04434019
 -0.88324260  65.51000000
  8.05614960  -0.80309202
 65.52000000   8.05929620
 -0.72211207  65.53000000
  8.07210193  -0.64192073
 65.54000000   8.07511901
 -0.56100469  65.55000000
  8.08228101  -0.48031292
 65.56000000   8.08882177
 -0.39958628  65.57000000
  8.08868972  -0.31854722
 65.58000000   8.09738453
 -0.23778299  65.59000000
  8.09543350  -0.15676485
 65.60000000   8.10002336
 -0.07579875  65.61000000
  8.10113708   0.00517845
 65.62000000   8.09817056
  0.08615746  65.63000000
  8.10225470   0.16727194
 65.64000000   8.09563143
  0.24810848  65.65000000
  8.09744927   0.32928353
 65.66000000   8.09308060
  0.41017001  65.67000000
  8.08757357   0.49102716
 65.68000000   8.08666933
  0.57220359  65.69000000
  8.07580242   0.65262801
 65.70000000   8.07449505
  0.73390477  65.71000000
  8.06470462   0.81436229
 65.72000000   8.05683072
  0.89506405  65.73000000
  8.05064219   0.97596846
 65.74000000   8.03611536
  1.05583087  65.75000000
  8.03115289   1.13702638
 65.76000000   8.01612884
  1.21674160  65.77000000
  8.00593301   1.29725817
 65.78000000   7.99425777
  1.37752615  65.79000000
  7.97677158   1.45678218
 65.80000000   7.96748300
  1.53760624  65.81000000
  7.94755539   1.61631661
 65.82000000   7.93490898
  1.69658734  65.83000000
  7.91767868   1.77584816
 65.84000000   7.89771081
  1.85451077  65.85000000
  7.88360146   1.93460185
 65.86000000   7.85926132
  2.01212756  65.87000000
  7.84384756   2.09202192
 65.88000000   7.82113080
  2.16992295  65.89000000
  7.79898533   2.24802577
 65.90000000   7.77969519
  2.32697799  65.91000000
  7.75160310   2.40325786
 65.92000000   7.73290396
  2.48253123  65.93000000
  7.70492398   2.55876896
 65.94000000   7.68071303
  2.63632508  65.95000000
  7.65602872   2.71371656
 65.96000000   7.62500032
  2.78884124  65.97000000
  7.60228676   2.86708430
 65.98000000   7.56944357
  2.94144366  65.99000000
  7.54307046   3.01839951
 66.00000000   7.51292315
  3.09381727  66.01000000
  7.47963581   3.16795380
 66.02000000   7.45228048
  3.24466213  66.03000000
  7.41515727   3.31705815
 66.04000000   7.38630716
  3.39324358  66.05000000
  7.35080815   3.46632709
 66.06000000   7.31561174
  3.53959769  66.07000000
  7.28326032   3.61427434
 66.08000000   7.24260119
  3.68478525  66.09000000
  7.21071163   3.75984500
 66.10000000   7.17017415
  3.83033521  66.11000000
  7.13318507   3.90279331
 66.12000000   7.09564262
  3.97494483  66.13000000
  7.05238762   4.04387862
 66.14000000   7.01666638
  4.11721464  66.15000000
  6.97158524   4.18498978
 66.16000000   6.93268900
  4.25656828  66.17000000
  6.88995303   4.32575556
 66.18000000   6.84477959
  4.39343074  66.19000000
  6.80463484   4.46439363
 66.20000000   6.75568899
  4.52951952  66.21000000
  6.71449551   4.59994039
 66.22000000   6.66678619
  4.66584179  66.23000000
  6.62002440   4.73246277
 66.24000000   6.57513440
  4.80044530  66.25000000
  6.52320547   4.86324779
 66.26000000   6.47907187
  4.93195677  66.27000000
  6.42680408   4.99440429
 66.28000000   6.37852386
  5.06003840  66.29000000
  6.32878193   5.12449720
 66.30000000   6.27483100
  5.18554057  66.31000000
  6.22696488   5.25169814
 66.32000000   6.17075503
  5.31074206  66.33000000
  6.12072568   5.37521084
 66.34000000   6.06626948
  5.43574332  66.35000000
  6.01084576   5.49544700
 66.36000000   5.95878553
  5.55827708  66.37000000
  5.89944816   5.61425721
 66.38000000   5.84717384
  5.67706828  66.39000000
  5.78835278   5.73345194
 66.40000000   5.73168166
  5.79204766  66.41000000
  5.67523753   5.85087724
 66.42000000   5.61375062
  5.90447816  66.43000000
  5.55849389   5.96473790
 66.44000000   5.49587051
  6.01700632  66.45000000
  5.43785555   6.07443407
 66.46000000   5.37710272
  6.12876310  66.47000000
  5.31424117   6.18070884
 66.48000000   5.25538320
  6.23738978  66.49000000
  5.18971469   6.28590591
 66.50000000   5.12998158
  6.34173800  66.51000000
  5.06522460   6.39128546
 66.52000000   5.00132688
  6.44199505  66.53000000
  4.93862759   6.49427393
 66.54000000   4.87082857
  6.53979660  66.55000000
  4.80875989   6.59313887
 66.56000000   4.74052175
  6.63792636  66.57000000
  4.67558900   6.68746728
 66.58000000   4.60909111
  6.73473697  66.59000000
  4.54004270   6.77828416
 66.60000000   4.47496816
  6.82787179  66.61000000
  4.40395879   6.86830133
 66.62000000   4.33770792
  6.91630229  66.63000000
  4.26769702   6.95822754
 66.64000000   4.19780694
  7.00042742  66.65000000
  4.12946941   7.04526367
 66.66000000   4.05653801
  7.08219066  66.67000000
  3.98845538   7.12773715
 66.68000000   3.91543252
  7.16434217  66.69000000
  3.84475456   7.20538236
 66.70000000   3.77320213
  7.24475575  66.71000000
  3.69920707   7.27943048
 66.72000000   3.62868464
  7.32108008  66.73000000
  3.55332071   7.35283151
 66.74000000   3.48163144
  7.39237284  66.75000000
  3.40715935   7.42591054
 66.76000000   3.33252247
  7.45917617  66.77000000
  3.25933072   7.49574655
 66.78000000   3.18240424
  7.52363008  66.79000000
  3.10927938   7.56069964
 66.80000000   3.03238359
  7.58845648  66.81000000
  2.95716425   7.62059145
 66.82000000   2.88139805
  7.65128653  66.83000000
  2.80367461   7.67676689
 66.84000000   2.72862346
  7.70975419  66.85000000
  2.64993820   7.73229907
 66.86000000   2.57394596
  7.76295163  66.87000000
  2.49593696   7.78739392
 66.88000000   2.41777648
  7.81148154  66.89000000
  2.34066477   7.83905430
 66.90000000   2.26088269
  7.85754799  66.91000000
  2.18377912   7.88562988
 66.92000000   2.10402851
  7.90394847  66.93000000
  2.02545535   7.92695737
 66.94000000   1.94646325
  7.94827536  66.95000000
  1.86620244   7.96439548
 66.96000000   1.78765682
  7.98811402  66.97000000
  1.70675292   8.00103118
 66.98000000   1.62759648
  8.02252959  66.99000000
  1.54711035   8.03726221
 67.00000000   1.46660344
  8.05209699  67.01000000
  1.38663824   8.07004139
 67.02000000   1.30515653
  8.07894843  67.03000000
  1.22518097   8.09765667
 67.04000000   1.14370373
  8.10606728  67.05000000
  1.06291681   8.11988370
 67.06000000   0.98182486
  8.13123252  67.07000000
  0.90017689   8.13799580
 67.08000000   0.81926420
  8.15194040  67.09000000
  0.73731029   8.15496853
 67.10000000   0.65610359
  8.16716509  67.11000000
  0.57432759   8.17170512
 67.12000000   0.49258328
  8.17736758  67.13000000
  0.41095153   8.18515883
 67.14000000   0.32892460
  8.18449013  67.15000000
  0.24721235   8.19350354
 67.16000000   0.16523129
  8.19170710  67.17000000
  0.08330480   8.19638074
 67.18000000   0.00136604
  8.19730070  67.19000000
 -0.08058656   8.19488693
 67.20000000  -0.16264930
  8.19863737  67.21000000
 -0.24444962   8.19173473
 67.22000000  -0.32662037
  8.19454156  67.23000000
 -0.40839154   8.18858076
 67.24000000  -0.49035263
  8.18527951  67.25000000
 -0.57234886   8.18251525
 67.26000000  -0.65382066
  8.17253237  67.27000000
 -0.73608388   8.17154496
 67.28000000  -0.81728835
  8.15946351  67.29000000
 -0.89934678   8.15510470
 67.30000000  -0.98077047
  8.14531535  67.31000000
 -1.06204419   8.13404333
 67.32000000  -1.14394324
  8.12728749  67.33000000
 -1.22441195   8.11067730
 67.34000000  -1.30645955
  8.10400075  67.35000000
 -1.38686266   8.08746537
 67.36000000  -1.46811393
  8.07547229  67.37000000
 -1.54906720   8.06191047
 67.38000000  -1.62900225
  8.04306833  67.39000000
 -1.71053884   8.03181915
 67.40000000  -1.78969571
  8.00967052  67.41000000
 -1.87091596   7.99638021
 67.42000000  -1.95038688
  7.97581226  67.43000000
 -2.03012237   7.95613130
 67.44000000  -2.11043533
  7.93864878  67.45000000
 -2.18852298   7.91291100
 67.46000000  -2.26928422
  7.89656055  67.47000000
 -2.34695346   7.86966085
 67.48000000  -2.42664414
  7.84926761  67.49000000
 -2.50506006   7.82485003
 67.50000000  -2.58264172
  7.79776628  67.51000000
 -2.66205117   7.77605958
 67.52000000  -2.73800640
  7.74441231  67.53000000
 -2.81738098   7.72219587
 67.54000000  -2.89344606
  7.69106322  67.55000000
 -2.97090488   7.66345295
 67.56000000  -3.04810009
  7.63518194  67.57000000
 -3.12301814   7.60123228
 67.58000000  -3.20113675
  7.57489944  67.59000000
 -3.27481936   7.53821908
 67.60000000  -3.35210340
  7.50962279  67.61000000
 -3.42644698   7.47454693
 67.62000000  -3.50105023
  7.43993231  67.63000000
 -3.57677846   7.40766545
 67.64000000  -3.64867488
  7.36753425  67.65000000
 -3.72500559   7.33618866
 67.66000000  -3.79630474
  7.29506156  67.67000000
 -3.87081071   7.25992846
 67.68000000  -3.94328828
  7.22105417  67.69000000
 -4.01449908   7.17981918
 67.70000000  -4.08843824
  7.14337643  67.71000000
 -4.15716123   7.09791431
 67.72000000  -4.23104055
  7.06109864  67.73000000
 -4.29986147   7.01594579
 67.74000000  -4.37096381
  6.97438746  67.75000000
 -4.44136809   6.93173666
 67.76000000  -4.50878012
  6.88442372  67.77000000
 -4.58052520   6.84361363
 67.78000000  -4.64598222
  6.79351087  67.79000000
 -4.71674056   6.75101426
 67.80000000  -4.78296273
  6.70210752  67.81000000
 -4.85011025   6.65440988
 67.82000000  -4.91818409
  6.60796709  67.83000000
 -4.98151156   6.55518752
 67.84000000  -5.05057450
  6.50983550  67.85000000
 -5.11269716   6.45563404
 67.86000000  -5.17971239
  6.40748048  67.87000000
 -5.24317292   6.35498886
 67.88000000  -5.30592654
  6.30159025  67.89000000
 -5.37134919   6.25131463
 67.90000000  -5.43044006
  6.19372973  67.91000000
 -5.49625950   6.14370263
 67.92000000  -5.55495303
  6.08579487  67.93000000
 -5.61767496   6.03218984
 67.94000000  -5.67817679
  5.97623638  67.95000000
 -5.73619036   5.91764621
 67.96000000  -5.79858783
  5.86350900  67.97000000
 -5.85340250   5.80177511
 67.98000000  -5.91536895
  5.74701657  67.99000000
 -5.97051619   5.68570686
 68.00000000  -6.02849021
  5.62699935  68.01000000
 -6.08578654   5.56767192
 68.02000000  -6.13880230
  5.50443653  68.03000000
 -6.19777871   5.44646178
 68.04000000  -6.24825204
  5.38109028  68.05000000
 -6.30583135   5.32172998
 68.06000000  -6.35728711
  5.25726450  68.07000000
 -6.41013715   5.19388352
 68.08000000  -6.46394928
  5.13127385  68.09000000
 -6.51180077   5.06395945
 68.10000000  -6.56692724
  5.00221253  68.11000000
 -6.61298958   4.93363536
 68.12000000  -6.66572682
  4.86993607  68.13000000
 -6.71330867   4.80252132
 68.14000000  -6.76074501
  4.73495407  68.15000000
 -6.81077638   4.66917791
 68.16000000  -6.85334917
  4.59832810  68.17000000
 -6.90420312   4.53294489
 68.18000000  -6.94575726
  4.46152497  68.19000000
 -6.99327274   4.39384053
 68.20000000  -7.03677927
  4.32367636  68.21000000
 -7.07859040   4.25244012
 68.22000000  -7.12452187
  4.18363806  68.23000000
 -7.16179305   4.10979897
 68.24000000  -7.20793312
  4.04095990  68.25000000
 -7.24485846   3.96701924
 68.26000000  -7.28685729
  3.89577191  68.27000000
 -7.32606782   3.82306139
 68.28000000  -7.36209233
  3.74867356  68.29000000
 -7.40362148   3.67703601
 68.30000000  -7.43554844
  3.60068389  68.31000000
 -7.47660362   3.52866329
 68.32000000  -7.50876682
  3.45250600  68.33000000
 -7.54502398   3.37815555
 68.34000000  -7.57970516
  3.30311629  68.35000000
 -7.60984824   3.22609747
 68.36000000  -7.64667420
  3.15185090  68.37000000
 -7.67320648   3.07341935
 68.38000000  -7.70888371
  2.99856276  68.39000000
 -7.73613243   2.92048346
 68.40000000  -7.76648582
  2.84350943  68.41000000
 -7.79641271   2.76638648
 68.42000000  -7.82060445
  2.68723682  68.43000000
 -7.85245889   2.61065371
 68.44000000  -7.87353638
  2.53054723  68.45000000
 -7.90360752   2.45324472
 68.46000000  -7.92578653
  2.37354423  68.47000000
 -7.95013877   2.29443567
 68.48000000  -7.97508490
  2.21549759  68.49000000
 -7.99329691   2.13470478
 68.50000000  -8.01994234
  2.05609438  68.51000000
 -8.03549211   1.97469941
 68.52000000  -8.05979902
  1.89537135  68.53000000
 -8.07675312   1.81436228
 68.54000000  -8.09504739
  1.73360213  68.55000000
 -8.11481031   1.65314890
 68.56000000  -8.12703549
  1.57118176  68.57000000
 -8.14826863   1.49088451
 68.58000000  -8.15822432
  1.40858351  68.59000000
 -8.17666519   1.32766387
 68.60000000  -8.18824292
  1.24567489  68.61000000
 -8.20047495   1.16373871
 68.62000000  -8.21486824
  1.08209646  68.63000000
 -8.22111758   0.99940711
 68.64000000  -8.23678263
  0.91778998  68.65000000
 -8.24107557   0.83496478
 68.66000000  -8.25359998
  0.75289108  68.67000000
 -8.25966714   0.67027104
 68.68000000  -8.26586498
  0.58761882  68.69000000
 -8.27472786   0.50513959
 68.70000000  -8.27504013
  0.42216660  68.71000000
 -8.28501351   0.33961378
 68.72000000  -8.28359030
  0.25665231  68.73000000
 -8.29019622   0.17385782
 68.74000000  -8.29063194
  0.09097516  68.75000000
 -8.29085950   0.00804987
 68.76000000  -8.29406210
 -0.07489128  68.77000000
 -8.28848821  -0.15772340
 68.78000000  -8.29269039
 -0.24081456  68.79000000
 -8.28551287  -0.32351694
 68.80000000  -8.28623528
 -0.40660945  68.81000000
 -8.28094445  -0.48936619
 68.82000000  -8.27529557
 -0.57214124  68.83000000
 -8.27273967  -0.65514984
 68.84000000  -8.26134583
 -0.73742799  68.85000000
 -8.25974467  -0.82065382
 68.86000000  -8.24678930
 -0.90269279  68.87000000
 -8.24169306  -0.98567429
 68.88000000  -8.23061740
 -1.06789954  68.89000000
 -8.21919755  -1.15012013
 68.90000000  -8.21081990
 -1.23278580  68.91000000
 -8.19370897  -1.31410990
 68.92000000  -8.18628230
 -1.39706119  68.93000000
 -8.16757125  -1.47802730
 68.94000000  -8.15675276
 -1.56050516  68.95000000
 -8.13984766  -1.64177600
 68.96000000  -8.12281327
 -1.72306297  68.97000000
 -8.10857023  -1.80495969
 68.98000000  -8.08586342
 -1.88494306  68.99000000
 -8.07263251  -1.96721008
 69.00000000  -8.04820666
 -2.04668844  69.01000000
 -8.03177787  -2.12828580
 69.02000000  -8.00904596
 -2.20816802  69.03000000
 -7.98656422  -2.28816522
 69.04000000  -7.96644049
 -2.36885235  69.05000000
 -7.93831417  -2.44713284
 69.06000000  -7.91930052
 -2.52829767  69.07000000
 -7.88924680  -2.60587582
 69.08000000  -7.86734558
 -2.68623454  69.09000000
 -7.83881432  -2.76428122
 69.10000000  -7.81107413
 -2.84265826  69.11000000
 -7.78509244  -2.92168480
 69.12000000  -7.75173813
 -2.99792113  69.13000000
 -7.72698484  -3.07755873
 69.14000000  -7.69144268
 -3.15283610  69.15000000
 -7.66420224  -3.23160664
 69.16000000  -7.62993910
 -3.30736386  69.17000000
 -7.59718131  -3.38383235
 69.18000000  -7.56535749
 -3.46071937  69.19000000
 -7.52703345  -3.53461572
 69.20000000  -7.49660034
 -3.61229101  69.21000000
 -7.45573009  -3.68487292
 69.22000000  -7.42330996
 -3.76172425  69.23000000
 -7.38343080  -3.83473867
 69.24000000  -7.34585028
 -3.90901435  69.25000000
 -7.30829419  -3.98329708
 69.26000000  -7.26524051
 -4.05457458  69.27000000
 -7.22920850  -4.12984055
 69.28000000  -7.18325288
 -4.19937380  69.29000000
 -7.14578785  -4.27396633
 69.30000000  -7.10045452
 -4.34379046  69.31000000
 -7.05829673  -4.41563504
 69.32000000  -7.01511671
 -4.48682358  69.33000000
 -6.96761273  -4.55524902
 69.34000000  -6.92609874
 -4.62765442  69.35000000
 -6.87531780  -4.69380616
 69.36000000  -6.83294752
 -4.76579792  69.37000000
 -6.78238442  -4.83200761
 69.38000000  -6.73585462
 -4.90117973  69.39000000
 -6.68722582  -4.96879590
 69.40000000  -6.63557531
 -5.03418419  69.41000000
 -6.58869144  -5.10324286
 69.42000000  -6.53343743
 -5.16576109  69.43000000
 -6.48627880  -5.23477994
 69.44000000  -6.43075402
 -5.29697330  69.45000000
 -6.38007110  -5.36325583
 69.46000000  -6.32620986
 -5.42682420  69.47000000
 -6.27069459  -5.48900920
 69.48000000  -6.21861908
 -5.55424586  69.49000000
 -6.15926798  -5.61293432
 69.50000000  -6.10742361
 -5.67856497  69.51000000
 -6.04727837  -5.73639842
 69.52000000  -5.99262987
 -5.79955875  69.53000000
 -5.93380434  -5.85861956
 69.54000000  -5.87473054
 -5.91749286  69.55000000
 -5.81765229  -5.97839880
 69.56000000  -5.75464761
 -6.03317635  69.57000000
 -5.69820831  -6.09494032
 69.58000000  -5.63382739
 -6.14812385  69.59000000
 -5.57538269  -6.20790931
 69.60000000  -5.51192851
 -6.26204465  69.61000000
 -5.44955453  -6.31748996
 69.62000000  -5.38773418
 -6.37357716  69.63000000
 -5.32149347  -6.42441604
 69.64000000  -5.26058931
 -6.48179668  69.65000000
 -5.19242940  -6.53014838
 69.66000000  -5.13032974
 -6.58625480  69.67000000
 -5.06263517  -6.63509115
 69.68000000  -4.99721155
 -6.68701444  69.69000000
 -4.93095672  -6.73779867
 69.70000000  -4.86185333
 -6.78469977  69.71000000
 -4.79669320  -6.83718882
 69.72000000  -4.72524455
 -6.88062914  69.73000000
 -4.65960713  -6.93267208
 69.74000000  -4.58813058
 -6.97592555  69.75000000
 -4.51985890  -7.02419146
 69.76000000  -4.44954617
 -7.06922827  69.77000000
 -4.37793002  -7.11224215
 69.78000000  -4.30876670
 -7.15930019  69.79000000
 -4.23456803  -7.19791966
 69.80000000  -4.16549457
 -7.24539811  69.81000000
 -4.09074328  -7.28288392
 69.82000000  -4.01979358
 -7.32730646  69.83000000
 -3.94586936  -7.36621685
 69.84000000  -3.87202671
 -7.40537587  69.85000000
 -3.79919819  -7.44649610
 69.86000000  -3.72278303
 -7.48053983  69.87000000
 -3.65038663  -7.52281177
 69.88000000  -3.57291938
 -7.55450144  69.89000000
 -3.49942670  -7.59479050
 69.90000000  -3.42239999
 -7.62728517  69.91000000
 -3.34657382  -7.66261005
 69.92000000  -3.27048762
 -7.69731074  69.93000000
 -3.19228217  -7.72702546
 69.94000000  -3.11680477
 -7.76348197  69.95000000
 -3.03719791  -7.78951717
 69.96000000  -2.96128196
 -7.82523939  69.97000000
 -2.88172105  -7.85116935
 69.98000000  -2.80409225
 -7.88258521  69.99000000
