1.000000 0.000000
0.945817 0.324699
0.789141 0.614213
0.546948 0.837166
0.245485 0.969400
-0.082579 0.996584
-0.401695 0.915773
-0.677282 0.735724
-0.879474 0.475947
-0.986361 0.164595
-0.986361 -0.164595
-0.879474 -0.475947
-0.677282 -0.735724
-0.401695 -0.915773
-0.082579 -0.996584
0.245485 -0.969400
0.546948 -0.837166
0.789141 -0.614213
0.945817 -0.324699
1.000000 -0.000000
2.000000 0.000000
1.937166 0.497380
1.752613 0.963507
1.457937 1.369094
1.071654 1.688656
0.618034 1.902113
0.125581 1.996053
-0.374763 1.964575
-0.851559 1.809654
-1.274848 1.541026
-1.618034 1.175571
-1.859553 0.736249
-1.984229 0.250666
-1.984229 -0.250666
-1.859553 -0.736249
-1.618034 -1.175571
-1.274848 -1.541026
-0.851559 -1.809654
-0.374763 -1.964575
0.125581 -1.996053
0.618034 -1.902113
1.071654 -1.688656
1.457937 -1.369094
1.752613 -0.963507
1.937166 -0.497380
2.000000 -0.000000
3.000000 0.000000
2.938590 0.603896
2.756873 1.183068
2.462290 1.713805
2.066901 2.174378
1.586892 2.545933
1.041916 2.813256
0.454283 2.965405
-0.151948 2.996150
-0.751958 2.904231
-1.321182 2.693414
-1.836318 2.372327
-2.276274 1.954117
-2.623040 1.455906
-2.862418 0.898089
-2.984608 0.303505
-2.984608 -0.303505
-2.862418 -0.898089
-2.623040 -1.455906
-2.276274 -1.954117
-1.836318 -2.372327
-1.321182 -2.693414
-0.751958 -2.904231
-0.151948 -2.996150
0.454283 -2.965405
1.041916 -2.813256
1.586892 -2.545933
2.066901 -2.174378
2.462290 -1.713805
2.756873 -1.183068
2.938590 -0.603896
3.000000 -0.000000
4.000000 0.000000
3.942464 0.676003
3.771510 1.332559
3.492056 1.950780
3.112143 2.512880
2.642699 3.002689
2.097229 3.406117
1.491426 3.711556
0.842717 3.910221
0.169765 3.996396
-0.508071 3.967602
-1.171291 3.824667
-1.800815 3.571703
-2.378533 3.215989
-2.887824 2.767755
-3.314039 2.239899
-3.644914 1.647605
-3.870932 1.007912
-3.985590 0.339224
-3.985590 -0.339224
-3.870932 -1.007912
-3.644914 -1.647605
-3.314039 -2.239899
-2.887824 -2.767755
-2.378533 -3.215989
-1.800815 -3.571703
-1.171291 -3.824667
-0.508071 -3.967602
0.169765 -3.996396
0.842717 -3.910221
1.491426 -3.711556
2.097229 -3.406117
2.642699 -3.002689
3.112143 -2.512880
3.492056 -1.950780
3.771510 -1.332559
3.942464 -0.676003
4.000000 -0.000000
5.000000 0.000000
4.949107 0.711574
4.797465 1.408663
4.548160 2.077075
4.206268 2.703204
3.778748 3.274304
3.274304 3.778748
2.703204 4.206268
2.077075 4.548160
1.408663 4.797465
0.711574 4.949107
0.000000 5.000000
-0.711574 4.949107
-1.408663 4.797465
-2.077075 4.548160
-2.703204 4.206268
-3.274304 3.778748
-3.778748 3.274304
-4.206268 2.703204
-4.548160 2.077075
-4.797465 1.408663
-4.949107 0.711574
-5.000000 0.000000
-4.949107 -0.711574
-4.797465 -1.408663
-4.548160 -2.077075
-4.206268 -2.703204
-3.778748 -3.274304
-3.274304 -3.778748
-2.703204 -4.206268
-2.077075 -4.548160
-1.408663 -4.797465
-0.711574 -4.949107
-0.000000 -5.000000
0.711574 -4.949107
1.408663 -4.797465
2.077075 -4.548160
2.703204 -4.206268
3.274304 -3.778748
3.778748 -3.274304
4.206268 -2.703204
4.548160 -2.077075
4.797465 -1.408663
4.949107 -0.711574
5.000000 -0.000000
