10.000000 0.000000
9.995303 0.153224
9.981218 0.306305
9.957757 0.459098
9.924942 0.611459
9.882804 0.763246
9.831383 0.914317
9.770728 1.064528
9.700894 1.213739
9.621948 1.361811
9.533964 1.508603
9.437024 1.653978
9.331220 1.797800
9.216651 1.939932
9.093424 2.080243
8.961656 2.218599
8.821469 2.354872
8.672996 2.488932
8.516377 2.620655
8.351758 2.749916
8.179294 2.876593
7.999146 3.000569
7.811485 3.121726
7.616487 3.239951
7.414333 3.355133
7.205216 3.467163
6.989330 3.575936
6.766879 3.681350
6.538072 3.783306
6.303123 3.881708
6.062254 3.976464
5.815690 4.067485
5.563664 4.154686
5.306411 4.237983
5.044174 4.317300
4.777198 4.392561
4.505735 4.463697
4.230040 4.530639
3.950372 4.593326
3.666993 4.651698
3.380169 4.705700
3.090170 4.755283
2.797268 4.800398
2.501739 4.841005
2.203860 4.877064
1.903911 4.908542
1.602173 4.935409
1.298931 4.957640
0.994468 4.975214
0.689071 4.988115
0.383027 4.996331
0.076623 4.999853
-0.229852 4.998679
-0.536112 4.992809
-0.841869 4.982250
-1.146834 4.967010
-1.450723 4.947105
-1.753248 4.922553
-2.054127 4.893377
-2.353076 4.859605
-2.649815 4.821267
-2.944065 4.778401
-3.235549 4.731047
-3.523994 4.679248
-3.809129 4.623055
-4.090686 4.562518
-4.368401 4.497696
-4.642012 4.428649
-4.911263 4.355442
-5.175900 4.278144
-5.435676 4.196827
-5.690345 4.111568
-5.939670 4.022447
-6.183415 3.929548
-6.421352 3.832957
-6.653257 3.732766
-6.878913 3.629069
-7.098107 3.521963
-7.310633 3.411548
-7.516293 3.297929
-7.714892 3.181212
-7.906244 3.061507
-8.090170 2.938926
-8.266496 2.813585
-8.435058 2.685600
-8.595696 2.555093
-8.748260 2.422186
-8.892607 2.287004
-9.028600 2.149673
-9.156113 2.010324
-9.275025 1.869085
-9.385224 1.726091
-9.486608 1.581476
-9.579081 1.435375
-9.662556 1.287926
-9.736954 1.139268
-9.802207 0.989539
-9.858251 0.838880
-9.905036 0.687434
-9.942517 0.535341
-9.970658 0.382746
-9.989434 0.229792
-9.998826 0.076621
-9.998826 -0.076621
-9.989434 -0.229792
-9.970658 -0.382746
-9.942517 -0.535341
-9.905036 -0.687434
-9.858251 -0.838880
-9.802207 -0.989539
-9.736954 -1.139268
-9.662556 -1.287926
-9.579081 -1.435375
-9.486608 -1.581476
-9.385224 -1.726091
-9.275025 -1.869085
-9.156113 -2.010324
-9.028600 -2.149673
-8.892607 -2.287004
-8.748260 -2.422186
-8.595696 -2.555093
-8.435058 -2.685600
-8.266496 -2.813585
-8.090170 -2.938926
-7.906244 -3.061507
-7.714892 -3.181212
-7.516293 -3.297929
-7.310633 -3.411548
-7.098107 -3.521963
-6.878913 -3.629069
-6.653257 -3.732766
-6.421352 -3.832957
-6.183415 -3.929548
-5.939670 -4.022447
-5.690345 -4.111568
-5.435676 -4.196827
-5.175900 -4.278144
-4.911263 -4.355442
-4.642012 -4.428649
-4.368401 -4.497696
-4.090686 -4.562518
-3.809129 -4.623055
-3.523994 -4.679248
-3.235549 -4.731047
-2.944065 -4.778401
-2.649815 -4.821267
-2.353076 -4.859605
-2.054127 -4.893377
-1.753248 -4.922553
-1.450723 -4.947105
-1.146834 -4.967010
-0.841869 -4.982250
-0.536112 -4.992809
-0.229852 -4.998679
0.076623 -4.999853
0.383027 -4.996331
0.689071 -4.988115
0.994468 -4.975214
1.298931 -4.957640
1.602173 -4.935409
1.903911 -4.908542
2.203860 -4.877064
2.501739 -4.841005
2.797268 -4.800398
3.090170 -4.755283
3.380169 -4.705700
3.666993 -4.651698
3.950372 -4.593326
4.230040 -4.530639
4.505735 -4.463697
4.777198 -4.392561
5.044174 -4.317300
5.306411 -4.237983
5.563664 -4.154686
5.815690 -4.067485
6.062254 -3.976464
6.303123 -3.881708
6.538072 -3.783306
6.766879 -3.681350
6.989330 -3.575936
7.205216 -3.467163
7.414333 -3.355133
7.616487 -3.239951
7.811485 -3.121726
7.999146 -3.000569
8.179294 -2.876593
8.351758 -2.749916
8.516377 -2.620655
8.672996 -2.488932
8.821469 -2.354872
8.961656 -2.218599
9.093424 -2.080243
9.216651 -1.939932
9.331220 -1.797800
9.437024 -1.653978
9.533964 -1.508603
9.621948 -1.361811
9.700894 -1.213739
9.770728 -1.064528
9.831383 -0.914317
9.882804 -0.763246
9.924942 -0.611459
9.957757 -0.459098
9.981218 -0.306305
9.995303 -0.153224
