0 [26, 77, 47]
1 [57, 11, 71]
1 [73, 2, 55]
2 [27, 36, 62]
2 [1, 54, 39]
2 [74, 18, 38]
3 [18, 43, 74]
3 [16, 65, 44]
4 [56, 42, 22]
5 [0, 80, 49]
6 [40, 20, 69]
6 [1, 37, 54]
6 [72, 51, 6]
6 [72, 41, 30]
7 [11, 53, 38]
7 [81, 50, 4]
7 [68, 44, 25]
7 [68, 44, 65]
7 [68, 25, 65]
7 [44, 25, 65]
8 [11, 38, 71]
8 [16, 65, 62]
8 [81, 58, 31]
8 [20, 76, 45]
9 [56, 42, 4]
9 [81, 50, 58]
9 [3, 44, 70]
9 [78, 21, 46]
9 [53, 38, 71]
10 [19, 77, 47]
10 [44, 3, 68]
10 [44, 3, 70]
10 [44, 68, 70]
10 [3, 68, 70]
11 [18, 53, 38]
11 [80, 0, 48]
11 [8, 82, 47]
12 [9, 43, 63]
12 [11, 53, 38]
12 [11, 53, 71]
12 [11, 38, 71]
12 [53, 38, 71]
14 [25, 68, 65]
14 [21, 78, 39]
14 [0, 66, 35]
14 [3, 76, 45]
15 [65, 36, 62]
15 [41, 12, 30]
16 [64, 26, 52]
16 [67, 46, 7]
17 [52, 13, 31]
17 [0, 49, 66]
17 [55, 12, 79]
17 [55, 29, 79]
18 [56, 81, 4]
18 [68, 44, 25]
18 [42, 22, 71]
18 [3, 45, 70]
18 [17, 58, 31]
18 [75, 37, 14]
19 [17, 52, 31]
19 [32, 73, 2]
19 [57, 22, 71]
19 [26, 47, 82]
19 [26, 47, 77]
19 [26, 82, 77]
19 [47, 82, 77]
20 [8, 40, 69]
21 [21, 54, 39]
21 [57, 28, 22]
21 [73, 29, 55]
21 [17, 58, 52]
21 [17, 58, 31]
21 [17, 52, 31]
21 [58, 52, 31]
21 [74, 18, 38]
21 [74, 18, 53]
21 [74, 38, 53]
21 [18, 38, 53]
22 [41, 12, 79]
23 [8, 82, 69]
23 [65, 36, 25]
24 [57, 51, 28]
25 [67, 21, 46]
25 [3, 76, 45]
25 [3, 76, 70]
25 [3, 45, 70]
25 [76, 45, 70]
25 [81, 50, 4]
25 [81, 50, 58]
25 [81, 4, 58]
25 [50, 4, 58]
25 [67, 78, 21]
25 [67, 78, 46]
25 [67, 21, 46]
25 [78, 21, 46]
26 [65, 44, 25]
27 [27, 36, 7]
27 [11, 53, 71]
27 [79, 12, 29]
27 [79, 12, 55]
27 [79, 29, 55]
27 [12, 29, 55]
28 [64, 17, 52]
28 [27, 59, 62]
28 [51, 28, 6]
28 [26, 52, 13]
28 [82, 77, 47]
28 [16, 65, 36]
28 [16, 65, 62]
28 [16, 36, 62]
28 [65, 36, 62]
28 [57, 11, 28]
28 [57, 11, 51]
28 [57, 28, 51]
28 [11, 28, 51]
29 [1, 75, 37]
29 [68, 3, 44]
29 [65, 27, 36]
29 [65, 27, 62]
29 [65, 36, 62]
29 [27, 36, 62]
30 [3, 76, 70]
30 [3, 68, 70]
31 [81, 4, 31]
31 [72, 41, 51]
31 [57, 42, 22]
31 [57, 42, 71]
31 [57, 22, 71]
31 [42, 22, 71]
32 [17, 58, 52]
32 [16, 65, 44]
32 [16, 65, 68]
32 [16, 44, 68]
32 [65, 44, 68]
33 [8, 40, 82]
33 [8, 40, 69]
33 [8, 82, 69]
33 [40, 82, 69]
34 [56, 42, 22]
34 [56, 42, 71]
34 [56, 22, 71]
34 [42, 22, 71]
35 [81, 58, 52]
35 [81, 58, 31]
35 [81, 52, 31]
35 [58, 52, 31]
35 [72, 41, 51]
35 [72, 41, 30]
35 [72, 51, 30]
35 [41, 51, 30]
36 [56, 81, 4]
36 [56, 81, 31]
36 [56, 4, 31]
36 [81, 4, 31]
36 [72, 41, 12]
36 [72, 41, 30]
36 [72, 12, 30]
36 [41, 12, 30]
36 [16, 65, 68]
36 [16, 65, 25]
36 [16, 65, 44]
36 [16, 68, 25]
36 [16, 68, 44]
36 [16, 25, 44]
36 [65, 68, 25]
36 [65, 68, 44]
36 [65, 25, 44]
36 [68, 25, 44]
38 [63, 43, 23]
39 [81, 58, 4]
39 [17, 58, 31]
39 [17, 58, 52]
39 [17, 58, 81]
39 [17, 31, 52]
39 [17, 31, 81]
39 [17, 52, 81]
39 [58, 31, 52]
39 [58, 31, 81]
39 [58, 52, 81]
39 [31, 52, 81]
40 [72, 30, 6]
40 [27, 67, 36]
40 [27, 67, 7]
40 [27, 36, 7]
40 [67, 36, 7]
40 [64, 26, 52]
40 [64, 26, 13]
40 [64, 52, 13]
40 [26, 52, 13]
41 [64, 26, 82]
41 [64, 17, 58]
41 [64, 17, 52]
41 [64, 58, 52]
41 [17, 58, 52]
42 [64, 26, 52]
42 [64, 26, 82]
42 [64, 52, 82]
42 [26, 52, 82]
42 [41, 12, 30]
42 [41, 12, 79]
42 [41, 30, 79]
42 [12, 30, 79]
43 [67, 21, 78]
43 [48, 19, 77]
44 [73, 2, 29]
44 [73, 2, 55]
44 [73, 29, 55]
44 [2, 29, 55]
44 [72, 51, 28]
44 [72, 51, 6]
44 [72, 28, 6]
44 [51, 28, 6]
45 [59, 10, 27]
45 [18, 74, 53]
46 [81, 58, 50]
46 [81, 58, 31]
46 [81, 50, 31]
46 [58, 50, 31]
46 [54, 21, 78]
46 [54, 21, 39]
46 [54, 78, 39]
46 [21, 78, 39]
46 [57, 11, 22]
46 [57, 11, 71]
46 [57, 22, 71]
46 [11, 22, 71]
46 [8, 82, 47]
46 [8, 82, 26]
46 [8, 82, 77]
46 [8, 47, 26]
46 [8, 47, 77]
46 [8, 26, 77]
46 [82, 47, 26]
46 [82, 47, 77]
46 [82, 26, 77]
46 [47, 26, 77]
47 [56, 42, 71]
47 [1, 75, 37]
47 [1, 75, 54]
47 [1, 37, 54]
47 [75, 37, 54]
47 [16, 65, 27]
47 [16, 65, 36]
47 [16, 65, 62]
47 [16, 27, 36]
47 [16, 27, 62]
47 [16, 36, 62]
47 [65, 27, 36]
47 [65, 27, 62]
47 [65, 36, 62]
47 [27, 36, 62]
47 [64, 17, 58]
47 [64, 17, 52]
47 [64, 17, 31]
47 [64, 58, 52]
47 [64, 58, 31]
47 [64, 52, 31]
47 [17, 58, 52]
47 [17, 58, 31]
47 [17, 52, 31]
47 [58, 52, 31]
48 [42, 38, 71]
48 [76, 45, 70]
48 [27, 10, 59]
48 [27, 10, 62]
48 [27, 59, 62]
48 [10, 59, 62]
48 [0, 49, 66]
48 [0, 49, 80]
48 [0, 66, 80]
48 [49, 66, 80]
49 [58, 52, 31]
49 [81, 58, 4]
49 [81, 58, 50]
49 [81, 58, 31]
49 [81, 4, 50]
49 [81, 4, 31]
49 [81, 50, 31]
49 [58, 4, 50]
49 [58, 4, 31]
49 [58, 50, 31]
49 [4, 50, 31]
