0 [18, 53, 38]
0 [56, 42, 22]
0 [27, 36, 62]
0 [1, 54, 39]
0 [1, 37, 54]
0 [56, 42, 4]
0 [21, 54, 39]
0 [25, 68, 65]
0 [9, 43, 63]
0 [8, 82, 69]
0 [52, 13, 31]
0 [57, 28, 22]
0 [17, 58, 31]
0 [17, 52, 31]
0 [41, 12, 30]
0 [56, 81, 4]
0 [75, 37, 14]
0 [41, 12, 79]
0 [53, 38, 71]
0 [81, 50, 58]
0 [65, 36, 62]
0 [73, 29, 55]
0 [8, 40, 69]
0 [81, 50, 4]
0 [64, 26, 52]
0 [16, 65, 62]
0 [19, 77, 47]
0 [81, 58, 31]
0 [57, 11, 71]
0 [26, 77, 47]
0 [40, 20, 69]
0 [65, 36, 25]
0 [72, 51, 6]
0 [74, 18, 38]
0 [72, 41, 30]
0 [57, 51, 28]
0 [73, 2, 55]
0 [32, 73, 2]
0 [68, 44, 25]
0 [18, 43, 74]
0 [78, 21, 46]
0 [76, 20, 45]
0 [42, 22, 71]
0 [21, 78, 39]
0 [16, 65, 44]
0 [3, 45, 70]
0 [0, 80, 48]
0 [79, 29, 55]
0 [0, 80, 49]
0 [0, 66, 35]
0 [67, 46, 7]
0 [0, 49, 66]
0 [3, 76, 45]
0 [57, 22, 71]
0 [55, 12, 79]
0 [8, 82, 47]
0 [17, 58, 52]
0 [17, 58, 31]
0 [17, 52, 31]
0 [58, 52, 31]
0 [26, 47, 82]
0 [26, 47, 77]
0 [26, 82, 77]
0 [47, 82, 77]
0 [68, 44, 25]
0 [68, 44, 65]
0 [68, 25, 65]
0 [44, 25, 65]
0 [18, 74, 38]
0 [18, 74, 53]
0 [18, 38, 53]
0 [74, 38, 53]
0 [11, 53, 38]
0 [11, 53, 71]
0 [11, 38, 71]
0 [53, 38, 71]
0 [44, 3, 68]
0 [44, 3, 70]
0 [44, 68, 70]
0 [3, 68, 70]
1 [64, 17, 52]
1 [58, 52, 31]
1 [67, 21, 78]
1 [42, 38, 71]
1 [27, 59, 62]
1 [51, 28, 6]
1 [3, 44, 70]
1 [81, 58, 4]
1 [26, 52, 13]
1 [81, 4, 31]
1 [17, 58, 52]
1 [11, 53, 38]
1 [11, 53, 71]
1 [68, 3, 44]
1 [48, 19, 77]
1 [59, 10, 27]
1 [76, 45, 70]
1 [1, 75, 37]
1 [18, 74, 53]
1 [11, 38, 71]
1 [23, 43, 63]
1 [72, 30, 6]
1 [56, 42, 71]
1 [1, 75, 37]
1 [1, 75, 54]
1 [1, 37, 54]
1 [75, 37, 54]
1 [27, 67, 36]
1 [27, 67, 7]
1 [27, 36, 7]
1 [67, 36, 7]
1 [81, 58, 50]
1 [81, 58, 31]
1 [81, 50, 31]
1 [58, 50, 31]
1 [64, 26, 52]
1 [64, 26, 13]
1 [64, 52, 13]
1 [26, 52, 13]
1 [64, 26, 52]
1 [64, 26, 82]
1 [64, 52, 82]
1 [26, 52, 82]
1 [56, 81, 4]
1 [56, 81, 31]
1 [56, 4, 31]
1 [81, 4, 31]
1 [57, 11, 28]
1 [57, 11, 51]
1 [57, 28, 51]
1 [11, 28, 51]
1 [16, 65, 36]
1 [16, 65, 62]
1 [16, 36, 62]
1 [65, 36, 62]
1 [3, 76, 45]
1 [3, 76, 70]
1 [3, 45, 70]
1 [76, 45, 70]
1 [0, 49, 66]
1 [0, 49, 80]
1 [0, 66, 80]
1 [49, 66, 80]
1 [81, 50, 4]
1 [81, 50, 58]
1 [81, 4, 58]
1 [50, 4, 58]
1 [8, 40, 82]
1 [8, 40, 69]
1 [8, 82, 69]
1 [40, 82, 69]
1 [65, 27, 36]
1 [65, 27, 62]
1 [65, 36, 62]
1 [27, 36, 62]
1 [57, 42, 22]
1 [57, 42, 71]
1 [57, 22, 71]
1 [42, 22, 71]
1 [72, 41, 12]
1 [72, 41, 30]
1 [72, 12, 30]
1 [41, 12, 30]
1 [56, 42, 22]
1 [56, 42, 71]
1 [56, 22, 71]
1 [42, 22, 71]
1 [57, 11, 22]
1 [57, 11, 71]
1 [57, 22, 71]
1 [11, 22, 71]
1 [81, 58, 52]
1 [81, 58, 31]
1 [81, 52, 31]
1 [58, 52, 31]
1 [79, 12, 29]
1 [79, 12, 55]
1 [79, 29, 55]
1 [12, 29, 55]
1 [41, 12, 30]
1 [41, 12, 79]
1 [41, 30, 79]
1 [12, 30, 79]
1 [54, 21, 78]
1 [54, 21, 39]
1 [54, 78, 39]
1 [21, 78, 39]
1 [46, 67, 21]
1 [46, 67, 78]
1 [46, 21, 78]
1 [67, 21, 78]
1 [72, 41, 51]
1 [72, 41, 30]
1 [72, 51, 30]
1 [41, 51, 30]
1 [27, 10, 59]
1 [27, 10, 62]
1 [27, 59, 62]
1 [10, 59, 62]
1 [73, 2, 29]
1 [73, 2, 55]
1 [73, 29, 55]
1 [2, 29, 55]
1 [72, 51, 28]
1 [72, 51, 6]
1 [72, 28, 6]
1 [51, 28, 6]
1 [81, 58, 31]
1 [81, 58, 52]
1 [81, 58, 17]
1 [81, 31, 52]
1 [81, 31, 17]
1 [81, 52, 17]
1 [58, 31, 52]
1 [58, 31, 17]
1 [58, 52, 17]
1 [31, 52, 17]
1 [16, 65, 44]
1 [16, 65, 68]
1 [16, 65, 25]
1 [16, 44, 68]
1 [16, 44, 25]
1 [16, 68, 25]
1 [65, 44, 68]
1 [65, 44, 25]
1 [65, 68, 25]
1 [44, 68, 25]
1 [16, 65, 27]
1 [16, 65, 36]
1 [16, 65, 62]
1 [16, 27, 36]
1 [16, 27, 62]
1 [16, 36, 62]
1 [65, 27, 36]
1 [65, 27, 62]
1 [65, 36, 62]
1 [27, 36, 62]
1 [64, 17, 58]
1 [64, 17, 52]
1 [64, 17, 31]
1 [64, 58, 52]
1 [64, 58, 31]
1 [64, 52, 31]
1 [17, 58, 52]
1 [17, 58, 31]
1 [17, 52, 31]
1 [58, 52, 31]
1 [8, 26, 47]
1 [8, 26, 82]
1 [8, 26, 77]
1 [8, 47, 82]
1 [8, 47, 77]
1 [8, 82, 77]
1 [26, 47, 82]
1 [26, 47, 77]
1 [26, 82, 77]
1 [47, 82, 77]
1 [81, 58, 4]
1 [81, 58, 50]
1 [81, 58, 31]
1 [81, 4, 50]
1 [81, 4, 31]
1 [81, 50, 31]
1 [58, 4, 50]
1 [58, 4, 31]
1 [58, 50, 31]
1 [4, 50, 31]
