0 [95, 43, 119]
0 [129, 150, 17]
0 [74, 18, 95]
0 [97, 13, 101]
0 [129, 149, 31]
0 [108, 38, 71]
0 [47, 109, 77]
0 [123, 21, 126]
0 [123, 92, 54]
0 [73, 2, 89]
0 [36, 83, 116]
0 [96, 2, 118]
0 [0, 66, 87]
0 [105, 14, 113]
0 [19, 147, 151]
0 [120, 41, 72]
0 [0, 144, 138]
0 [114, 74, 38]
0 [113, 75, 37]
0 [79, 12, 103]
0 [8, 82, 127]
0 [90, 36, 86]
0 [74, 114, 18]
0 [129, 58, 150]
0 [160, 137, 7]
0 [68, 91, 44]
0 [98, 115, 37]
0 [32, 96, 118]
0 [114, 108, 38]
0 [74, 43, 95]
0 [81, 106, 4]
0 [120, 41, 93]
0 [72, 157, 135]
0 [8, 40, 69]
0 [83, 116, 62]
0 [103, 143, 79]
0 [121, 130, 76]
0 [145, 23, 63]
0 [107, 52, 159]
0 [43, 158, 119]
0 [3, 134, 70]
0 [0, 66, 133]
0 [57, 148, 100]
0 [11, 148, 71]
0 [26, 139, 77]
0 [51, 155, 117]
0 [9, 158, 119]
0 [114, 53, 166]
0 [28, 155, 100]
0 [66, 35, 133]
0 [112, 130, 20]
0 [153, 3, 125]
0 [4, 106, 132]
0 [128, 81, 58]
0 [44, 70, 134]
0 [48, 138, 84]
0 [121, 130, 20]
0 [147, 77, 47]
0 [104, 140, 22]
0 [97, 13, 149]
0 [26, 107, 139]
0 [26, 139, 109]
0 [48, 154, 84]
0 [152, 27, 124]
0 [96, 73, 2]
0 [88, 101, 13]
0 [161, 29, 143]
0 [113, 75, 14]
0 [120, 93, 30]
0 [161, 162, 73]
0 [56, 42, 132]
0 [11, 108, 53]
0 [0, 138, 133]
0 [56, 99, 22]
0 [1, 98, 115]
0 [97, 149, 31]
0 [72, 131, 157]
0 [154, 84, 151]
0 [16, 116, 62]
0 [56, 99, 132]
0 [122, 140, 22]
0 [8, 127, 47]
0 [40, 112, 69]
0 [88, 35, 101]
0 [146, 75, 37]
0 [64, 52, 159]
0 [8, 82, 69]
0 [65, 164, 25]
0 [139, 77, 109]
0 [144, 49, 80]
0 [126, 21, 78]
0 [3, 68, 134]
0 [57, 155, 100]
0 [107, 52, 149]
0 [161, 89, 55]
0 [146, 98, 37]
0 [72, 131, 30]
0 [104, 57, 140]
0 [55, 143, 103]
0 [81, 106, 31]
0 [130, 76, 45]
0 [48, 80, 138]
0 [26, 107, 159]
0 [164, 36, 111]
0 [81, 58, 31]
0 [145, 158, 63]
0 [153, 45, 70]
0 [117, 6, 135]
0 [144, 49, 87]
0 [72, 51, 135]
0 [160, 90, 7]
0 [122, 99, 42]
0 [155, 28, 117]
0 [144, 80, 0]
0 [51, 117, 135]
0 [108, 53, 38]
0 [25, 91, 164]
0 [18, 114, 166]
0 [0, 144, 87]
0 [120, 41, 12]
0 [120, 41, 93]
0 [120, 12, 93]
0 [41, 12, 93]
0 [83, 27, 124]
0 [83, 27, 62]
0 [83, 124, 62]
0 [27, 124, 62]
0 [1, 115, 92]
0 [1, 115, 54]
0 [1, 92, 54]
0 [115, 92, 54]
0 [145, 43, 158]
0 [145, 43, 63]
0 [145, 158, 63]
0 [43, 158, 63]
0 [104, 57, 100]
0 [104, 57, 28]
0 [104, 100, 28]
0 [57, 100, 28]
0 [129, 52, 150]
0 [129, 52, 17]
0 [129, 150, 17]
0 [52, 150, 17]
0 [41, 12, 93]
0 [41, 12, 79]
0 [41, 93, 79]
0 [12, 93, 79]
0 [144, 0, 138]
0 [144, 0, 80]
0 [144, 138, 80]
0 [0, 138, 80]
0 [114, 108, 53]
0 [114, 108, 38]
0 [114, 53, 38]
0 [108, 53, 38]
0 [153, 3, 70]
0 [153, 3, 134]
0 [153, 70, 134]
0 [3, 70, 134]
0 [153, 130, 76]
0 [153, 130, 45]
0 [153, 76, 45]
0 [130, 76, 45]
0 [152, 59, 124]
0 [152, 59, 163]
0 [152, 124, 163]
0 [59, 124, 163]
0 [122, 99, 140]
0 [122, 99, 22]
0 [122, 140, 22]
0 [99, 140, 22]
0 [113, 146, 75]
0 [113, 146, 37]
0 [113, 75, 37]
0 [146, 75, 37]
0 [47, 147, 109]
0 [47, 147, 77]
0 [47, 109, 77]
0 [147, 109, 77]
0 [72, 120, 131]
0 [72, 120, 30]
0 [72, 131, 30]
0 [120, 131, 30]
0 [26, 139, 109]
0 [26, 139, 77]
0 [26, 109, 77]
0 [139, 109, 77]
0 [108, 11, 148]
0 [108, 11, 71]
0 [108, 148, 71]
0 [11, 148, 71]
0 [44, 91, 68]
0 [44, 91, 134]
0 [44, 68, 134]
0 [91, 68, 134]
0 [28, 51, 155]
0 [28, 51, 117]
0 [28, 155, 117]
0 [51, 155, 117]
0 [56, 132, 106]
0 [56, 132, 4]
0 [56, 106, 4]
0 [132, 106, 4]
0 [19, 147, 77]
0 [19, 147, 47]
0 [19, 77, 47]
0 [147, 77, 47]
0 [129, 58, 31]
0 [129, 58, 81]
0 [129, 31, 81]
0 [58, 31, 81]
0 [144, 49, 0]
0 [144, 49, 87]
0 [144, 0, 87]
0 [49, 0, 87]
0 [142, 78, 46]
0 [142, 78, 21]
0 [142, 46, 21]
0 [78, 46, 21]
0 [119, 43, 158]
0 [119, 43, 63]
0 [119, 158, 63]
0 [43, 158, 63]
0 [161, 162, 29]
0 [161, 162, 143]
0 [161, 29, 143]
0 [162, 29, 143]
0 [129, 52, 149]
0 [129, 52, 31]
0 [129, 149, 31]
0 [52, 149, 31]
0 [72, 157, 6]
0 [72, 157, 135]
0 [72, 6, 135]
0 [157, 6, 135]
0 [57, 122, 140]
0 [57, 122, 148]
0 [57, 140, 148]
0 [122, 140, 148]
0 [65, 164, 116]
0 [65, 164, 36]
0 [65, 116, 36]
0 [164, 116, 36]
0 [0, 66, 133]
0 [0, 66, 87]
0 [0, 133, 87]
0 [66, 133, 87]
0 [154, 19, 84]
0 [154, 19, 151]
0 [154, 84, 151]
0 [19, 84, 151]
0 [98, 115, 37]
0 [98, 115, 146]
0 [98, 37, 146]
0 [115, 37, 146]
0 [65, 91, 164]
0 [65, 91, 25]
0 [65, 164, 25]
0 [91, 164, 25]
0 [16, 136, 116]
0 [16, 136, 65]
0 [16, 116, 65]
0 [136, 116, 65]
0 [103, 143, 12]
0 [103, 143, 79]
0 [103, 12, 79]
0 [143, 12, 79]
0 [104, 57, 155]
0 [104, 57, 100]
0 [104, 155, 100]
0 [57, 155, 100]
0 [74, 18, 114]
0 [74, 18, 95]
0 [74, 114, 95]
0 [18, 114, 95]
0 [56, 42, 99]
0 [56, 42, 132]
0 [56, 99, 132]
0 [42, 99, 132]
0 [19, 147, 77]
0 [19, 147, 151]
0 [19, 77, 151]
0 [147, 77, 151]
0 [57, 122, 148]
0 [57, 122, 140]
0 [57, 122, 71]
0 [57, 148, 140]
0 [57, 148, 71]
0 [57, 140, 71]
0 [122, 148, 140]
0 [122, 148, 71]
0 [122, 140, 71]
0 [148, 140, 71]
0 [128, 81, 58]
0 [128, 81, 129]
0 [128, 81, 31]
0 [128, 58, 129]
0 [128, 58, 31]
0 [128, 129, 31]
0 [81, 58, 129]
0 [81, 58, 31]
0 [81, 129, 31]
0 [58, 129, 31]
0 [114, 108, 53]
0 [114, 108, 38]
0 [114, 108, 166]
0 [114, 53, 38]
0 [114, 53, 166]
0 [114, 38, 166]
0 [108, 53, 38]
0 [108, 53, 166]
0 [108, 38, 166]
0 [53, 38, 166]
0 [160, 137, 67]
0 [160, 137, 46]
0 [160, 137, 142]
0 [160, 67, 46]
0 [160, 67, 142]
0 [160, 46, 142]
0 [137, 67, 46]
0 [137, 67, 142]
0 [137, 46, 142]
0 [67, 46, 142]
0 [65, 83, 164]
0 [65, 83, 116]
0 [65, 83, 36]
0 [65, 164, 116]
0 [65, 164, 36]
0 [65, 116, 36]
0 [83, 164, 116]
0 [83, 164, 36]
0 [83, 116, 36]
0 [164, 116, 36]
1 [156, 61, 165]
1 [26, 139, 159]
1 [34, 5, 102]
1 [128, 50, 58]
1 [10, 163, 60]
1 [91, 68, 134]
1 [24, 60, 156]
1 [64, 26, 159]
1 [64, 17, 159]
1 [19, 84, 151]
1 [81, 149, 31]
1 [64, 17, 150]
1 [161, 162, 55]
1 [102, 5, 94]
1 [36, 86, 111]
1 [10, 59, 163]
1 [9, 165, 158]
1 [21, 78, 142]
1 [145, 141, 23]
1 [143, 29, 79]
1 [136, 91, 68]
1 [18, 166, 95]
1 [19, 147, 47]
1 [9, 165, 61]
1 [128, 81, 50]
1 [16, 136, 44]
1 [33, 94, 105]
1 [153, 3, 134]
1 [113, 146, 75]
1 [83, 90, 27]
1 [126, 78, 39]
1 [129, 52, 149]
1 [152, 59, 163]
1 [91, 44, 134]
1 [112, 20, 69]
1 [132, 42, 4]
1 [72, 157, 6]
1 [50, 141, 23]
1 [18, 43, 95]
1 [122, 148, 71]
1 [152, 27, 59]
1 [24, 156, 61]
1 [56, 106, 132]
1 [147, 109, 47]
1 [112, 121, 20]
1 [72, 120, 157]
1 [130, 20, 45]
1 [160, 67, 7]
1 [8, 69, 127]
1 [160, 67, 142]
1 [88, 35, 133]
1 [32, 85, 15]
1 [161, 55, 143]
1 [33, 5, 94]
1 [148, 108, 71]
1 [11, 108, 71]
1 [90, 86, 7]
1 [123, 54, 126]
1 [154, 19, 151]
1 [1, 92, 54]
1 [47, 147, 127]
1 [98, 115, 54]
1 [32, 85, 118]
1 [127, 109, 47]
1 [123, 92, 39]
1 [128, 50, 141]
1 [120, 72, 30]
1 [72, 6, 135]
1 [108, 53, 166]
1 [34, 110, 15]
1 [100, 51, 155]
1 [74, 43, 18]
1 [74, 43, 95]
1 [74, 18, 95]
1 [43, 18, 95]
1 [135, 117, 6]
1 [135, 117, 157]
1 [135, 6, 157]
1 [117, 6, 157]
1 [47, 109, 77]
1 [47, 109, 127]
1 [47, 77, 127]
1 [109, 77, 127]
1 [96, 73, 2]
1 [96, 73, 89]
1 [96, 2, 89]
1 [73, 2, 89]
1 [88, 35, 101]
1 [88, 35, 13]
1 [88, 101, 13]
1 [35, 101, 13]
1 [48, 138, 84]
1 [48, 138, 154]
1 [48, 84, 154]
1 [138, 84, 154]
1 [8, 82, 109]
1 [8, 82, 127]
1 [8, 109, 127]
1 [82, 109, 127]
1 [72, 51, 117]
1 [72, 51, 135]
1 [72, 117, 135]
1 [51, 117, 135]
1 [123, 92, 21]
1 [123, 92, 54]
1 [123, 21, 54]
1 [92, 21, 54]
1 [114, 18, 74]
1 [114, 18, 166]
1 [114, 74, 166]
1 [18, 74, 166]
1 [122, 11, 148]
1 [122, 11, 71]
1 [122, 148, 71]
1 [11, 148, 71]
1 [48, 80, 138]
1 [48, 80, 84]
1 [48, 138, 84]
1 [80, 138, 84]
1 [152, 27, 59]
1 [152, 27, 124]
1 [152, 59, 124]
1 [27, 59, 124]
1 [78, 46, 126]
1 [78, 46, 21]
1 [78, 126, 21]
1 [46, 126, 21]
1 [18, 114, 166]
1 [18, 114, 53]
1 [18, 166, 53]
1 [114, 166, 53]
1 [112, 40, 20]
1 [112, 40, 69]
1 [112, 20, 69]
1 [40, 20, 69]
1 [90, 36, 86]
1 [90, 36, 7]
1 [90, 86, 7]
1 [36, 86, 7]
1 [136, 65, 164]
1 [136, 65, 116]
1 [136, 164, 116]
1 [65, 164, 116]
1 [8, 40, 82]
1 [8, 40, 69]
1 [8, 82, 69]
1 [40, 82, 69]
1 [104, 57, 140]
1 [104, 57, 28]
1 [104, 140, 28]
1 [57, 140, 28]
1 [72, 131, 157]
1 [72, 131, 6]
1 [72, 157, 6]
1 [131, 157, 6]
1 [129, 58, 150]
1 [129, 58, 17]
1 [129, 150, 17]
1 [58, 150, 17]
1 [114, 74, 18]
1 [114, 74, 38]
1 [114, 18, 38]
1 [74, 18, 38]
1 [81, 106, 4]
1 [81, 106, 31]
1 [81, 4, 31]
1 [106, 4, 31]
1 [108, 53, 38]
1 [108, 53, 166]
1 [108, 38, 166]
1 [53, 38, 166]
1 [148, 122, 140]
1 [148, 122, 71]
1 [148, 140, 71]
1 [122, 140, 71]
1 [9, 156, 165]
1 [9, 156, 61]
1 [9, 165, 61]
1 [156, 165, 61]
1 [26, 139, 109]
1 [26, 139, 159]
1 [26, 109, 159]
1 [139, 109, 159]
1 [120, 41, 93]
1 [120, 41, 79]
1 [120, 93, 79]
1 [41, 93, 79]
1 [120, 41, 93]
1 [120, 41, 72]
1 [120, 93, 72]
1 [41, 93, 72]
1 [9, 165, 158]
1 [9, 165, 119]
1 [9, 158, 119]
1 [165, 158, 119]
1 [128, 81, 58]
1 [128, 81, 4]
1 [128, 58, 4]
1 [81, 58, 4]
1 [120, 131, 93]
1 [120, 131, 30]
1 [120, 93, 30]
1 [131, 93, 30]
1 [1, 98, 115]
1 [1, 98, 92]
1 [1, 115, 92]
1 [98, 115, 92]
1 [57, 11, 148]
1 [57, 11, 100]
1 [57, 148, 100]
1 [11, 148, 100]
1 [107, 52, 149]
1 [107, 52, 159]
1 [107, 149, 159]
1 [52, 149, 159]
1 [123, 92, 126]
1 [123, 92, 39]
1 [123, 126, 39]
1 [92, 126, 39]
1 [161, 143, 55]
1 [161, 143, 103]
1 [161, 55, 103]
1 [143, 55, 103]
1 [120, 41, 93]
1 [120, 41, 30]
1 [120, 93, 30]
1 [41, 93, 30]
1 [126, 123, 21]
1 [126, 123, 78]
1 [126, 21, 78]
1 [123, 21, 78]
1 [8, 82, 69]
1 [8, 82, 127]
1 [8, 69, 127]
1 [82, 69, 127]
1 [67, 21, 78]
1 [67, 21, 142]
1 [67, 78, 142]
1 [21, 78, 142]
1 [0, 138, 66]
1 [0, 138, 133]
1 [0, 66, 133]
1 [138, 66, 133]
1 [121, 130, 76]
1 [121, 130, 45]
1 [121, 76, 45]
1 [130, 76, 45]
1 [128, 81, 58]
1 [128, 81, 129]
1 [128, 58, 129]
1 [81, 58, 129]
1 [146, 75, 98]
1 [146, 75, 37]
1 [146, 98, 37]
1 [75, 98, 37]
1 [120, 72, 93]
1 [120, 72, 30]
1 [120, 93, 30]
1 [72, 93, 30]
1 [122, 99, 140]
1 [122, 99, 71]
1 [122, 140, 71]
1 [99, 140, 71]
1 [72, 120, 157]
1 [72, 120, 135]
1 [72, 157, 135]
1 [120, 157, 135]
1 [9, 63, 158]
1 [9, 63, 119]
1 [9, 158, 119]
1 [63, 158, 119]
1 [95, 74, 43]
1 [95, 74, 119]
1 [95, 43, 119]
1 [74, 43, 119]
1 [139, 109, 77]
1 [139, 109, 47]
1 [139, 77, 47]
1 [109, 77, 47]
1 [48, 154, 19]
1 [48, 154, 84]
1 [48, 19, 84]
1 [154, 19, 84]
1 [121, 130, 76]
1 [121, 130, 20]
1 [121, 76, 20]
1 [130, 76, 20]
1 [152, 59, 27]
1 [152, 59, 163]
1 [152, 27, 163]
1 [59, 27, 163]
1 [25, 91, 68]
1 [25, 91, 134]
1 [25, 68, 134]
1 [91, 68, 134]
1 [96, 73, 2]
1 [96, 73, 162]
1 [96, 2, 162]
1 [73, 2, 162]
1 [104, 28, 155]
1 [104, 28, 100]
1 [104, 155, 100]
1 [28, 155, 100]
1 [24, 156, 61]
1 [24, 156, 165]
1 [24, 61, 165]
1 [156, 61, 165]
1 [154, 19, 147]
1 [154, 19, 151]
1 [154, 147, 151]
1 [19, 147, 151]
1 [116, 83, 124]
1 [116, 83, 62]
1 [116, 124, 62]
1 [83, 124, 62]
1 [48, 80, 138]
1 [48, 80, 144]
1 [48, 138, 144]
1 [80, 138, 144]
1 [56, 132, 42]
1 [56, 132, 4]
1 [56, 42, 4]
1 [132, 42, 4]
1 [3, 44, 70]
1 [3, 44, 134]
1 [3, 70, 134]
1 [44, 70, 134]
1 [80, 0, 138]
1 [80, 0, 48]
1 [80, 138, 48]
1 [0, 138, 48]
1 [97, 101, 149]
1 [97, 101, 13]
1 [97, 149, 13]
1 [101, 149, 13]
1 [95, 43, 158]
1 [95, 43, 119]
1 [95, 158, 119]
1 [43, 158, 119]
1 [51, 155, 117]
1 [51, 155, 135]
1 [51, 117, 135]
1 [155, 117, 135]
1 [112, 121, 20]
1 [112, 121, 69]
1 [112, 20, 69]
1 [121, 20, 69]
1 [112, 121, 130]
1 [112, 121, 20]
1 [112, 130, 20]
1 [121, 130, 20]
1 [72, 131, 157]
1 [72, 131, 30]
1 [72, 157, 30]
1 [131, 157, 30]
1 [120, 41, 51]
1 [120, 41, 72]
1 [120, 51, 72]
1 [41, 51, 72]
1 [88, 97, 13]
1 [88, 97, 101]
1 [88, 13, 101]
1 [97, 13, 101]
1 [68, 3, 44]
1 [68, 3, 134]
1 [68, 44, 134]
1 [3, 44, 134]
1 [129, 31, 149]
1 [129, 31, 81]
1 [129, 149, 81]
1 [31, 149, 81]
1 [0, 144, 138]
1 [0, 144, 87]
1 [0, 138, 87]
1 [144, 138, 87]
1 [26, 107, 139]
1 [26, 107, 159]
1 [26, 139, 159]
1 [107, 139, 159]
1 [57, 11, 148]
1 [57, 11, 71]
1 [57, 148, 71]
1 [11, 148, 71]
1 [128, 81, 58]
1 [128, 81, 31]
1 [128, 58, 31]
1 [81, 58, 31]
1 [152, 27, 83]
1 [152, 27, 124]
1 [152, 83, 124]
1 [27, 83, 124]
1 [108, 11, 148]
1 [108, 11, 53]
1 [108, 148, 53]
1 [11, 148, 53]
1 [136, 16, 91]
1 [136, 16, 44]
1 [136, 91, 44]
1 [16, 91, 44]
1 [81, 106, 132]
1 [81, 106, 4]
1 [81, 132, 4]
1 [106, 132, 4]
1 [40, 112, 69]
1 [40, 112, 8]
1 [40, 69, 8]
1 [112, 69, 8]
1 [160, 90, 67]
1 [160, 90, 7]
1 [160, 67, 7]
1 [90, 67, 7]
1 [128, 81, 106]
1 [128, 81, 4]
1 [128, 106, 4]
1 [81, 106, 4]
1 [9, 165, 158]
1 [9, 165, 61]
1 [9, 158, 61]
1 [165, 158, 61]
1 [145, 63, 158]
1 [145, 63, 23]
1 [145, 158, 23]
1 [63, 158, 23]
1 [11, 108, 53]
1 [11, 108, 166]
1 [11, 53, 166]
1 [108, 53, 166]
1 [160, 137, 67]
1 [160, 137, 7]
1 [160, 67, 7]
1 [137, 67, 7]
1 [51, 117, 6]
1 [51, 117, 135]
1 [51, 6, 135]
1 [117, 6, 135]
1 [72, 131, 157]
1 [72, 131, 135]
1 [72, 157, 135]
1 [131, 157, 135]
1 [47, 147, 77]
1 [47, 147, 127]
1 [47, 77, 127]
1 [147, 77, 127]
1 [160, 137, 67]
1 [160, 137, 142]
1 [160, 67, 142]
1 [137, 67, 142]
1 [72, 120, 131]
1 [72, 120, 157]
1 [72, 131, 157]
1 [120, 131, 157]
1 [129, 58, 150]
1 [129, 58, 31]
1 [129, 150, 31]
1 [58, 150, 31]
1 [144, 80, 0]
1 [144, 80, 49]
1 [144, 0, 49]
1 [80, 0, 49]
1 [152, 10, 59]
1 [152, 10, 163]
1 [152, 59, 163]
1 [10, 59, 163]
1 [64, 17, 52]
1 [64, 17, 159]
1 [64, 52, 159]
1 [17, 52, 159]
1 [114, 108, 53]
1 [114, 108, 166]
1 [114, 53, 166]
1 [108, 53, 166]
1 [145, 23, 141]
1 [145, 23, 63]
1 [145, 141, 63]
1 [23, 141, 63]
1 [47, 147, 109]
1 [47, 147, 127]
1 [47, 109, 127]
1 [147, 109, 127]
1 [79, 12, 93]
1 [79, 12, 103]
1 [79, 93, 103]
1 [12, 93, 103]
1 [1, 98, 115]
1 [1, 98, 37]
1 [1, 115, 37]
1 [98, 115, 37]
1 [129, 31, 149]
1 [129, 31, 97]
1 [129, 149, 97]
1 [31, 149, 97]
1 [136, 65, 91]
1 [136, 65, 44]
1 [136, 91, 44]
1 [65, 91, 44]
1 [123, 92, 54]
1 [123, 92, 39]
1 [123, 54, 39]
1 [92, 54, 39]
1 [88, 66, 35]
1 [88, 66, 133]
1 [88, 35, 133]
1 [66, 35, 133]
1 [120, 12, 93]
1 [120, 12, 30]
1 [120, 93, 30]
1 [12, 93, 30]
1 [108, 53, 38]
1 [108, 53, 71]
1 [108, 38, 71]
1 [53, 38, 71]
1 [42, 99, 132]
1 [42, 99, 122]
1 [42, 132, 122]
1 [99, 132, 122]
1 [11, 108, 38]
1 [11, 108, 71]
1 [11, 38, 71]
1 [108, 38, 71]
1 [121, 130, 20]
1 [121, 130, 45]
1 [121, 20, 45]
1 [130, 20, 45]
1 [26, 107, 139]
1 [26, 107, 77]
1 [26, 139, 77]
1 [107, 139, 77]
1 [42, 108, 38]
1 [42, 108, 71]
1 [42, 38, 71]
1 [108, 38, 71]
1 [164, 111, 36]
1 [164, 111, 65]
1 [164, 36, 65]
1 [111, 36, 65]
1 [83, 90, 27]
1 [83, 90, 36]
1 [83, 27, 36]
1 [90, 27, 36]
1 [64, 107, 52]
1 [64, 107, 159]
1 [64, 52, 159]
1 [107, 52, 159]
1 [8, 127, 109]
1 [8, 127, 47]
1 [8, 109, 47]
1 [127, 109, 47]
1 [1, 98, 115]
1 [1, 98, 146]
1 [1, 115, 146]
1 [98, 115, 146]
1 [26, 107, 109]
1 [26, 107, 159]
1 [26, 109, 159]
1 [107, 109, 159]
1 [153, 3, 76]
1 [153, 3, 125]
1 [153, 76, 125]
1 [3, 76, 125]
1 [113, 146, 75]
1 [113, 146, 14]
1 [113, 75, 14]
1 [146, 75, 14]
1 [137, 67, 46]
1 [137, 67, 142]
1 [137, 46, 142]
1 [67, 46, 142]
1 [57, 148, 140]
1 [57, 148, 100]
1 [57, 140, 100]
1 [148, 140, 100]
1 [128, 81, 50]
1 [128, 81, 4]
1 [128, 50, 4]
1 [81, 50, 4]
1 [0, 144, 66]
1 [0, 144, 87]
1 [0, 66, 87]
1 [144, 66, 87]
1 [123, 115, 92]
1 [123, 115, 54]
1 [123, 92, 54]
1 [115, 92, 54]
1 [65, 83, 116]
1 [65, 83, 36]
1 [65, 116, 36]
1 [83, 116, 36]
1 [136, 65, 91]
1 [136, 65, 164]
1 [136, 91, 164]
1 [65, 91, 164]
1 [9, 43, 158]
1 [9, 43, 119]
1 [9, 158, 119]
1 [43, 158, 119]
1 [3, 68, 134]
1 [3, 68, 70]
1 [3, 134, 70]
1 [68, 134, 70]
1 [160, 90, 86]
1 [160, 90, 7]
1 [160, 86, 7]
1 [90, 86, 7]
1 [81, 106, 149]
1 [81, 106, 31]
1 [81, 149, 31]
1 [106, 149, 31]
1 [54, 123, 21]
1 [54, 123, 126]
1 [54, 123, 39]
1 [54, 21, 126]
1 [54, 21, 39]
1 [54, 126, 39]
1 [123, 21, 126]
1 [123, 21, 39]
1 [123, 126, 39]
1 [21, 126, 39]
1 [129, 58, 52]
1 [129, 58, 150]
1 [129, 58, 17]
1 [129, 52, 150]
1 [129, 52, 17]
1 [129, 150, 17]
1 [58, 52, 150]
1 [58, 52, 17]
1 [58, 150, 17]
1 [52, 150, 17]
1 [0, 144, 138]
1 [0, 144, 80]
1 [0, 144, 87]
1 [0, 138, 80]
1 [0, 138, 87]
1 [0, 80, 87]
1 [144, 138, 80]
1 [144, 138, 87]
1 [144, 80, 87]
1 [138, 80, 87]
1 [72, 135, 117]
1 [72, 135, 6]
1 [72, 135, 157]
1 [72, 117, 6]
1 [72, 117, 157]
1 [72, 6, 157]
1 [135, 117, 6]
1 [135, 117, 157]
1 [135, 6, 157]
1 [117, 6, 157]
1 [153, 3, 70]
1 [153, 3, 134]
1 [153, 3, 125]
1 [153, 70, 134]
1 [153, 70, 125]
1 [153, 134, 125]
1 [3, 70, 134]
1 [3, 70, 125]
1 [3, 134, 125]
1 [70, 134, 125]
1 [136, 65, 91]
1 [136, 65, 164]
1 [136, 65, 25]
1 [136, 91, 164]
1 [136, 91, 25]
1 [136, 164, 25]
1 [65, 91, 164]
1 [65, 91, 25]
1 [65, 164, 25]
1 [91, 164, 25]
1 [153, 130, 76]
1 [153, 130, 45]
1 [153, 130, 70]
1 [153, 76, 45]
1 [153, 76, 70]
1 [153, 45, 70]
1 [130, 76, 45]
1 [130, 76, 70]
1 [130, 45, 70]
1 [76, 45, 70]
1 [144, 80, 138]
1 [144, 80, 0]
1 [144, 80, 49]
1 [144, 138, 0]
1 [144, 138, 49]
1 [144, 0, 49]
1 [80, 138, 0]
1 [80, 138, 49]
1 [80, 0, 49]
1 [138, 0, 49]
1 [40, 112, 82]
1 [40, 112, 69]
1 [40, 112, 8]
1 [40, 82, 69]
1 [40, 82, 8]
1 [40, 69, 8]
1 [112, 82, 69]
1 [112, 82, 8]
1 [112, 69, 8]
1 [82, 69, 8]
1 [18, 114, 43]
1 [18, 114, 74]
1 [18, 114, 95]
1 [18, 43, 74]
1 [18, 43, 95]
1 [18, 74, 95]
1 [114, 43, 74]
1 [114, 43, 95]
1 [114, 74, 95]
1 [43, 74, 95]
1 [47, 139, 147]
1 [47, 139, 109]
1 [47, 139, 77]
1 [47, 147, 109]
1 [47, 147, 77]
1 [47, 109, 77]
1 [139, 147, 109]
1 [139, 147, 77]
1 [139, 109, 77]
1 [147, 109, 77]
1 [121, 130, 76]
1 [121, 130, 45]
1 [121, 130, 20]
1 [121, 76, 45]
1 [121, 76, 20]
1 [121, 45, 20]
1 [130, 76, 45]
1 [130, 76, 20]
1 [130, 45, 20]
1 [76, 45, 20]
1 [72, 51, 117]
1 [72, 51, 6]
1 [72, 51, 135]
1 [72, 117, 6]
1 [72, 117, 135]
1 [72, 6, 135]
1 [51, 117, 6]
1 [51, 117, 135]
1 [51, 6, 135]
1 [117, 6, 135]
1 [119, 9, 43]
1 [119, 9, 158]
1 [119, 9, 95]
1 [119, 43, 158]
1 [119, 43, 95]
1 [119, 158, 95]
1 [9, 43, 158]
1 [9, 43, 95]
1 [9, 158, 95]
1 [43, 158, 95]
1 [28, 51, 155]
1 [28, 51, 117]
1 [28, 51, 100]
1 [28, 155, 117]
1 [28, 155, 100]
1 [28, 117, 100]
1 [51, 155, 117]
1 [51, 155, 100]
1 [51, 117, 100]
1 [155, 117, 100]
1 [3, 68, 91]
1 [3, 68, 44]
1 [3, 68, 134]
1 [3, 91, 44]
1 [3, 91, 134]
1 [3, 44, 134]
1 [68, 91, 44]
1 [68, 91, 134]
1 [68, 44, 134]
1 [91, 44, 134]
1 [47, 19, 147]
1 [47, 19, 109]
1 [47, 19, 77]
1 [47, 147, 109]
1 [47, 147, 77]
1 [47, 109, 77]
1 [19, 147, 109]
1 [19, 147, 77]
1 [19, 109, 77]
1 [147, 109, 77]
1 [72, 131, 157]
1 [72, 131, 6]
1 [72, 131, 135]
1 [72, 157, 6]
1 [72, 157, 135]
1 [72, 6, 135]
1 [131, 157, 6]
1 [131, 157, 135]
1 [131, 6, 135]
1 [157, 6, 135]
1 [26, 107, 139]
1 [26, 107, 77]
1 [26, 107, 109]
1 [26, 139, 77]
1 [26, 139, 109]
1 [26, 77, 109]
1 [107, 139, 77]
1 [107, 139, 109]
1 [107, 77, 109]
1 [139, 77, 109]
1 [72, 120, 157]
1 [72, 120, 6]
1 [72, 120, 135]
1 [72, 157, 6]
1 [72, 157, 135]
1 [72, 6, 135]
1 [120, 157, 6]
1 [120, 157, 135]
1 [120, 6, 135]
1 [157, 6, 135]
1 [104, 57, 140]
1 [104, 57, 148]
1 [104, 57, 100]
1 [104, 140, 148]
1 [104, 140, 100]
1 [104, 148, 100]
1 [57, 140, 148]
1 [57, 140, 100]
1 [57, 148, 100]
1 [140, 148, 100]
1 [26, 139, 109]
1 [26, 139, 77]
1 [26, 139, 159]
1 [26, 109, 77]
1 [26, 109, 159]
1 [26, 77, 159]
1 [139, 109, 77]
1 [139, 109, 159]
1 [139, 77, 159]
1 [109, 77, 159]
1 [152, 59, 27]
1 [152, 59, 124]
1 [152, 59, 163]
1 [152, 27, 124]
1 [152, 27, 163]
1 [152, 124, 163]
1 [59, 27, 124]
1 [59, 27, 163]
1 [59, 124, 163]
1 [27, 124, 163]
1 [1, 98, 115]
1 [1, 98, 37]
1 [1, 98, 54]
1 [1, 115, 37]
1 [1, 115, 54]
1 [1, 37, 54]
1 [98, 115, 37]
1 [98, 115, 54]
1 [98, 37, 54]
1 [115, 37, 54]
1 [136, 44, 91]
1 [136, 44, 68]
1 [136, 44, 134]
1 [136, 91, 68]
1 [136, 91, 134]
1 [136, 68, 134]
1 [44, 91, 68]
1 [44, 91, 134]
1 [44, 68, 134]
1 [91, 68, 134]
1 [144, 49, 87]
1 [144, 49, 0]
1 [144, 49, 80]
1 [144, 87, 0]
1 [144, 87, 80]
1 [144, 0, 80]
1 [49, 87, 0]
1 [49, 87, 80]
1 [49, 0, 80]
1 [87, 0, 80]
1 [136, 25, 91]
1 [136, 25, 68]
1 [136, 25, 65]
1 [136, 91, 68]
1 [136, 91, 65]
1 [136, 68, 65]
1 [25, 91, 68]
1 [25, 91, 65]
1 [25, 68, 65]
1 [91, 68, 65]
1 [152, 27, 90]
1 [152, 27, 83]
1 [152, 27, 124]
1 [152, 90, 83]
1 [152, 90, 124]
1 [152, 83, 124]
1 [27, 90, 83]
1 [27, 90, 124]
1 [27, 83, 124]
1 [90, 83, 124]
1 [145, 63, 9]
1 [145, 63, 158]
1 [145, 63, 119]
1 [145, 9, 158]
1 [145, 9, 119]
1 [145, 158, 119]
1 [63, 9, 158]
1 [63, 9, 119]
1 [63, 158, 119]
1 [9, 158, 119]
1 [120, 41, 12]
1 [120, 41, 93]
1 [120, 41, 79]
1 [120, 12, 93]
1 [120, 12, 79]
1 [120, 93, 79]
1 [41, 12, 93]
1 [41, 12, 79]
1 [41, 93, 79]
1 [12, 93, 79]
1 [128, 129, 58]
1 [128, 129, 150]
1 [128, 129, 81]
1 [128, 58, 150]
1 [128, 58, 81]
1 [128, 150, 81]
1 [129, 58, 150]
1 [129, 58, 81]
1 [129, 150, 81]
1 [58, 150, 81]
1 [121, 130, 76]
1 [121, 130, 45]
1 [121, 130, 153]
1 [121, 76, 45]
1 [121, 76, 153]
1 [121, 45, 153]
1 [130, 76, 45]
1 [130, 76, 153]
1 [130, 45, 153]
1 [76, 45, 153]
1 [113, 98, 75]
1 [113, 98, 146]
1 [113, 98, 37]
1 [113, 75, 146]
1 [113, 75, 37]
1 [113, 146, 37]
1 [98, 75, 146]
1 [98, 75, 37]
1 [98, 146, 37]
1 [75, 146, 37]
1 [0, 144, 138]
1 [0, 144, 66]
1 [0, 144, 133]
1 [0, 138, 66]
1 [0, 138, 133]
1 [0, 66, 133]
1 [144, 138, 66]
1 [144, 138, 133]
1 [144, 66, 133]
1 [138, 66, 133]
1 [79, 143, 12]
1 [79, 143, 93]
1 [79, 143, 103]
1 [79, 12, 93]
1 [79, 12, 103]
1 [79, 93, 103]
1 [143, 12, 93]
1 [143, 12, 103]
1 [143, 93, 103]
1 [12, 93, 103]
1 [16, 136, 91]
1 [16, 136, 116]
1 [16, 136, 65]
1 [16, 91, 116]
1 [16, 91, 65]
1 [16, 116, 65]
1 [136, 91, 116]
1 [136, 91, 65]
1 [136, 116, 65]
1 [91, 116, 65]
1 [129, 58, 149]
1 [129, 58, 150]
1 [129, 58, 31]
1 [129, 149, 150]
1 [129, 149, 31]
1 [129, 150, 31]
1 [58, 149, 150]
1 [58, 149, 31]
1 [58, 150, 31]
1 [149, 150, 31]
1 [48, 80, 138]
1 [48, 80, 84]
1 [48, 80, 154]
1 [48, 138, 84]
1 [48, 138, 154]
1 [48, 84, 154]
1 [80, 138, 84]
1 [80, 138, 154]
1 [80, 84, 154]
1 [138, 84, 154]
1 [115, 1, 123]
1 [115, 1, 92]
1 [115, 1, 54]
1 [115, 123, 92]
1 [115, 123, 54]
1 [115, 92, 54]
1 [1, 123, 92]
1 [1, 123, 54]
1 [1, 92, 54]
1 [123, 92, 54]
1 [57, 122, 11]
1 [57, 122, 148]
1 [57, 122, 71]
1 [57, 11, 148]
1 [57, 11, 71]
1 [57, 148, 71]
1 [122, 11, 148]
1 [122, 11, 71]
1 [122, 148, 71]
1 [11, 148, 71]
1 [108, 122, 148]
1 [108, 122, 38]
1 [108, 122, 71]
1 [108, 148, 38]
1 [108, 148, 71]
1 [108, 38, 71]
1 [122, 148, 38]
1 [122, 148, 71]
1 [122, 38, 71]
1 [148, 38, 71]
1 [8, 40, 82]
1 [8, 40, 69]
1 [8, 40, 127]
1 [8, 82, 69]
1 [8, 82, 127]
1 [8, 69, 127]
1 [40, 82, 69]
1 [40, 82, 127]
1 [40, 69, 127]
1 [82, 69, 127]
1 [1, 98, 115]
1 [1, 98, 37]
1 [1, 98, 146]
1 [1, 115, 37]
1 [1, 115, 146]
1 [1, 37, 146]
1 [98, 115, 37]
1 [98, 115, 146]
1 [98, 37, 146]
1 [115, 37, 146]
1 [90, 83, 36]
1 [90, 83, 86]
1 [90, 83, 111]
1 [90, 36, 86]
1 [90, 36, 111]
1 [90, 86, 111]
1 [83, 36, 86]
1 [83, 36, 111]
1 [83, 86, 111]
1 [36, 86, 111]
1 [0, 144, 66]
1 [0, 144, 133]
1 [0, 144, 87]
1 [0, 66, 133]
1 [0, 66, 87]
1 [0, 133, 87]
1 [144, 66, 133]
1 [144, 66, 87]
1 [144, 133, 87]
1 [66, 133, 87]
1 [64, 17, 52]
1 [64, 17, 150]
1 [64, 17, 159]
1 [64, 52, 150]
1 [64, 52, 159]
1 [64, 150, 159]
1 [17, 52, 150]
1 [17, 52, 159]
1 [17, 150, 159]
1 [52, 150, 159]
1 [96, 73, 2]
1 [96, 73, 162]
1 [96, 73, 89]
1 [96, 2, 162]
1 [96, 2, 89]
1 [96, 162, 89]
1 [73, 2, 162]
1 [73, 2, 89]
1 [73, 162, 89]
1 [2, 162, 89]
1 [152, 10, 59]
1 [152, 10, 124]
1 [152, 10, 163]
1 [152, 59, 124]
1 [152, 59, 163]
1 [152, 124, 163]
1 [10, 59, 124]
1 [10, 59, 163]
1 [10, 124, 163]
1 [59, 124, 163]
1 [51, 155, 117]
1 [51, 155, 6]
1 [51, 155, 135]
1 [51, 117, 6]
1 [51, 117, 135]
1 [51, 6, 135]
1 [155, 117, 6]
1 [155, 117, 135]
1 [155, 6, 135]
1 [117, 6, 135]
1 [148, 71, 11]
1 [148, 71, 108]
1 [148, 71, 57]
1 [148, 11, 108]
1 [148, 11, 57]
1 [148, 108, 57]
1 [71, 11, 108]
1 [71, 11, 57]
1 [71, 108, 57]
1 [11, 108, 57]
1 [123, 21, 126]
1 [123, 21, 78]
1 [123, 21, 39]
1 [123, 126, 78]
1 [123, 126, 39]
1 [123, 78, 39]
1 [21, 126, 78]
1 [21, 126, 39]
1 [21, 78, 39]
1 [126, 78, 39]
1 [1, 98, 115]
1 [1, 98, 92]
1 [1, 98, 54]
1 [1, 115, 92]
1 [1, 115, 54]
1 [1, 92, 54]
1 [98, 115, 92]
1 [98, 115, 54]
1 [98, 92, 54]
1 [115, 92, 54]
1 [161, 162, 89]
1 [161, 162, 73]
1 [161, 162, 55]
1 [161, 89, 73]
1 [161, 89, 55]
1 [161, 73, 55]
1 [162, 89, 73]
1 [162, 89, 55]
1 [162, 73, 55]
1 [89, 73, 55]
1 [129, 58, 31]
1 [129, 58, 150]
1 [129, 58, 81]
1 [129, 31, 150]
1 [129, 31, 81]
1 [129, 150, 81]
1 [58, 31, 150]
1 [58, 31, 81]
1 [58, 150, 81]
1 [31, 150, 81]
1 [27, 124, 83]
1 [27, 124, 116]
1 [27, 124, 62]
1 [27, 83, 116]
1 [27, 83, 62]
1 [27, 116, 62]
1 [124, 83, 116]
1 [124, 83, 62]
1 [124, 116, 62]
1 [83, 116, 62]
1 [26, 107, 52]
1 [26, 107, 139]
1 [26, 107, 159]
1 [26, 52, 139]
1 [26, 52, 159]
1 [26, 139, 159]
1 [107, 52, 139]
1 [107, 52, 159]
1 [107, 139, 159]
1 [52, 139, 159]
1 [136, 65, 164]
1 [136, 65, 116]
1 [136, 65, 16]
1 [136, 164, 116]
1 [136, 164, 16]
1 [136, 116, 16]
1 [65, 164, 116]
1 [65, 164, 16]
1 [65, 116, 16]
1 [164, 116, 16]
1 [129, 31, 52]
1 [129, 31, 149]
1 [129, 31, 97]
1 [129, 52, 149]
1 [129, 52, 97]
1 [129, 149, 97]
1 [31, 52, 149]
1 [31, 52, 97]
1 [31, 149, 97]
1 [52, 149, 97]
1 [0, 144, 66]
1 [0, 144, 87]
1 [0, 144, 49]
1 [0, 66, 87]
1 [0, 66, 49]
1 [0, 87, 49]
1 [144, 66, 87]
1 [144, 66, 49]
1 [144, 87, 49]
1 [66, 87, 49]
1 [0, 66, 133]
1 [0, 66, 138]
1 [0, 66, 87]
1 [0, 133, 138]
1 [0, 133, 87]
1 [0, 138, 87]
1 [66, 133, 138]
1 [66, 133, 87]
1 [66, 138, 87]
1 [133, 138, 87]
1 [97, 31, 52]
1 [97, 31, 13]
1 [97, 31, 149]
1 [97, 52, 13]
1 [97, 52, 149]
1 [97, 13, 149]
1 [31, 52, 13]
1 [31, 52, 149]
1 [31, 13, 149]
1 [52, 13, 149]
1 [56, 42, 99]
1 [56, 42, 132]
1 [56, 42, 122]
1 [56, 99, 132]
1 [56, 99, 122]
1 [56, 132, 122]
1 [42, 99, 132]
1 [42, 99, 122]
1 [42, 132, 122]
1 [99, 132, 122]
1 [16, 65, 136]
1 [16, 65, 116]
1 [16, 65, 62]
1 [16, 136, 116]
1 [16, 136, 62]
1 [16, 116, 62]
1 [65, 136, 116]
1 [65, 136, 62]
1 [65, 116, 62]
1 [136, 116, 62]
1 [97, 107, 52]
1 [97, 107, 13]
1 [97, 107, 149]
1 [97, 52, 13]
1 [97, 52, 149]
1 [97, 13, 149]
1 [107, 52, 13]
1 [107, 52, 149]
1 [107, 13, 149]
1 [52, 13, 149]
1 [48, 154, 84]
1 [48, 154, 138]
1 [48, 154, 151]
1 [48, 84, 138]
1 [48, 84, 151]
1 [48, 138, 151]
1 [154, 84, 138]
1 [154, 84, 151]
1 [154, 138, 151]
1 [84, 138, 151]
1 [154, 19, 147]
1 [154, 19, 77]
1 [154, 19, 151]
1 [154, 147, 77]
1 [154, 147, 151]
1 [154, 77, 151]
1 [19, 147, 77]
1 [19, 147, 151]
1 [19, 77, 151]
1 [147, 77, 151]
1 [26, 139, 109]
1 [26, 139, 77]
1 [26, 139, 47]
1 [26, 109, 77]
1 [26, 109, 47]
1 [26, 77, 47]
1 [139, 109, 77]
1 [139, 109, 47]
1 [139, 77, 47]
1 [109, 77, 47]
1 [56, 132, 42]
1 [56, 132, 99]
1 [56, 132, 4]
1 [56, 42, 99]
1 [56, 42, 4]
1 [56, 99, 4]
1 [132, 42, 99]
1 [132, 42, 4]
1 [132, 99, 4]
1 [42, 99, 4]
1 [142, 78, 46]
1 [142, 78, 126]
1 [142, 78, 21]
1 [142, 46, 126]
1 [142, 46, 21]
1 [142, 126, 21]
1 [78, 46, 126]
1 [78, 46, 21]
1 [78, 126, 21]
1 [46, 126, 21]
1 [68, 91, 44]
1 [68, 91, 134]
1 [68, 91, 25]
1 [68, 44, 134]
1 [68, 44, 25]
1 [68, 134, 25]
1 [91, 44, 134]
1 [91, 44, 25]
1 [91, 134, 25]
1 [44, 134, 25]
1 [18, 74, 114]
1 [18, 74, 166]
1 [18, 74, 95]
1 [18, 114, 166]
1 [18, 114, 95]
1 [18, 166, 95]
1 [74, 114, 166]
1 [74, 114, 95]
1 [74, 166, 95]
1 [114, 166, 95]
1 [64, 26, 107]
1 [64, 26, 52]
1 [64, 26, 159]
1 [64, 107, 52]
1 [64, 107, 159]
1 [64, 52, 159]
1 [26, 107, 52]
1 [26, 107, 159]
1 [26, 52, 159]
1 [107, 52, 159]
1 [104, 57, 155]
1 [104, 57, 100]
1 [104, 57, 28]
1 [104, 155, 100]
1 [104, 155, 28]
1 [104, 100, 28]
1 [57, 155, 100]
1 [57, 155, 28]
1 [57, 100, 28]
1 [155, 100, 28]
1 [116, 83, 36]
1 [116, 83, 62]
1 [116, 83, 65]
1 [116, 36, 62]
1 [116, 36, 65]
1 [116, 62, 65]
1 [83, 36, 62]
1 [83, 36, 65]
1 [83, 62, 65]
1 [36, 62, 65]
1 [72, 120, 131]
1 [72, 120, 157]
1 [72, 120, 30]
1 [72, 131, 157]
1 [72, 131, 30]
1 [72, 157, 30]
1 [120, 131, 157]
1 [120, 131, 30]
1 [120, 157, 30]
1 [131, 157, 30]
1 [145, 43, 63]
1 [145, 43, 158]
1 [145, 43, 119]
1 [145, 63, 158]
1 [145, 63, 119]
1 [145, 158, 119]
1 [43, 63, 158]
1 [43, 63, 119]
1 [43, 158, 119]
1 [63, 158, 119]
1 [26, 107, 139]
1 [26, 107, 77]
1 [26, 107, 159]
1 [26, 139, 77]
1 [26, 139, 159]
1 [26, 77, 159]
1 [107, 139, 77]
1 [107, 139, 159]
1 [107, 77, 159]
1 [139, 77, 159]
1 [128, 81, 106]
1 [128, 81, 58]
1 [128, 81, 31]
1 [128, 106, 58]
1 [128, 106, 31]
1 [128, 58, 31]
1 [81, 106, 58]
1 [81, 106, 31]
1 [81, 58, 31]
1 [106, 58, 31]
1 [104, 57, 122]
1 [104, 57, 140]
1 [104, 57, 22]
1 [104, 122, 140]
1 [104, 122, 22]
1 [104, 140, 22]
1 [57, 122, 140]
1 [57, 122, 22]
1 [57, 140, 22]
1 [122, 140, 22]
1 [67, 142, 78]
1 [67, 142, 46]
1 [67, 142, 21]
1 [67, 78, 46]
1 [67, 78, 21]
1 [67, 46, 21]
1 [142, 78, 46]
1 [142, 78, 21]
1 [142, 46, 21]
1 [78, 46, 21]
1 [148, 122, 11]
1 [148, 122, 108]
1 [148, 122, 71]
1 [148, 11, 108]
1 [148, 11, 71]
1 [148, 108, 71]
1 [122, 11, 108]
1 [122, 11, 71]
1 [122, 108, 71]
1 [11, 108, 71]
1 [42, 99, 132]
1 [42, 99, 122]
1 [42, 99, 71]
1 [42, 132, 122]
1 [42, 132, 71]
1 [42, 122, 71]
1 [99, 132, 122]
1 [99, 132, 71]
1 [99, 122, 71]
1 [132, 122, 71]
1 [113, 146, 75]
1 [113, 146, 37]
1 [113, 146, 14]
1 [113, 75, 37]
1 [113, 75, 14]
1 [113, 37, 14]
1 [146, 75, 37]
1 [146, 75, 14]
1 [146, 37, 14]
1 [75, 37, 14]
1 [64, 26, 107]
1 [64, 26, 139]
1 [64, 26, 159]
1 [64, 107, 139]
1 [64, 107, 159]
1 [64, 139, 159]
1 [26, 107, 139]
1 [26, 107, 159]
1 [26, 139, 159]
1 [107, 139, 159]
1 [122, 99, 140]
1 [122, 99, 42]
1 [122, 99, 71]
1 [122, 140, 42]
1 [122, 140, 71]
1 [122, 42, 71]
1 [99, 140, 42]
1 [99, 140, 71]
1 [99, 42, 71]
1 [140, 42, 71]
1 [64, 17, 107]
1 [64, 17, 52]
1 [64, 17, 159]
1 [64, 107, 52]
1 [64, 107, 159]
1 [64, 52, 159]
1 [17, 107, 52]
1 [17, 107, 159]
1 [17, 52, 159]
1 [107, 52, 159]
1 [47, 147, 109]
1 [47, 147, 77]
1 [47, 147, 127]
1 [47, 109, 77]
1 [47, 109, 127]
1 [47, 77, 127]
1 [147, 109, 77]
1 [147, 109, 127]
1 [147, 77, 127]
1 [109, 77, 127]
1 [153, 3, 44]
1 [153, 3, 134]
1 [153, 3, 70]
1 [153, 44, 134]
1 [153, 44, 70]
1 [153, 134, 70]
1 [3, 44, 134]
1 [3, 44, 70]
1 [3, 134, 70]
1 [44, 134, 70]
1 [95, 74, 43]
1 [95, 74, 18]
1 [95, 74, 119]
1 [95, 43, 18]
1 [95, 43, 119]
1 [95, 18, 119]
1 [74, 43, 18]
1 [74, 43, 119]
1 [74, 18, 119]
1 [43, 18, 119]
1 [98, 75, 115]
1 [98, 75, 146]
1 [98, 75, 37]
1 [98, 115, 146]
1 [98, 115, 37]
1 [98, 146, 37]
1 [75, 115, 146]
1 [75, 115, 37]
1 [75, 146, 37]
1 [115, 146, 37]
1 [28, 51, 155]
1 [28, 51, 117]
1 [28, 51, 135]
1 [28, 155, 117]
1 [28, 155, 135]
1 [28, 117, 135]
1 [51, 155, 117]
1 [51, 155, 135]
1 [51, 117, 135]
1 [155, 117, 135]
1 [104, 57, 122]
1 [104, 57, 140]
1 [104, 57, 148]
1 [104, 122, 140]
1 [104, 122, 148]
1 [104, 140, 148]
1 [57, 122, 140]
1 [57, 122, 148]
1 [57, 140, 148]
1 [122, 140, 148]
1 [153, 3, 76]
1 [153, 3, 45]
1 [153, 3, 70]
1 [153, 76, 45]
1 [153, 76, 70]
1 [153, 45, 70]
1 [3, 76, 45]
1 [3, 76, 70]
1 [3, 45, 70]
1 [76, 45, 70]
1 [48, 154, 19]
1 [48, 154, 84]
1 [48, 154, 151]
1 [48, 19, 84]
1 [48, 19, 151]
1 [48, 84, 151]
1 [154, 19, 84]
1 [154, 19, 151]
1 [154, 84, 151]
1 [19, 84, 151]
1 [152, 27, 83]
1 [152, 27, 124]
1 [152, 27, 62]
1 [152, 83, 124]
1 [152, 83, 62]
1 [152, 124, 62]
1 [27, 83, 124]
1 [27, 83, 62]
1 [27, 124, 62]
1 [83, 124, 62]
1 [8, 82, 127]
1 [8, 82, 109]
1 [8, 82, 47]
1 [8, 127, 109]
1 [8, 127, 47]
1 [8, 109, 47]
1 [82, 127, 109]
1 [82, 127, 47]
1 [82, 109, 47]
1 [127, 109, 47]
1 [54, 123, 92]
1 [54, 123, 21]
1 [54, 123, 126]
1 [54, 92, 21]
1 [54, 92, 126]
1 [54, 21, 126]
1 [123, 92, 21]
1 [123, 92, 126]
1 [123, 21, 126]
1 [92, 21, 126]
1 [72, 51, 157]
1 [72, 51, 6]
1 [72, 51, 135]
1 [72, 157, 6]
1 [72, 157, 135]
1 [72, 6, 135]
1 [51, 157, 6]
1 [51, 157, 135]
1 [51, 6, 135]
1 [157, 6, 135]
1 [128, 81, 106]
1 [128, 81, 132]
1 [128, 81, 4]
1 [128, 106, 132]
1 [128, 106, 4]
1 [128, 132, 4]
1 [81, 106, 132]
1 [81, 106, 4]
1 [81, 132, 4]
1 [106, 132, 4]
1 [83, 90, 27]
1 [83, 90, 124]
1 [83, 90, 62]
1 [83, 27, 124]
1 [83, 27, 62]
1 [83, 124, 62]
1 [90, 27, 124]
1 [90, 27, 62]
1 [90, 124, 62]
1 [27, 124, 62]
1 [81, 106, 31]
1 [81, 106, 149]
1 [81, 106, 97]
1 [81, 31, 149]
1 [81, 31, 97]
1 [81, 149, 97]
1 [106, 31, 149]
1 [106, 31, 97]
1 [106, 149, 97]
1 [31, 149, 97]
1 [18, 114, 74]
1 [18, 114, 166]
1 [18, 114, 53]
1 [18, 74, 166]
1 [18, 74, 53]
1 [18, 166, 53]
1 [114, 74, 166]
1 [114, 74, 53]
1 [114, 166, 53]
1 [74, 166, 53]
1 [108, 11, 148]
1 [108, 11, 53]
1 [108, 11, 71]
1 [108, 148, 53]
1 [108, 148, 71]
1 [108, 53, 71]
1 [11, 148, 53]
1 [11, 148, 71]
1 [11, 53, 71]
1 [148, 53, 71]
1 [119, 9, 43]
1 [119, 9, 158]
1 [119, 9, 63]
1 [119, 43, 158]
1 [119, 43, 63]
1 [119, 158, 63]
1 [9, 43, 158]
1 [9, 43, 63]
1 [9, 158, 63]
1 [43, 158, 63]
1 [80, 0, 138]
1 [80, 0, 144]
1 [80, 0, 48]
1 [80, 138, 144]
1 [80, 138, 48]
1 [80, 144, 48]
1 [0, 138, 144]
1 [0, 138, 48]
1 [0, 144, 48]
1 [138, 144, 48]
1 [108, 11, 148]
1 [108, 11, 38]
1 [108, 11, 71]
1 [108, 148, 38]
1 [108, 148, 71]
1 [108, 38, 71]
1 [11, 148, 38]
1 [11, 148, 71]
1 [11, 38, 71]
1 [148, 38, 71]
1 [122, 99, 42]
1 [122, 99, 22]
1 [122, 99, 71]
1 [122, 42, 22]
1 [122, 42, 71]
1 [122, 22, 71]
1 [99, 42, 22]
1 [99, 42, 71]
1 [99, 22, 71]
1 [42, 22, 71]
1 [114, 108, 53]
1 [114, 108, 38]
1 [114, 108, 71]
1 [114, 53, 38]
1 [114, 53, 71]
1 [114, 38, 71]
1 [108, 53, 38]
1 [108, 53, 71]
1 [108, 38, 71]
1 [53, 38, 71]
1 [100, 135, 51]
1 [100, 135, 117]
1 [100, 135, 155]
1 [100, 135, 28]
1 [100, 51, 117]
1 [100, 51, 155]
1 [100, 51, 28]
1 [100, 117, 155]
1 [100, 117, 28]
1 [100, 155, 28]
1 [135, 51, 117]
1 [135, 51, 155]
1 [135, 51, 28]
1 [135, 117, 155]
1 [135, 117, 28]
1 [135, 155, 28]
1 [51, 117, 155]
1 [51, 117, 28]
1 [51, 155, 28]
1 [117, 155, 28]
1 [100, 104, 140]
1 [100, 104, 148]
1 [100, 104, 57]
1 [100, 104, 28]
1 [100, 140, 148]
1 [100, 140, 57]
1 [100, 140, 28]
1 [100, 148, 57]
1 [100, 148, 28]
1 [100, 57, 28]
1 [104, 140, 148]
1 [104, 140, 57]
1 [104, 140, 28]
1 [104, 148, 57]
1 [104, 148, 28]
1 [104, 57, 28]
1 [140, 148, 57]
1 [140, 148, 28]
1 [140, 57, 28]
1 [148, 57, 28]
1 [161, 162, 73]
1 [161, 162, 55]
1 [161, 162, 89]
1 [161, 162, 29]
1 [161, 73, 55]
1 [161, 73, 89]
1 [161, 73, 29]
1 [161, 55, 89]
1 [161, 55, 29]
1 [161, 89, 29]
1 [162, 73, 55]
1 [162, 73, 89]
1 [162, 73, 29]
1 [162, 55, 89]
1 [162, 55, 29]
1 [162, 89, 29]
1 [73, 55, 89]
1 [73, 55, 29]
1 [73, 89, 29]
1 [55, 89, 29]
1 [64, 129, 17]
1 [64, 129, 52]
1 [64, 129, 150]
1 [64, 129, 159]
1 [64, 17, 52]
1 [64, 17, 150]
1 [64, 17, 159]
1 [64, 52, 150]
1 [64, 52, 159]
1 [64, 150, 159]
1 [129, 17, 52]
1 [129, 17, 150]
1 [129, 17, 159]
1 [129, 52, 150]
1 [129, 52, 159]
1 [129, 150, 159]
1 [17, 52, 150]
1 [17, 52, 159]
1 [17, 150, 159]
1 [52, 150, 159]
1 [166, 74, 43]
1 [166, 74, 18]
1 [166, 74, 114]
1 [166, 74, 95]
1 [166, 43, 18]
1 [166, 43, 114]
1 [166, 43, 95]
1 [166, 18, 114]
1 [166, 18, 95]
1 [166, 114, 95]
1 [74, 43, 18]
1 [74, 43, 114]
1 [74, 43, 95]
1 [74, 18, 114]
1 [74, 18, 95]
1 [74, 114, 95]
1 [43, 18, 114]
1 [43, 18, 95]
1 [43, 114, 95]
1 [18, 114, 95]
1 [160, 67, 7]
1 [160, 67, 137]
1 [160, 67, 86]
1 [160, 67, 90]
1 [160, 7, 137]
1 [160, 7, 86]
1 [160, 7, 90]
1 [160, 137, 86]
1 [160, 137, 90]
1 [160, 86, 90]
1 [67, 7, 137]
1 [67, 7, 86]
1 [67, 7, 90]
1 [67, 137, 86]
1 [67, 137, 90]
1 [67, 86, 90]
1 [7, 137, 86]
1 [7, 137, 90]
1 [7, 86, 90]
1 [137, 86, 90]
1 [59, 10, 163]
1 [59, 10, 152]
1 [59, 10, 27]
1 [59, 10, 124]
1 [59, 163, 152]
1 [59, 163, 27]
1 [59, 163, 124]
1 [59, 152, 27]
1 [59, 152, 124]
1 [59, 27, 124]
1 [10, 163, 152]
1 [10, 163, 27]
1 [10, 163, 124]
1 [10, 152, 27]
1 [10, 152, 124]
1 [10, 27, 124]
1 [163, 152, 27]
1 [163, 152, 124]
1 [163, 27, 124]
1 [152, 27, 124]
1 [147, 77, 47]
1 [147, 77, 19]
1 [147, 77, 151]
1 [147, 77, 154]
1 [147, 47, 19]
1 [147, 47, 151]
1 [147, 47, 154]
1 [147, 19, 151]
1 [147, 19, 154]
1 [147, 151, 154]
1 [77, 47, 19]
1 [77, 47, 151]
1 [77, 47, 154]
1 [77, 19, 151]
1 [77, 19, 154]
1 [77, 151, 154]
1 [47, 19, 151]
1 [47, 19, 154]
1 [47, 151, 154]
1 [19, 151, 154]
1 [161, 162, 73]
1 [161, 162, 143]
1 [161, 162, 55]
1 [161, 162, 29]
1 [161, 73, 143]
1 [161, 73, 55]
1 [161, 73, 29]
1 [161, 143, 55]
1 [161, 143, 29]
1 [161, 55, 29]
1 [162, 73, 143]
1 [162, 73, 55]
1 [162, 73, 29]
1 [162, 143, 55]
1 [162, 143, 29]
1 [162, 55, 29]
1 [73, 143, 55]
1 [73, 143, 29]
1 [73, 55, 29]
1 [143, 55, 29]
1 [129, 81, 52]
1 [129, 81, 149]
1 [129, 81, 58]
1 [129, 81, 31]
1 [129, 52, 149]
1 [129, 52, 58]
1 [129, 52, 31]
1 [129, 149, 58]
1 [129, 149, 31]
1 [129, 58, 31]
1 [81, 52, 149]
1 [81, 52, 58]
1 [81, 52, 31]
1 [81, 149, 58]
1 [81, 149, 31]
1 [81, 58, 31]
1 [52, 149, 58]
1 [52, 149, 31]
1 [52, 58, 31]
1 [149, 58, 31]
1 [3, 68, 134]
1 [3, 68, 136]
1 [3, 68, 44]
1 [3, 68, 91]
1 [3, 134, 136]
1 [3, 134, 44]
1 [3, 134, 91]
1 [3, 136, 44]
1 [3, 136, 91]
1 [3, 44, 91]
1 [68, 134, 136]
1 [68, 134, 44]
1 [68, 134, 91]
1 [68, 136, 44]
1 [68, 136, 91]
1 [68, 44, 91]
1 [134, 136, 44]
1 [134, 136, 91]
1 [134, 44, 91]
1 [136, 44, 91]
1 [38, 71, 11]
1 [38, 71, 108]
1 [38, 71, 114]
1 [38, 71, 148]
1 [38, 11, 108]
1 [38, 11, 114]
1 [38, 11, 148]
1 [38, 108, 114]
1 [38, 108, 148]
1 [38, 114, 148]
1 [71, 11, 108]
1 [71, 11, 114]
1 [71, 11, 148]
1 [71, 108, 114]
1 [71, 108, 148]
1 [71, 114, 148]
1 [11, 108, 114]
1 [11, 108, 148]
1 [11, 114, 148]
1 [108, 114, 148]
1 [9, 43, 145]
1 [9, 43, 119]
1 [9, 43, 158]
1 [9, 43, 63]
1 [9, 145, 119]
1 [9, 145, 158]
1 [9, 145, 63]
1 [9, 119, 158]
1 [9, 119, 63]
1 [9, 158, 63]
1 [43, 145, 119]
1 [43, 145, 158]
1 [43, 145, 63]
1 [43, 119, 158]
1 [43, 119, 63]
1 [43, 158, 63]
1 [145, 119, 158]
1 [145, 119, 63]
1 [145, 158, 63]
1 [119, 158, 63]
1 [139, 109, 77]
1 [139, 109, 47]
1 [139, 109, 26]
1 [139, 109, 159]
1 [139, 77, 47]
1 [139, 77, 26]
1 [139, 77, 159]
1 [139, 47, 26]
1 [139, 47, 159]
1 [139, 26, 159]
1 [109, 77, 47]
1 [109, 77, 26]
1 [109, 77, 159]
1 [109, 47, 26]
1 [109, 47, 159]
1 [109, 26, 159]
1 [77, 47, 26]
1 [77, 47, 159]
1 [77, 26, 159]
1 [47, 26, 159]
1 [65, 68, 136]
1 [65, 68, 25]
1 [65, 68, 164]
1 [65, 68, 91]
1 [65, 136, 25]
1 [65, 136, 164]
1 [65, 136, 91]
1 [65, 25, 164]
1 [65, 25, 91]
1 [65, 164, 91]
1 [68, 136, 25]
1 [68, 136, 164]
1 [68, 136, 91]
1 [68, 25, 164]
1 [68, 25, 91]
1 [68, 164, 91]
1 [136, 25, 164]
1 [136, 25, 91]
1 [136, 164, 91]
1 [25, 164, 91]
1 [166, 38, 74]
1 [166, 38, 18]
1 [166, 38, 114]
1 [166, 38, 53]
1 [166, 74, 18]
1 [166, 74, 114]
1 [166, 74, 53]
1 [166, 18, 114]
1 [166, 18, 53]
1 [166, 114, 53]
1 [38, 74, 18]
1 [38, 74, 114]
1 [38, 74, 53]
1 [38, 18, 114]
1 [38, 18, 53]
1 [38, 114, 53]
1 [74, 18, 114]
1 [74, 18, 53]
1 [74, 114, 53]
1 [18, 114, 53]
1 [147, 109, 77]
1 [147, 109, 47]
1 [147, 109, 19]
1 [147, 109, 151]
1 [147, 77, 47]
1 [147, 77, 19]
1 [147, 77, 151]
1 [147, 47, 19]
1 [147, 47, 151]
1 [147, 19, 151]
1 [109, 77, 47]
1 [109, 77, 19]
1 [109, 77, 151]
1 [109, 47, 19]
1 [109, 47, 151]
1 [109, 19, 151]
1 [77, 47, 19]
1 [77, 47, 151]
1 [77, 19, 151]
1 [47, 19, 151]
1 [103, 12, 79]
1 [103, 12, 55]
1 [103, 12, 143]
1 [103, 12, 29]
1 [103, 79, 55]
1 [103, 79, 143]
1 [103, 79, 29]
1 [103, 55, 143]
1 [103, 55, 29]
1 [103, 143, 29]
1 [12, 79, 55]
1 [12, 79, 143]
1 [12, 79, 29]
1 [12, 55, 143]
1 [12, 55, 29]
1 [12, 143, 29]
1 [79, 55, 143]
1 [79, 55, 29]
1 [79, 143, 29]
1 [55, 143, 29]
1 [0, 144, 48]
1 [0, 144, 138]
1 [0, 144, 80]
1 [0, 144, 84]
1 [0, 48, 138]
1 [0, 48, 80]
1 [0, 48, 84]
1 [0, 138, 80]
1 [0, 138, 84]
1 [0, 80, 84]
1 [144, 48, 138]
1 [144, 48, 80]
1 [144, 48, 84]
1 [144, 138, 80]
1 [144, 138, 84]
1 [144, 80, 84]
1 [48, 138, 80]
1 [48, 138, 84]
1 [48, 80, 84]
1 [138, 80, 84]
1 [128, 129, 106]
1 [128, 129, 81]
1 [128, 129, 58]
1 [128, 129, 31]
1 [128, 106, 81]
1 [128, 106, 58]
1 [128, 106, 31]
1 [128, 81, 58]
1 [128, 81, 31]
1 [128, 58, 31]
1 [129, 106, 81]
1 [129, 106, 58]
1 [129, 106, 31]
1 [129, 81, 58]
1 [129, 81, 31]
1 [129, 58, 31]
1 [106, 81, 58]
1 [106, 81, 31]
1 [106, 58, 31]
1 [81, 58, 31]
1 [128, 129, 81]
1 [128, 129, 149]
1 [128, 129, 58]
1 [128, 129, 31]
1 [128, 81, 149]
1 [128, 81, 58]
1 [128, 81, 31]
1 [128, 149, 58]
1 [128, 149, 31]
1 [128, 58, 31]
1 [129, 81, 149]
1 [129, 81, 58]
1 [129, 81, 31]
1 [129, 149, 58]
1 [129, 149, 31]
1 [129, 58, 31]
1 [81, 149, 58]
1 [81, 149, 31]
1 [81, 58, 31]
1 [149, 58, 31]
1 [128, 129, 81]
1 [128, 129, 150]
1 [128, 129, 58]
1 [128, 129, 31]
1 [128, 81, 150]
1 [128, 81, 58]
1 [128, 81, 31]
1 [128, 150, 58]
1 [128, 150, 31]
1 [128, 58, 31]
1 [129, 81, 150]
1 [129, 81, 58]
1 [129, 81, 31]
1 [129, 150, 58]
1 [129, 150, 31]
1 [129, 58, 31]
1 [81, 150, 58]
1 [81, 150, 31]
1 [81, 58, 31]
1 [150, 58, 31]
1 [3, 134, 70]
1 [3, 134, 45]
1 [3, 134, 153]
1 [3, 134, 125]
1 [3, 70, 45]
1 [3, 70, 153]
1 [3, 70, 125]
1 [3, 45, 153]
1 [3, 45, 125]
1 [3, 153, 125]
1 [134, 70, 45]
1 [134, 70, 153]
1 [134, 70, 125]
1 [134, 45, 153]
1 [134, 45, 125]
1 [134, 153, 125]
1 [70, 45, 153]
1 [70, 45, 125]
1 [70, 153, 125]
1 [45, 153, 125]
1 [96, 161, 2]
1 [96, 161, 73]
1 [96, 161, 162]
1 [96, 161, 89]
1 [96, 2, 73]
1 [96, 2, 162]
1 [96, 2, 89]
1 [96, 73, 162]
1 [96, 73, 89]
1 [96, 162, 89]
1 [161, 2, 73]
1 [161, 2, 162]
1 [161, 2, 89]
1 [161, 73, 162]
1 [161, 73, 89]
1 [161, 162, 89]
1 [2, 73, 162]
1 [2, 73, 89]
1 [2, 162, 89]
1 [73, 162, 89]
1 [65, 164, 111]
1 [65, 164, 83]
1 [65, 164, 116]
1 [65, 164, 36]
1 [65, 111, 83]
1 [65, 111, 116]
1 [65, 111, 36]
1 [65, 83, 116]
1 [65, 83, 36]
1 [65, 116, 36]
1 [164, 111, 83]
1 [164, 111, 116]
1 [164, 111, 36]
1 [164, 83, 116]
1 [164, 83, 36]
1 [164, 116, 36]
1 [111, 83, 116]
1 [111, 83, 36]
1 [111, 116, 36]
1 [83, 116, 36]
1 [129, 97, 107]
1 [129, 97, 52]
1 [129, 97, 149]
1 [129, 97, 31]
1 [129, 107, 52]
1 [129, 107, 149]
1 [129, 107, 31]
1 [129, 52, 149]
1 [129, 52, 31]
1 [129, 149, 31]
1 [97, 107, 52]
1 [97, 107, 149]
1 [97, 107, 31]
1 [97, 52, 149]
1 [97, 52, 31]
1 [97, 149, 31]
1 [107, 52, 149]
1 [107, 52, 31]
1 [107, 149, 31]
1 [52, 149, 31]
1 [129, 17, 52]
1 [129, 17, 149]
1 [129, 17, 150]
1 [129, 17, 31]
1 [129, 52, 149]
1 [129, 52, 150]
1 [129, 52, 31]
1 [129, 149, 150]
1 [129, 149, 31]
1 [129, 150, 31]
1 [17, 52, 149]
1 [17, 52, 150]
1 [17, 52, 31]
1 [17, 149, 150]
1 [17, 149, 31]
1 [17, 150, 31]
1 [52, 149, 150]
1 [52, 149, 31]
1 [52, 150, 31]
1 [149, 150, 31]
1 [166, 38, 108]
1 [166, 38, 18]
1 [166, 38, 114]
1 [166, 38, 53]
1 [166, 108, 18]
1 [166, 108, 114]
1 [166, 108, 53]
1 [166, 18, 114]
1 [166, 18, 53]
1 [166, 114, 53]
1 [38, 108, 18]
1 [38, 108, 114]
1 [38, 108, 53]
1 [38, 18, 114]
1 [38, 18, 53]
1 [38, 114, 53]
1 [108, 18, 114]
1 [108, 18, 53]
1 [108, 114, 53]
1 [18, 114, 53]
1 [99, 104, 140]
1 [99, 104, 22]
1 [99, 104, 57]
1 [99, 104, 122]
1 [99, 140, 22]
1 [99, 140, 57]
1 [99, 140, 122]
1 [99, 22, 57]
1 [99, 22, 122]
1 [99, 57, 122]
1 [104, 140, 22]
1 [104, 140, 57]
1 [104, 140, 122]
1 [104, 22, 57]
1 [104, 22, 122]
1 [104, 57, 122]
1 [140, 22, 57]
1 [140, 22, 122]
1 [140, 57, 122]
1 [22, 57, 122]
1 [0, 66, 133]
1 [0, 66, 138]
1 [0, 66, 144]
1 [0, 66, 87]
1 [0, 133, 138]
1 [0, 133, 144]
1 [0, 133, 87]
1 [0, 138, 144]
1 [0, 138, 87]
1 [0, 144, 87]
1 [66, 133, 138]
1 [66, 133, 144]
1 [66, 133, 87]
1 [66, 138, 144]
1 [66, 138, 87]
1 [66, 144, 87]
1 [133, 138, 144]
1 [133, 138, 87]
1 [133, 144, 87]
1 [138, 144, 87]
1 [161, 162, 143]
1 [161, 162, 55]
1 [161, 162, 79]
1 [161, 162, 29]
1 [161, 143, 55]
1 [161, 143, 79]
1 [161, 143, 29]
1 [161, 55, 79]
1 [161, 55, 29]
1 [161, 79, 29]
1 [162, 143, 55]
1 [162, 143, 79]
1 [162, 143, 29]
1 [162, 55, 79]
1 [162, 55, 29]
1 [162, 79, 29]
1 [143, 55, 79]
1 [143, 55, 29]
1 [143, 79, 29]
1 [55, 79, 29]
1 [71, 11, 140]
1 [71, 11, 148]
1 [71, 11, 57]
1 [71, 11, 122]
1 [71, 140, 148]
1 [71, 140, 57]
1 [71, 140, 122]
1 [71, 148, 57]
1 [71, 148, 122]
1 [71, 57, 122]
1 [11, 140, 148]
1 [11, 140, 57]
1 [11, 140, 122]
1 [11, 148, 57]
1 [11, 148, 122]
1 [11, 57, 122]
1 [140, 148, 57]
1 [140, 148, 122]
1 [140, 57, 122]
1 [148, 57, 122]
1 [71, 11, 108]
1 [71, 11, 148]
1 [71, 11, 57]
1 [71, 11, 122]
1 [71, 108, 148]
1 [71, 108, 57]
1 [71, 108, 122]
1 [71, 148, 57]
1 [71, 148, 122]
1 [71, 57, 122]
1 [11, 108, 148]
1 [11, 108, 57]
1 [11, 108, 122]
1 [11, 148, 57]
1 [11, 148, 122]
1 [11, 57, 122]
1 [108, 148, 57]
1 [108, 148, 122]
1 [108, 57, 122]
1 [148, 57, 122]
1 [147, 139, 77]
1 [147, 139, 47]
1 [147, 139, 19]
1 [147, 139, 151]
1 [147, 77, 47]
1 [147, 77, 19]
1 [147, 77, 151]
1 [147, 47, 19]
1 [147, 47, 151]
1 [147, 19, 151]
1 [139, 77, 47]
1 [139, 77, 19]
1 [139, 77, 151]
1 [139, 47, 19]
1 [139, 47, 151]
1 [139, 19, 151]
1 [77, 47, 19]
1 [77, 47, 151]
1 [77, 19, 151]
1 [47, 19, 151]
1 [9, 43, 119]
1 [9, 43, 63]
1 [9, 43, 158]
1 [9, 43, 95]
1 [9, 119, 63]
1 [9, 119, 158]
1 [9, 119, 95]
1 [9, 63, 158]
1 [9, 63, 95]
1 [9, 158, 95]
1 [43, 119, 63]
1 [43, 119, 158]
1 [43, 119, 95]
1 [43, 63, 158]
1 [43, 63, 95]
1 [43, 158, 95]
1 [119, 63, 158]
1 [119, 63, 95]
1 [119, 158, 95]
1 [63, 158, 95]
1 [131, 135, 72]
1 [131, 135, 120]
1 [131, 135, 157]
1 [131, 135, 30]
1 [131, 72, 120]
1 [131, 72, 157]
1 [131, 72, 30]
1 [131, 120, 157]
1 [131, 120, 30]
1 [131, 157, 30]
1 [135, 72, 120]
1 [135, 72, 157]
1 [135, 72, 30]
1 [135, 120, 157]
1 [135, 120, 30]
1 [135, 157, 30]
1 [72, 120, 157]
1 [72, 120, 30]
1 [72, 157, 30]
1 [120, 157, 30]
1 [165, 9, 43]
1 [165, 9, 119]
1 [165, 9, 158]
1 [165, 9, 63]
1 [165, 43, 119]
1 [165, 43, 158]
1 [165, 43, 63]
1 [165, 119, 158]
1 [165, 119, 63]
1 [165, 158, 63]
1 [9, 43, 119]
1 [9, 43, 158]
1 [9, 43, 63]
1 [9, 119, 158]
1 [9, 119, 63]
1 [9, 158, 63]
1 [43, 119, 158]
1 [43, 119, 63]
1 [43, 158, 63]
1 [119, 158, 63]
1 [131, 6, 135]
1 [131, 6, 72]
1 [131, 6, 120]
1 [131, 6, 157]
1 [131, 135, 72]
1 [131, 135, 120]
1 [131, 135, 157]
1 [131, 72, 120]
1 [131, 72, 157]
1 [131, 120, 157]
1 [6, 135, 72]
1 [6, 135, 120]
1 [6, 135, 157]
1 [6, 72, 120]
1 [6, 72, 157]
1 [6, 120, 157]
1 [135, 72, 120]
1 [135, 72, 157]
1 [135, 120, 157]
1 [72, 120, 157]
1 [139, 107, 109]
1 [139, 107, 77]
1 [139, 107, 26]
1 [139, 107, 159]
1 [139, 109, 77]
1 [139, 109, 26]
1 [139, 109, 159]
1 [139, 77, 26]
1 [139, 77, 159]
1 [139, 26, 159]
1 [107, 109, 77]
1 [107, 109, 26]
1 [107, 109, 159]
1 [107, 77, 26]
1 [107, 77, 159]
1 [107, 26, 159]
1 [109, 77, 26]
1 [109, 77, 159]
1 [109, 26, 159]
1 [77, 26, 159]
1 [160, 67, 7]
1 [160, 67, 137]
1 [160, 67, 46]
1 [160, 67, 142]
1 [160, 7, 137]
1 [160, 7, 46]
1 [160, 7, 142]
1 [160, 137, 46]
1 [160, 137, 142]
1 [160, 46, 142]
1 [67, 7, 137]
1 [67, 7, 46]
1 [67, 7, 142]
1 [67, 137, 46]
1 [67, 137, 142]
1 [67, 46, 142]
1 [7, 137, 46]
1 [7, 137, 142]
1 [7, 46, 142]
1 [137, 46, 142]
1 [130, 76, 45]
1 [130, 76, 153]
1 [130, 76, 121]
1 [130, 76, 125]
1 [130, 45, 153]
1 [130, 45, 121]
1 [130, 45, 125]
1 [130, 153, 121]
1 [130, 153, 125]
1 [130, 121, 125]
1 [76, 45, 153]
1 [76, 45, 121]
1 [76, 45, 125]
1 [76, 153, 121]
1 [76, 153, 125]
1 [76, 121, 125]
1 [45, 153, 121]
1 [45, 153, 125]
1 [45, 121, 125]
1 [153, 121, 125]
1 [139, 109, 77]
1 [139, 109, 47]
1 [139, 109, 147]
1 [139, 109, 26]
1 [139, 77, 47]
1 [139, 77, 147]
1 [139, 77, 26]
1 [139, 47, 147]
1 [139, 47, 26]
1 [139, 147, 26]
1 [109, 77, 47]
1 [109, 77, 147]
1 [109, 77, 26]
1 [109, 47, 147]
1 [109, 47, 26]
1 [109, 147, 26]
1 [77, 47, 147]
1 [77, 47, 26]
1 [77, 147, 26]
1 [47, 147, 26]
1 [71, 104, 140]
1 [71, 104, 148]
1 [71, 104, 22]
1 [71, 104, 57]
1 [71, 104, 122]
1 [71, 140, 148]
1 [71, 140, 22]
1 [71, 140, 57]
1 [71, 140, 122]
1 [71, 148, 22]
1 [71, 148, 57]
1 [71, 148, 122]
1 [71, 22, 57]
1 [71, 22, 122]
1 [71, 57, 122]
1 [104, 140, 148]
1 [104, 140, 22]
1 [104, 140, 57]
1 [104, 140, 122]
1 [104, 148, 22]
1 [104, 148, 57]
1 [104, 148, 122]
1 [104, 22, 57]
1 [104, 22, 122]
1 [104, 57, 122]
1 [140, 148, 22]
1 [140, 148, 57]
1 [140, 148, 122]
1 [140, 22, 57]
1 [140, 22, 122]
1 [140, 57, 122]
1 [148, 22, 57]
1 [148, 22, 122]
1 [148, 57, 122]
1 [22, 57, 122]
1 [128, 129, 81]
1 [128, 129, 149]
1 [128, 129, 150]
1 [128, 129, 58]
1 [128, 129, 31]
1 [128, 81, 149]
1 [128, 81, 150]
1 [128, 81, 58]
1 [128, 81, 31]
1 [128, 149, 150]
1 [128, 149, 58]
1 [128, 149, 31]
1 [128, 150, 58]
1 [128, 150, 31]
1 [128, 58, 31]
1 [129, 81, 149]
1 [129, 81, 150]
1 [129, 81, 58]
1 [129, 81, 31]
1 [129, 149, 150]
1 [129, 149, 58]
1 [129, 149, 31]
1 [129, 150, 58]
1 [129, 150, 31]
1 [129, 58, 31]
1 [81, 149, 150]
1 [81, 149, 58]
1 [81, 149, 31]
1 [81, 150, 58]
1 [81, 150, 31]
1 [81, 58, 31]
1 [149, 150, 58]
1 [149, 150, 31]
1 [149, 58, 31]
1 [150, 58, 31]
1 [147, 109, 77]
1 [147, 109, 47]
1 [147, 109, 19]
1 [147, 109, 151]
1 [147, 109, 154]
1 [147, 77, 47]
1 [147, 77, 19]
1 [147, 77, 151]
1 [147, 77, 154]
1 [147, 47, 19]
1 [147, 47, 151]
1 [147, 47, 154]
1 [147, 19, 151]
1 [147, 19, 154]
1 [147, 151, 154]
1 [109, 77, 47]
1 [109, 77, 19]
1 [109, 77, 151]
1 [109, 77, 154]
1 [109, 47, 19]
1 [109, 47, 151]
1 [109, 47, 154]
1 [109, 19, 151]
1 [109, 19, 154]
1 [109, 151, 154]
1 [77, 47, 19]
1 [77, 47, 151]
1 [77, 47, 154]
1 [77, 19, 151]
1 [77, 19, 154]
1 [77, 151, 154]
1 [47, 19, 151]
1 [47, 19, 154]
1 [47, 151, 154]
1 [19, 151, 154]
1 [100, 104, 140]
1 [100, 104, 148]
1 [100, 104, 57]
1 [100, 104, 155]
1 [100, 104, 28]
1 [100, 140, 148]
1 [100, 140, 57]
1 [100, 140, 155]
1 [100, 140, 28]
1 [100, 148, 57]
1 [100, 148, 155]
1 [100, 148, 28]
1 [100, 57, 155]
1 [100, 57, 28]
1 [100, 155, 28]
1 [104, 140, 148]
1 [104, 140, 57]
1 [104, 140, 155]
1 [104, 140, 28]
1 [104, 148, 57]
1 [104, 148, 155]
1 [104, 148, 28]
1 [104, 57, 155]
1 [104, 57, 28]
1 [104, 155, 28]
1 [140, 148, 57]
1 [140, 148, 155]
1 [140, 148, 28]
1 [140, 57, 155]
1 [140, 57, 28]
1 [140, 155, 28]
1 [148, 57, 155]
1 [148, 57, 28]
1 [148, 155, 28]
1 [57, 155, 28]
1 [147, 139, 109]
1 [147, 139, 77]
1 [147, 139, 19]
1 [147, 139, 151]
1 [147, 139, 47]
1 [147, 109, 77]
1 [147, 109, 19]
1 [147, 109, 151]
1 [147, 109, 47]
1 [147, 77, 19]
1 [147, 77, 151]
1 [147, 77, 47]
1 [147, 19, 151]
1 [147, 19, 47]
1 [147, 151, 47]
1 [139, 109, 77]
1 [139, 109, 19]
1 [139, 109, 151]
1 [139, 109, 47]
1 [139, 77, 19]
1 [139, 77, 151]
1 [139, 77, 47]
1 [139, 19, 151]
1 [139, 19, 47]
1 [139, 151, 47]
1 [109, 77, 19]
1 [109, 77, 151]
1 [109, 77, 47]
1 [109, 19, 151]
1 [109, 19, 47]
1 [109, 151, 47]
1 [77, 19, 151]
1 [77, 19, 47]
1 [77, 151, 47]
1 [19, 151, 47]
1 [3, 134, 70]
1 [3, 134, 76]
1 [3, 134, 45]
1 [3, 134, 153]
1 [3, 134, 125]
1 [3, 70, 76]
1 [3, 70, 45]
1 [3, 70, 153]
1 [3, 70, 125]
1 [3, 76, 45]
1 [3, 76, 153]
1 [3, 76, 125]
1 [3, 45, 153]
1 [3, 45, 125]
1 [3, 153, 125]
1 [134, 70, 76]
1 [134, 70, 45]
1 [134, 70, 153]
1 [134, 70, 125]
1 [134, 76, 45]
1 [134, 76, 153]
1 [134, 76, 125]
1 [134, 45, 153]
1 [134, 45, 125]
1 [134, 153, 125]
1 [70, 76, 45]
1 [70, 76, 153]
1 [70, 76, 125]
1 [70, 45, 153]
1 [70, 45, 125]
1 [70, 153, 125]
1 [76, 45, 153]
1 [76, 45, 125]
1 [76, 153, 125]
1 [45, 153, 125]
1 [64, 129, 17]
1 [64, 129, 52]
1 [64, 129, 149]
1 [64, 129, 150]
1 [64, 129, 58]
1 [64, 17, 52]
1 [64, 17, 149]
1 [64, 17, 150]
1 [64, 17, 58]
1 [64, 52, 149]
1 [64, 52, 150]
1 [64, 52, 58]
1 [64, 149, 150]
1 [64, 149, 58]
1 [64, 150, 58]
1 [129, 17, 52]
1 [129, 17, 149]
1 [129, 17, 150]
1 [129, 17, 58]
1 [129, 52, 149]
1 [129, 52, 150]
1 [129, 52, 58]
1 [129, 149, 150]
1 [129, 149, 58]
1 [129, 150, 58]
1 [17, 52, 149]
1 [17, 52, 150]
1 [17, 52, 58]
1 [17, 149, 150]
1 [17, 149, 58]
1 [17, 150, 58]
1 [52, 149, 150]
1 [52, 149, 58]
1 [52, 150, 58]
1 [149, 150, 58]
1 [161, 162, 103]
1 [161, 162, 79]
1 [161, 162, 55]
1 [161, 162, 143]
1 [161, 162, 29]
1 [161, 103, 79]
1 [161, 103, 55]
1 [161, 103, 143]
1 [161, 103, 29]
1 [161, 79, 55]
1 [161, 79, 143]
1 [161, 79, 29]
1 [161, 55, 143]
1 [161, 55, 29]
1 [161, 143, 29]
1 [162, 103, 79]
1 [162, 103, 55]
1 [162, 103, 143]
1 [162, 103, 29]
1 [162, 79, 55]
1 [162, 79, 143]
1 [162, 79, 29]
1 [162, 55, 143]
1 [162, 55, 29]
1 [162, 143, 29]
1 [103, 79, 55]
1 [103, 79, 143]
1 [103, 79, 29]
1 [103, 55, 143]
1 [103, 55, 29]
1 [103, 143, 29]
1 [79, 55, 143]
1 [79, 55, 29]
1 [79, 143, 29]
1 [55, 143, 29]
1 [131, 6, 135]
1 [131, 6, 72]
1 [131, 6, 120]
1 [131, 6, 157]
1 [131, 6, 30]
1 [131, 135, 72]
1 [131, 135, 120]
1 [131, 135, 157]
1 [131, 135, 30]
1 [131, 72, 120]
1 [131, 72, 157]
1 [131, 72, 30]
1 [131, 120, 157]
1 [131, 120, 30]
1 [131, 157, 30]
1 [6, 135, 72]
1 [6, 135, 120]
1 [6, 135, 157]
1 [6, 135, 30]
1 [6, 72, 120]
1 [6, 72, 157]
1 [6, 72, 30]
1 [6, 120, 157]
1 [6, 120, 30]
1 [6, 157, 30]
1 [135, 72, 120]
1 [135, 72, 157]
1 [135, 72, 30]
1 [135, 120, 157]
1 [135, 120, 30]
1 [135, 157, 30]
1 [72, 120, 157]
1 [72, 120, 30]
1 [72, 157, 30]
1 [120, 157, 30]
1 [128, 129, 106]
1 [128, 129, 81]
1 [128, 129, 149]
1 [128, 129, 58]
1 [128, 129, 31]
1 [128, 106, 81]
1 [128, 106, 149]
1 [128, 106, 58]
1 [128, 106, 31]
1 [128, 81, 149]
1 [128, 81, 58]
1 [128, 81, 31]
1 [128, 149, 58]
1 [128, 149, 31]
1 [128, 58, 31]
1 [129, 106, 81]
1 [129, 106, 149]
1 [129, 106, 58]
1 [129, 106, 31]
1 [129, 81, 149]
1 [129, 81, 58]
1 [129, 81, 31]
1 [129, 149, 58]
1 [129, 149, 31]
1 [129, 58, 31]
1 [106, 81, 149]
1 [106, 81, 58]
1 [106, 81, 31]
1 [106, 149, 58]
1 [106, 149, 31]
1 [106, 58, 31]
1 [81, 149, 58]
1 [81, 149, 31]
1 [81, 58, 31]
1 [149, 58, 31]
1 [6, 135, 72]
1 [6, 135, 51]
1 [6, 135, 117]
1 [6, 135, 120]
1 [6, 135, 157]
1 [6, 72, 51]
1 [6, 72, 117]
1 [6, 72, 120]
1 [6, 72, 157]
1 [6, 51, 117]
1 [6, 51, 120]
1 [6, 51, 157]
1 [6, 117, 120]
1 [6, 117, 157]
1 [6, 120, 157]
1 [135, 72, 51]
1 [135, 72, 117]
1 [135, 72, 120]
1 [135, 72, 157]
1 [135, 51, 117]
1 [135, 51, 120]
1 [135, 51, 157]
1 [135, 117, 120]
1 [135, 117, 157]
1 [135, 120, 157]
1 [72, 51, 117]
1 [72, 51, 120]
1 [72, 51, 157]
1 [72, 117, 120]
1 [72, 117, 157]
1 [72, 120, 157]
1 [51, 117, 120]
1 [51, 117, 157]
1 [51, 120, 157]
1 [117, 120, 157]
1 [64, 129, 107]
1 [64, 129, 17]
1 [64, 129, 52]
1 [64, 129, 149]
1 [64, 129, 159]
1 [64, 107, 17]
1 [64, 107, 52]
1 [64, 107, 149]
1 [64, 107, 159]
1 [64, 17, 52]
1 [64, 17, 149]
1 [64, 17, 159]
1 [64, 52, 149]
1 [64, 52, 159]
1 [64, 149, 159]
1 [129, 107, 17]
1 [129, 107, 52]
1 [129, 107, 149]
1 [129, 107, 159]
1 [129, 17, 52]
1 [129, 17, 149]
1 [129, 17, 159]
1 [129, 52, 149]
1 [129, 52, 159]
1 [129, 149, 159]
1 [107, 17, 52]
1 [107, 17, 149]
1 [107, 17, 159]
1 [107, 52, 149]
1 [107, 52, 159]
1 [107, 149, 159]
1 [17, 52, 149]
1 [17, 52, 159]
1 [17, 149, 159]
1 [52, 149, 159]
1 [147, 139, 109]
1 [147, 139, 77]
1 [147, 139, 47]
1 [147, 139, 19]
1 [147, 139, 127]
1 [147, 109, 77]
1 [147, 109, 47]
1 [147, 109, 19]
1 [147, 109, 127]
1 [147, 77, 47]
1 [147, 77, 19]
1 [147, 77, 127]
1 [147, 47, 19]
1 [147, 47, 127]
1 [147, 19, 127]
1 [139, 109, 77]
1 [139, 109, 47]
1 [139, 109, 19]
1 [139, 109, 127]
1 [139, 77, 47]
1 [139, 77, 19]
1 [139, 77, 127]
1 [139, 47, 19]
1 [139, 47, 127]
1 [139, 19, 127]
1 [109, 77, 47]
1 [109, 77, 19]
1 [109, 77, 127]
1 [109, 47, 19]
1 [109, 47, 127]
1 [109, 19, 127]
1 [77, 47, 19]
1 [77, 47, 127]
1 [77, 19, 127]
1 [47, 19, 127]
