0 [121, 130, 20]
1 [43, 158, 119]
1 [42, 99, 132]
1 [72, 157, 135]
1 [19, 147, 77]
1 [137, 67, 46]
2 [161, 162, 29]
2 [32, 96, 118]
2 [57, 122, 140]
2 [26, 139, 77]
2 [51, 155, 117]
3 [91, 68, 134]
3 [147, 77, 47]
3 [146, 75, 37]
3 [114, 108, 38]
3 [26, 139, 77]
3 [26, 139, 109]
3 [26, 77, 109]
3 [139, 77, 109]
4 [129, 150, 17]
4 [96, 2, 118]
4 [120, 93, 30]
4 [95, 43, 119]
4 [144, 49, 87]
5 [122, 99, 22]
5 [11, 148, 71]
5 [9, 158, 119]
5 [161, 162, 73]
5 [146, 98, 37]
6 [116, 83, 36]
6 [157, 6, 135]
6 [112, 40, 69]
6 [160, 137, 7]
6 [129, 52, 17]
6 [139, 77, 109]
6 [48, 138, 84]
6 [3, 70, 134]
6 [19, 147, 77]
6 [19, 147, 151]
6 [19, 77, 151]
6 [147, 77, 151]
7 [108, 38, 71]
7 [19, 147, 151]
7 [1, 98, 115]
7 [122, 140, 22]
7 [26, 107, 159]
8 [81, 106, 4]
8 [129, 52, 149]
8 [114, 53, 166]
8 [130, 76, 45]
8 [109, 77, 47]
8 [0, 66, 133]
8 [81, 58, 31]
8 [91, 44, 134]
8 [104, 140, 22]
8 [116, 83, 36]
8 [116, 83, 65]
8 [116, 36, 65]
8 [83, 36, 65]
8 [114, 108, 53]
8 [114, 108, 38]
8 [114, 53, 38]
8 [108, 53, 38]
9 [56, 106, 132]
9 [153, 45, 70]
9 [72, 131, 30]
9 [1, 115, 92]
9 [51, 117, 135]
9 [56, 42, 99]
9 [56, 42, 132]
9 [56, 99, 132]
9 [42, 99, 132]
9 [68, 91, 44]
9 [68, 91, 134]
9 [68, 44, 134]
9 [91, 44, 134]
9 [57, 122, 140]
9 [57, 122, 148]
9 [57, 140, 148]
9 [122, 140, 148]
9 [108, 11, 148]
9 [108, 11, 71]
9 [108, 148, 71]
9 [11, 148, 71]
10 [129, 149, 31]
10 [83, 27, 124]
10 [18, 114, 166]
10 [72, 131, 157]
10 [66, 35, 133]
10 [104, 57, 140]
10 [56, 132, 106]
10 [56, 132, 4]
10 [56, 106, 4]
10 [132, 106, 4]
10 [122, 99, 140]
10 [122, 99, 22]
10 [122, 140, 22]
10 [99, 140, 22]
10 [153, 3, 70]
10 [153, 3, 134]
10 [153, 70, 134]
10 [3, 70, 134]
11 [65, 116, 36]
11 [74, 43, 95]
11 [44, 70, 134]
11 [160, 90, 7]
11 [152, 27, 124]
11 [43, 158, 63]
11 [97, 149, 31]
11 [21, 78, 142]
11 [56, 99, 132]
11 [128, 81, 58]
11 [153, 76, 45]
11 [1, 115, 92]
11 [1, 115, 54]
11 [1, 92, 54]
11 [115, 92, 54]
12 [73, 2, 89]
12 [120, 131, 30]
12 [122, 148, 71]
12 [144, 0, 80]
12 [80, 0, 138]
12 [25, 164, 65]
12 [0, 144, 87]
12 [153, 130, 76]
12 [153, 130, 45]
12 [153, 76, 45]
12 [130, 76, 45]
12 [72, 157, 6]
12 [72, 157, 135]
12 [72, 6, 135]
12 [157, 6, 135]
13 [74, 18, 95]
13 [44, 91, 68]
13 [98, 115, 37]
13 [104, 57, 100]
13 [114, 74, 38]
13 [154, 84, 151]
13 [152, 59, 124]
13 [107, 52, 159]
13 [72, 157, 6]
13 [8, 82, 127]
13 [103, 12, 79]
13 [155, 28, 117]
13 [83, 27, 124]
13 [83, 27, 62]
13 [83, 124, 62]
13 [27, 124, 62]
13 [47, 147, 109]
13 [47, 147, 77]
13 [47, 109, 77]
13 [147, 109, 77]
13 [57, 122, 148]
13 [57, 122, 71]
13 [57, 148, 71]
13 [122, 148, 71]
13 [129, 58, 31]
13 [129, 58, 81]
13 [129, 31, 81]
13 [58, 31, 81]
14 [129, 58, 150]
14 [153, 3, 125]
14 [122, 99, 42]
14 [81, 106, 31]
14 [28, 155, 100]
14 [154, 19, 151]
14 [113, 75, 37]
14 [90, 36, 86]
14 [48, 80, 138]
14 [152, 59, 124]
14 [152, 59, 163]
14 [152, 124, 163]
14 [59, 124, 163]
14 [65, 164, 116]
14 [65, 164, 36]
14 [65, 116, 36]
14 [164, 116, 36]
14 [103, 143, 12]
14 [103, 143, 79]
14 [103, 12, 79]
14 [143, 12, 79]
15 [83, 116, 62]
15 [26, 107, 139]
15 [64, 52, 159]
15 [123, 92, 54]
15 [11, 108, 71]
15 [72, 51, 135]
15 [161, 162, 29]
15 [161, 162, 143]
15 [161, 29, 143]
15 [162, 29, 143]
15 [80, 0, 138]
15 [80, 0, 144]
15 [80, 138, 144]
15 [0, 138, 144]
15 [120, 72, 131]
15 [120, 72, 30]
15 [120, 131, 30]
15 [72, 131, 30]
16 [107, 52, 149]
16 [88, 35, 101]
16 [164, 36, 111]
16 [108, 53, 38]
16 [145, 43, 63]
16 [145, 43, 158]
16 [145, 43, 63]
16 [145, 158, 63]
16 [43, 158, 63]
16 [65, 91, 164]
16 [65, 91, 25]
16 [65, 164, 25]
16 [91, 164, 25]
16 [98, 115, 37]
16 [98, 115, 146]
16 [98, 37, 146]
16 [115, 37, 146]
17 [148, 11, 108]
17 [1, 92, 54]
17 [56, 132, 4]
17 [16, 136, 116]
17 [154, 19, 84]
17 [154, 19, 151]
17 [154, 84, 151]
17 [19, 84, 151]
18 [97, 13, 101]
18 [72, 120, 131]
18 [65, 91, 164]
18 [25, 91, 164]
18 [48, 154, 84]
18 [16, 116, 62]
18 [0, 66, 87]
18 [26, 139, 109]
18 [56, 99, 22]
18 [55, 143, 103]
19 [96, 73, 2]
19 [72, 120, 30]
19 [121, 130, 76]
19 [144, 49, 80]
19 [113, 75, 14]
19 [117, 6, 135]
19 [0, 144, 138]
19 [137, 67, 46]
19 [137, 67, 142]
19 [137, 46, 142]
19 [67, 46, 142]
19 [63, 43, 158]
19 [63, 43, 119]
19 [63, 158, 119]
19 [43, 158, 119]
20 [74, 114, 18]
20 [8, 40, 69]
20 [103, 143, 79]
20 [65, 164, 116]
20 [3, 68, 134]
20 [74, 18, 114]
20 [74, 18, 95]
20 [74, 114, 95]
20 [18, 114, 95]
20 [104, 57, 100]
20 [104, 57, 28]
20 [104, 100, 28]
20 [57, 100, 28]
20 [114, 108, 53]
20 [114, 108, 38]
20 [114, 108, 166]
20 [114, 53, 38]
20 [114, 53, 166]
20 [114, 38, 166]
20 [108, 53, 38]
20 [108, 53, 166]
20 [108, 38, 166]
20 [53, 38, 166]
21 [41, 12, 93]
21 [57, 148, 100]
21 [129, 31, 81]
21 [4, 106, 132]
21 [0, 138, 133]
21 [41, 93, 79]
21 [57, 155, 100]
21 [129, 52, 150]
21 [129, 52, 17]
21 [129, 150, 17]
21 [52, 150, 17]
21 [113, 146, 75]
21 [113, 146, 37]
21 [113, 75, 37]
21 [146, 75, 37]
21 [16, 136, 116]
21 [16, 136, 65]
21 [16, 116, 65]
21 [136, 116, 65]
22 [65, 91, 25]
22 [161, 89, 55]
22 [41, 12, 93]
22 [41, 12, 79]
22 [41, 93, 79]
22 [12, 93, 79]
22 [19, 147, 77]
22 [19, 147, 47]
22 [19, 77, 47]
22 [147, 77, 47]
22 [104, 57, 155]
22 [104, 57, 100]
22 [104, 155, 100]
22 [57, 155, 100]
22 [128, 81, 58]
22 [128, 81, 129]
22 [128, 58, 129]
22 [81, 58, 129]
22 [57, 122, 148]
22 [57, 122, 140]
22 [57, 122, 71]
22 [57, 148, 140]
22 [57, 148, 71]
22 [57, 140, 71]
22 [122, 148, 140]
22 [122, 148, 71]
22 [122, 140, 71]
22 [148, 140, 71]
22 [65, 83, 164]
22 [65, 83, 116]
22 [65, 83, 36]
22 [65, 164, 116]
22 [65, 164, 36]
22 [65, 116, 36]
22 [83, 164, 116]
22 [83, 164, 36]
22 [83, 116, 36]
22 [164, 116, 36]
23 [105, 14, 113]
23 [88, 101, 13]
23 [8, 82, 69]
23 [120, 41, 72]
23 [145, 158, 63]
23 [126, 21, 78]
23 [120, 41, 12]
23 [120, 41, 93]
23 [120, 12, 93]
23 [41, 12, 93]
23 [129, 52, 149]
23 [129, 52, 31]
23 [129, 149, 31]
23 [52, 149, 31]
23 [0, 66, 133]
23 [0, 66, 87]
23 [0, 133, 87]
23 [66, 133, 87]
23 [142, 78, 46]
23 [142, 78, 21]
23 [142, 46, 21]
23 [78, 46, 21]
23 [160, 137, 67]
23 [160, 137, 46]
23 [160, 137, 142]
23 [160, 67, 46]
23 [160, 67, 142]
23 [160, 46, 142]
23 [137, 67, 46]
23 [137, 67, 142]
23 [137, 46, 142]
23 [67, 46, 142]
24 [145, 23, 63]
24 [97, 13, 149]
24 [120, 41, 93]
24 [123, 21, 126]
24 [56, 42, 132]
24 [11, 108, 53]
24 [8, 127, 47]
24 [161, 29, 143]
24 [112, 130, 20]
24 [28, 51, 155]
24 [28, 51, 117]
24 [28, 155, 117]
24 [51, 155, 117]
24 [144, 49, 0]
24 [144, 49, 87]
24 [144, 0, 87]
24 [49, 0, 87]
24 [128, 81, 58]
24 [128, 81, 129]
24 [128, 81, 31]
24 [128, 58, 129]
24 [128, 58, 31]
24 [128, 129, 31]
24 [81, 58, 129]
24 [81, 58, 31]
24 [81, 129, 31]
24 [58, 129, 31]
25 [27, 124, 62]
25 [136, 65, 91]
25 [123, 21, 54]
25 [104, 155, 28]
25 [24, 156, 61]
25 [147, 109, 47]
25 [8, 82, 109]
25 [8, 82, 127]
25 [8, 109, 127]
25 [82, 109, 127]
25 [145, 43, 63]
25 [145, 43, 158]
25 [145, 43, 119]
25 [145, 63, 158]
25 [145, 63, 119]
25 [145, 158, 119]
25 [43, 63, 158]
25 [43, 63, 119]
25 [43, 158, 119]
25 [63, 158, 119]
25 [153, 130, 76]
25 [153, 130, 45]
25 [153, 130, 121]
25 [153, 76, 45]
25 [153, 76, 121]
25 [153, 45, 121]
25 [130, 76, 45]
25 [130, 76, 121]
25 [130, 45, 121]
25 [76, 45, 121]
26 [152, 59, 163]
26 [25, 91, 68]
26 [129, 58, 31]
26 [64, 17, 159]
26 [128, 81, 4]
26 [126, 123, 21]
26 [126, 123, 54]
26 [126, 21, 54]
26 [123, 21, 54]
26 [26, 107, 139]
26 [26, 107, 159]
26 [26, 139, 159]
26 [107, 139, 159]
26 [114, 108, 53]
26 [114, 108, 166]
26 [114, 53, 166]
26 [108, 53, 166]
26 [73, 2, 89]
26 [73, 2, 161]
26 [73, 89, 161]
26 [2, 89, 161]
26 [164, 111, 36]
26 [164, 111, 65]
26 [164, 36, 65]
26 [111, 36, 65]
26 [120, 41, 12]
26 [120, 41, 93]
26 [120, 41, 79]
26 [120, 12, 93]
26 [120, 12, 79]
26 [120, 93, 79]
26 [41, 12, 93]
26 [41, 12, 79]
26 [41, 93, 79]
26 [12, 93, 79]
26 [104, 57, 155]
26 [104, 57, 100]
26 [104, 57, 28]
26 [104, 155, 100]
26 [104, 155, 28]
26 [104, 100, 28]
26 [57, 155, 100]
26 [57, 155, 28]
26 [57, 100, 28]
26 [155, 100, 28]
27 [100, 51, 155]
27 [143, 29, 79]
27 [32, 85, 118]
27 [36, 86, 111]
27 [152, 59, 27]
27 [16, 136, 65]
27 [129, 58, 150]
27 [129, 58, 17]
27 [129, 150, 17]
27 [58, 150, 17]
27 [114, 53, 38]
27 [114, 53, 166]
27 [114, 38, 166]
27 [53, 38, 166]
27 [72, 131, 157]
27 [72, 131, 30]
27 [72, 157, 30]
27 [131, 157, 30]
27 [1, 98, 115]
27 [1, 98, 92]
27 [1, 98, 54]
27 [1, 115, 92]
27 [1, 115, 54]
27 [1, 92, 54]
27 [98, 115, 92]
27 [98, 115, 54]
27 [98, 92, 54]
27 [115, 92, 54]
27 [152, 59, 27]
27 [152, 59, 124]
27 [152, 59, 163]
27 [152, 27, 124]
27 [152, 27, 163]
27 [152, 124, 163]
27 [59, 27, 124]
27 [59, 27, 163]
27 [59, 124, 163]
27 [27, 124, 163]
28 [47, 109, 127]
28 [153, 3, 70]
28 [122, 99, 71]
28 [16, 136, 44]
28 [123, 92, 39]
28 [65, 83, 116]
28 [108, 148, 71]
28 [140, 122, 148]
28 [129, 58, 149]
28 [129, 58, 31]
28 [129, 149, 31]
28 [58, 149, 31]
28 [126, 123, 21]
28 [126, 123, 78]
28 [126, 21, 78]
28 [123, 21, 78]
28 [152, 27, 59]
28 [152, 27, 124]
28 [152, 59, 124]
28 [27, 59, 124]
28 [104, 28, 155]
28 [104, 28, 100]
28 [104, 155, 100]
28 [28, 155, 100]
28 [121, 130, 76]
28 [121, 130, 45]
28 [121, 76, 45]
28 [130, 76, 45]
28 [128, 81, 58]
28 [128, 81, 31]
28 [128, 58, 31]
28 [81, 58, 31]
28 [48, 138, 84]
28 [48, 138, 154]
28 [48, 84, 154]
28 [138, 84, 154]
28 [153, 3, 45]
28 [153, 3, 70]
28 [153, 45, 70]
28 [3, 45, 70]
28 [64, 17, 52]
28 [64, 17, 159]
28 [64, 52, 159]
28 [17, 52, 159]
28 [114, 18, 166]
28 [114, 18, 53]
28 [114, 166, 53]
28 [18, 166, 53]
28 [161, 143, 55]
28 [161, 143, 103]
28 [161, 55, 103]
28 [143, 55, 103]
28 [26, 107, 52]
28 [26, 107, 159]
28 [26, 52, 159]
28 [107, 52, 159]
28 [151, 19, 147]
28 [151, 19, 77]
28 [151, 19, 47]
28 [151, 147, 77]
28 [151, 147, 47]
28 [151, 77, 47]
28 [19, 147, 77]
28 [19, 147, 47]
28 [19, 77, 47]
28 [147, 77, 47]
29 [26, 109, 77]
29 [18, 43, 95]
29 [63, 158, 119]
29 [115, 92, 54]
29 [0, 66, 133]
29 [0, 66, 138]
29 [0, 133, 138]
29 [66, 133, 138]
29 [8, 127, 109]
29 [8, 127, 47]
29 [8, 109, 47]
29 [127, 109, 47]
29 [136, 65, 91]
29 [136, 65, 164]
29 [136, 65, 25]
29 [136, 91, 164]
29 [136, 91, 25]
29 [136, 164, 25]
29 [65, 91, 164]
29 [65, 91, 25]
29 [65, 164, 25]
29 [91, 164, 25]
29 [98, 75, 115]
29 [98, 75, 146]
29 [98, 75, 37]
29 [98, 115, 146]
29 [98, 115, 37]
29 [98, 146, 37]
29 [75, 115, 146]
29 [75, 115, 37]
29 [75, 146, 37]
29 [115, 146, 37]
29 [8, 82, 127]
29 [8, 82, 109]
29 [8, 82, 47]
29 [8, 127, 109]
29 [8, 127, 47]
29 [8, 109, 47]
29 [82, 127, 109]
29 [82, 127, 47]
29 [82, 109, 47]
29 [127, 109, 47]
29 [18, 74, 43]
29 [18, 74, 114]
29 [18, 74, 95]
29 [18, 43, 114]
29 [18, 43, 95]
29 [18, 114, 95]
29 [74, 43, 114]
29 [74, 43, 95]
29 [74, 114, 95]
29 [43, 114, 95]
29 [72, 120, 131]
29 [72, 120, 157]
29 [72, 120, 30]
29 [72, 131, 157]
29 [72, 131, 30]
29 [72, 157, 30]
29 [120, 131, 157]
29 [120, 131, 30]
29 [120, 157, 30]
29 [131, 157, 30]
29 [100, 104, 140]
29 [100, 104, 57]
29 [100, 104, 155]
29 [100, 104, 28]
29 [100, 140, 57]
29 [100, 140, 155]
29 [100, 140, 28]
29 [100, 57, 155]
29 [100, 57, 28]
29 [100, 155, 28]
29 [104, 140, 57]
29 [104, 140, 155]
29 [104, 140, 28]
29 [104, 57, 155]
29 [104, 57, 28]
29 [104, 155, 28]
29 [140, 57, 155]
29 [140, 57, 28]
29 [140, 155, 28]
29 [57, 155, 28]
30 [112, 20, 69]
30 [10, 59, 163]
30 [99, 140, 22]
30 [56, 106, 4]
30 [108, 53, 166]
30 [47, 147, 127]
30 [34, 110, 15]
30 [72, 131, 157]
30 [72, 131, 135]
30 [72, 157, 135]
30 [131, 157, 135]
30 [64, 107, 52]
30 [64, 107, 159]
30 [64, 52, 159]
30 [107, 52, 159]
30 [136, 65, 91]
30 [136, 65, 164]
30 [136, 91, 164]
30 [65, 91, 164]
31 [129, 58, 81]
31 [153, 3, 134]
31 [128, 81, 106]
31 [128, 81, 4]
31 [128, 106, 4]
31 [81, 106, 4]
31 [74, 43, 18]
31 [74, 43, 95]
31 [74, 18, 95]
31 [43, 18, 95]
31 [104, 57, 122]
31 [104, 57, 140]
31 [104, 122, 140]
31 [57, 122, 140]
31 [51, 155, 117]
31 [51, 155, 135]
31 [51, 117, 135]
31 [155, 117, 135]
32 [112, 121, 20]
32 [90, 86, 7]
32 [57, 11, 148]
32 [147, 77, 151]
32 [72, 6, 135]
32 [88, 35, 101]
32 [88, 35, 13]
32 [88, 101, 13]
32 [35, 101, 13]
32 [81, 106, 132]
32 [81, 106, 4]
32 [81, 132, 4]
32 [106, 132, 4]
32 [97, 107, 52]
32 [97, 107, 149]
32 [97, 52, 149]
32 [107, 52, 149]
32 [68, 91, 3]
32 [68, 91, 44]
32 [68, 91, 134]
32 [68, 3, 44]
32 [68, 3, 134]
32 [68, 44, 134]
32 [91, 3, 44]
32 [91, 3, 134]
32 [91, 44, 134]
32 [3, 44, 134]
32 [72, 131, 157]
32 [72, 131, 6]
32 [72, 131, 135]
32 [72, 157, 6]
32 [72, 157, 135]
32 [72, 6, 135]
32 [131, 157, 6]
32 [131, 157, 135]
32 [131, 6, 135]
32 [157, 6, 135]
32 [136, 44, 91]
32 [136, 44, 68]
32 [136, 44, 134]
32 [136, 91, 68]
32 [136, 91, 134]
32 [136, 68, 134]
32 [44, 91, 68]
32 [44, 91, 134]
32 [44, 68, 134]
32 [91, 68, 134]
33 [19, 84, 151]
33 [27, 90, 83]
33 [130, 20, 45]
33 [129, 58, 150]
33 [129, 58, 31]
33 [129, 150, 31]
33 [58, 150, 31]
33 [3, 44, 70]
33 [3, 44, 134]
33 [3, 70, 134]
33 [44, 70, 134]
33 [8, 40, 82]
33 [8, 40, 69]
33 [8, 82, 69]
33 [40, 82, 69]
33 [90, 36, 86]
33 [90, 36, 111]
33 [90, 86, 111]
33 [36, 86, 111]
33 [161, 89, 73]
33 [161, 89, 55]
33 [161, 73, 55]
33 [89, 73, 55]
33 [72, 51, 117]
33 [72, 51, 135]
33 [72, 117, 135]
33 [51, 117, 135]
33 [122, 99, 42]
33 [122, 99, 71]
33 [122, 42, 71]
33 [99, 42, 71]
33 [9, 43, 158]
33 [9, 43, 119]
33 [9, 158, 119]
33 [43, 158, 119]
33 [47, 19, 147]
33 [47, 19, 109]
33 [47, 19, 77]
33 [47, 147, 109]
33 [47, 147, 77]
33 [47, 109, 77]
33 [19, 147, 109]
33 [19, 147, 77]
33 [19, 109, 77]
33 [147, 109, 77]
33 [153, 3, 70]
33 [153, 3, 134]
33 [153, 3, 125]
33 [153, 70, 134]
33 [153, 70, 125]
33 [153, 134, 125]
33 [3, 70, 134]
33 [3, 70, 125]
33 [3, 134, 125]
33 [70, 134, 125]
33 [0, 144, 66]
33 [0, 144, 133]
33 [0, 144, 87]
33 [0, 66, 133]
33 [0, 66, 87]
33 [0, 133, 87]
33 [144, 66, 133]
33 [144, 66, 87]
33 [144, 133, 87]
33 [66, 133, 87]
33 [166, 38, 108]
33 [166, 38, 18]
33 [166, 38, 114]
33 [166, 38, 53]
33 [166, 108, 18]
33 [166, 108, 114]
33 [166, 108, 53]
33 [166, 18, 114]
33 [166, 18, 53]
33 [166, 114, 53]
33 [38, 108, 18]
33 [38, 108, 114]
33 [38, 108, 53]
33 [38, 18, 114]
33 [38, 18, 53]
33 [38, 114, 53]
33 [108, 18, 114]
33 [108, 18, 53]
33 [108, 114, 53]
33 [18, 114, 53]
34 [156, 61, 165]
34 [9, 165, 61]
34 [57, 148, 140]
34 [128, 81, 50]
34 [122, 11, 148]
34 [122, 11, 71]
34 [122, 148, 71]
34 [11, 148, 71]
34 [108, 53, 38]
34 [108, 53, 166]
34 [108, 38, 166]
34 [53, 38, 166]
34 [108, 148, 38]
34 [108, 148, 71]
34 [108, 38, 71]
34 [148, 38, 71]
34 [123, 92, 126]
34 [123, 92, 39]
34 [123, 126, 39]
34 [92, 126, 39]
34 [161, 162, 73]
34 [161, 162, 89]
34 [161, 73, 89]
34 [162, 73, 89]
34 [119, 43, 158]
34 [119, 43, 95]
34 [119, 158, 95]
34 [43, 158, 95]
34 [98, 75, 146]
34 [98, 75, 37]
34 [98, 146, 37]
34 [75, 146, 37]
34 [40, 112, 69]
34 [40, 112, 8]
34 [40, 69, 8]
34 [112, 69, 8]
34 [48, 80, 138]
34 [48, 80, 84]
34 [48, 138, 84]
34 [80, 138, 84]
34 [153, 3, 76]
34 [153, 3, 125]
34 [153, 76, 125]
34 [3, 76, 125]
34 [142, 78, 46]
34 [142, 78, 126]
34 [142, 78, 21]
34 [142, 46, 126]
34 [142, 46, 21]
34 [142, 126, 21]
34 [78, 46, 126]
34 [78, 46, 21]
34 [78, 126, 21]
34 [46, 126, 21]
35 [1, 115, 54]
35 [154, 19, 84]
35 [153, 76, 125]
35 [136, 91, 44]
35 [123, 126, 78]
35 [98, 115, 146]
35 [161, 143, 29]
35 [161, 143, 55]
35 [161, 29, 55]
35 [143, 29, 55]
35 [96, 73, 2]
35 [96, 73, 89]
35 [96, 2, 89]
35 [73, 2, 89]
35 [152, 59, 27]
35 [152, 59, 163]
35 [152, 27, 163]
35 [59, 27, 163]
35 [153, 3, 125]
35 [153, 3, 70]
35 [153, 125, 70]
35 [3, 125, 70]
35 [121, 130, 76]
35 [121, 130, 20]
35 [121, 76, 20]
35 [130, 76, 20]
35 [80, 48, 138]
35 [80, 48, 144]
35 [80, 138, 144]
35 [48, 138, 144]
35 [104, 57, 140]
35 [104, 57, 100]
35 [104, 140, 100]
35 [57, 140, 100]
35 [72, 120, 131]
35 [72, 120, 157]
35 [72, 131, 157]
35 [120, 131, 157]
35 [129, 52, 149]
35 [129, 52, 150]
35 [129, 52, 17]
35 [129, 149, 150]
35 [129, 149, 17]
35 [129, 150, 17]
35 [52, 149, 150]
35 [52, 149, 17]
35 [52, 150, 17]
35 [149, 150, 17]
35 [161, 162, 143]
35 [161, 162, 29]
35 [161, 162, 55]
35 [161, 143, 29]
35 [161, 143, 55]
35 [161, 29, 55]
35 [162, 143, 29]
35 [162, 143, 55]
35 [162, 29, 55]
35 [143, 29, 55]
36 [64, 107, 159]
36 [50, 141, 23]
36 [57, 148, 71]
36 [0, 144, 66]
36 [0, 144, 87]
36 [0, 66, 87]
36 [144, 66, 87]
36 [123, 92, 54]
36 [123, 92, 39]
36 [123, 54, 39]
36 [92, 54, 39]
36 [57, 155, 100]
36 [57, 155, 28]
36 [57, 100, 28]
36 [155, 100, 28]
36 [73, 2, 162]
36 [73, 2, 89]
36 [73, 2, 161]
36 [73, 162, 89]
36 [73, 162, 161]
36 [73, 89, 161]
36 [2, 162, 89]
36 [2, 162, 161]
36 [2, 89, 161]
36 [162, 89, 161]
36 [119, 9, 43]
36 [119, 9, 158]
36 [119, 9, 63]
36 [119, 43, 158]
36 [119, 43, 63]
36 [119, 158, 63]
36 [9, 43, 158]
36 [9, 43, 63]
36 [9, 158, 63]
36 [43, 158, 63]
36 [80, 0, 138]
36 [80, 0, 144]
36 [80, 0, 48]
36 [80, 138, 144]
36 [80, 138, 48]
36 [80, 144, 48]
36 [0, 138, 144]
36 [0, 138, 48]
36 [0, 144, 48]
36 [138, 144, 48]
37 [160, 67, 142]
37 [153, 130, 76]
37 [67, 142, 46]
37 [24, 60, 156]
37 [114, 38, 166]
37 [12, 93, 79]
37 [9, 165, 158]
37 [9, 165, 119]
37 [9, 158, 119]
37 [165, 158, 119]
37 [153, 76, 125]
37 [153, 76, 45]
37 [153, 125, 45]
37 [76, 125, 45]
37 [160, 137, 67]
37 [160, 137, 7]
37 [160, 67, 7]
37 [137, 67, 7]
37 [51, 117, 6]
37 [51, 117, 135]
37 [51, 6, 135]
37 [117, 6, 135]
37 [103, 143, 29]
37 [103, 143, 79]
37 [103, 29, 79]
37 [143, 29, 79]
37 [135, 117, 6]
37 [135, 117, 157]
37 [135, 6, 157]
37 [117, 6, 157]
37 [104, 57, 140]
37 [104, 57, 28]
37 [104, 140, 28]
37 [57, 140, 28]
37 [129, 58, 52]
37 [129, 58, 150]
37 [129, 58, 17]
37 [129, 52, 150]
37 [129, 52, 17]
37 [129, 150, 17]
37 [58, 52, 150]
37 [58, 52, 17]
37 [58, 150, 17]
37 [52, 150, 17]
37 [104, 57, 140]
37 [104, 57, 100]
37 [104, 57, 28]
37 [104, 140, 100]
37 [104, 140, 28]
37 [104, 100, 28]
37 [57, 140, 100]
37 [57, 140, 28]
37 [57, 100, 28]
37 [140, 100, 28]
37 [64, 17, 107]
37 [64, 17, 52]
37 [64, 17, 159]
37 [64, 107, 52]
37 [64, 107, 159]
37 [64, 52, 159]
37 [17, 107, 52]
37 [17, 107, 159]
37 [17, 52, 159]
37 [107, 52, 159]
37 [124, 83, 27]
37 [124, 83, 116]
37 [124, 83, 62]
37 [124, 27, 116]
37 [124, 27, 62]
37 [124, 116, 62]
37 [83, 27, 116]
37 [83, 27, 62]
37 [83, 116, 62]
37 [27, 116, 62]
37 [129, 58, 81]
37 [129, 58, 150]
37 [129, 58, 31]
37 [129, 81, 150]
37 [129, 81, 31]
37 [129, 150, 31]
37 [58, 81, 150]
37 [58, 81, 31]
37 [58, 150, 31]
37 [81, 150, 31]
37 [153, 130, 76]
37 [153, 130, 45]
37 [153, 130, 125]
37 [153, 76, 45]
37 [153, 76, 125]
37 [153, 45, 125]
37 [130, 76, 45]
37 [130, 76, 125]
37 [130, 45, 125]
37 [76, 45, 125]
37 [161, 162, 73]
37 [161, 162, 143]
37 [161, 162, 55]
37 [161, 162, 29]
37 [161, 73, 143]
37 [161, 73, 55]
37 [161, 73, 29]
37 [161, 143, 55]
37 [161, 143, 29]
37 [161, 55, 29]
37 [162, 73, 143]
37 [162, 73, 55]
37 [162, 73, 29]
37 [162, 143, 55]
37 [162, 143, 29]
37 [162, 55, 29]
37 [73, 143, 55]
37 [73, 143, 29]
37 [73, 55, 29]
37 [143, 55, 29]
38 [64, 26, 159]
38 [97, 52, 149]
38 [56, 42, 99]
38 [160, 67, 7]
38 [81, 106, 149]
38 [81, 106, 31]
38 [81, 149, 31]
38 [106, 149, 31]
38 [139, 109, 77]
38 [139, 109, 47]
38 [139, 77, 47]
38 [109, 77, 47]
38 [72, 131, 157]
38 [72, 131, 6]
38 [72, 157, 6]
38 [131, 157, 6]
38 [104, 57, 140]
38 [104, 57, 22]
38 [104, 140, 22]
38 [57, 140, 22]
38 [160, 137, 90]
38 [160, 137, 7]
38 [160, 90, 7]
38 [137, 90, 7]
38 [48, 80, 138]
38 [48, 80, 84]
38 [48, 80, 154]
38 [48, 138, 84]
38 [48, 138, 154]
38 [48, 84, 154]
38 [80, 138, 84]
38 [80, 138, 154]
38 [80, 84, 154]
38 [138, 84, 154]
38 [8, 40, 82]
38 [8, 40, 69]
38 [8, 40, 112]
38 [8, 82, 69]
38 [8, 82, 112]
38 [8, 69, 112]
38 [40, 82, 69]
38 [40, 82, 112]
38 [40, 69, 112]
38 [82, 69, 112]
38 [0, 66, 133]
38 [0, 66, 138]
38 [0, 66, 87]
38 [0, 133, 138]
38 [0, 133, 87]
38 [0, 138, 87]
38 [66, 133, 138]
38 [66, 133, 87]
38 [66, 138, 87]
38 [133, 138, 87]
38 [108, 11, 148]
38 [108, 11, 38]
38 [108, 11, 71]
38 [108, 148, 38]
38 [108, 148, 71]
38 [108, 38, 71]
38 [11, 148, 38]
38 [11, 148, 71]
38 [11, 38, 71]
38 [148, 38, 71]
38 [130, 76, 45]
38 [130, 76, 153]
38 [130, 76, 121]
38 [130, 76, 125]
38 [130, 45, 153]
38 [130, 45, 121]
38 [130, 45, 125]
38 [130, 153, 121]
38 [130, 153, 125]
38 [130, 121, 125]
38 [76, 45, 153]
38 [76, 45, 121]
38 [76, 45, 125]
38 [76, 153, 121]
38 [76, 153, 125]
38 [76, 121, 125]
38 [45, 153, 121]
38 [45, 153, 125]
38 [45, 121, 125]
38 [153, 121, 125]
39 [10, 163, 60]
39 [136, 65, 116]
39 [52, 149, 31]
39 [81, 58, 106]
39 [81, 58, 31]
39 [81, 106, 31]
39 [58, 106, 31]
39 [152, 10, 59]
39 [152, 10, 163]
39 [152, 59, 163]
39 [10, 59, 163]
39 [136, 91, 44]
39 [136, 91, 134]
39 [136, 44, 134]
39 [91, 44, 134]
39 [48, 154, 19]
39 [48, 154, 84]
39 [48, 19, 84]
39 [154, 19, 84]
39 [1, 98, 115]
39 [1, 98, 54]
39 [1, 115, 54]
39 [98, 115, 54]
39 [160, 90, 86]
39 [160, 90, 7]
39 [160, 86, 7]
39 [90, 86, 7]
39 [128, 81, 50]
39 [128, 81, 4]
39 [128, 50, 4]
39 [81, 50, 4]
39 [115, 123, 92]
39 [115, 123, 54]
39 [115, 92, 54]
39 [123, 92, 54]
39 [79, 143, 12]
39 [79, 143, 93]
39 [79, 143, 103]
39 [79, 12, 93]
39 [79, 12, 103]
39 [79, 93, 103]
39 [143, 12, 93]
39 [143, 12, 103]
39 [143, 93, 103]
39 [12, 93, 103]
39 [67, 142, 78]
39 [67, 142, 46]
39 [67, 142, 21]
39 [67, 78, 46]
39 [67, 78, 21]
39 [67, 46, 21]
39 [142, 78, 46]
39 [142, 78, 21]
39 [142, 46, 21]
39 [78, 46, 21]
39 [135, 51, 28]
39 [135, 51, 155]
39 [135, 51, 117]
39 [135, 28, 155]
39 [135, 28, 117]
39 [135, 155, 117]
39 [51, 28, 155]
39 [51, 28, 117]
39 [51, 155, 117]
39 [28, 155, 117]
39 [161, 162, 89]
39 [161, 162, 73]
39 [161, 162, 55]
39 [161, 89, 73]
39 [161, 89, 55]
39 [161, 73, 55]
39 [162, 89, 73]
39 [162, 89, 55]
39 [162, 73, 55]
39 [89, 73, 55]
39 [128, 129, 81]
39 [128, 129, 149]
39 [128, 129, 58]
39 [128, 129, 31]
39 [128, 81, 149]
39 [128, 81, 58]
39 [128, 81, 31]
39 [128, 149, 58]
39 [128, 149, 31]
39 [128, 58, 31]
39 [129, 81, 149]
39 [129, 81, 58]
39 [129, 81, 31]
39 [129, 149, 58]
39 [129, 149, 31]
39 [129, 58, 31]
39 [81, 149, 58]
39 [81, 149, 31]
39 [81, 58, 31]
39 [149, 58, 31]
40 [33, 5, 94]
40 [90, 36, 86]
40 [90, 36, 7]
40 [90, 86, 7]
40 [36, 86, 7]
40 [160, 137, 67]
40 [160, 137, 142]
40 [160, 67, 142]
40 [137, 67, 142]
40 [57, 11, 148]
40 [57, 11, 71]
40 [57, 148, 71]
40 [11, 148, 71]
40 [152, 27, 90]
40 [152, 27, 83]
40 [152, 90, 83]
40 [27, 90, 83]
40 [161, 143, 29]
40 [161, 143, 79]
40 [161, 29, 79]
40 [143, 29, 79]
40 [26, 139, 109]
40 [26, 139, 77]
40 [26, 139, 47]
40 [26, 109, 77]
40 [26, 109, 47]
40 [26, 77, 47]
40 [139, 109, 77]
40 [139, 109, 47]
40 [139, 77, 47]
40 [109, 77, 47]
40 [129, 58, 31]
40 [129, 58, 106]
40 [129, 58, 81]
40 [129, 31, 106]
40 [129, 31, 81]
40 [129, 106, 81]
40 [58, 31, 106]
40 [58, 31, 81]
40 [58, 106, 81]
40 [31, 106, 81]
40 [129, 58, 31]
40 [129, 58, 149]
40 [129, 58, 81]
40 [129, 31, 149]
40 [129, 31, 81]
40 [129, 149, 81]
40 [58, 31, 149]
40 [58, 31, 81]
40 [58, 149, 81]
40 [31, 149, 81]
40 [47, 147, 109]
40 [47, 147, 77]
40 [47, 147, 127]
40 [47, 109, 77]
40 [47, 109, 127]
40 [47, 77, 127]
40 [147, 109, 77]
40 [147, 109, 127]
40 [147, 77, 127]
40 [109, 77, 127]
40 [26, 139, 109]
40 [26, 139, 77]
40 [26, 139, 159]
40 [26, 109, 77]
40 [26, 109, 159]
40 [26, 77, 159]
40 [139, 109, 77]
40 [139, 109, 159]
40 [139, 77, 159]
40 [109, 77, 159]
40 [0, 144, 138]
40 [0, 144, 80]
40 [0, 144, 87]
40 [0, 138, 80]
40 [0, 138, 87]
40 [0, 80, 87]
40 [144, 138, 80]
40 [144, 138, 87]
40 [144, 80, 87]
40 [138, 80, 87]
40 [18, 166, 114]
40 [18, 166, 38]
40 [18, 166, 53]
40 [18, 114, 38]
40 [18, 114, 53]
40 [18, 38, 53]
40 [166, 114, 38]
40 [166, 114, 53]
40 [166, 38, 53]
40 [114, 38, 53]
40 [113, 98, 75]
40 [113, 98, 146]
40 [113, 98, 37]
40 [113, 75, 146]
40 [113, 75, 37]
40 [113, 146, 37]
40 [98, 75, 146]
40 [98, 75, 37]
40 [98, 146, 37]
40 [75, 146, 37]
40 [147, 109, 77]
40 [147, 109, 47]
40 [147, 109, 19]
40 [147, 109, 151]
40 [147, 77, 47]
40 [147, 77, 19]
40 [147, 77, 151]
40 [147, 47, 19]
40 [147, 47, 151]
40 [147, 19, 151]
40 [109, 77, 47]
40 [109, 77, 19]
40 [109, 77, 151]
40 [109, 47, 19]
40 [109, 47, 151]
40 [109, 19, 151]
40 [77, 47, 19]
40 [77, 47, 151]
40 [77, 19, 151]
40 [47, 19, 151]
40 [100, 104, 148]
40 [100, 104, 57]
40 [100, 104, 155]
40 [100, 104, 28]
40 [100, 148, 57]
40 [100, 148, 155]
40 [100, 148, 28]
40 [100, 57, 155]
40 [100, 57, 28]
40 [100, 155, 28]
40 [104, 148, 57]
40 [104, 148, 155]
40 [104, 148, 28]
40 [104, 57, 155]
40 [104, 57, 28]
40 [104, 155, 28]
40 [148, 57, 155]
40 [148, 57, 28]
40 [148, 155, 28]
40 [57, 155, 28]
40 [64, 129, 17]
40 [64, 129, 52]
40 [64, 129, 149]
40 [64, 129, 150]
40 [64, 17, 52]
40 [64, 17, 149]
40 [64, 17, 150]
40 [64, 52, 149]
40 [64, 52, 150]
40 [64, 149, 150]
40 [129, 17, 52]
40 [129, 17, 149]
40 [129, 17, 150]
40 [129, 52, 149]
40 [129, 52, 150]
40 [129, 149, 150]
40 [17, 52, 149]
40 [17, 52, 150]
40 [17, 149, 150]
40 [52, 149, 150]
40 [71, 104, 140]
40 [71, 104, 148]
40 [71, 104, 57]
40 [71, 104, 122]
40 [71, 140, 148]
40 [71, 140, 57]
40 [71, 140, 122]
40 [71, 148, 57]
40 [71, 148, 122]
40 [71, 57, 122]
40 [104, 140, 148]
40 [104, 140, 57]
40 [104, 140, 122]
40 [104, 148, 57]
40 [104, 148, 122]
40 [104, 57, 122]
40 [140, 148, 57]
40 [140, 148, 122]
40 [140, 57, 122]
40 [148, 57, 122]
41 [128, 129, 58]
41 [88, 35, 133]
41 [160, 137, 67]
41 [9, 156, 165]
41 [9, 156, 61]
41 [9, 165, 61]
41 [156, 165, 61]
41 [9, 119, 158]
41 [9, 119, 63]
41 [9, 158, 63]
41 [119, 158, 63]
41 [95, 74, 43]
41 [95, 74, 119]
41 [95, 43, 119]
41 [74, 43, 119]
41 [144, 80, 0]
41 [144, 80, 49]
41 [144, 0, 49]
41 [80, 0, 49]
41 [1, 98, 115]
41 [1, 98, 37]
41 [1, 115, 37]
41 [98, 115, 37]
41 [136, 65, 91]
41 [136, 65, 44]
41 [136, 91, 44]
41 [65, 91, 44]
41 [160, 67, 142]
41 [160, 67, 46]
41 [160, 142, 46]
41 [67, 142, 46]
41 [27, 90, 83]
41 [27, 90, 124]
41 [27, 83, 124]
41 [90, 83, 124]
41 [57, 122, 11]
41 [57, 122, 148]
41 [57, 122, 71]
41 [57, 11, 148]
41 [57, 11, 71]
41 [57, 148, 71]
41 [122, 11, 148]
41 [122, 11, 71]
41 [122, 148, 71]
41 [11, 148, 71]
41 [28, 51, 155]
41 [28, 51, 117]
41 [28, 51, 100]
41 [28, 155, 117]
41 [28, 155, 100]
41 [28, 117, 100]
41 [51, 155, 117]
41 [51, 155, 100]
41 [51, 117, 100]
41 [155, 117, 100]
41 [97, 107, 52]
41 [97, 107, 149]
41 [97, 107, 13]
41 [97, 52, 149]
41 [97, 52, 13]
41 [97, 149, 13]
41 [107, 52, 149]
41 [107, 52, 13]
41 [107, 149, 13]
41 [52, 149, 13]
41 [48, 80, 138]
41 [48, 80, 84]
41 [48, 80, 0]
41 [48, 138, 84]
41 [48, 138, 0]
41 [48, 84, 0]
41 [80, 138, 84]
41 [80, 138, 0]
41 [80, 84, 0]
41 [138, 84, 0]
41 [114, 108, 53]
41 [114, 108, 38]
41 [114, 108, 71]
41 [114, 53, 38]
41 [114, 53, 71]
41 [114, 38, 71]
41 [108, 53, 38]
41 [108, 53, 71]
41 [108, 38, 71]
41 [53, 38, 71]
41 [153, 3, 76]
41 [153, 3, 45]
41 [153, 3, 70]
41 [153, 76, 45]
41 [153, 76, 70]
41 [153, 45, 70]
41 [3, 76, 45]
41 [3, 76, 70]
41 [3, 45, 70]
41 [76, 45, 70]
42 [81, 149, 31]
42 [145, 141, 23]
42 [26, 109, 159]
42 [19, 147, 47]
42 [136, 16, 91]
42 [136, 16, 44]
42 [136, 91, 44]
42 [16, 91, 44]
42 [24, 156, 61]
42 [24, 156, 165]
42 [24, 61, 165]
42 [156, 61, 165]
42 [64, 17, 150]
42 [64, 17, 159]
42 [64, 150, 159]
42 [17, 150, 159]
42 [68, 3, 44]
42 [68, 3, 134]
42 [68, 44, 134]
42 [3, 44, 134]
42 [108, 11, 148]
42 [108, 11, 53]
42 [108, 148, 53]
42 [11, 148, 53]
42 [109, 139, 147]
42 [109, 139, 77]
42 [109, 139, 47]
42 [109, 147, 77]
42 [109, 147, 47]
42 [109, 77, 47]
42 [139, 147, 77]
42 [139, 147, 47]
42 [139, 77, 47]
42 [147, 77, 47]
42 [64, 26, 107]
42 [64, 26, 52]
42 [64, 26, 159]
42 [64, 107, 52]
42 [64, 107, 159]
42 [64, 52, 159]
42 [26, 107, 52]
42 [26, 107, 159]
42 [26, 52, 159]
42 [107, 52, 159]
42 [104, 57, 122]
42 [104, 57, 140]
42 [104, 57, 148]
42 [104, 122, 140]
42 [104, 122, 148]
42 [104, 140, 148]
42 [57, 122, 140]
42 [57, 122, 148]
42 [57, 140, 148]
42 [122, 140, 148]
42 [115, 1, 123]
42 [115, 1, 92]
42 [115, 1, 54]
42 [115, 123, 92]
42 [115, 123, 54]
42 [115, 92, 54]
42 [1, 123, 92]
42 [1, 123, 54]
42 [1, 92, 54]
42 [123, 92, 54]
42 [64, 17, 52]
42 [64, 17, 150]
42 [64, 17, 159]
42 [64, 52, 150]
42 [64, 52, 159]
42 [64, 150, 159]
42 [17, 52, 150]
42 [17, 52, 159]
42 [17, 150, 159]
42 [52, 150, 159]
42 [148, 122, 11]
42 [148, 122, 108]
42 [148, 122, 71]
42 [148, 11, 108]
42 [148, 11, 71]
42 [148, 108, 71]
42 [122, 11, 108]
42 [122, 11, 71]
42 [122, 108, 71]
42 [11, 108, 71]
42 [9, 43, 145]
42 [9, 43, 119]
42 [9, 43, 158]
42 [9, 43, 63]
42 [9, 145, 119]
42 [9, 145, 158]
42 [9, 145, 63]
42 [9, 119, 158]
42 [9, 119, 63]
42 [9, 158, 63]
42 [43, 145, 119]
42 [43, 145, 158]
42 [43, 145, 63]
42 [43, 119, 158]
42 [43, 119, 63]
42 [43, 158, 63]
42 [145, 119, 158]
42 [145, 119, 63]
42 [145, 158, 63]
42 [119, 158, 63]
42 [128, 129, 106]
42 [128, 129, 81]
42 [128, 129, 58]
42 [128, 129, 31]
42 [128, 106, 81]
42 [128, 106, 58]
42 [128, 106, 31]
42 [128, 81, 58]
42 [128, 81, 31]
42 [128, 58, 31]
42 [129, 106, 81]
42 [129, 106, 58]
42 [129, 106, 31]
42 [129, 81, 58]
42 [129, 81, 31]
42 [129, 58, 31]
42 [106, 81, 58]
42 [106, 81, 31]
42 [106, 58, 31]
42 [81, 58, 31]
42 [128, 129, 81]
42 [128, 129, 150]
42 [128, 129, 58]
42 [128, 129, 31]
42 [128, 81, 150]
42 [128, 81, 58]
42 [128, 81, 31]
42 [128, 150, 58]
42 [128, 150, 31]
42 [128, 58, 31]
42 [129, 81, 150]
42 [129, 81, 58]
42 [129, 81, 31]
42 [129, 150, 58]
42 [129, 150, 31]
42 [129, 58, 31]
42 [81, 150, 58]
42 [81, 150, 31]
42 [81, 58, 31]
42 [150, 58, 31]
42 [100, 104, 140]
42 [100, 104, 148]
42 [100, 104, 57]
42 [100, 104, 155]
42 [100, 104, 28]
42 [100, 140, 148]
42 [100, 140, 57]
42 [100, 140, 155]
42 [100, 140, 28]
42 [100, 148, 57]
42 [100, 148, 155]
42 [100, 148, 28]
42 [100, 57, 155]
42 [100, 57, 28]
42 [100, 155, 28]
42 [104, 140, 148]
42 [104, 140, 57]
42 [104, 140, 155]
42 [104, 140, 28]
42 [104, 148, 57]
42 [104, 148, 155]
42 [104, 148, 28]
42 [104, 57, 155]
42 [104, 57, 28]
42 [104, 155, 28]
42 [140, 148, 57]
42 [140, 148, 155]
42 [140, 148, 28]
42 [140, 57, 155]
42 [140, 57, 28]
42 [140, 155, 28]
42 [148, 57, 155]
42 [148, 57, 28]
42 [148, 155, 28]
42 [57, 155, 28]
43 [64, 17, 150]
43 [9, 165, 119]
43 [1, 98, 115]
43 [1, 98, 92]
43 [1, 115, 92]
43 [98, 115, 92]
43 [107, 52, 149]
43 [107, 52, 159]
43 [107, 149, 159]
43 [52, 149, 159]
43 [96, 73, 2]
43 [96, 73, 162]
43 [96, 2, 162]
43 [73, 2, 162]
43 [120, 72, 93]
43 [120, 72, 30]
43 [120, 93, 30]
43 [72, 93, 30]
43 [129, 52, 149]
43 [129, 52, 150]
43 [129, 149, 150]
43 [52, 149, 150]
43 [26, 107, 139]
43 [26, 107, 77]
43 [26, 139, 77]
43 [107, 139, 77]
43 [136, 65, 164]
43 [136, 65, 116]
43 [136, 164, 116]
43 [65, 164, 116]
43 [114, 74, 18]
43 [114, 74, 38]
43 [114, 18, 38]
43 [74, 18, 38]
43 [56, 132, 42]
43 [56, 132, 4]
43 [56, 42, 4]
43 [132, 42, 4]
43 [16, 65, 116]
43 [16, 65, 62]
43 [16, 116, 62]
43 [65, 116, 62]
43 [161, 162, 29]
43 [161, 162, 73]
43 [161, 162, 89]
43 [161, 29, 73]
43 [161, 29, 89]
43 [161, 73, 89]
43 [162, 29, 73]
43 [162, 29, 89]
43 [162, 73, 89]
43 [29, 73, 89]
43 [81, 106, 31]
43 [81, 106, 149]
43 [81, 106, 97]
43 [81, 31, 149]
43 [81, 31, 97]
43 [81, 149, 97]
43 [106, 31, 149]
43 [106, 31, 97]
43 [106, 149, 97]
43 [31, 149, 97]
43 [103, 79, 143]
43 [103, 79, 29]
43 [103, 79, 55]
43 [103, 143, 29]
43 [103, 143, 55]
43 [103, 29, 55]
43 [79, 143, 29]
43 [79, 143, 55]
43 [79, 29, 55]
43 [143, 29, 55]
43 [64, 129, 107]
43 [64, 129, 52]
43 [64, 129, 159]
43 [64, 107, 52]
43 [64, 107, 159]
43 [64, 52, 159]
43 [129, 107, 52]
43 [129, 107, 159]
43 [129, 52, 159]
43 [107, 52, 159]
43 [152, 27, 83]
43 [152, 27, 124]
43 [152, 27, 62]
43 [152, 83, 124]
43 [152, 83, 62]
43 [152, 124, 62]
43 [27, 83, 124]
43 [27, 83, 62]
43 [27, 124, 62]
43 [83, 124, 62]
43 [1, 98, 115]
43 [1, 98, 37]
43 [1, 98, 54]
43 [1, 115, 37]
43 [1, 115, 54]
43 [1, 37, 54]
43 [98, 115, 37]
43 [98, 115, 54]
43 [98, 37, 54]
43 [115, 37, 54]
43 [26, 107, 139]
43 [26, 107, 109]
43 [26, 107, 77]
43 [26, 139, 109]
43 [26, 139, 77]
43 [26, 109, 77]
43 [107, 139, 109]
43 [107, 139, 77]
43 [107, 109, 77]
43 [139, 109, 77]
43 [147, 77, 47]
43 [147, 77, 19]
43 [147, 77, 151]
43 [147, 77, 154]
43 [147, 47, 19]
43 [147, 47, 151]
43 [147, 47, 154]
43 [147, 19, 151]
43 [147, 19, 154]
43 [147, 151, 154]
43 [77, 47, 19]
43 [77, 47, 151]
43 [77, 47, 154]
43 [77, 19, 151]
43 [77, 19, 154]
43 [77, 151, 154]
43 [47, 19, 151]
43 [47, 19, 154]
43 [47, 151, 154]
43 [19, 151, 154]
43 [131, 135, 72]
43 [131, 135, 120]
43 [131, 135, 157]
43 [131, 135, 30]
43 [131, 72, 120]
43 [131, 72, 157]
43 [131, 72, 30]
43 [131, 120, 157]
43 [131, 120, 30]
43 [131, 157, 30]
43 [135, 72, 120]
43 [135, 72, 157]
43 [135, 72, 30]
43 [135, 120, 157]
43 [135, 120, 30]
43 [135, 157, 30]
43 [72, 120, 157]
43 [72, 120, 30]
43 [72, 157, 30]
43 [120, 157, 30]
43 [71, 104, 140]
43 [71, 104, 148]
43 [71, 104, 22]
43 [71, 104, 57]
43 [71, 104, 122]
43 [71, 140, 148]
43 [71, 140, 22]
43 [71, 140, 57]
43 [71, 140, 122]
43 [71, 148, 22]
43 [71, 148, 57]
43 [71, 148, 122]
43 [71, 22, 57]
43 [71, 22, 122]
43 [71, 57, 122]
43 [104, 140, 148]
43 [104, 140, 22]
43 [104, 140, 57]
43 [104, 140, 122]
43 [104, 148, 22]
43 [104, 148, 57]
43 [104, 148, 122]
43 [104, 22, 57]
43 [104, 22, 122]
43 [104, 57, 122]
43 [140, 148, 22]
43 [140, 148, 57]
43 [140, 148, 122]
43 [140, 22, 57]
43 [140, 22, 122]
43 [140, 57, 122]
43 [148, 22, 57]
43 [148, 22, 122]
43 [148, 57, 122]
43 [22, 57, 122]
44 [9, 165, 158]
44 [32, 85, 15]
44 [78, 21, 46]
44 [128, 50, 141]
44 [120, 41, 93]
44 [120, 41, 30]
44 [120, 93, 30]
44 [41, 93, 30]
44 [80, 0, 138]
44 [80, 0, 48]
44 [80, 138, 48]
44 [0, 138, 48]
44 [129, 31, 149]
44 [129, 31, 81]
44 [129, 149, 81]
44 [31, 149, 81]
44 [112, 121, 130]
44 [112, 121, 20]
44 [112, 130, 20]
44 [121, 130, 20]
44 [79, 12, 93]
44 [79, 12, 103]
44 [79, 93, 103]
44 [12, 93, 103]
44 [83, 90, 27]
44 [83, 90, 36]
44 [83, 27, 36]
44 [90, 27, 36]
44 [152, 10, 59]
44 [152, 10, 124]
44 [152, 10, 163]
44 [152, 59, 124]
44 [152, 59, 163]
44 [152, 124, 163]
44 [10, 59, 124]
44 [10, 59, 163]
44 [10, 124, 163]
44 [59, 124, 163]
44 [48, 154, 19]
44 [48, 154, 84]
44 [48, 154, 151]
44 [48, 19, 84]
44 [48, 19, 151]
44 [48, 84, 151]
44 [154, 19, 84]
44 [154, 19, 151]
44 [154, 84, 151]
44 [19, 84, 151]
44 [96, 73, 2]
44 [96, 73, 162]
44 [96, 73, 89]
44 [96, 2, 162]
44 [96, 2, 89]
44 [96, 162, 89]
44 [73, 2, 162]
44 [73, 2, 89]
44 [73, 162, 89]
44 [2, 162, 89]
44 [64, 26, 107]
44 [64, 26, 139]
44 [64, 26, 159]
44 [64, 107, 139]
44 [64, 107, 159]
44 [64, 139, 159]
44 [26, 107, 139]
44 [26, 107, 159]
44 [26, 139, 159]
44 [107, 139, 159]
44 [152, 27, 90]
44 [152, 27, 83]
44 [152, 27, 124]
44 [152, 90, 83]
44 [152, 90, 124]
44 [152, 83, 124]
44 [27, 90, 83]
44 [27, 90, 124]
44 [27, 83, 124]
44 [90, 83, 124]
44 [108, 11, 148]
44 [108, 11, 53]
44 [108, 11, 71]
44 [108, 148, 53]
44 [108, 148, 71]
44 [108, 53, 71]
44 [11, 148, 53]
44 [11, 148, 71]
44 [11, 53, 71]
44 [148, 53, 71]
44 [121, 130, 76]
44 [121, 130, 45]
44 [121, 130, 20]
44 [121, 76, 45]
44 [121, 76, 20]
44 [121, 45, 20]
44 [130, 76, 45]
44 [130, 76, 20]
44 [130, 45, 20]
44 [76, 45, 20]
44 [95, 74, 43]
44 [95, 74, 18]
44 [95, 74, 119]
44 [95, 43, 18]
44 [95, 43, 119]
44 [95, 18, 119]
44 [74, 43, 18]
44 [74, 43, 119]
44 [74, 18, 119]
44 [43, 18, 119]
44 [16, 65, 136]
44 [16, 65, 116]
44 [16, 65, 62]
44 [16, 136, 116]
44 [16, 136, 62]
44 [16, 116, 62]
44 [65, 136, 116]
44 [65, 136, 62]
44 [65, 116, 62]
44 [136, 116, 62]
44 [116, 83, 36]
44 [116, 83, 62]
44 [116, 83, 65]
44 [116, 36, 62]
44 [116, 36, 65]
44 [116, 62, 65]
44 [83, 36, 62]
44 [83, 36, 65]
44 [83, 62, 65]
44 [36, 62, 65]
44 [160, 137, 90]
44 [160, 137, 67]
44 [160, 137, 7]
44 [160, 90, 67]
44 [160, 90, 7]
44 [160, 67, 7]
44 [137, 90, 67]
44 [137, 90, 7]
44 [137, 67, 7]
44 [90, 67, 7]
44 [160, 67, 7]
44 [160, 67, 137]
44 [160, 67, 46]
44 [160, 67, 142]
44 [160, 7, 137]
44 [160, 7, 46]
44 [160, 7, 142]
44 [160, 137, 46]
44 [160, 137, 142]
44 [160, 46, 142]
44 [67, 7, 137]
44 [67, 7, 46]
44 [67, 7, 142]
44 [67, 137, 46]
44 [67, 137, 142]
44 [67, 46, 142]
44 [7, 137, 46]
44 [7, 137, 142]
44 [7, 46, 142]
44 [137, 46, 142]
44 [64, 129, 107]
44 [64, 129, 17]
44 [64, 129, 52]
44 [64, 129, 159]
44 [64, 107, 17]
44 [64, 107, 52]
44 [64, 107, 159]
44 [64, 17, 52]
44 [64, 17, 159]
44 [64, 52, 159]
44 [129, 107, 17]
44 [129, 107, 52]
44 [129, 107, 159]
44 [129, 17, 52]
44 [129, 17, 159]
44 [129, 52, 159]
44 [107, 17, 52]
44 [107, 17, 159]
44 [107, 52, 159]
44 [17, 52, 159]
44 [139, 107, 109]
44 [139, 107, 77]
44 [139, 107, 26]
44 [139, 107, 159]
44 [139, 109, 77]
44 [139, 109, 26]
44 [139, 109, 159]
44 [139, 77, 26]
44 [139, 77, 159]
44 [139, 26, 159]
44 [107, 109, 77]
44 [107, 109, 26]
44 [107, 109, 159]
44 [107, 77, 26]
44 [107, 77, 159]
44 [107, 26, 159]
44 [109, 77, 26]
44 [109, 77, 159]
44 [109, 26, 159]
44 [77, 26, 159]
45 [128, 50, 58]
45 [9, 158, 63]
45 [94, 5, 102]
45 [132, 42, 4]
45 [136, 25, 91]
45 [136, 25, 68]
45 [136, 91, 68]
45 [25, 91, 68]
45 [11, 108, 38]
45 [11, 108, 71]
45 [11, 38, 71]
45 [108, 38, 71]
45 [120, 12, 93]
45 [120, 12, 30]
45 [120, 93, 30]
45 [12, 93, 30]
45 [8, 82, 69]
45 [8, 82, 127]
45 [8, 69, 127]
45 [82, 69, 127]
45 [120, 41, 93]
45 [120, 41, 72]
45 [120, 93, 72]
45 [41, 93, 72]
45 [128, 81, 58]
45 [128, 81, 4]
45 [128, 58, 4]
45 [81, 58, 4]
45 [116, 83, 124]
45 [116, 83, 62]
45 [116, 124, 62]
45 [83, 124, 62]
45 [152, 27, 83]
45 [152, 27, 124]
45 [152, 83, 124]
45 [27, 83, 124]
45 [154, 19, 147]
45 [154, 19, 151]
45 [154, 147, 151]
45 [19, 147, 151]
45 [47, 147, 109]
45 [47, 147, 127]
45 [47, 109, 127]
45 [147, 109, 127]
45 [148, 122, 140]
45 [148, 122, 71]
45 [148, 140, 71]
45 [122, 140, 71]
45 [48, 154, 84]
45 [48, 154, 138]
45 [48, 154, 151]
45 [48, 84, 138]
45 [48, 84, 151]
45 [48, 138, 151]
45 [154, 84, 138]
45 [154, 84, 151]
45 [154, 138, 151]
45 [84, 138, 151]
45 [164, 25, 91]
45 [164, 25, 68]
45 [164, 25, 65]
45 [164, 91, 68]
45 [164, 91, 65]
45 [164, 68, 65]
45 [25, 91, 68]
45 [25, 91, 65]
45 [25, 68, 65]
45 [91, 68, 65]
45 [83, 90, 27]
45 [83, 90, 124]
45 [83, 90, 62]
45 [83, 27, 124]
45 [83, 27, 62]
45 [83, 124, 62]
45 [90, 27, 124]
45 [90, 27, 62]
45 [90, 124, 62]
45 [27, 124, 62]
45 [18, 114, 74]
45 [18, 114, 166]
45 [18, 114, 53]
45 [18, 74, 166]
45 [18, 74, 53]
45 [18, 166, 53]
45 [114, 74, 166]
45 [114, 74, 53]
45 [114, 166, 53]
45 [74, 166, 53]
45 [154, 19, 147]
45 [154, 19, 77]
45 [154, 19, 151]
45 [154, 147, 77]
45 [154, 147, 151]
45 [154, 77, 151]
45 [19, 147, 77]
45 [19, 147, 151]
45 [19, 77, 151]
45 [147, 77, 151]
45 [26, 107, 52]
45 [26, 107, 139]
45 [26, 107, 159]
45 [26, 52, 139]
45 [26, 52, 159]
45 [26, 139, 159]
45 [107, 52, 139]
45 [107, 52, 159]
45 [107, 139, 159]
45 [52, 139, 159]
45 [97, 107, 52]
45 [97, 107, 149]
45 [97, 107, 31]
45 [97, 52, 149]
45 [97, 52, 31]
45 [97, 149, 31]
45 [107, 52, 149]
45 [107, 52, 31]
45 [107, 149, 31]
45 [52, 149, 31]
45 [96, 161, 2]
45 [96, 161, 73]
45 [96, 161, 162]
45 [96, 161, 89]
45 [96, 2, 73]
45 [96, 2, 162]
45 [96, 2, 89]
45 [96, 73, 162]
45 [96, 73, 89]
45 [96, 162, 89]
45 [161, 2, 73]
45 [161, 2, 162]
45 [161, 2, 89]
45 [161, 73, 162]
45 [161, 73, 89]
45 [161, 162, 89]
45 [2, 73, 162]
45 [2, 73, 89]
45 [2, 162, 89]
45 [73, 162, 89]
45 [59, 10, 163]
45 [59, 10, 152]
45 [59, 10, 27]
45 [59, 10, 124]
45 [59, 163, 152]
45 [59, 163, 27]
45 [59, 163, 124]
45 [59, 152, 27]
45 [59, 152, 124]
45 [59, 27, 124]
45 [10, 163, 152]
45 [10, 163, 27]
45 [10, 163, 124]
45 [10, 152, 27]
45 [10, 152, 124]
45 [10, 27, 124]
45 [163, 152, 27]
45 [163, 152, 124]
45 [163, 27, 124]
45 [152, 27, 124]
45 [3, 70, 76]
45 [3, 70, 45]
45 [3, 70, 153]
45 [3, 70, 125]
45 [3, 76, 45]
45 [3, 76, 153]
45 [3, 76, 125]
45 [3, 45, 153]
45 [3, 45, 125]
45 [3, 153, 125]
45 [70, 76, 45]
45 [70, 76, 153]
45 [70, 76, 125]
45 [70, 45, 153]
45 [70, 45, 125]
45 [70, 153, 125]
45 [76, 45, 153]
45 [76, 45, 125]
45 [76, 153, 125]
45 [45, 153, 125]
46 [26, 139, 159]
46 [112, 40, 20]
46 [112, 40, 69]
46 [112, 20, 69]
46 [40, 20, 69]
46 [122, 99, 140]
46 [122, 99, 71]
46 [122, 140, 71]
46 [99, 140, 71]
46 [48, 154, 84]
46 [48, 154, 151]
46 [48, 84, 151]
46 [154, 84, 151]
46 [129, 31, 149]
46 [129, 31, 97]
46 [129, 149, 97]
46 [31, 149, 97]
46 [97, 107, 13]
46 [97, 107, 149]
46 [97, 13, 149]
46 [107, 13, 149]
46 [132, 42, 99]
46 [132, 42, 4]
46 [132, 99, 4]
46 [42, 99, 4]
46 [81, 106, 4]
46 [81, 106, 31]
46 [81, 4, 31]
46 [106, 4, 31]
46 [121, 130, 20]
46 [121, 130, 45]
46 [121, 20, 45]
46 [130, 20, 45]
46 [145, 63, 158]
46 [145, 63, 23]
46 [145, 158, 23]
46 [63, 158, 23]
46 [78, 46, 126]
46 [78, 46, 21]
46 [78, 126, 21]
46 [46, 126, 21]
46 [161, 55, 143]
46 [161, 55, 29]
46 [161, 55, 79]
46 [161, 143, 29]
46 [161, 143, 79]
46 [161, 29, 79]
46 [55, 143, 29]
46 [55, 143, 79]
46 [55, 29, 79]
46 [143, 29, 79]
46 [129, 58, 149]
46 [129, 58, 150]
46 [129, 58, 31]
46 [129, 149, 150]
46 [129, 149, 31]
46 [129, 150, 31]
46 [58, 149, 150]
46 [58, 149, 31]
46 [58, 150, 31]
46 [149, 150, 31]
46 [122, 99, 140]
46 [122, 99, 42]
46 [122, 99, 71]
46 [122, 140, 42]
46 [122, 140, 71]
46 [122, 42, 71]
46 [99, 140, 42]
46 [99, 140, 71]
46 [99, 42, 71]
46 [140, 42, 71]
46 [57, 122, 99]
46 [57, 122, 140]
46 [57, 122, 22]
46 [57, 99, 140]
46 [57, 99, 22]
46 [57, 140, 22]
46 [122, 99, 140]
46 [122, 99, 22]
46 [122, 140, 22]
46 [99, 140, 22]
46 [90, 83, 36]
46 [90, 83, 86]
46 [90, 83, 111]
46 [90, 36, 86]
46 [90, 36, 111]
46 [90, 86, 111]
46 [83, 36, 86]
46 [83, 36, 111]
46 [83, 86, 111]
46 [36, 86, 111]
46 [72, 51, 157]
46 [72, 51, 6]
46 [72, 51, 135]
46 [72, 157, 6]
46 [72, 157, 135]
46 [72, 6, 135]
46 [51, 157, 6]
46 [51, 157, 135]
46 [51, 6, 135]
46 [157, 6, 135]
46 [129, 52, 149]
46 [129, 52, 150]
46 [129, 52, 31]
46 [129, 149, 150]
46 [129, 149, 31]
46 [129, 150, 31]
46 [52, 149, 150]
46 [52, 149, 31]
46 [52, 150, 31]
46 [149, 150, 31]
46 [119, 43, 95]
46 [119, 43, 158]
46 [119, 43, 63]
46 [119, 95, 158]
46 [119, 95, 63]
46 [119, 158, 63]
46 [43, 95, 158]
46 [43, 95, 63]
46 [43, 158, 63]
46 [95, 158, 63]
46 [108, 122, 148]
46 [108, 122, 38]
46 [108, 122, 71]
46 [108, 148, 38]
46 [108, 148, 71]
46 [108, 38, 71]
46 [122, 148, 38]
46 [122, 148, 71]
46 [122, 38, 71]
46 [148, 38, 71]
46 [72, 120, 51]
46 [72, 120, 117]
46 [72, 120, 135]
46 [72, 51, 117]
46 [72, 51, 135]
46 [72, 117, 135]
46 [120, 51, 117]
46 [120, 51, 135]
46 [120, 117, 135]
46 [51, 117, 135]
46 [8, 40, 82]
46 [8, 40, 69]
46 [8, 40, 127]
46 [8, 82, 69]
46 [8, 82, 127]
46 [8, 69, 127]
46 [40, 82, 69]
46 [40, 82, 127]
46 [40, 69, 127]
46 [82, 69, 127]
46 [136, 25, 91]
46 [136, 25, 68]
46 [136, 25, 65]
46 [136, 91, 68]
46 [136, 91, 65]
46 [136, 68, 65]
46 [25, 91, 68]
46 [25, 91, 65]
46 [25, 68, 65]
46 [91, 68, 65]
46 [1, 98, 115]
46 [1, 98, 37]
46 [1, 98, 146]
46 [1, 115, 37]
46 [1, 115, 146]
46 [1, 37, 146]
46 [98, 115, 37]
46 [98, 115, 146]
46 [98, 37, 146]
46 [115, 37, 146]
46 [129, 31, 52]
46 [129, 31, 149]
46 [129, 31, 97]
46 [129, 52, 149]
46 [129, 52, 97]
46 [129, 149, 97]
46 [31, 52, 149]
46 [31, 52, 97]
46 [31, 149, 97]
46 [52, 149, 97]
46 [26, 107, 139]
46 [26, 107, 77]
46 [26, 107, 159]
46 [26, 139, 77]
46 [26, 139, 159]
46 [26, 77, 159]
46 [107, 139, 77]
46 [107, 139, 159]
46 [107, 77, 159]
46 [139, 77, 159]
46 [0, 66, 133]
46 [0, 66, 138]
46 [0, 66, 144]
46 [0, 66, 87]
46 [0, 133, 138]
46 [0, 133, 144]
46 [0, 133, 87]
46 [0, 138, 144]
46 [0, 138, 87]
46 [0, 144, 87]
46 [66, 133, 138]
46 [66, 133, 144]
46 [66, 133, 87]
46 [66, 138, 144]
46 [66, 138, 87]
46 [66, 144, 87]
46 [133, 138, 144]
46 [133, 138, 87]
46 [133, 144, 87]
46 [138, 144, 87]
46 [3, 68, 134]
46 [3, 68, 136]
46 [3, 68, 44]
46 [3, 68, 91]
46 [3, 134, 136]
46 [3, 134, 44]
46 [3, 134, 91]
46 [3, 136, 44]
46 [3, 136, 91]
46 [3, 44, 91]
46 [68, 134, 136]
46 [68, 134, 44]
46 [68, 134, 91]
46 [68, 136, 44]
46 [68, 136, 91]
46 [68, 44, 91]
46 [134, 136, 44]
46 [134, 136, 91]
46 [134, 44, 91]
46 [136, 44, 91]
46 [128, 129, 106]
46 [128, 129, 81]
46 [128, 129, 149]
46 [128, 129, 58]
46 [128, 129, 31]
46 [128, 106, 81]
46 [128, 106, 149]
46 [128, 106, 58]
46 [128, 106, 31]
46 [128, 81, 149]
46 [128, 81, 58]
46 [128, 81, 31]
46 [128, 149, 58]
46 [128, 149, 31]
46 [128, 58, 31]
46 [129, 106, 81]
46 [129, 106, 149]
46 [129, 106, 58]
46 [129, 106, 31]
46 [129, 81, 149]
46 [129, 81, 58]
46 [129, 81, 31]
46 [129, 149, 58]
46 [129, 149, 31]
46 [129, 58, 31]
46 [106, 81, 149]
46 [106, 81, 58]
46 [106, 81, 31]
46 [106, 149, 58]
46 [106, 149, 31]
46 [106, 58, 31]
46 [81, 149, 58]
46 [81, 149, 31]
46 [81, 58, 31]
46 [149, 58, 31]
47 [34, 5, 102]
47 [33, 94, 105]
47 [98, 115, 54]
47 [126, 78, 39]
47 [42, 99, 132]
47 [42, 99, 122]
47 [42, 132, 122]
47 [99, 132, 122]
47 [113, 146, 75]
47 [113, 146, 14]
47 [113, 75, 14]
47 [146, 75, 14]
47 [57, 11, 148]
47 [57, 11, 100]
47 [57, 148, 100]
47 [11, 148, 100]
47 [72, 120, 157]
47 [72, 120, 135]
47 [72, 157, 135]
47 [120, 157, 135]
47 [108, 122, 148]
47 [108, 122, 71]
47 [108, 148, 71]
47 [122, 148, 71]
47 [120, 41, 93]
47 [120, 41, 79]
47 [120, 93, 79]
47 [41, 93, 79]
47 [97, 52, 149]
47 [97, 52, 31]
47 [97, 149, 31]
47 [52, 149, 31]
47 [145, 23, 141]
47 [145, 23, 63]
47 [145, 141, 63]
47 [23, 141, 63]
47 [160, 90, 67]
47 [160, 90, 7]
47 [160, 67, 7]
47 [90, 67, 7]
47 [26, 139, 109]
47 [26, 139, 159]
47 [26, 109, 159]
47 [139, 109, 159]
47 [128, 81, 58]
47 [128, 81, 150]
47 [128, 81, 129]
47 [128, 58, 150]
47 [128, 58, 129]
47 [128, 150, 129]
47 [81, 58, 150]
47 [81, 58, 129]
47 [81, 150, 129]
47 [58, 150, 129]
47 [114, 108, 18]
47 [114, 108, 166]
47 [114, 108, 53]
47 [114, 18, 166]
47 [114, 18, 53]
47 [114, 166, 53]
47 [108, 18, 166]
47 [108, 18, 53]
47 [108, 166, 53]
47 [18, 166, 53]
47 [128, 81, 106]
47 [128, 81, 132]
47 [128, 81, 4]
47 [128, 106, 132]
47 [128, 106, 4]
47 [128, 132, 4]
47 [81, 106, 132]
47 [81, 106, 4]
47 [81, 132, 4]
47 [106, 132, 4]
47 [113, 146, 75]
47 [113, 146, 37]
47 [113, 146, 14]
47 [113, 75, 37]
47 [113, 75, 14]
47 [113, 37, 14]
47 [146, 75, 37]
47 [146, 75, 14]
47 [146, 37, 14]
47 [75, 37, 14]
47 [104, 57, 122]
47 [104, 57, 140]
47 [104, 57, 22]
47 [104, 122, 140]
47 [104, 122, 22]
47 [104, 140, 22]
47 [57, 122, 140]
47 [57, 122, 22]
47 [57, 140, 22]
47 [122, 140, 22]
47 [104, 57, 148]
47 [104, 57, 140]
47 [104, 57, 100]
47 [104, 148, 140]
47 [104, 148, 100]
47 [104, 140, 100]
47 [57, 148, 140]
47 [57, 148, 100]
47 [57, 140, 100]
47 [148, 140, 100]
47 [153, 3, 44]
47 [153, 3, 134]
47 [153, 3, 70]
47 [153, 44, 134]
47 [153, 44, 70]
47 [153, 134, 70]
47 [3, 44, 134]
47 [3, 44, 70]
47 [3, 134, 70]
47 [44, 134, 70]
47 [131, 6, 135]
47 [131, 6, 72]
47 [131, 6, 120]
47 [131, 6, 157]
47 [131, 135, 72]
47 [131, 135, 120]
47 [131, 135, 157]
47 [131, 72, 120]
47 [131, 72, 157]
47 [131, 120, 157]
47 [6, 135, 72]
47 [6, 135, 120]
47 [6, 135, 157]
47 [6, 72, 120]
47 [6, 72, 157]
47 [6, 120, 157]
47 [135, 72, 120]
47 [135, 72, 157]
47 [135, 120, 157]
47 [72, 120, 157]
47 [129, 17, 52]
47 [129, 17, 149]
47 [129, 17, 150]
47 [129, 17, 31]
47 [129, 52, 149]
47 [129, 52, 150]
47 [129, 52, 31]
47 [129, 149, 150]
47 [129, 149, 31]
47 [129, 150, 31]
47 [17, 52, 149]
47 [17, 52, 150]
47 [17, 52, 31]
47 [17, 149, 150]
47 [17, 149, 31]
47 [17, 150, 31]
47 [52, 149, 150]
47 [52, 149, 31]
47 [52, 150, 31]
47 [149, 150, 31]
47 [100, 135, 51]
47 [100, 135, 117]
47 [100, 135, 155]
47 [100, 135, 28]
47 [100, 51, 117]
47 [100, 51, 155]
47 [100, 51, 28]
47 [100, 117, 155]
47 [100, 117, 28]
47 [100, 155, 28]
47 [135, 51, 117]
47 [135, 51, 155]
47 [135, 51, 28]
47 [135, 117, 155]
47 [135, 117, 28]
47 [135, 155, 28]
47 [51, 117, 155]
47 [51, 117, 28]
47 [51, 155, 28]
47 [117, 155, 28]
47 [71, 11, 108]
47 [71, 11, 148]
47 [71, 11, 57]
47 [71, 11, 122]
47 [71, 108, 148]
47 [71, 108, 57]
47 [71, 108, 122]
47 [71, 148, 57]
47 [71, 148, 122]
47 [71, 57, 122]
47 [11, 108, 148]
47 [11, 108, 57]
47 [11, 108, 122]
47 [11, 148, 57]
47 [11, 148, 122]
47 [11, 57, 122]
47 [108, 148, 57]
47 [108, 148, 122]
47 [108, 57, 122]
47 [148, 57, 122]
47 [147, 139, 77]
47 [147, 139, 47]
47 [147, 139, 19]
47 [147, 139, 151]
47 [147, 77, 47]
47 [147, 77, 19]
47 [147, 77, 151]
47 [147, 47, 19]
47 [147, 47, 151]
47 [147, 19, 151]
47 [139, 77, 47]
47 [139, 77, 19]
47 [139, 77, 151]
47 [139, 47, 19]
47 [139, 47, 151]
47 [139, 19, 151]
47 [77, 47, 19]
47 [77, 47, 151]
47 [77, 19, 151]
47 [47, 19, 151]
47 [64, 129, 17]
47 [64, 129, 52]
47 [64, 129, 150]
47 [64, 129, 159]
47 [64, 17, 52]
47 [64, 17, 150]
47 [64, 17, 159]
47 [64, 52, 150]
47 [64, 52, 159]
47 [64, 150, 159]
47 [129, 17, 52]
47 [129, 17, 150]
47 [129, 17, 159]
47 [129, 52, 150]
47 [129, 52, 159]
47 [129, 150, 159]
47 [17, 52, 150]
47 [17, 52, 159]
47 [17, 150, 159]
47 [52, 150, 159]
47 [166, 74, 43]
47 [166, 74, 18]
47 [166, 74, 114]
47 [166, 74, 95]
47 [166, 43, 18]
47 [166, 43, 114]
47 [166, 43, 95]
47 [166, 18, 114]
47 [166, 18, 95]
47 [166, 114, 95]
47 [74, 43, 18]
47 [74, 43, 114]
47 [74, 43, 95]
47 [74, 18, 114]
47 [74, 18, 95]
47 [74, 114, 95]
47 [43, 18, 114]
47 [43, 18, 95]
47 [43, 114, 95]
47 [18, 114, 95]
47 [64, 129, 17]
47 [64, 129, 52]
47 [64, 129, 149]
47 [64, 129, 150]
47 [64, 129, 58]
47 [64, 17, 52]
47 [64, 17, 149]
47 [64, 17, 150]
47 [64, 17, 58]
47 [64, 52, 149]
47 [64, 52, 150]
47 [64, 52, 58]
47 [64, 149, 150]
47 [64, 149, 58]
47 [64, 150, 58]
47 [129, 17, 52]
47 [129, 17, 149]
47 [129, 17, 150]
47 [129, 17, 58]
47 [129, 52, 149]
47 [129, 52, 150]
47 [129, 52, 58]
47 [129, 149, 150]
47 [129, 149, 58]
47 [129, 150, 58]
47 [17, 52, 149]
47 [17, 52, 150]
47 [17, 52, 58]
47 [17, 149, 150]
47 [17, 149, 58]
47 [17, 150, 58]
47 [52, 149, 150]
47 [52, 149, 58]
47 [52, 150, 58]
47 [149, 150, 58]
47 [3, 134, 70]
47 [3, 134, 76]
47 [3, 134, 45]
47 [3, 134, 153]
47 [3, 134, 125]
47 [3, 70, 76]
47 [3, 70, 45]
47 [3, 70, 153]
47 [3, 70, 125]
47 [3, 76, 45]
47 [3, 76, 153]
47 [3, 76, 125]
47 [3, 45, 153]
47 [3, 45, 125]
47 [3, 153, 125]
47 [134, 70, 76]
47 [134, 70, 45]
47 [134, 70, 153]
47 [134, 70, 125]
47 [134, 76, 45]
47 [134, 76, 153]
47 [134, 76, 125]
47 [134, 45, 153]
47 [134, 45, 125]
47 [134, 153, 125]
47 [70, 76, 45]
47 [70, 76, 153]
47 [70, 76, 125]
47 [70, 45, 153]
47 [70, 45, 125]
47 [70, 153, 125]
47 [76, 45, 153]
47 [76, 45, 125]
47 [76, 153, 125]
47 [45, 153, 125]
48 [123, 54, 126]
48 [72, 120, 157]
48 [113, 146, 75]
48 [161, 162, 55]
48 [104, 57, 148]
48 [104, 57, 100]
48 [104, 148, 100]
48 [57, 148, 100]
48 [144, 49, 80]
48 [144, 49, 87]
48 [144, 80, 87]
48 [49, 80, 87]
48 [67, 21, 78]
48 [67, 21, 142]
48 [67, 78, 142]
48 [21, 78, 142]
48 [145, 63, 158]
48 [145, 63, 119]
48 [145, 158, 119]
48 [63, 158, 119]
48 [57, 148, 140]
48 [57, 148, 100]
48 [57, 140, 100]
48 [148, 140, 100]
48 [120, 41, 51]
48 [120, 41, 72]
48 [120, 51, 72]
48 [41, 51, 72]
48 [42, 108, 38]
48 [42, 108, 71]
48 [42, 38, 71]
48 [108, 38, 71]
48 [47, 147, 77]
48 [47, 147, 127]
48 [47, 77, 127]
48 [147, 77, 127]
48 [9, 165, 158]
48 [9, 165, 61]
48 [9, 158, 61]
48 [165, 158, 61]
48 [119, 9, 43]
48 [119, 9, 158]
48 [119, 9, 95]
48 [119, 43, 158]
48 [119, 43, 95]
48 [119, 158, 95]
48 [9, 43, 158]
48 [9, 43, 95]
48 [9, 158, 95]
48 [43, 158, 95]
48 [51, 155, 117]
48 [51, 155, 6]
48 [51, 155, 135]
48 [51, 117, 6]
48 [51, 117, 135]
48 [51, 6, 135]
48 [155, 117, 6]
48 [155, 117, 135]
48 [155, 6, 135]
48 [117, 6, 135]
48 [56, 42, 99]
48 [56, 42, 132]
48 [56, 42, 122]
48 [56, 99, 132]
48 [56, 99, 122]
48 [56, 132, 122]
48 [42, 99, 132]
48 [42, 99, 122]
48 [42, 132, 122]
48 [99, 132, 122]
48 [18, 74, 114]
48 [18, 74, 166]
48 [18, 74, 95]
48 [18, 114, 166]
48 [18, 114, 95]
48 [18, 166, 95]
48 [74, 114, 166]
48 [74, 114, 95]
48 [74, 166, 95]
48 [114, 166, 95]
48 [54, 123, 92]
48 [54, 123, 21]
48 [54, 123, 126]
48 [54, 92, 21]
48 [54, 92, 126]
48 [54, 21, 126]
48 [123, 92, 21]
48 [123, 92, 126]
48 [123, 21, 126]
48 [92, 21, 126]
48 [0, 144, 66]
48 [0, 144, 87]
48 [0, 144, 49]
48 [0, 66, 87]
48 [0, 66, 49]
48 [0, 87, 49]
48 [144, 66, 87]
48 [144, 66, 49]
48 [144, 87, 49]
48 [66, 87, 49]
48 [128, 81, 106]
48 [128, 81, 58]
48 [128, 81, 31]
48 [128, 106, 58]
48 [128, 106, 31]
48 [128, 58, 31]
48 [81, 106, 58]
48 [81, 106, 31]
48 [81, 58, 31]
48 [106, 58, 31]
48 [126, 123, 21]
48 [126, 123, 54]
48 [126, 123, 39]
48 [126, 21, 54]
48 [126, 21, 39]
48 [126, 54, 39]
48 [123, 21, 54]
48 [123, 21, 39]
48 [123, 54, 39]
48 [21, 54, 39]
48 [148, 71, 11]
48 [148, 71, 108]
48 [148, 71, 57]
48 [148, 11, 108]
48 [148, 11, 57]
48 [148, 108, 57]
48 [71, 11, 108]
48 [71, 11, 57]
48 [71, 108, 57]
48 [11, 108, 57]
48 [72, 135, 117]
48 [72, 135, 6]
48 [72, 135, 157]
48 [72, 117, 6]
48 [72, 117, 157]
48 [72, 6, 157]
48 [135, 117, 6]
48 [135, 117, 157]
48 [135, 6, 157]
48 [117, 6, 157]
48 [153, 130, 76]
48 [153, 130, 45]
48 [153, 130, 70]
48 [153, 76, 45]
48 [153, 76, 70]
48 [153, 45, 70]
48 [130, 76, 45]
48 [130, 76, 70]
48 [130, 45, 70]
48 [76, 45, 70]
48 [123, 21, 126]
48 [123, 21, 78]
48 [123, 21, 39]
48 [123, 126, 78]
48 [123, 126, 39]
48 [123, 78, 39]
48 [21, 126, 78]
48 [21, 126, 39]
48 [21, 78, 39]
48 [126, 78, 39]
48 [122, 99, 42]
48 [122, 99, 22]
48 [122, 99, 71]
48 [122, 42, 22]
48 [122, 42, 71]
48 [122, 22, 71]
48 [99, 42, 22]
48 [99, 42, 71]
48 [99, 22, 71]
48 [42, 22, 71]
48 [161, 162, 73]
48 [161, 162, 55]
48 [161, 162, 89]
48 [161, 162, 29]
48 [161, 73, 55]
48 [161, 73, 89]
48 [161, 73, 29]
48 [161, 55, 89]
48 [161, 55, 29]
48 [161, 89, 29]
48 [162, 73, 55]
48 [162, 73, 89]
48 [162, 73, 29]
48 [162, 55, 89]
48 [162, 55, 29]
48 [162, 89, 29]
48 [73, 55, 89]
48 [73, 55, 29]
48 [73, 89, 29]
48 [55, 89, 29]
48 [161, 103, 79]
48 [161, 103, 55]
48 [161, 103, 143]
48 [161, 103, 29]
48 [161, 79, 55]
48 [161, 79, 143]
48 [161, 79, 29]
48 [161, 55, 143]
48 [161, 55, 29]
48 [161, 143, 29]
48 [103, 79, 55]
48 [103, 79, 143]
48 [103, 79, 29]
48 [103, 55, 143]
48 [103, 55, 29]
48 [103, 143, 29]
48 [79, 55, 143]
48 [79, 55, 29]
48 [79, 143, 29]
48 [55, 143, 29]
48 [100, 104, 140]
48 [100, 104, 148]
48 [100, 104, 57]
48 [100, 104, 28]
48 [100, 140, 148]
48 [100, 140, 57]
48 [100, 140, 28]
48 [100, 148, 57]
48 [100, 148, 28]
48 [100, 57, 28]
48 [104, 140, 148]
48 [104, 140, 57]
48 [104, 140, 28]
48 [104, 148, 57]
48 [104, 148, 28]
48 [104, 57, 28]
48 [140, 148, 57]
48 [140, 148, 28]
48 [140, 57, 28]
48 [148, 57, 28]
48 [129, 81, 52]
48 [129, 81, 149]
48 [129, 81, 58]
48 [129, 81, 31]
48 [129, 52, 149]
48 [129, 52, 58]
48 [129, 52, 31]
48 [129, 149, 58]
48 [129, 149, 31]
48 [129, 58, 31]
48 [81, 52, 149]
48 [81, 52, 58]
48 [81, 52, 31]
48 [81, 149, 58]
48 [81, 149, 31]
48 [81, 58, 31]
48 [52, 149, 58]
48 [52, 149, 31]
48 [52, 58, 31]
48 [149, 58, 31]
48 [65, 164, 111]
48 [65, 164, 83]
48 [65, 164, 116]
48 [65, 164, 36]
48 [65, 111, 83]
48 [65, 111, 116]
48 [65, 111, 36]
48 [65, 83, 116]
48 [65, 83, 36]
48 [65, 116, 36]
48 [164, 111, 83]
48 [164, 111, 116]
48 [164, 111, 36]
48 [164, 83, 116]
48 [164, 83, 36]
48 [164, 116, 36]
48 [111, 83, 116]
48 [111, 83, 36]
48 [111, 116, 36]
48 [83, 116, 36]
48 [139, 109, 77]
48 [139, 109, 47]
48 [139, 109, 26]
48 [139, 109, 159]
48 [139, 77, 47]
48 [139, 77, 26]
48 [139, 77, 159]
48 [139, 47, 26]
48 [139, 47, 159]
48 [139, 26, 159]
48 [109, 77, 47]
48 [109, 77, 26]
48 [109, 77, 159]
48 [109, 47, 26]
48 [109, 47, 159]
48 [109, 26, 159]
48 [77, 47, 26]
48 [77, 47, 159]
48 [77, 26, 159]
48 [47, 26, 159]
48 [166, 38, 74]
48 [166, 38, 18]
48 [166, 38, 114]
48 [166, 38, 53]
48 [166, 74, 18]
48 [166, 74, 114]
48 [166, 74, 53]
48 [166, 18, 114]
48 [166, 18, 53]
48 [166, 114, 53]
48 [38, 74, 18]
48 [38, 74, 114]
48 [38, 74, 53]
48 [38, 18, 114]
48 [38, 18, 53]
48 [38, 114, 53]
48 [74, 18, 114]
48 [74, 18, 53]
48 [74, 114, 53]
48 [18, 114, 53]
48 [103, 12, 79]
48 [103, 12, 55]
48 [103, 12, 143]
48 [103, 12, 29]
48 [103, 79, 55]
48 [103, 79, 143]
48 [103, 79, 29]
48 [103, 55, 143]
48 [103, 55, 29]
48 [103, 143, 29]
48 [12, 79, 55]
48 [12, 79, 143]
48 [12, 79, 29]
48 [12, 55, 143]
48 [12, 55, 29]
48 [12, 143, 29]
48 [79, 55, 143]
48 [79, 55, 29]
48 [79, 143, 29]
48 [55, 143, 29]
48 [3, 134, 70]
48 [3, 134, 45]
48 [3, 134, 153]
48 [3, 134, 125]
48 [3, 70, 45]
48 [3, 70, 153]
48 [3, 70, 125]
48 [3, 45, 153]
48 [3, 45, 125]
48 [3, 153, 125]
48 [134, 70, 45]
48 [134, 70, 153]
48 [134, 70, 125]
48 [134, 45, 153]
48 [134, 45, 125]
48 [134, 153, 125]
48 [70, 45, 153]
48 [70, 45, 125]
48 [70, 153, 125]
48 [45, 153, 125]
48 [139, 109, 77]
48 [139, 109, 47]
48 [139, 109, 147]
48 [139, 109, 26]
48 [139, 77, 47]
48 [139, 77, 147]
48 [139, 77, 26]
48 [139, 47, 147]
48 [139, 47, 26]
48 [139, 147, 26]
48 [109, 77, 47]
48 [109, 77, 147]
48 [109, 77, 26]
48 [109, 47, 147]
48 [109, 47, 26]
48 [109, 147, 26]
48 [77, 47, 147]
48 [77, 47, 26]
48 [77, 147, 26]
48 [47, 147, 26]
48 [131, 6, 135]
48 [131, 6, 72]
48 [131, 6, 120]
48 [131, 6, 157]
48 [131, 6, 30]
48 [131, 135, 72]
48 [131, 135, 120]
48 [131, 135, 157]
48 [131, 135, 30]
48 [131, 72, 120]
48 [131, 72, 157]
48 [131, 72, 30]
48 [131, 120, 157]
48 [131, 120, 30]
48 [131, 157, 30]
48 [6, 135, 72]
48 [6, 135, 120]
48 [6, 135, 157]
48 [6, 135, 30]
48 [6, 72, 120]
48 [6, 72, 157]
48 [6, 72, 30]
48 [6, 120, 157]
48 [6, 120, 30]
48 [6, 157, 30]
48 [135, 72, 120]
48 [135, 72, 157]
48 [135, 72, 30]
48 [135, 120, 157]
48 [135, 120, 30]
48 [135, 157, 30]
48 [72, 120, 157]
48 [72, 120, 30]
48 [72, 157, 30]
48 [120, 157, 30]
49 [161, 55, 143]
49 [136, 91, 68]
49 [18, 166, 95]
49 [8, 69, 127]
49 [47, 109, 77]
49 [47, 109, 127]
49 [47, 77, 127]
49 [109, 77, 127]
49 [114, 18, 74]
49 [114, 18, 166]
49 [114, 74, 166]
49 [18, 74, 166]
49 [112, 121, 20]
49 [112, 121, 69]
49 [112, 20, 69]
49 [121, 20, 69]
49 [0, 144, 138]
49 [0, 144, 87]
49 [0, 138, 87]
49 [144, 138, 87]
49 [88, 97, 13]
49 [88, 97, 101]
49 [88, 13, 101]
49 [97, 13, 101]
49 [97, 101, 149]
49 [97, 101, 13]
49 [97, 149, 13]
49 [101, 149, 13]
49 [25, 91, 68]
49 [25, 91, 134]
49 [25, 68, 134]
49 [91, 68, 134]
49 [26, 107, 109]
49 [26, 107, 159]
49 [26, 109, 159]
49 [107, 109, 159]
49 [123, 92, 21]
49 [123, 92, 54]
49 [123, 21, 54]
49 [92, 21, 54]
49 [88, 66, 35]
49 [88, 66, 133]
49 [88, 35, 133]
49 [66, 35, 133]
49 [120, 131, 93]
49 [120, 131, 30]
49 [120, 93, 30]
49 [131, 93, 30]
49 [108, 53, 38]
49 [108, 53, 71]
49 [108, 38, 71]
49 [53, 38, 71]
49 [1, 98, 115]
49 [1, 98, 146]
49 [1, 115, 146]
49 [98, 115, 146]
49 [11, 108, 53]
49 [11, 108, 166]
49 [11, 53, 166]
49 [108, 53, 166]
49 [3, 68, 134]
49 [3, 68, 70]
49 [3, 134, 70]
49 [68, 134, 70]
49 [68, 91, 44]
49 [68, 91, 134]
49 [68, 91, 25]
49 [68, 44, 134]
49 [68, 44, 25]
49 [68, 134, 25]
49 [91, 44, 134]
49 [91, 44, 25]
49 [91, 134, 25]
49 [44, 134, 25]
49 [97, 31, 52]
49 [97, 31, 13]
49 [97, 31, 149]
49 [97, 52, 13]
49 [97, 52, 149]
49 [97, 13, 149]
49 [31, 52, 13]
49 [31, 52, 149]
49 [31, 13, 149]
49 [52, 13, 149]
49 [16, 136, 91]
49 [16, 136, 116]
49 [16, 136, 65]
49 [16, 91, 116]
49 [16, 91, 65]
49 [16, 116, 65]
49 [136, 91, 116]
49 [136, 91, 65]
49 [136, 116, 65]
49 [91, 116, 65]
49 [145, 63, 9]
49 [145, 63, 158]
49 [145, 63, 119]
49 [145, 9, 158]
49 [145, 9, 119]
49 [145, 158, 119]
49 [63, 9, 158]
49 [63, 9, 119]
49 [63, 158, 119]
49 [9, 158, 119]
49 [72, 120, 157]
49 [72, 120, 6]
49 [72, 120, 135]
49 [72, 157, 6]
49 [72, 157, 135]
49 [72, 6, 135]
49 [120, 157, 6]
49 [120, 157, 135]
49 [120, 6, 135]
49 [157, 6, 135]
49 [42, 99, 132]
49 [42, 99, 122]
49 [42, 99, 71]
49 [42, 132, 122]
49 [42, 132, 71]
49 [42, 122, 71]
49 [99, 132, 122]
49 [99, 132, 71]
49 [99, 122, 71]
49 [132, 122, 71]
49 [0, 144, 138]
49 [0, 144, 66]
49 [0, 144, 133]
49 [0, 138, 66]
49 [0, 138, 133]
49 [0, 66, 133]
49 [144, 138, 66]
49 [144, 138, 133]
49 [144, 66, 133]
49 [138, 66, 133]
49 [56, 132, 42]
49 [56, 132, 99]
49 [56, 132, 4]
49 [56, 42, 99]
49 [56, 42, 4]
49 [56, 99, 4]
49 [132, 42, 99]
49 [132, 42, 4]
49 [132, 99, 4]
49 [42, 99, 4]
49 [136, 65, 164]
49 [136, 65, 116]
49 [136, 65, 16]
49 [136, 164, 116]
49 [136, 164, 16]
49 [136, 116, 16]
49 [65, 164, 116]
49 [65, 164, 16]
49 [65, 116, 16]
49 [164, 116, 16]
49 [144, 80, 138]
49 [144, 80, 0]
49 [144, 80, 49]
49 [144, 138, 0]
49 [144, 138, 49]
49 [144, 0, 49]
49 [80, 138, 0]
49 [80, 138, 49]
49 [80, 0, 49]
49 [138, 0, 49]
49 [144, 49, 87]
49 [144, 49, 0]
49 [144, 49, 80]
49 [144, 87, 0]
49 [144, 87, 80]
49 [144, 0, 80]
49 [49, 87, 0]
49 [49, 87, 80]
49 [49, 0, 80]
49 [87, 0, 80]
49 [72, 51, 117]
49 [72, 51, 6]
49 [72, 51, 135]
49 [72, 117, 6]
49 [72, 117, 135]
49 [72, 6, 135]
49 [51, 117, 6]
49 [51, 117, 135]
49 [51, 6, 135]
49 [117, 6, 135]
49 [99, 104, 140]
49 [99, 104, 22]
49 [99, 104, 57]
49 [99, 104, 122]
49 [99, 140, 22]
49 [99, 140, 57]
49 [99, 140, 122]
49 [99, 22, 57]
49 [99, 22, 122]
49 [99, 57, 122]
49 [104, 140, 22]
49 [104, 140, 57]
49 [104, 140, 122]
49 [104, 22, 57]
49 [104, 22, 122]
49 [104, 57, 122]
49 [140, 22, 57]
49 [140, 22, 122]
49 [140, 57, 122]
49 [22, 57, 122]
49 [129, 97, 107]
49 [129, 97, 52]
49 [129, 97, 149]
49 [129, 97, 31]
49 [129, 107, 52]
49 [129, 107, 149]
49 [129, 107, 31]
49 [129, 52, 149]
49 [129, 52, 31]
49 [129, 149, 31]
49 [97, 107, 52]
49 [97, 107, 149]
49 [97, 107, 31]
49 [97, 52, 149]
49 [97, 52, 31]
49 [97, 149, 31]
49 [107, 52, 149]
49 [107, 52, 31]
49 [107, 149, 31]
49 [52, 149, 31]
49 [165, 9, 43]
49 [165, 9, 119]
49 [165, 9, 158]
49 [165, 9, 63]
49 [165, 43, 119]
49 [165, 43, 158]
49 [165, 43, 63]
49 [165, 119, 158]
49 [165, 119, 63]
49 [165, 158, 63]
49 [9, 43, 119]
49 [9, 43, 158]
49 [9, 43, 63]
49 [9, 119, 158]
49 [9, 119, 63]
49 [9, 158, 63]
49 [43, 119, 158]
49 [43, 119, 63]
49 [43, 158, 63]
49 [119, 158, 63]
49 [71, 11, 140]
49 [71, 11, 148]
49 [71, 11, 57]
49 [71, 11, 122]
49 [71, 140, 148]
49 [71, 140, 57]
49 [71, 140, 122]
49 [71, 148, 57]
49 [71, 148, 122]
49 [71, 57, 122]
49 [11, 140, 148]
49 [11, 140, 57]
49 [11, 140, 122]
49 [11, 148, 57]
49 [11, 148, 122]
49 [11, 57, 122]
49 [140, 148, 57]
49 [140, 148, 122]
49 [140, 57, 122]
49 [148, 57, 122]
49 [9, 43, 119]
49 [9, 43, 63]
49 [9, 43, 158]
49 [9, 43, 95]
49 [9, 119, 63]
49 [9, 119, 158]
49 [9, 119, 95]
49 [9, 63, 158]
49 [9, 63, 95]
49 [9, 158, 95]
49 [43, 119, 63]
49 [43, 119, 158]
49 [43, 119, 95]
49 [43, 63, 158]
49 [43, 63, 95]
49 [43, 158, 95]
49 [119, 63, 158]
49 [119, 63, 95]
49 [119, 158, 95]
49 [63, 158, 95]
49 [160, 67, 7]
49 [160, 67, 137]
49 [160, 67, 86]
49 [160, 67, 90]
49 [160, 7, 137]
49 [160, 7, 86]
49 [160, 7, 90]
49 [160, 137, 86]
49 [160, 137, 90]
49 [160, 86, 90]
49 [67, 7, 137]
49 [67, 7, 86]
49 [67, 7, 90]
49 [67, 137, 86]
49 [67, 137, 90]
49 [67, 86, 90]
49 [7, 137, 86]
49 [7, 137, 90]
49 [7, 86, 90]
49 [137, 86, 90]
49 [65, 68, 136]
49 [65, 68, 25]
49 [65, 68, 164]
49 [65, 68, 91]
49 [65, 136, 25]
49 [65, 136, 164]
49 [65, 136, 91]
49 [65, 25, 164]
49 [65, 25, 91]
49 [65, 164, 91]
49 [68, 136, 25]
49 [68, 136, 164]
49 [68, 136, 91]
49 [68, 25, 164]
49 [68, 25, 91]
49 [68, 164, 91]
49 [136, 25, 164]
49 [136, 25, 91]
49 [136, 164, 91]
49 [25, 164, 91]
49 [161, 162, 143]
49 [161, 162, 55]
49 [161, 162, 79]
49 [161, 162, 29]
49 [161, 143, 55]
49 [161, 143, 79]
49 [161, 143, 29]
49 [161, 55, 79]
49 [161, 55, 29]
49 [161, 79, 29]
49 [162, 143, 55]
49 [162, 143, 79]
49 [162, 143, 29]
49 [162, 55, 79]
49 [162, 55, 29]
49 [162, 79, 29]
49 [143, 55, 79]
49 [143, 55, 29]
49 [143, 79, 29]
49 [55, 79, 29]
49 [0, 144, 48]
49 [0, 144, 138]
49 [0, 144, 80]
49 [0, 144, 84]
49 [0, 48, 138]
49 [0, 48, 80]
49 [0, 48, 84]
49 [0, 138, 80]
49 [0, 138, 84]
49 [0, 80, 84]
49 [144, 48, 138]
49 [144, 48, 80]
49 [144, 48, 84]
49 [144, 138, 80]
49 [144, 138, 84]
49 [144, 80, 84]
49 [48, 138, 80]
49 [48, 138, 84]
49 [48, 80, 84]
49 [138, 80, 84]
49 [38, 71, 11]
49 [38, 71, 108]
49 [38, 71, 114]
49 [38, 71, 148]
49 [38, 11, 108]
49 [38, 11, 114]
49 [38, 11, 148]
49 [38, 108, 114]
49 [38, 108, 148]
49 [38, 114, 148]
49 [71, 11, 108]
49 [71, 11, 114]
49 [71, 11, 148]
49 [71, 108, 114]
49 [71, 108, 148]
49 [71, 114, 148]
49 [11, 108, 114]
49 [11, 108, 148]
49 [11, 114, 148]
49 [108, 114, 148]
49 [147, 109, 77]
49 [147, 109, 47]
49 [147, 109, 19]
49 [147, 109, 151]
49 [147, 109, 154]
49 [147, 77, 47]
49 [147, 77, 19]
49 [147, 77, 151]
49 [147, 77, 154]
49 [147, 47, 19]
49 [147, 47, 151]
49 [147, 47, 154]
49 [147, 19, 151]
49 [147, 19, 154]
49 [147, 151, 154]
49 [109, 77, 47]
49 [109, 77, 19]
49 [109, 77, 151]
49 [109, 77, 154]
49 [109, 47, 19]
49 [109, 47, 151]
49 [109, 47, 154]
49 [109, 19, 151]
49 [109, 19, 154]
49 [109, 151, 154]
49 [77, 47, 19]
49 [77, 47, 151]
49 [77, 47, 154]
49 [77, 19, 151]
49 [77, 19, 154]
49 [77, 151, 154]
49 [47, 19, 151]
49 [47, 19, 154]
49 [47, 151, 154]
49 [19, 151, 154]
49 [64, 129, 107]
49 [64, 129, 17]
49 [64, 129, 52]
49 [64, 129, 149]
49 [64, 129, 159]
49 [64, 107, 17]
49 [64, 107, 52]
49 [64, 107, 149]
49 [64, 107, 159]
49 [64, 17, 52]
49 [64, 17, 149]
49 [64, 17, 159]
49 [64, 52, 149]
49 [64, 52, 159]
49 [64, 149, 159]
49 [129, 107, 17]
49 [129, 107, 52]
49 [129, 107, 149]
49 [129, 107, 159]
49 [129, 17, 52]
49 [129, 17, 149]
49 [129, 17, 159]
49 [129, 52, 149]
49 [129, 52, 159]
49 [129, 149, 159]
49 [107, 17, 52]
49 [107, 17, 149]
49 [107, 17, 159]
49 [107, 52, 149]
49 [107, 52, 159]
49 [107, 149, 159]
49 [17, 52, 149]
49 [17, 52, 159]
49 [17, 149, 159]
49 [52, 149, 159]
49 [147, 139, 109]
49 [147, 139, 77]
49 [147, 139, 19]
49 [147, 139, 151]
49 [147, 139, 47]
49 [147, 109, 77]
49 [147, 109, 19]
49 [147, 109, 151]
49 [147, 109, 47]
49 [147, 77, 19]
49 [147, 77, 151]
49 [147, 77, 47]
49 [147, 19, 151]
49 [147, 19, 47]
49 [147, 151, 47]
49 [139, 109, 77]
49 [139, 109, 19]
49 [139, 109, 151]
49 [139, 109, 47]
49 [139, 77, 19]
49 [139, 77, 151]
49 [139, 77, 47]
49 [139, 19, 151]
49 [139, 19, 47]
49 [139, 151, 47]
49 [109, 77, 19]
49 [109, 77, 151]
49 [109, 77, 47]
49 [109, 19, 151]
49 [109, 19, 47]
49 [109, 151, 47]
49 [77, 19, 151]
49 [77, 19, 47]
49 [77, 151, 47]
49 [19, 151, 47]
49 [128, 129, 81]
49 [128, 129, 149]
49 [128, 129, 150]
49 [128, 129, 58]
49 [128, 129, 31]
49 [128, 81, 149]
49 [128, 81, 150]
49 [128, 81, 58]
49 [128, 81, 31]
49 [128, 149, 150]
49 [128, 149, 58]
49 [128, 149, 31]
49 [128, 150, 58]
49 [128, 150, 31]
49 [128, 58, 31]
49 [129, 81, 149]
49 [129, 81, 150]
49 [129, 81, 58]
49 [129, 81, 31]
49 [129, 149, 150]
49 [129, 149, 58]
49 [129, 149, 31]
49 [129, 150, 58]
49 [129, 150, 31]
49 [129, 58, 31]
49 [81, 149, 150]
49 [81, 149, 58]
49 [81, 149, 31]
49 [81, 150, 58]
49 [81, 150, 31]
49 [81, 58, 31]
49 [149, 150, 58]
49 [149, 150, 31]
49 [149, 58, 31]
49 [150, 58, 31]
49 [6, 135, 72]
49 [6, 135, 51]
49 [6, 135, 117]
49 [6, 135, 120]
49 [6, 135, 157]
49 [6, 72, 51]
49 [6, 72, 117]
49 [6, 72, 120]
49 [6, 72, 157]
49 [6, 51, 117]
49 [6, 51, 120]
49 [6, 51, 157]
49 [6, 117, 120]
49 [6, 117, 157]
49 [6, 120, 157]
49 [135, 72, 51]
49 [135, 72, 117]
49 [135, 72, 120]
49 [135, 72, 157]
49 [135, 51, 117]
49 [135, 51, 120]
49 [135, 51, 157]
49 [135, 117, 120]
49 [135, 117, 157]
49 [135, 120, 157]
49 [72, 51, 117]
49 [72, 51, 120]
49 [72, 51, 157]
49 [72, 117, 120]
49 [72, 117, 157]
49 [72, 120, 157]
49 [51, 117, 120]
49 [51, 117, 157]
49 [51, 120, 157]
49 [117, 120, 157]
49 [161, 162, 103]
49 [161, 162, 79]
49 [161, 162, 55]
49 [161, 162, 143]
49 [161, 162, 29]
49 [161, 103, 79]
49 [161, 103, 55]
49 [161, 103, 143]
49 [161, 103, 29]
49 [161, 79, 55]
49 [161, 79, 143]
49 [161, 79, 29]
49 [161, 55, 143]
49 [161, 55, 29]
49 [161, 143, 29]
49 [162, 103, 79]
49 [162, 103, 55]
49 [162, 103, 143]
49 [162, 103, 29]
49 [162, 79, 55]
49 [162, 79, 143]
49 [162, 79, 29]
49 [162, 55, 143]
49 [162, 55, 29]
49 [162, 143, 29]
49 [103, 79, 55]
49 [103, 79, 143]
49 [103, 79, 29]
49 [103, 55, 143]
49 [103, 55, 29]
49 [103, 143, 29]
49 [79, 55, 143]
49 [79, 55, 29]
49 [79, 143, 29]
49 [55, 143, 29]
49 [147, 139, 109]
49 [147, 139, 77]
49 [147, 139, 47]
49 [147, 139, 19]
49 [147, 139, 127]
49 [147, 109, 77]
49 [147, 109, 47]
49 [147, 109, 19]
49 [147, 109, 127]
49 [147, 77, 47]
49 [147, 77, 19]
49 [147, 77, 127]
49 [147, 47, 19]
49 [147, 47, 127]
49 [147, 19, 127]
49 [139, 109, 77]
49 [139, 109, 47]
49 [139, 109, 19]
49 [139, 109, 127]
49 [139, 77, 47]
49 [139, 77, 19]
49 [139, 77, 127]
49 [139, 47, 19]
49 [139, 47, 127]
49 [139, 19, 127]
49 [109, 77, 47]
49 [109, 77, 19]
49 [109, 77, 127]
49 [109, 47, 19]
49 [109, 47, 127]
49 [109, 19, 127]
49 [77, 47, 19]
49 [77, 47, 127]
49 [77, 19, 127]
49 [47, 19, 127]
