0.007733 -0.001720 
-0.001720 -0.005260 
-0.005260 0.005176 
0.005176 0.003448 
0.003448 -0.007297 
-0.007297 -0.003156 
-0.003156 0.004994 
0.004994 -0.003563 
-0.003563 -0.006437 
-0.006437 0.004254 
0.004254 0.002331 
0.002331 -0.007228 
-0.007228 -0.000912 
-0.000912 0.007262 
0.007262 -0.000988 
-0.000988 -0.005710 
-0.005710 0.006257 
0.006257 0.005220 
0.005220 -0.004389 
-0.004389 -0.000443 
-0.000443 0.007259 
0.007259 -0.001042 
-0.001042 -0.004639 
-0.004639 0.005225 
0.005225 0.004121 
0.004121 -0.006019 
-0.006019 -0.000665 
-0.000665 0.007324 
0.007324 -0.000237 
-0.000237 -0.005573 
-0.005573 0.004392 
0.004392 0.004228 
0.004228 -0.004056 
-0.004056 -0.000199 
-0.000199 0.005042 
0.005042 -0.002603 
-0.002603 -0.005187 
-0.005187 0.003913 
0.003913 0.001431 
0.001431 -0.009010 
-0.009010 -0.003280 
-0.003280 0.004771 
0.004771 -0.002716 
-0.002716 -0.007958 
-0.007958 0.001038 
0.001038 0.001543 
0.001543 -0.006621 
-0.006621 -0.003081 
-0.003081 0.002926 
0.002926 -0.002782 
-0.002782 -0.005201 
-0.005201 0.002374 
0.002374 0.001543 
0.001543 -0.005186 
-0.005186 -0.000475 
-0.000475 0.005783 
0.005783 -0.000348 
-0.000348 -0.004296 
-0.004296 0.003911 
0.003911 0.003613 
0.003613 -0.003871 
-0.003871 0.000518 
0.000518 0.006398 
0.006398 0.000312 
0.000312 -0.001974 
-0.001974 0.005286 
0.005286 0.004424 
0.004424 -0.002546 
-0.002546 0.001450 
0.001450 0.006469 
0.006469 0.000441 
0.000441 -0.002578 
-0.002578 0.004848 
0.004848 0.005195 
0.005195 -0.002322 
-0.002322 -0.000654 
-0.000654 0.004317 
0.004317 -0.000587 
-0.000587 -0.002499 
-0.002499 0.004535 
0.004535 0.003583 
0.003583 -0.004664 
-0.004664 -0.001535 
-0.001535 0.005232 
0.005232 -0.000071 
-0.000071 -0.003257 
-0.003257 0.003712 
0.003712 0.002664 
0.002664 -0.002638 
-0.002638 -0.000724 
-0.000724 0.004886 
0.004886 0.000575 
0.000575 -0.002596 
-0.002596 0.001981 
0.001981 0.001065 
0.001065 -0.004009 
-0.004009 -0.000810 
-0.000810 0.002929 
0.002929 -0.001947 
-0.001947 -0.004252 
-0.004252 0.000080 
0.000080 0.001100 
0.001100 -0.004335 
-0.004335 -0.003416 
-0.003416 0.000664 
0.000664 -0.003363 
-0.003363 -0.005471 
-0.005471 0.000779 
0.000779 0.000191 
0.000191 -0.006081 
-0.006081 -0.003798 
-0.003798 0.000486 
0.000486 -0.002362 
-0.002362 -0.005087 
-0.005087 -0.001645 
-0.001645 0.000373 
0.000373 -0.003275 
-0.003275 -0.002746 
-0.002746 0.001200 
0.001200 -0.000541 
-0.000541 -0.001949 
-0.001949 0.003148 
0.003148 0.002313 
0.002313 -0.001693 
-0.001693 -0.000135 
-0.000135 0.003362 
0.003362 0.001450 
0.001450 -0.001468 
-0.001468 0.001373 
0.001373 0.002688 
0.002688 -0.000843 
-0.000843 -0.000815 
-0.000815 0.000886 
0.000886 -0.000615 
-0.000615 -0.001884 
-0.001884 0.001311 
0.001311 0.001345 
0.001345 -0.001534 
-0.001534 0.000110 
0.000110 0.003815 
0.003815 0.002114 
0.002114 -0.001477 
-0.001477 0.001646 
0.001646 0.003650 
0.003650 0.000338 
0.000338 -0.000799 
-0.000799 0.002821 
0.002821 0.001032 
0.001032 -0.001025 
-0.001025 0.001923 
0.001923 0.002598 
0.002598 -0.001160 
-0.001160 -0.001163 
-0.001163 0.002690 
0.002690 0.001390 
0.001390 -0.001061 
-0.001061 0.000883 
0.000883 0.003204 
0.003204 -0.000035 
-0.000035 -0.001169 
-0.001169 0.000132 
0.000132 0.000028 
0.000028 -0.001437 
-0.001437 -0.000316 
-0.000316 0.000737 
0.000737 -0.002601 
-0.002601 -0.003510 
-0.003510 0.000069 
0.000069 0.000420 
0.000420 -0.002988 
-0.002988 -0.001033 
-0.001033 0.001185 
0.001185 -0.001113 
-0.001113 -0.002321 
-0.002321 0.001875 
0.001875 0.001390 
0.001390 -0.002892 
-0.002892 -0.002998 
-0.002998 0.000384 
0.000384 -0.001971 
-0.001971 -0.004108 
-0.004108 -0.000412 
-0.000412 -0.000407 
-0.000407 -0.003502 
-0.003502 -0.001633 
-0.001633 0.001889 
0.001889 0.000159 
0.000159 -0.002446 
-0.002446 0.000530 
0.000530 0.002011 
0.002011 0.001045 
0.001045 0.001513 
0.001513 0.003929 
0.003929 0.000558 
0.000558 -0.002595 
-0.002595 0.002343 
0.002343 0.003787 
0.003787 -0.000884 
-0.000884 -0.001004 
-0.001004 0.003406 
0.003406 0.002083 
0.002083 -0.001974 
-0.001974 0.001828 
0.001828 0.004927 
0.004927 0.000687 
0.000687 0.001459 
0.001459 0.004271 
0.004271 0.002344 
0.002344 -0.001250 
-0.001250 0.003148 
0.003148 0.004828 
0.004828 -0.000975 
-0.000975 -0.000753 
-0.000753 0.003688 
0.003688 0.002350 
0.002350 -0.001729 
-0.001729 0.001232 
0.001232 0.003599 
0.003599 -0.000518 
-0.000518 -0.000958 
-0.000958 0.002038 
0.002038 0.000846 
0.000846 -0.003091 
-0.003091 -0.001075 
-0.001075 0.001497 
0.001497 -0.002856 
-0.002856 -0.002442 
-0.002442 0.000906 
0.000906 -0.000819 
-0.000819 -0.004246 
-0.004246 -0.001715 
-0.001715 0.000880 
0.000880 -0.002321 
-0.002321 -0.002005 
-0.002005 0.001213 
0.001213 -0.000603 
-0.000603 -0.004824 
-0.004824 -0.000170 
-0.000170 0.002862 
0.002862 -0.002341 
-0.002341 -0.003091 
-0.003091 0.002581 
0.002581 0.001386 
0.001386 -0.003454 
-0.003454 0.000300 
0.000300 0.003103 
0.003103 -0.001293 
-0.001293 -0.001980 
-0.001980 0.003621 
0.003621 0.002591 
0.002591 -0.001915 
-0.001915 0.001612 
0.001612 0.004619 
0.004619 -0.000209 
-0.000209 -0.001928 
-0.001928 0.003573 
0.003573 0.002105 
0.002105 -0.003787 
-0.003787 -0.000103 
-0.000103 0.003904 
0.003904 -0.001283 
-0.001283 -0.003085 
-0.003085 0.002799 
0.002799 0.002397 
0.002397 -0.003403 
-0.003403 0.000047 
0.000047 0.003719 
0.003719 -0.001918 
-0.001918 -0.003179 
-0.003179 0.003593 
0.003593 0.002764 
0.002764 -0.004030 
-0.004030 -0.000987 
-0.000987 0.003308 
0.003308 -0.000702 
-0.000702 -0.001541 
-0.001541 0.003727 
0.003727 0.001695 
0.001695 -0.002756 
-0.002756 0.002245 
0.002245 0.005449 
0.005449 -0.000024 
-0.000024 -0.002755 
-0.002755 0.003641 
0.003641 0.003997 
0.003997 -0.002630 
-0.002630 -0.000368 
-0.000368 0.003753 
0.003753 -0.000996 
-0.000996 -0.003549 
-0.003549 0.002232 
0.002232 0.001309 
0.001309 -0.005104 
-0.005104 -0.000637 
-0.000637 0.003575 
0.003575 -0.002516 
-0.002516 -0.003333 
-0.003333 0.003279 
0.003279 0.002170 
0.002170 -0.004936 
-0.004936 -0.001055 
-0.001055 0.003214 
0.003214 -0.002090 
-0.002090 -0.003563 
-0.003563 0.002810 
0.002810 0.001180 
0.001180 -0.006891 
-0.006891 -0.001207 
-0.001207 0.003427 
0.003427 -0.002621 
-0.002621 -0.005060 
-0.005060 0.002078 
0.002078 0.001321 
0.001321 -0.005603 
-0.005603 -0.001556 
-0.001556 0.004051 
0.004051 -0.000833 
-0.000833 -0.003478 
-0.003478 0.002225 
0.002225 0.001193 
0.001193 -0.004890 
-0.004890 -0.000864 
-0.000864 0.004599 
0.004599 -0.001852 
-0.001852 -0.003597 
-0.003597 0.004062 
0.004062 0.003510 
0.003510 -0.002646 
-0.002646 0.000309 
0.000309 0.006124 
0.006124 -0.000890 
-0.000890 -0.001341 
-0.001341 0.006422 
0.006422 0.005164 
0.005164 -0.002820 
-0.002820 0.001068 
0.001068 0.005518 
0.005518 -0.000907 
-0.000907 -0.003207 
-0.003207 0.004305 
0.004305 0.002893 
0.002893 -0.004316 
-0.004316 -0.001189 
-0.001189 0.004839 
0.004839 -0.001215 
-0.001215 -0.002722 
-0.002722 0.003671 
0.003671 0.000954 
0.000954 -0.005199 
-0.005199 -0.000579 
-0.000579 0.004088 
0.004088 -0.003982 
-0.003982 -0.004789 
-0.004789 0.002397 
0.002397 0.002294 
0.002294 -0.006250 
-0.006250 -0.002245 
-0.002245 0.002762 
0.002762 -0.002827 
-0.002827 -0.004073 
-0.004073 0.002541 
0.002541 0.000332 
0.000332 -0.006255 
-0.006255 -0.000316 
-0.000316 0.005438 
0.005438 -0.002206 
-0.002206 -0.005040 
-0.005040 0.003502 
0.003502 0.001985 
0.001985 -0.005801 
-0.005801 -0.001274 
-0.001274 0.003574 
0.003574 -0.003494 
-0.003494 -0.005044 
-0.005044 0.003508 
0.003508 0.002182 
0.002182 -0.005291 
-0.005291 -0.000407 
-0.000407 0.004627 
0.004627 -0.002125 
-0.002125 -0.004200 
-0.004200 0.004218 
0.004218 0.003515 
0.003515 -0.004982 
-0.004982 -0.000371 
-0.000371 0.004778 
0.004778 -0.000221 
-0.000221 -0.003395 
-0.003395 0.003539 
0.003539 0.002796 
0.002796 -0.003724 
-0.003724 0.000743 
0.000743 0.005621 
0.005621 -0.001579 
-0.001579 -0.003699 
-0.003699 0.004662 
0.004662 0.003838 
0.003838 -0.004645 
-0.004645 0.000206 
0.000206 0.005712 
0.005712 -0.001162 
-0.001162 -0.004456 
-0.004456 0.004055 
0.004055 0.002727 
0.002727 -0.005091 
-0.005091 0.000356 
0.000356 0.004312 
0.004312 -0.002475 
-0.002475 -0.004687 
-0.004687 0.002674 
0.002674 0.002785 
0.002785 -0.004275 
-0.004275 -0.000316 
-0.000316 0.004060 
0.004060 -0.001922 
-0.001922 -0.003072 
-0.003072 0.003914 
0.003914 0.003596 
0.003596 -0.005364 
-0.005364 -0.000553 
-0.000553 0.005318 
0.005318 -0.000784 
-0.000784 -0.002064 
-0.002064 0.006318 
0.006318 0.003383 
0.003383 -0.005359 
-0.005359 -0.000276 
-0.000276 0.005974 
0.005974 -0.001238 
-0.001238 -0.004599 
-0.004599 0.002416 
0.002416 -0.000138 
-0.000138 -0.007160 
-0.007160 -0.000599 
-0.000599 0.003908 
0.003908 -0.004673 
-0.004673 -0.005801 
-0.005801 0.004166 
0.004166 0.002535 
0.002535 -0.005788 
-0.005788 -0.002112 
-0.002112 0.003560 
0.003560 -0.001726 
-0.001726 -0.002734 
-0.002734 0.004018 
0.004018 0.001269 
0.001269 -0.006026 
-0.006026 -0.000826 
-0.000826 0.004896 
0.004896 -0.003398 
-0.003398 -0.005545 
-0.005545 0.003252 
0.003252 0.002595 
0.002595 -0.004388 
-0.004388 -0.000384 
-0.000384 0.005311 
0.005311 -0.000950 
-0.000950 -0.002713 
-0.002713 0.005903 
0.005903 0.003949 
0.003949 -0.004196 
-0.004196 -0.000745 
-0.000745 0.004783 
0.004783 -0.003103 
-0.003103 -0.004721 
-0.004721 0.003244 
0.003244 0.001393 
0.001393 -0.005712 
-0.005712 -0.000751 
-0.000751 0.004214 
0.004214 -0.002029 
-0.002029 -0.003308 
-0.003308 0.004026 
0.004026 0.001273 
0.001273 -0.004300 
-0.004300 0.000899 
0.000899 0.005144 
0.005144 -0.002667 
-0.002667 -0.004002 
-0.004002 0.004471 
0.004471 0.002478 
0.002478 -0.005400 
-0.005400 -0.000360 
-0.000360 0.004315 
0.004315 -0.002267 
-0.002267 -0.004568 
-0.004568 0.003722 
0.003722 0.002126 
0.002126 -0.005535 
-0.005535 -0.000521 
-0.000521 0.004813 
0.004813 -0.002340 
-0.002340 -0.005213 
-0.005213 0.002795 
0.002795 0.002368 
0.002368 -0.005643 
-0.005643 -0.000937 
-0.000937 0.003761 
0.003761 -0.002942 
-0.002942 -0.003934 
-0.003934 0.003112 
0.003112 0.002456 
0.002456 -0.004094 
-0.004094 0.000779 
0.000779 0.005086 
0.005086 -0.000878 
-0.000878 -0.002809 
-0.002809 0.003686 
0.003686 0.002820 
0.002820 -0.004284 
-0.004284 -0.000672 
-0.000672 0.004468 
0.004468 -0.002260 
-0.002260 -0.004457 
-0.004457 0.002056 
0.002056 0.001775 
0.001775 -0.003165 
-0.003165 0.001149 
0.001149 0.005105 
0.005105 -0.002052 
-0.002052 -0.003874 
-0.003874 0.004008 
0.004008 0.004009 
0.004009 -0.003243 
-0.003243 -0.001578 
-0.001578 0.003740 
0.003740 -0.001544 
-0.001544 -0.002323 
-0.002323 0.003700 
0.003700 0.001664 
0.001664 -0.005462 
-0.005462 -0.000570 
-0.000570 0.004161 
0.004161 -0.001768 
-0.001768 -0.004005 
-0.004005 0.002805 
0.002805 0.002575 
0.002575 -0.003621 
-0.003621 -0.001020 
-0.001020 0.003772 
0.003772 -0.002935 
-0.002935 -0.003582 
-0.003582 0.003891 
0.003891 0.003051 
0.003051 -0.004237 
-0.004237 0.000248 
0.000248 0.004428 
0.004428 -0.001184 
-0.001184 -0.003021 
-0.003021 0.004428 
0.004428 0.003889 
0.003889 -0.004029 
-0.004029 -0.000909 
-0.000909 0.005114 
0.005114 0.000321 
0.000321 -0.003472 
-0.003472 0.003469 
0.003469 0.002716 
0.002716 -0.004015 
-0.004015 0.000299 
0.000299 0.004590 
0.004590 -0.001361 
-0.001361 -0.003728 
-0.003728 0.004137 
0.004137 0.003666 
0.003666 -0.003423 
-0.003423 -0.001742 
-0.001742 0.003726 
0.003726 -0.001088 
-0.001088 -0.003953 
-0.003953 0.002234 
0.002234 0.001338 
0.001338 -0.005480 
-0.005480 -0.001503 
-0.001503 0.004174 
0.004174 -0.001456 
-0.001456 -0.005270 
-0.005270 0.000962 
0.000962 0.001454 
0.001454 -0.003796 
-0.003796 -0.001319 
-0.001319 0.003623 
0.003623 -0.000901 
-0.000901 -0.003743 
-0.003743 0.002867 
0.002867 0.002425 
0.002425 -0.003558 
-0.003558 -0.000873 
-0.000873 0.003214 
0.003214 -0.001110 
-0.001110 -0.003941 
-0.003941 0.002301 
0.002301 0.003401 
0.003401 -0.002835 
-0.002835 -0.000682 
-0.000682 0.005642 
0.005642 0.001926 
0.001926 -0.000785 
-0.000785 0.004530 
0.004530 0.004506 
0.004506 -0.000899 
-0.000899 0.001697 
0.001697 0.005966 
0.005966 0.000059 
0.000059 -0.003051 
-0.003051 0.004503 
0.004503 0.004579 
0.004579 -0.003177 
-0.003177 -0.002403 
-0.002403 0.002548 
0.002548 -0.000536 
-0.000536 -0.003169 
-0.003169 0.002735 
0.002735 0.002236 
0.002236 -0.004475 
-0.004475 -0.002050 
-0.002050 0.004505 
0.004505 -0.000222 
-0.000222 -0.005144 
-0.005144 -0.000650 
-0.000650 0.001281 
0.001281 -0.005072 
-0.005072 -0.003005 
-0.003005 0.002038 
0.002038 -0.002821 
-0.002821 -0.005594 
-0.005594 -0.000253 
-0.000253 0.002042 
0.002042 -0.003055 
-0.003055 -0.001071 
-0.001071 0.004827 
0.004827 0.000606 
0.000606 -0.002943 
-0.002943 0.002100 
0.002100 0.002732 
0.002732 -0.003234 
-0.003234 -0.002473 
-0.002473 0.002898 
0.002898 -0.001350 
-0.001350 -0.004645 
-0.004645 -0.000298 
-0.000298 0.001518 
0.001518 -0.004425 
-0.004425 -0.003119 
-0.003119 0.002652 
0.002652 -0.000590 
-0.000590 -0.004102 
-0.004102 0.001344 
0.001344 0.004204 
0.004204 -0.001280 
-0.001280 -0.003039 
-0.003039 0.002253 
0.002253 0.000163 
0.000163 -0.003261 
-0.003261 0.000739 
0.000739 0.002026 
0.002026 -0.003279 
-0.003279 -0.002329 
-0.002329 0.003681 
0.003681 0.000337 
0.000337 -0.002906 
-0.002906 0.002035 
0.002035 0.004679 
0.004679 -0.000684 
-0.000684 -0.000161 
-0.000161 0.004988 
0.004988 0.001864 
0.001864 -0.001704 
-0.001704 0.002832 
0.002832 0.004375 
0.004375 -0.001764 
-0.001764 -0.001264 
-0.001264 0.003602 
0.003602 0.000591 
0.000591 -0.003982 
-0.003982 0.003129 
0.003129 0.005288 
0.005288 -0.001318 
-0.001318 -0.002264 
-0.002264 0.002928 
0.002928 0.001101 
0.001101 -0.003678 
-0.003678 0.000608 
0.000608 0.003181 
0.003181 -0.002689 
-0.002689 -0.002007 
-0.002007 0.003498 
0.003498 -0.001070 
-0.001070 -0.005525 
-0.005525 0.000524 
0.000524 0.004778 
0.004778 -0.002093 
-0.002093 -0.002752 
-0.002752 0.003246 
0.003246 0.002530 
0.002530 -0.002252 
-0.002252 0.002036 
0.002036 0.003784 
0.003784 -0.002730 
-0.002730 -0.002518 
-0.002518 0.003530 
0.003530 0.001382 
0.001382 -0.004855 
-0.004855 -0.001736 
-0.001736 0.003007 
0.003007 -0.001978 
-0.001978 -0.003658 
-0.003658 0.002273 
0.002273 0.000383 
0.000383 -0.004488 
-0.004488 0.000210 
0.000210 0.004281 
0.004281 -0.001697 
-0.001697 -0.003693 
-0.003693 0.001199 
0.001199 0.001368 
0.001368 -0.003019 
-0.003019 0.000567 
0.000567 0.003404 
0.003404 -0.002625 
-0.002625 -0.003024 
-0.003024 0.002586 
0.002586 0.000366 
0.000366 -0.003854 
-0.003854 0.000271 
0.000271 0.002714 
0.002714 -0.001951 
-0.001951 -0.002636 
-0.002636 0.003747 
0.003747 0.001406 
0.001406 -0.003832 
-0.003832 0.001168 
0.001168 0.005564 
0.005564 -0.000511 
-0.000511 -0.001794 
-0.001794 0.004124 
0.004124 0.003269 
0.003269 -0.001776 
-0.001776 0.002117 
0.002117 0.005509 
0.005509 -0.001740 
-0.001740 -0.002034 
-0.002034 0.004989 
0.004989 0.002554 
0.002554 -0.005310 
-0.005310 -0.001284 
-0.001284 0.002764 
0.002764 -0.002874 
-0.002874 -0.005298 
-0.005298 0.001708 
0.001708 -0.000292 
-0.000292 -0.005967 
-0.005967 -0.001178 
-0.001178 0.002868 
0.002868 -0.002423 
-0.002423 -0.004611 
-0.004611 0.002690 
0.002690 0.000720 
0.000720 -0.005701 
-0.005701 -0.001312 
-0.001312 0.004198 
0.004198 -0.002559 
-0.002559 -0.005951 
-0.005951 0.000343 
0.000343 0.000034 
0.000034 -0.006946 
-0.006946 -0.002640 
-0.002640 0.002817 
0.002817 -0.002740 
-0.002740 -0.004005 
-0.004005 0.003796 
0.003796 0.003287 
0.003287 -0.004786 
-0.004786 0.000238 
0.000238 0.006460 
0.006460 0.000747 
0.000747 -0.003219 
-0.003219 0.002625 
0.002625 0.002987 
0.002987 -0.003799 
-0.003799 0.000110 
0.000110 0.004732 
0.004732 -0.001875 
-0.001875 -0.003733 
-0.003733 0.004753 
0.004753 0.002816 
0.002816 -0.003570 
-0.003570 0.000579 
0.000579 0.005681 
0.005681 -0.000347 
-0.000347 -0.001688 
-0.001688 0.004230 
0.004230 0.002107 
0.002107 -0.004307 
-0.004307 0.000607 
0.000607 0.006253 
0.006253 -0.001944 
-0.001944 -0.005528 
-0.005528 0.002803 
0.002803 0.002306 
0.002306 -0.003887 
-0.003887 0.001244 
0.001244 0.005981 
0.005981 -0.000761 
-0.000761 -0.001950 
-0.001950 0.006382 
0.006382 0.004521 
0.004521 -0.003036 
-0.003036 0.001672 
0.001672 0.007712 
0.007712 0.000999 
0.000999 -0.001996 
-0.001996 0.005165 
0.005165 0.003579 
0.003579 -0.005066 
-0.005066 -0.000104 
-0.000104 0.007567 
0.007567 -0.000218 
-0.000218 -0.004965 
-0.004965 0.002573 
0.002573 0.002194 
0.002194 -0.004866 
-0.004866 -0.000370 
-0.000370 0.005086 
0.005086 -0.002599 
-0.002599 -0.005433 
-0.005433 0.002912 
0.002912 0.001377 
0.001377 -0.006908 
-0.006908 -0.003715 
-0.003715 0.003769 
0.003769 -0.002833 
-0.002833 -0.007309 
-0.007309 0.000511 
0.000511 -0.000113 
-0.000113 -0.006818 
-0.006818 -0.002134 
-0.002134 0.003874 
0.003874 -0.003261 
-0.003261 -0.007060 
-0.007060 0.001902 
0.001902 0.001430 
0.001430 -0.006374 
-0.006374 -0.001944 
-0.001944 0.004289 
0.004289 -0.002524 
-0.002524 -0.005436 
-0.005436 0.002742 
0.002742 0.003073 
0.003073 -0.004890 
-0.004890 -0.000379 
-0.000379 0.004459 
0.004459 -0.002477 
-0.002477 -0.003874 
-0.003874 0.005227 
0.005227 0.002939 
0.002939 -0.005939 
-0.005939 -0.000901 
-0.000901 0.006342 
0.006342 -0.000552 
-0.000552 -0.004192 
-0.004192 0.003258 
0.003258 0.002525 
0.002525 -0.005097 
-0.005097 0.000434 
0.000434 0.005688 
0.005688 -0.002086 
-0.002086 -0.005745 
-0.005745 0.004635 
0.004635 0.003048 
0.003048 -0.006642 
-0.006642 -0.000905 
-0.000905 0.005941 
0.005941 -0.001034 
-0.001034 -0.004270 
-0.004270 0.004431 
0.004431 0.003572 
0.003572 -0.005933 
-0.005933 0.000304 
0.000304 0.007475 
0.007475 -0.000282 
-0.000282 -0.004088 
-0.004088 0.004493 
0.004493 0.004682 
0.004682 -0.004870 
-0.004870 -0.000519 
-0.000519 0.005952 
0.005952 -0.001219 
-0.001219 -0.005235 
-0.005235 0.004404 
0.004404 0.004806 
0.004806 -0.005116 
-0.005116 -0.001195 
-0.001195 0.006398 
0.006398 0.000379 
0.000379 -0.003254 
-0.003254 0.005609 
0.005609 0.004293 
0.004293 -0.005513 
-0.005513 -0.001575 
-0.001575 0.007464 
0.007464 0.000314 
0.000314 -0.005323 
-0.005323 0.002005 
0.002005 0.001326 
0.001326 -0.005781 
-0.005781 -0.001269 
-0.001269 0.004785 
0.004785 -0.003984 
-0.003984 -0.006356 
-0.006356 0.003480 
0.003480 0.003238 
0.003238 -0.006576 
-0.006576 -0.001523 
-0.001523 0.006323 
0.006323 -0.002583 
-0.002583 -0.005649 
-0.005649 0.003522 
0.003522 0.001616 
0.001616 -0.007123 
-0.007123 -0.001292 
-0.001292 0.005155 
0.005155 -0.004146 
-0.004146 -0.006805 
-0.006805 0.003922 
0.003922 0.002582 
0.002582 -0.008070 
-0.008070 -0.001080 
-0.001080 0.007468 
0.007468 -0.001515 
-0.001515 -0.004804 
-0.004804 0.005346 
0.005346 0.005105 
0.005105 -0.005070 
-0.005070 -0.000721 
-0.000721 0.007557 
0.007557 -0.000399 
-0.000399 -0.004527 
-0.004527 0.005136 
0.005136 0.003245 
0.003245 -0.007170 
-0.007170 -0.000575 
-0.000575 0.008340 
0.008340 0.000403 
0.000403 -0.005012 
-0.005012 0.004649 
0.004649 0.005564 
0.005564 -0.004334 
-0.004334 0.001087 
0.001087 0.008206 
0.008206 -0.000900 
-0.000900 -0.004820 
-0.004820 0.005189 
0.005189 0.004115 
0.004115 -0.005917 
-0.005917 -0.000659 
-0.000659 0.005754 
0.005754 -0.001583 
-0.001583 -0.005341 
-0.005341 0.004998 
0.004998 0.003114 
0.003114 -0.006090 
-0.006090 -0.001037 
-0.001037 0.006302 
0.006302 -0.001807 
-0.001807 -0.005691 
-0.005691 0.003582 
0.003582 0.003133 
0.003133 -0.006651 
-0.006651 -0.000306 
-0.000306 0.005690 
0.005690 -0.001669 
-0.001669 -0.004354 
-0.004354 0.005849 
0.005849 0.003319 
0.003319 -0.005842 
-0.005842 0.000841 
0.000841 0.007473 
0.007473 -0.001514 
-0.001514 -0.004104 
-0.004104 0.005846 
0.005846 0.003676 
0.003676 -0.006134 
-0.006134 0.001608 
0.001608 0.008582 
0.008582 -0.001921 
-0.001921 -0.004974 
-0.004974 0.005475 
0.005475 0.003877 
0.003877 -0.005183 
-0.005183 0.001528 
0.001528 0.006208 
0.006208 -0.004224 
-0.004224 -0.005548 
-0.005548 0.006052 
0.006052 0.005097 
0.005097 -0.006765 
-0.006765 -0.002538 
-0.002538 0.005157 
0.005157 -0.002454 
-0.002454 -0.006266 
-0.006266 0.003192 
0.003192 0.001730 
0.001730 -0.008654 
-0.008654 -0.003240 
-0.003240 0.004164 
0.004164 -0.003858 
-0.003858 -0.007172 
-0.007172 0.003052 
0.003052 0.001400 
0.001400 -0.007813 
-0.007813 -0.002418 
-0.002418 0.005405 
0.005405 -0.003017 
-0.003017 -0.006437 
-0.006437 0.003089 
0.003089 0.002710 
0.002710 -0.007280 
-0.007280 -0.001382 
-0.001382 0.005768 
0.005768 -0.003420 
-0.003420 -0.005224 
-0.005224 0.005195 
0.005195 0.002542 
0.002542 -0.005960 
-0.005960 0.000043 
0.000043 0.007550 
0.007550 -0.001193 
-0.001193 -0.003325 
-0.003325 0.005476 
0.005476 0.003624 
0.003624 -0.004164 
-0.004164 0.002190 
0.002190 0.006788 
0.006788 -0.001509 
-0.001509 -0.002778 
-0.002778 0.006923 
0.006923 0.004524 
0.004524 -0.005922 
-0.005922 0.000096 
0.000096 0.005559 
0.005559 -0.002815 
-0.002815 -0.003711 
-0.003711 0.006411 
0.006411 0.002506 
0.002506 -0.007506 
-0.007506 0.000638 
0.000638 0.008015 
0.008015 -0.000635 
-0.000635 -0.003680 
-0.003680 0.006699 
0.006699 0.003756 
0.003756 -0.005575 
-0.005575 0.002204 
0.002204 0.008504 
0.008504 -0.000395 
-0.000395 -0.004018 
-0.004018 0.006201 
0.006201 0.003302 
0.003302 -0.006748 
-0.006748 0.000184 
0.000184 0.006817 
0.006817 -0.002570 
-0.002570 -0.005558 
-0.005558 0.004405 
0.004405 0.002574 
0.002574 -0.006812 
-0.006812 0.000311 
0.000311 0.006875 
0.006875 -0.001302 
-0.001302 -0.003496 
-0.003496 0.004888 
0.004888 0.004223 
0.004223 -0.003752 
-0.003752 0.001675 
0.001675 0.006650 
0.006650 -0.002114 
-0.002114 -0.002922 
-0.002922 0.006793 
0.006793 0.002531 
0.002531 -0.007029 
-0.007029 -0.001758 
-0.001758 0.005358 
0.005358 -0.002573 
-0.002573 -0.004669 
-0.004669 0.003864 
0.003864 0.000687 
0.000687 -0.007665 
-0.007665 0.000090 
0.000090 0.005564 
0.005564 -0.004576 
-0.004576 -0.005507 
-0.005507 0.003410 
0.003410 -0.000446 
-0.000446 -0.007864 
-0.007864 -0.000892 
-0.000892 0.004261 
0.004261 -0.006127 
-0.006127 -0.006241 
-0.006241 0.003471 
0.003471 0.000636 
0.000636 -0.006306 
-0.006306 0.000982 
0.000982 0.005212 
0.005212 -0.004486 
-0.004486 -0.004480 
-0.004480 0.005738 
0.005738 0.002518 
0.002518 -0.005402 
-0.005402 0.000911 
0.000911 0.006749 
0.006749 -0.003178 
-0.003178 -0.004686 
-0.004686 0.005612 
0.005612 0.003177 
0.003177 -0.005901 
-0.005901 0.000891 
0.000891 0.006505 
0.006505 -0.002340 
-0.002340 -0.002837 
-0.002837 0.006311 
0.006311 0.003817 
0.003817 -0.003781 
-0.003781 0.001030 
0.001030 0.006571 
0.006571 -0.000734 
-0.000734 -0.001223 
-0.001223 0.006231 
0.006231 0.002714 
0.002714 -0.004052 
-0.004052 0.002026 
0.002026 0.006729 
0.006729 -0.001671 
-0.001671 -0.003361 
-0.003361 0.005156 
0.005156 0.002029 
0.002029 -0.004879 
-0.004879 0.000470 
0.000470 0.003628 
0.003628 -0.004707 
-0.004707 -0.005209 
-0.005209 0.003080 
0.003080 -0.000076 
-0.000076 -0.006895 
-0.006895 -0.000512 
-0.000512 0.002193 
0.002193 -0.005468 
-0.005468 -0.004985 
-0.004985 0.003749 
0.003749 0.000759 
0.000759 -0.007393 
-0.007393 -0.000700 
-0.000700 0.003601 
0.003601 -0.004215 
-0.004215 -0.004174 
-0.004174 0.003610 
0.003610 0.000305 
0.000305 -0.007089 
-0.007089 -0.000403 
-0.000403 0.004298 
0.004298 -0.003779 
-0.003779 -0.002506 
-0.002506 0.006386 
0.006386 0.002319 
0.002319 -0.005172 
-0.005172 0.001120 
0.001120 0.006877 
0.006877 -0.000224 
-0.000224 -0.001339 
-0.001339 0.005888 
0.005888 0.002342 
0.002342 -0.004634 
-0.004634 0.001877 
0.001877 0.007110 
0.007110 -0.001653 
-0.001653 -0.003472 
-0.003472 0.005166 
0.005166 0.002589 
0.002589 -0.003558 
-0.003558 0.001245 
0.001245 0.005345 
0.005345 -0.001751 
-0.001751 -0.003098 
-0.003098 0.004807 
0.004807 0.002617 
0.002617 -0.004062 
-0.004062 0.000282 
0.000282 0.004008 
0.004008 -0.003120 
-0.003120 -0.002318 
-0.002318 0.003115 
0.003115 -0.000296 
-0.000296 -0.005886 
-0.005886 -0.000252 
-0.000252 0.003540 
0.003540 -0.003362 
-0.003362 -0.003211 
-0.003211 0.003669 
0.003669 0.000312 
0.000312 -0.005797 
-0.005797 0.000420 
0.000420 0.004148 
0.004148 -0.002841 
-0.002841 -0.003303 
-0.003303 0.003160 
0.003160 0.000045 
0.000045 -0.005170 
-0.005170 -0.000324 
-0.000324 0.003700 
0.003700 -0.002928 
-0.002928 -0.003218 
-0.003218 0.004018 
0.004018 0.000258 
0.000258 -0.005303 
-0.005303 0.001393 
0.001393 0.004055 
0.004055 -0.003062 
-0.003062 -0.004612 
-0.004612 0.002864 
0.002864 0.001026 
0.001026 -0.004177 
-0.004177 0.000492 
0.000492 0.002325 
0.002325 -0.004321 
-0.004321 -0.003708 
-0.003708 0.004623 
0.004623 0.001242 
0.001242 -0.004174 
-0.004174 0.000839 
0.000839 0.003883 
0.003883 -0.002258 
-0.002258 -0.001473 
-0.001473 0.005554 
0.005554 0.002789 
0.002789 -0.003119 
-0.003119 0.001483 
0.001483 0.005006 
0.005006 -0.000801 
-0.000801 -0.002576 
-0.002576 0.003530 
0.003530 0.001059 
0.001059 -0.003591 
-0.003591 0.000856 
0.000856 0.003538 
0.003538 -0.002635 
-0.002635 -0.002588 
-0.002588 0.002964 
0.002964 0.001342 
0.001342 -0.003771 
-0.003771 0.000933 
0.000933 0.003680 
0.003680 -0.001645 
-0.001645 -0.001874 
-0.001874 0.001909 
0.001909 0.000217 
0.000217 -0.002678 
-0.002678 0.002164 
0.002164 0.003444 
0.003444 -0.002668 
-0.002668 -0.001997 
-0.001997 0.003570 
0.003570 0.002040 
0.002040 -0.002726 
-0.002726 0.000789 
0.000789 0.003175 
0.003175 -0.001871 
-0.001871 -0.001316 
-0.001316 0.004351 
0.004351 0.001543 
0.001543 -0.003495 
-0.003495 -0.001119 
-0.001119 0.000609 
0.000609 -0.003334 
-0.003334 -0.002113 
-0.002113 0.001381 
0.001381 -0.001667 
-0.001667 -0.005975 
-0.005975 -0.000764 
-0.000764 0.001819 
0.001819 -0.004405 
-0.004405 -0.003856 
-0.003856 0.001449 
0.001449 -0.000725 
-0.000725 -0.004585 
-0.004585 -0.001118 
-0.001118 0.001281 
0.001281 -0.003406 
-0.003406 -0.003193 
-0.003193 0.002104 
0.002104 0.000084 
0.000084 -0.002751 
-0.002751 0.000123 
0.000123 0.001844 
0.001844 -0.001346 
-0.001346 -0.000329 
-0.000329 0.003859 
0.003859 0.001764 
0.001764 -0.002714 
-0.002714 0.001201 
0.001201 0.003284 
0.003284 -0.000297 
-0.000297 -0.001230 
-0.001230 0.003368 
0.003368 0.002202 
0.002202 -0.001371 
-0.001371 0.001611 
0.001611 0.001986 
0.001986 -0.000848 
-0.000848 -0.000325 
-0.000325 0.003328 
0.003328 0.001815 
0.001815 -0.002160 
-0.002160 0.000531 
0.000531 0.002371 
0.002371 -0.000363 
-0.000363 -0.000217 
-0.000217 0.002044 
0.002044 0.000069 
0.000069 -0.003069 
-0.003069 -0.000109 
-0.000109 0.003185 
0.003185 0.000149 
0.000149 -0.000763 
-0.000763 0.002425 
0.002425 -0.000184 
-0.000184 -0.001940 
-0.001940 0.000712 
0.000712 0.001674 
0.001674 -0.002729 
-0.002729 -0.003394 
-0.003394 0.001269 
0.001269 0.000137 
0.000137 -0.003493 
-0.003493 -0.001347 
-0.001347 0.001424 
0.001424 -0.001449 
-0.001449 -0.001989 
-0.001989 0.000670 
0.000670 -0.000494 
-0.000494 -0.002362 
-0.002362 0.000464 
0.000464 0.001174 
0.001174 -0.001748 
-0.001748 -0.002033 
-0.002033 0.001463 
0.001463 0.000828 
0.000828 -0.002569 
-0.002569 -0.001207 
-0.001207 -0.000626 
-0.000626 -0.002869 
-0.002869 -0.002905 
-0.002905 0.000202 
0.000202 -0.000184 
-0.000184 -0.002468 
-0.002468 -0.001894 
-0.001894 0.000358 
0.000358 -0.000363 
-0.000363 -0.000945 
-0.000945 0.000625 
0.000625 -0.000688 
-0.000688 -0.002082 
-0.002082 0.000348 
0.000348 0.001153 
0.001153 -0.001577 
-0.001577 -0.002736 
-0.002736 0.000292 
0.000292 0.001015 
0.001015 -0.000731 
-0.000731 -0.000384 
-0.000384 0.001046 
0.001046 -0.000461 
-0.000461 -0.001164 
-0.001164 0.001594 
0.001594 0.001685 
0.001685 0.000370 
0.000370 0.001659 
0.001659 0.002289 
0.002289 0.001064 
0.001064 0.001316 
0.001316 0.003457 
0.003457 0.002644 
0.002644 0.000572 
0.000572 0.002167 
0.002167 0.003649 
0.003649 0.001788 
0.001788 0.000309 
0.000309 0.002701 
0.002701 0.002787 
0.002787 0.001281 
0.001281 0.002351 
0.002351 0.002846 
0.002846 0.000757 
0.000757 -0.000322 
-0.000322 0.002075 
0.002075 0.002337 
0.002337 -0.001050 
-0.001050 -0.000994 
-0.000994 0.000206 
0.000206 -0.001090 
-0.001090 -0.002683 
-0.002683 0.000082 
0.000082 0.000316 
0.000316 -0.002526 
-0.002526 -0.001984 
-0.001984 -0.000921 
-0.000921 -0.001862 
-0.001862 -0.003132 
-0.003132 -0.002359 
-0.002359 -0.001317 
-0.001317 -0.001951 
-0.001951 -0.001664 
-0.001664 -0.001306 
-0.001306 -0.002588 
-0.002588 -0.002172 
-0.002172 0.000059 
0.000059 0.000261 
0.000261 -0.003008 
-0.003008 -0.003083 
-0.003083 -0.001410 
-0.001410 -0.000883 
-0.000883 -0.002133 
-0.002133 -0.000279 
-0.000279 0.000350 
0.000350 -0.001041 
-0.001041 -0.000930 
-0.000930 0.000404 
0.000404 0.000103 
0.000103 -0.000067 
-0.000067 0.002094 
0.002094 0.002841 
0.002841 0.000209 
0.000209 -0.000136 
-0.000136 0.001148 
0.001148 0.001652 
0.001652 -0.000295 
-0.000295 0.000998 
0.000998 0.002014 
0.002014 0.000133 
0.000133 -0.000456 
-0.000456 0.002177 
0.002177 0.001857 
0.001857 -0.000558 
-0.000558 0.000669 
0.000669 0.000964 
0.000964 0.000025 
0.000025 0.000994 
0.000994 0.002665 
0.002665 0.000747 
0.000747 -0.001121 
-0.001121 0.001094 
0.001094 0.002887 
0.002887 0.000678 
0.000678 -0.000563 
-0.000563 0.001209 
0.001209 0.000097 
0.000097 -0.001618 
-0.001618 0.000139 
0.000139 0.002304 
0.002304 -0.000207 
-0.000207 -0.001796 
-0.001796 0.000456 
0.000456 0.001719 
0.001719 -0.000077 
-0.000077 -0.000005 
-0.000005 0.001146 
0.001146 -0.000457 
-0.000457 -0.001333 
-0.001333 0.001908 
0.001908 0.001465 
0.001465 -0.001075 
-0.001075 -0.001346 
-0.001346 0.000286 
0.000286 -0.000918 
-0.000918 -0.001269 
-0.001269 0.000037 
0.000037 0.000191 
0.000191 -0.002963 
-0.002963 -0.001587 
-0.001587 0.001660 
0.001660 -0.000531 
-0.000531 -0.001478 
-0.001478 0.000490 
0.000490 0.000504 
0.000504 -0.001435 
-0.001435 -0.000930 
-0.000930 0.001214 
0.001214 -0.000910 
-0.000910 -0.002445 
-0.002445 -0.000082 
-0.000082 0.000379 
0.000379 -0.002963 
-0.002963 -0.002919 
-0.002919 0.001313 
0.001313 -0.000034 
-0.000034 -0.001058 
-0.001058 0.000835 
0.000835 0.000798 
0.000798 -0.001655 
-0.001655 0.000327 
0.000327 0.004099 
0.004099 0.000325 
0.000325 -0.001913 
-0.001913 0.001223 
0.001223 0.002954 
0.002954 -0.000941 
-0.000941 -0.000654 
-0.000654 0.001819 
0.001819 0.001529 
0.001529 -0.000134 
-0.000134 0.001585 
0.001585 0.001823 
0.001823 -0.001496 
-0.001496 0.000434 
0.000434 0.003843 
0.003843 0.001587 
0.001587 -0.000354 
-0.000354 0.002049 
0.002049 0.002871 
0.002871 -0.001000 
-0.001000 -0.000338 
-0.000338 0.003180 
0.003180 0.001578 
0.001578 -0.001891 
-0.001891 0.000986 
0.000986 0.002607 
0.002607 -0.002183 
-0.002183 -0.001835 
-0.001835 0.001568 
0.001568 -0.000009 
-0.000009 -0.002421 
-0.002421 -0.000307 
-0.000307 0.000845 
0.000845 -0.002002 
-0.002002 -0.000422 
-0.000422 0.003261 
0.003261 0.000806 
0.000806 -0.002945 
-0.002945 -0.000787 
-0.000787 0.000331 
0.000331 -0.002243 
-0.002243 -0.001436 
-0.001436 0.001449 
0.001449 -0.001579 
-0.001579 -0.004097 
-0.004097 -0.000526 
-0.000526 0.000958 
0.000958 -0.002729 
-0.002729 -0.001985 
-0.001985 0.001127 
0.001127 -0.001026 
-0.001026 -0.002787 
-0.002787 0.001812 
0.001812 0.002950 
0.002950 -0.002121 
-0.002121 -0.001642 
-0.001642 0.002870 
0.002870 0.000470 
0.000470 -0.001783 
-0.001783 0.001546 
0.001546 0.002263 
0.002263 -0.001603 
-0.001603 -0.000705 
-0.000705 0.003333 
0.003333 0.000151 
0.000151 -0.002278 
-0.002278 0.000798 
0.000798 0.002266 
0.002266 -0.001977 
-0.001977 -0.000432 
-0.000432 0.004281 
0.004281 0.000731 
0.000731 -0.002328 
-0.002328 0.001999 
0.001999 0.003970 
0.003970 -0.001588 
-0.001588 -0.001560 
-0.001560 0.003118 
0.003118 0.000642 
0.000642 -0.002300 
-0.002300 0.001613 
0.001613 0.001619 
0.001619 -0.002624 
-0.002624 -0.000547 
-0.000547 0.003948 
0.003948 -0.000607 
-0.000607 -0.003232 
-0.003232 0.002132 
0.002132 0.004351 
0.004351 -0.000138 
-0.000138 -0.000120 
-0.000120 0.003539 
0.003539 0.000819 
0.000819 -0.001373 
-0.001373 0.001830 
0.001830 0.002038 
0.002038 -0.002045 
-0.002045 -0.001183 
-0.001183 0.002124 
0.002124 -0.000686 
-0.000686 -0.003142 
-0.003142 0.000321 
0.000321 0.000180 
0.000180 -0.004156 
-0.004156 -0.001994 
-0.001994 0.002382 
0.002382 -0.001247 
-0.001247 -0.002639 
-0.002639 0.001944 
0.001944 0.002532 
0.002532 -0.003105 
-0.003105 -0.001820 
-0.001820 0.001749 
0.001749 -0.001144 
-0.001144 -0.003319 
-0.003319 0.000087 
0.000087 -0.000177 
-0.000177 -0.005092 
-0.005092 -0.001948 
-0.001948 0.001319 
0.001319 -0.001421 
-0.001421 -0.003803 
-0.003803 0.000400 
0.000400 0.001441 
0.001441 -0.002361 
-0.002361 -0.000914 
-0.000914 0.002368 
0.002368 -0.000759 
-0.000759 -0.001813 
-0.001813 0.002870 
0.002870 0.003144 
0.003144 -0.003184 
-0.003184 -0.002359 
-0.002359 0.002013 
0.002013 -0.000186 
-0.000186 -0.002230 
-0.002230 0.001937 
0.001937 0.001809 
0.001809 -0.003790 
-0.003790 -0.000335 
-0.000335 0.004607 
0.004607 0.002038 
0.002038 -0.000911 
-0.000911 0.002859 
0.002859 0.001933 
0.001933 -0.002150 
-0.002150 0.000511 
0.000511 0.004704 
0.004704 -0.000211 
-0.000211 -0.002892 
-0.002892 0.000667 
0.000667 0.001182 
0.001182 -0.002533 
-0.002533 0.000357 
0.000357 0.004146 
0.004146 -0.000210 
-0.000210 -0.002374 
-0.002374 0.002579 
0.002579 0.003248 
0.003248 -0.002084 
-0.002084 -0.000768 
-0.000768 0.002201 
0.002201 -0.000701 
-0.000701 -0.001512 
-0.001512 0.002265 
0.002265 0.000719 
0.000719 -0.003516 
-0.003516 -0.001210 
-0.001210 0.002013 
0.002013 -0.003131 
-0.003131 -0.004712 
-0.004712 -0.000298 
-0.000298 0.000136 
0.000136 -0.004307 
-0.004307 -0.001360 
-0.001360 0.001936 
0.001936 -0.001279 
-0.001279 -0.002026 
-0.002026 0.001999 
0.001999 0.001660 
0.001660 -0.002672 
-0.002672 -0.000732 
-0.000732 0.003521 
0.003521 -0.000355 
-0.000355 -0.002492 
-0.002492 0.001986 
0.001986 0.001212 
0.001212 -0.003246 
-0.003246 -0.000646 
-0.000646 0.003585 
0.003585 -0.001031 
-0.001031 -0.002522 
-0.002522 0.002624 
0.002624 0.003224 
0.003224 -0.000989 
-0.000989 0.001568 
0.001568 0.003616 
0.003616 -0.000469 
-0.000469 -0.001568 
-0.001568 0.001907 
0.001907 0.000670 
0.000670 -0.002779 
-0.002779 -0.000018 
-0.000018 0.002104 
0.002104 -0.002597 
-0.002597 -0.003891 
-0.003891 0.000743 
0.000743 0.000153 
0.000153 -0.002500 
-0.002500 0.000182 
0.000182 0.001726 
0.001726 -0.001817 
-0.001817 -0.001707 
-0.001707 0.003247 
0.003247 0.002945 
0.002945 -0.002663 
-0.002663 -0.000901 
-0.000901 0.001616 
0.001616 -0.001081 
-0.001081 -0.001603 
-0.001603 0.001858 
0.001858 0.000556 
0.000556 -0.003471 
-0.003471 -0.000374 
-0.000374 0.001988 
0.001988 -0.001710 
-0.001710 -0.002449 
-0.002449 0.001092 
0.001092 0.000817 
0.000817 -0.001729 
-0.001729 0.001170 
0.001170 0.002949 
0.002949 -0.001536 
-0.001536 -0.001700 
-0.001700 0.001469 
0.001469 -0.000400 
-0.000400 -0.003159 
-0.003159 0.000203 
0.000203 0.001377 
0.001377 -0.002929 
-0.002929 -0.002356 
-0.002356 0.003221 
0.003221 0.002446 
0.002446 -0.002340 
-0.002340 -0.001112 
-0.001112 0.001652 
0.001652 0.000136 
0.000136 0.000918 
0.000918 0.003659 
0.003659 0.000003 
0.000003 -0.003191 
-0.003191 0.000036 
0.000036 0.002268 
0.002268 -0.001177 
-0.001177 -0.002344 
-0.002344 -0.000596 
-0.000596 -0.001950 
-0.001950 -0.004112 
-0.004112 -0.000812 
-0.000812 0.002167 
0.002167 -0.001789 
-0.001789 -0.001670 
-0.001670 0.001386 
