-0.008220 -0.005154 
-0.006645 -0.005414 
-0.005481 -0.006673 
-0.004969 -0.009717 
-0.005154 -0.012241 
-0.005414 -0.014841 
-0.006673 -0.016923 
-0.009717 -0.019609 
-0.012241 -0.023394 
-0.014841 -0.025095 
-0.016923 -0.028350 
-0.019609 -0.031082 
-0.023394 -0.032461 
-0.025095 -0.034790 
-0.028350 -0.034998 
-0.031082 -0.035887 
-0.032461 -0.035896 
-0.034790 -0.034704 
-0.034998 -0.033989 
-0.035887 -0.031582 
-0.035896 -0.028617 
-0.034704 -0.025764 
-0.033989 -0.022599 
-0.031582 -0.018650 
-0.028617 -0.015047 
-0.025764 -0.011198 
-0.022599 -0.007351 
-0.018650 -0.003667 
-0.015047 0.000310 
-0.011198 0.003168 
-0.007351 0.006559 
-0.003667 0.009707 
0.000310 0.011422 
0.003168 0.013560 
0.006559 0.016017 
0.009707 0.017822 
0.011422 0.019146 
0.013560 0.020506 
0.016017 0.022049 
0.017822 0.023123 
0.019146 0.024168 
0.020506 0.025539 
0.022049 0.026162 
0.023123 0.027123 
0.024168 0.028418 
0.025539 0.028877 
0.026162 0.029625 
0.027123 0.030132 
0.028418 0.029937 
0.028877 0.030115 
0.029625 0.030379 
0.030132 0.030808 
0.029937 0.030952 
0.030115 0.031128 
0.030379 0.031767 
0.030808 0.031488 
0.030952 0.031287 
0.031128 0.031931 
0.031767 0.032227 
0.031488 0.032541 
0.031287 0.032537 
0.031931 0.032246 
0.032227 0.032644 
0.032541 0.031989 
0.032537 0.031614 
0.032246 0.031352 
0.032644 0.030285 
0.031989 0.029629 
0.031614 0.027167 
0.031352 0.024831 
0.030285 0.022058 
0.029629 0.017635 
0.027167 0.013663 
0.024831 0.009361 
0.022058 0.004385 
0.017635 -0.001309 
0.013663 -0.006414 
0.009361 -0.011459 
0.004385 -0.016571 
-0.001309 -0.020646 
-0.006414 -0.024747 
-0.011459 -0.028446 
-0.016571 -0.030841 
-0.020646 -0.032965 
-0.024747 -0.034192 
-0.028446 -0.033525 
-0.030841 -0.033230 
-0.032965 -0.032231 
-0.034192 -0.029669 
-0.033525 -0.027268 
-0.033230 -0.024579 
-0.032231 -0.022084 
-0.029669 -0.018740 
-0.027268 -0.015045 
-0.024579 -0.012674 
-0.022084 -0.009324 
-0.018740 -0.006923 
-0.015045 -0.005924 
-0.012674 -0.004550 
-0.009324 -0.004622 
-0.006923 -0.005001 
-0.005924 -0.005327 
-0.004550 -0.006571 
-0.004622 -0.008995 
-0.005001 -0.011129 
-0.005327 -0.013528 
-0.006571 -0.016785 
-0.008995 -0.019323 
-0.011129 -0.022647 
-0.013528 -0.025144 
-0.016785 -0.027458 
-0.019323 -0.030311 
-0.022647 -0.032376 
-0.025144 -0.034472 
-0.027458 -0.035050 
-0.030311 -0.034947 
-0.032376 -0.035346 
-0.034472 -0.034546 
-0.035050 -0.032838 
-0.034947 -0.031346 
-0.035346 -0.028457 
-0.034546 -0.025598 
-0.032838 -0.022447 
-0.031346 -0.018163 
-0.028457 -0.015122 
-0.025598 -0.011196 
-0.022447 -0.007389 
-0.018163 -0.003474 
-0.015122 0.000204 
-0.011196 0.002165 
-0.007389 0.005345 
-0.003474 0.008380 
0.000204 0.011026 
0.002165 0.012990 
0.005345 0.014626 
0.008380 0.016538 
0.011026 0.017856 
0.012990 0.019955 
0.014626 0.021429 
0.016538 0.022515 
0.017856 0.023831 
0.019955 0.024900 
0.021429 0.025730 
0.022515 0.026633 
0.023831 0.027335 
0.024900 0.027594 
0.025730 0.028767 
0.026633 0.028999 
0.027335 0.029311 
0.027594 0.029548 
0.028767 0.029662 
0.028999 0.030589 
0.029311 0.030071 
0.029548 0.030541 
0.029662 0.030800 
0.030589 0.030992 
0.030071 0.031935 
0.030541 0.031529 
0.030800 0.031833 
0.030992 0.032111 
0.031935 0.032407 
0.031529 0.032771 
0.031833 0.032777 
0.032111 0.033354 
0.032407 0.032741 
0.032771 0.032107 
0.032777 0.031999 
0.033354 0.030313 
0.032741 0.028121 
0.032107 0.025338 
0.031999 0.021914 
0.030313 0.018434 
0.028121 0.013877 
0.025338 0.008903 
0.021914 0.004198 
0.018434 -0.001026 
0.013877 -0.006550 
0.008903 -0.011170 
0.004198 -0.016383 
-0.001026 -0.021248 
-0.006550 -0.024504 
-0.011170 -0.028074 
-0.016383 -0.030729 
-0.021248 -0.032486 
-0.024504 -0.034015 
-0.028074 -0.034010 
-0.030729 -0.032971 
-0.032486 -0.032311 
-0.034015 -0.030593 
-0.034010 -0.027565 
-0.032971 -0.025002 
-0.032311 -0.021801 
-0.030593 -0.018428 
-0.027565 -0.016105 
-0.025002 -0.013351 
-0.021801 -0.010033 
-0.018428 -0.007968 
-0.016105 -0.006210 
-0.013351 -0.005023 
-0.010033 -0.005563 
-0.007968 -0.005761 
-0.006210 -0.006800 
-0.005023 -0.008433 
-0.005563 -0.009860 
-0.005761 -0.012336 
-0.006800 -0.014023 
-0.008433 -0.016877 
-0.009860 -0.020201 
-0.012336 -0.022431 
-0.014023 -0.025766 
-0.016877 -0.028512 
-0.020201 -0.031060 
-0.022431 -0.032682 
-0.025766 -0.034292 
-0.028512 -0.035787 
-0.031060 -0.035465 
-0.032682 -0.035611 
-0.034292 -0.034951 
-0.035787 -0.033675 
-0.035465 -0.031234 
-0.035611 -0.028815 
-0.034951 -0.026520 
-0.033675 -0.022944 
-0.031234 -0.019697 
-0.028815 -0.015557 
-0.026520 -0.011963 
-0.022944 -0.008588 
-0.019697 -0.004894 
-0.015557 -0.001850 
-0.011963 0.001234 
-0.008588 0.004059 
-0.004894 0.006759 
-0.001850 0.009618 
0.001234 0.011708 
0.004059 0.013403 
0.006759 0.015372 
0.009618 0.016561 
0.011708 0.018324 
0.013403 0.020226 
0.015372 0.021512 
0.016561 0.022614 
0.018324 0.023788 
0.020226 0.024651 
0.021512 0.025253 
0.022614 0.026872 
0.023788 0.027640 
0.024651 0.028009 
0.025253 0.028954 
0.026872 0.029400 
0.027640 0.029619 
0.028009 0.030008 
0.028954 0.029969 
0.029400 0.030552 
0.029619 0.031110 
0.030008 0.030897 
0.029969 0.031017 
0.030552 0.030916 
0.031110 0.031741 
0.030897 0.031947 
0.031017 0.032564 
0.030916 0.033379 
0.031741 0.033116 
0.031947 0.033988 
0.032564 0.034007 
0.033379 0.034197 
0.033116 0.034017 
0.033988 0.032485 
0.034007 0.031369 
0.034197 0.029629 
0.034017 0.027172 
0.032485 0.023754 
0.031369 0.019229 
0.029629 0.014933 
0.027172 0.010353 
0.023754 0.005643 
0.019229 0.000730 
0.014933 -0.005051 
0.010353 -0.009768 
0.005643 -0.014464 
0.000730 -0.019598 
-0.005051 -0.023792 
-0.009768 -0.027098 
-0.014464 -0.029866 
-0.019598 -0.031742 
-0.023792 -0.032477 
-0.027098 -0.032984 
-0.029866 -0.032735 
-0.031742 -0.031484 
-0.032477 -0.029712 
-0.032984 -0.027984 
-0.032735 -0.024732 
-0.031484 -0.021439 
-0.029712 -0.019420 
-0.027984 -0.015950 
-0.024732 -0.013339 
-0.021439 -0.011299 
-0.019420 -0.008451 
-0.015950 -0.007167 
-0.013339 -0.006248 
-0.011299 -0.005694 
-0.008451 -0.006555 
-0.007167 -0.007005 
-0.006248 -0.007715 
-0.005694 -0.009275 
-0.006555 -0.011565 
-0.007005 -0.013766 
-0.007715 -0.016343 
-0.009275 -0.020162 
-0.011565 -0.022441 
-0.013766 -0.025073 
-0.016343 -0.028151 
-0.020162 -0.030364 
-0.022441 -0.032708 
-0.025073 -0.034391 
-0.028151 -0.035226 
-0.030364 -0.035381 
-0.032708 -0.035661 
-0.034391 -0.035023 
-0.035226 -0.033587 
-0.035381 -0.031879 
-0.035661 -0.029666 
-0.035023 -0.026660 
-0.033587 -0.023393 
-0.031879 -0.020452 
-0.029666 -0.017038 
-0.026660 -0.013426 
-0.023393 -0.009368 
-0.020452 -0.006036 
-0.017038 -0.003158 
-0.013426 -0.000252 
-0.009368 0.002427 
-0.006036 0.005370 
-0.003158 0.008157 
-0.000252 0.010109 
0.002427 0.011871 
0.005370 0.014058 
0.008157 0.015423 
0.010109 0.017555 
0.011871 0.019282 
0.014058 0.020287 
0.015423 0.022038 
0.017555 0.023182 
0.019282 0.024224 
0.020287 0.025146 
0.022038 0.026113 
0.023182 0.026449 
0.024224 0.027068 
0.025146 0.027981 
0.026113 0.028048 
0.026449 0.028683 
0.027068 0.028635 
0.027981 0.028660 
0.028048 0.029748 
0.028683 0.029978 
0.028635 0.030187 
0.028660 0.030488 
0.029748 0.030466 
0.029978 0.031093 
0.030187 0.031587 
0.030488 0.032261 
0.030466 0.033046 
0.031093 0.033466 
0.031587 0.034152 
0.032261 0.034431 
0.033046 0.034344 
0.033466 0.034364 
0.034152 0.033779 
0.034431 0.032065 
0.034344 0.030159 
0.034364 0.027950 
0.033779 0.024488 
0.032065 0.020199 
0.030159 0.016146 
0.027950 0.011798 
0.024488 0.006357 
0.020199 0.000707 
0.016146 -0.004271 
0.011798 -0.008922 
0.006357 -0.014256 
0.000707 -0.018785 
-0.004271 -0.022683 
-0.008922 -0.026240 
-0.014256 -0.029184 
-0.018785 -0.031661 
-0.022683 -0.032469 
-0.026240 -0.033645 
-0.029184 -0.033211 
-0.031661 -0.031240 
-0.032469 -0.029796 
-0.033645 -0.026941 
-0.033211 -0.024840 
-0.031240 -0.022250 
-0.029796 -0.018701 
-0.026941 -0.015917 
-0.024840 -0.013329 
-0.022250 -0.011563 
-0.018701 -0.009310 
-0.015917 -0.007213 
-0.013329 -0.006552 
-0.011563 -0.006076 
-0.009310 -0.005836 
-0.007213 -0.006357 
-0.006552 -0.007370 
-0.006076 -0.009357 
-0.005836 -0.011385 
-0.006357 -0.013100 
-0.007370 -0.016009 
-0.009357 -0.019400 
-0.011385 -0.022573 
-0.013100 -0.025033 
-0.016009 -0.028233 
-0.019400 -0.031450 
-0.022573 -0.032912 
-0.025033 -0.034631 
-0.028233 -0.035731 
-0.031450 -0.036100 
-0.032912 -0.035817 
-0.034631 -0.034761 
-0.035731 -0.033478 
-0.036100 -0.031565 
-0.035817 -0.029186 
-0.034761 -0.025784 
-0.033478 -0.023274 
-0.031565 -0.020776 
-0.029186 -0.017198 
-0.025784 -0.014126 
-0.023274 -0.010321 
-0.020776 -0.007041 
-0.017198 -0.004083 
-0.014126 -0.000998 
-0.010321 0.001336 
-0.007041 0.004420 
-0.004083 0.006807 
-0.000998 0.009012 
0.001336 0.011432 
0.004420 0.012821 
0.006807 0.015013 
0.009012 0.017113 
0.011432 0.018075 
0.012821 0.019446 
0.015013 0.021100 
0.017113 0.022101 
0.018075 0.023562 
0.019446 0.025078 
0.021100 0.025571 
0.022101 0.026372 
0.023562 0.027566 
0.025078 0.027895 
0.025571 0.028059 
0.026372 0.028699 
0.027566 0.028764 
0.027895 0.028954 
0.028059 0.029198 
0.028699 0.029304 
0.028764 0.029374 
0.028954 0.029763 
0.029198 0.030593 
0.029304 0.031153 
0.029374 0.032054 
0.029763 0.032609 
0.030593 0.033314 
0.031153 0.033932 
0.032054 0.034974 
0.032609 0.035905 
0.033314 0.035535 
0.033932 0.035642 
0.034974 0.035490 
0.035905 0.033784 
0.035535 0.031335 
0.035642 0.029714 
0.035490 0.026242 
0.033784 0.021927 
0.031335 0.018046 
0.029714 0.013062 
0.026242 0.007876 
0.021927 0.002164 
0.018046 -0.002964 
0.013062 -0.008599 
0.007876 -0.013223 
0.002164 -0.017430 
-0.002964 -0.022523 
-0.008599 -0.026327 
-0.013223 -0.029110 
-0.017430 -0.030512 
-0.022523 -0.031971 
-0.026327 -0.032159 
-0.029110 -0.031403 
-0.030512 -0.030699 
-0.031971 -0.028981 
-0.032159 -0.026703 
-0.031403 -0.023846 
-0.030699 -0.021286 
-0.028981 -0.018234 
-0.026703 -0.015452 
-0.023846 -0.013187 
-0.021286 -0.011125 
-0.018234 -0.009631 
-0.015452 -0.007302 
-0.013187 -0.006041 
-0.011125 -0.005986 
-0.009631 -0.005401 
-0.007302 -0.005672 
-0.006041 -0.006949 
-0.005986 -0.008817 
-0.005401 -0.010763 
-0.005672 -0.013206 
-0.006949 -0.016441 
-0.008817 -0.018634 
-0.010763 -0.020902 
-0.013206 -0.024423 
-0.016441 -0.027345 
-0.018634 -0.029531 
-0.020902 -0.032014 
-0.024423 -0.033591 
-0.027345 -0.034580 
-0.029531 -0.035672 
-0.032014 -0.035708 
-0.033591 -0.034652 
-0.034580 -0.033511 
-0.035672 -0.032031 
-0.035708 -0.028957 
-0.034652 -0.026481 
-0.033511 -0.024025 
-0.032031 -0.020372 
-0.028957 -0.017255 
-0.026481 -0.013901 
-0.024025 -0.010905 
-0.020372 -0.007943 
-0.017255 -0.005018 
-0.013901 -0.002449 
-0.010905 0.001080 
-0.007943 0.003563 
-0.005018 0.006061 
-0.002449 0.008739 
0.001080 0.009976 
0.003563 0.012535 
0.006061 0.014375 
0.008739 0.015861 
0.009976 0.017918 
0.012535 0.019260 
0.014375 0.021041 
0.015861 0.021794 
0.017918 0.023131 
0.019260 0.024323 
0.021041 0.024995 
0.021794 0.025684 
0.023131 0.026358 
0.024323 0.027675 
0.024995 0.027755 
0.025684 0.027759 
0.026358 0.028081 
0.027675 0.028365 
0.027755 0.027519 
0.027759 0.028212 
0.028081 0.029637 
0.028365 0.029270 
0.027519 0.030256 
0.028212 0.030956 
0.029637 0.032357 
0.029270 0.033879 
0.030256 0.034008 
0.030956 0.034988 
0.032357 0.036255 
0.033879 0.036712 
0.034008 0.036989 
0.034988 0.036795 
0.036255 0.035701 
0.036712 0.034290 
0.036989 0.031960 
0.036795 0.029637 
0.035701 0.026534 
0.034290 0.022686 
0.031960 0.018621 
0.029637 0.013989 
0.026534 0.009246 
0.022686 0.003829 
0.018621 -0.001935 
0.013989 -0.007581 
0.009246 -0.012464 
0.003829 -0.017508 
-0.001935 -0.021923 
-0.007581 -0.025095 
-0.012464 -0.027940 
-0.017508 -0.030265 
-0.021923 -0.031626 
-0.025095 -0.031755 
-0.027940 -0.031537 
-0.030265 -0.030581 
-0.031626 -0.028836 
-0.031755 -0.026685 
-0.031537 -0.024767 
-0.030581 -0.021807 
-0.028836 -0.018270 
-0.026685 -0.016052 
-0.024767 -0.013342 
-0.021807 -0.011034 
-0.018270 -0.009509 
-0.016052 -0.007650 
-0.013342 -0.006275 
-0.011034 -0.005575 
-0.009509 -0.005710 
-0.007650 -0.006369 
-0.006275 -0.007352 
-0.005575 -0.009363 
-0.005710 -0.011293 
-0.006369 -0.013378 
-0.007352 -0.016073 
-0.009363 -0.018858 
-0.011293 -0.022132 
-0.013378 -0.025071 
-0.016073 -0.028532 
-0.018858 -0.031291 
-0.022132 -0.032856 
-0.025071 -0.034300 
-0.028532 -0.035423 
-0.031291 -0.036514 
-0.032856 -0.035586 
-0.034300 -0.034795 
-0.035423 -0.034139 
-0.036514 -0.031528 
-0.035586 -0.029435 
-0.034795 -0.026971 
-0.034139 -0.024050 
-0.031528 -0.021381 
-0.029435 -0.018340 
-0.026971 -0.015296 
-0.024050 -0.012130 
-0.021381 -0.009424 
-0.018340 -0.006285 
-0.015296 -0.003197 
-0.012130 -0.000846 
-0.009424 0.002351 
-0.006285 0.004531 
-0.003197 0.005879 
-0.000846 0.008597 
0.002351 0.010932 
0.004531 0.011887 
0.005879 0.014011 
0.008597 0.016580 
0.010932 0.017051 
0.011887 0.018532 
0.014011 0.020733 
0.016580 0.021493 
0.017051 0.022591 
0.018532 0.023578 
0.020733 0.024294 
0.021493 0.025122 
0.022591 0.025546 
0.023578 0.025849 
0.024294 0.026415 
0.025122 0.026538 
0.025546 0.026353 
0.025849 0.027052 
0.026415 0.027271 
0.026538 0.027799 
0.026353 0.028982 
0.027052 0.029242 
0.027271 0.030193 
0.027799 0.031924 
0.028982 0.033477 
0.029242 0.033822 
0.030193 0.034605 
0.031924 0.036622 
0.033477 0.037424 
0.033822 0.037329 
0.034605 0.036808 
0.036622 0.036423 
0.037424 0.035119 
0.037329 0.032848 
0.036808 0.030383 
0.036423 0.027440 
0.035119 0.023708 
0.032848 0.019056 
0.030383 0.014797 
0.027440 0.009445 
0.023708 0.003941 
0.019056 -0.001280 
0.014797 -0.007217 
0.009445 -0.012014 
0.003941 -0.016977 
-0.001280 -0.021715 
-0.007217 -0.024433 
-0.012014 -0.027524 
-0.016977 -0.030040 
-0.021715 -0.030212 
-0.024433 -0.030968 
-0.027524 -0.031024 
-0.030040 -0.029813 
-0.030212 -0.028641 
-0.030968 -0.026258 
-0.031024 -0.024118 
-0.029813 -0.022198 
-0.028641 -0.019615 
-0.026258 -0.016868 
-0.024118 -0.013998 
-0.022198 -0.011801 
-0.019615 -0.009575 
-0.016868 -0.007820 
-0.013998 -0.007465 
-0.011801 -0.006581 
-0.009575 -0.005970 
-0.007820 -0.006154 
-0.007465 -0.007711 
-0.006581 -0.009544 
-0.005970 -0.011372 
-0.006154 -0.014243 
-0.007711 -0.015620 
-0.009544 -0.019176 
-0.011372 -0.022897 
-0.014243 -0.024856 
-0.015620 -0.028126 
-0.019176 -0.030772 
-0.022897 -0.033391 
-0.024856 -0.034937 
-0.028126 -0.035493 
-0.030772 -0.035527 
-0.033391 -0.035438 
-0.034937 -0.035006 
-0.035493 -0.033635 
-0.035527 -0.032274 
-0.035438 -0.030070 
-0.035006 -0.027809 
-0.033635 -0.025172 
-0.032274 -0.022481 
-0.030070 -0.019789 
-0.027809 -0.016392 
-0.025172 -0.013410 
-0.022481 -0.010477 
-0.019789 -0.007196 
-0.016392 -0.004670 
-0.013410 -0.001735 
-0.010477 0.001265 
-0.007196 0.003547 
-0.004670 0.006461 
-0.001735 0.008239 
0.001265 0.010008 
0.003547 0.012061 
0.006461 0.013749 
0.008239 0.015698 
0.010008 0.017553 
0.012061 0.019094 
0.013749 0.020153 
0.015698 0.022035 
0.017553 0.023271 
0.019094 0.024096 
0.020153 0.024686 
0.022035 0.024884 
0.023271 0.025279 
0.024096 0.025785 
0.024686 0.026399 
0.024884 0.025981 
0.025279 0.026401 
0.025785 0.026797 
0.026399 0.026949 
0.025981 0.028018 
0.026401 0.028874 
0.026797 0.030255 
0.026949 0.031373 
0.028018 0.032181 
0.028874 0.033495 
0.030255 0.034570 
0.031373 0.036077 
0.032181 0.037129 
0.033495 0.037368 
0.034570 0.038193 
0.036077 0.038275 
0.037129 0.037547 
0.037368 0.036286 
0.038193 0.034780 
0.038275 0.032445 
0.037547 0.029412 
0.036286 0.025778 
0.034780 0.021125 
0.032445 0.016782 
0.029412 0.010842 
0.025778 0.005438 
0.021125 -0.000134 
0.016782 -0.006411 
0.010842 -0.010396 
0.005438 -0.015196 
-0.000134 -0.019229 
-0.006411 -0.022414 
-0.010396 -0.026054 
-0.015196 -0.027813 
-0.019229 -0.028955 
-0.022414 -0.029505 
-0.026054 -0.029380 
-0.027813 -0.029316 
-0.028955 -0.027752 
-0.029505 -0.026057 
-0.029380 -0.024069 
-0.029316 -0.021152 
-0.027752 -0.018802 
-0.026057 -0.016394 
-0.024069 -0.014290 
-0.021152 -0.011596 
-0.018802 -0.009255 
-0.016394 -0.007789 
-0.014290 -0.006539 
-0.011596 -0.005788 
-0.009255 -0.005662 
-0.007789 -0.006072 
-0.006539 -0.006653 
-0.005788 -0.008618 
-0.005662 -0.010360 
-0.006072 -0.012992 
-0.006653 -0.016075 
-0.008618 -0.018823 
-0.010360 -0.022496 
-0.012992 -0.025574 
-0.016075 -0.028011 
-0.018823 -0.030120 
-0.022496 -0.032650 
-0.025574 -0.033630 
-0.028011 -0.034337 
-0.030120 -0.035283 
-0.032650 -0.034895 
-0.033630 -0.033823 
-0.034337 -0.032480 
-0.035283 -0.031780 
-0.034895 -0.029706 
-0.033823 -0.027378 
-0.032480 -0.025020 
-0.031780 -0.021771 
-0.029706 -0.018832 
-0.027378 -0.015994 
-0.025020 -0.013054 
-0.021771 -0.010478 
-0.018832 -0.007420 
-0.015994 -0.004237 
-0.013054 -0.002326 
-0.010478 0.000451 
-0.007420 0.002655 
-0.004237 0.004698 
-0.002326 0.007309 
0.000451 0.009560 
0.002655 0.011522 
0.004698 0.012920 
0.007309 0.015514 
0.009560 0.017372 
0.011522 0.018664 
0.012920 0.019805 
0.015514 0.021201 
0.017372 0.022858 
0.018664 0.023214 
0.019805 0.024011 
0.021201 0.024769 
0.022858 0.025105 
0.023214 0.025254 
0.024011 0.025318 
0.024769 0.025300 
0.025105 0.025843 
0.025254 0.026507 
0.025318 0.026828 
0.025300 0.027719 
0.025843 0.028293 
0.026507 0.029687 
0.026828 0.031289 
0.027719 0.032316 
0.028293 0.033726 
0.029687 0.035196 
0.031289 0.036782 
0.032316 0.037548 
0.033726 0.038121 
0.035196 0.039000 
0.036782 0.038990 
0.037548 0.038554 
0.038121 0.037699 
0.039000 0.035892 
0.038990 0.033103 
0.038554 0.030017 
0.037699 0.026425 
0.035892 0.021683 
0.033103 0.016599 
0.030017 0.011222 
0.026425 0.006254 
0.021683 0.000869 
0.016599 -0.005100 
0.011222 -0.010055 
0.006254 -0.014483 
0.000869 -0.018634 
-0.005100 -0.022227 
-0.010055 -0.024930 
-0.014483 -0.027158 
-0.018634 -0.028580 
-0.022227 -0.029531 
-0.024930 -0.029728 
-0.027158 -0.029255 
-0.028580 -0.027833 
-0.029531 -0.025196 
-0.029728 -0.024034 
-0.029255 -0.021624 
-0.027833 -0.018470 
-0.025196 -0.016496 
-0.024034 -0.013736 
-0.021624 -0.011584 
-0.018470 -0.009917 
-0.016496 -0.007816 
-0.013736 -0.006155 
-0.011584 -0.005732 
-0.009917 -0.005579 
-0.007816 -0.006247 
-0.006155 -0.007433 
-0.005732 -0.008510 
-0.005579 -0.010604 
-0.006247 -0.013094 
-0.007433 -0.015582 
-0.008510 -0.018787 
-0.010604 -0.022353 
-0.013094 -0.024521 
-0.015582 -0.027328 
-0.018787 -0.029674 
-0.022353 -0.031196 
-0.024521 -0.033233 
-0.027328 -0.034020 
-0.029674 -0.034882 
-0.031196 -0.034319 
-0.033233 -0.033971 
-0.034020 -0.033432 
-0.034882 -0.031716 
-0.034319 -0.030292 
-0.033971 -0.027446 
-0.033432 -0.025698 
-0.031716 -0.023041 
-0.030292 -0.019689 
-0.027446 -0.017490 
-0.025698 -0.014457 
-0.023041 -0.011545 
-0.019689 -0.008704 
-0.017490 -0.005741 
-0.014457 -0.003488 
-0.011545 -0.001660 
-0.008704 0.001187 
-0.005741 0.003463 
-0.003488 0.005930 
-0.001660 0.008233 
0.001187 0.009903 
0.003463 0.012706 
0.005930 0.014220 
0.008233 0.016035 
0.009903 0.018171 
0.012706 0.019057 
0.014220 0.020234 
0.016035 0.021668 
0.018171 0.022354 
0.019057 0.022645 
0.020234 0.023322 
0.021668 0.024184 
0.022354 0.024650 
0.022645 0.024620 
0.023322 0.024746 
0.024184 0.024854 
0.024650 0.026228 
0.024620 0.026726 
0.024746 0.027244 
0.024854 0.028274 
0.026228 0.028670 
0.026726 0.030902 
0.027244 0.031553 
0.028274 0.033106 
0.028670 0.035083 
0.030902 0.035755 
0.031553 0.037905 
0.033106 0.038974 
0.035083 0.039486 
0.035755 0.039909 
0.037905 0.039709 
0.038974 0.038727 
0.039486 0.036725 
0.039909 0.033786 
0.039709 0.031071 
0.038727 0.026826 
0.036725 0.022090 
0.033786 0.017903 
0.031071 0.012392 
0.026826 0.007407 
0.022090 0.001327 
0.017903 -0.003279 
0.012392 -0.007942 
0.007407 -0.013454 
0.001327 -0.017693 
-0.003279 -0.022149 
-0.007942 -0.024188 
-0.013454 -0.026150 
-0.017693 -0.027913 
-0.022149 -0.028572 
-0.024188 -0.028409 
-0.026150 -0.027949 
-0.027913 -0.026886 
-0.028572 -0.025457 
-0.028409 -0.024906 
-0.027949 -0.021688 
-0.026886 -0.018712 
-0.025457 -0.016829 
-0.024906 -0.014626 
-0.021688 -0.012149 
-0.018712 -0.009841 
-0.016829 -0.008363 
-0.014626 -0.006263 
-0.012149 -0.005712 
-0.009841 -0.006042 
-0.008363 -0.006703 
-0.006263 -0.008131 
-0.005712 -0.009853 
-0.006042 -0.011592 
-0.006703 -0.013595 
-0.008131 -0.016628 
-0.009853 -0.019513 
-0.011592 -0.022219 
-0.013595 -0.024954 
-0.016628 -0.027897 
-0.019513 -0.030150 
-0.022219 -0.031762 
-0.024954 -0.032991 
-0.027897 -0.034203 
-0.030150 -0.035094 
-0.031762 -0.034719 
-0.032991 -0.034488 
-0.034203 -0.033023 
-0.035094 -0.031692 
-0.034719 -0.030751 
-0.034488 -0.028331 
-0.033023 -0.025580 
-0.031692 -0.022562 
-0.030751 -0.020503 
-0.028331 -0.017761 
-0.025580 -0.014543 
-0.022562 -0.012260 
-0.020503 -0.009405 
-0.017761 -0.006848 
-0.014543 -0.004308 
-0.012260 -0.001656 
-0.009405 0.000663 
-0.006848 0.002832 
-0.004308 0.005245 
-0.001656 0.007558 
0.000663 0.009058 
0.002832 0.011183 
0.005245 0.013396 
0.007558 0.014612 
0.009058 0.016593 
0.011183 0.018376 
0.013396 0.019242 
0.014612 0.020820 
0.016593 0.021353 
0.018376 0.021860 
0.019242 0.022794 
0.020820 0.023098 
0.021353 0.023534 
0.021860 0.023775 
0.022794 0.024498 
0.023098 0.024120 
0.023534 0.024751 
0.023775 0.026182 
0.024498 0.026060 
0.024120 0.027172 
0.024751 0.028818 
0.026182 0.030127 
0.026060 0.031732 
0.027172 0.033491 
0.028818 0.034464 
0.030127 0.036443 
0.031732 0.038455 
0.033491 0.039256 
0.034464 0.040658 
0.036443 0.040826 
0.038455 0.039690 
0.039256 0.038344 
0.040658 0.037107 
0.040826 0.034265 
0.039690 0.031147 
0.038344 0.027633 
0.037107 0.022327 
0.034265 0.018051 
0.031147 0.012999 
0.027633 0.007676 
0.022327 0.002818 
0.018051 -0.003057 
0.012999 -0.007959 
0.007676 -0.012281 
0.002818 -0.016922 
-0.003057 -0.020170 
-0.007959 -0.023168 
-0.012281 -0.025678 
-0.016922 -0.027140 
-0.020170 -0.028145 
-0.023168 -0.028202 
-0.025678 -0.028393 
-0.027140 -0.026816 
-0.028145 -0.025682 
-0.028202 -0.024845 
-0.028393 -0.021840 
-0.026816 -0.019465 
-0.025682 -0.016935 
-0.024845 -0.014305 
-0.021840 -0.012043 
-0.019465 -0.010098 
-0.016935 -0.008132 
-0.014305 -0.006621 
-0.012043 -0.005969 
-0.010098 -0.005583 
-0.008132 -0.006565 
-0.006621 -0.008078 
-0.005969 -0.009167 
-0.005583 -0.011250 
-0.006565 -0.013938 
-0.008078 -0.016093 
-0.009167 -0.019375 
-0.011250 -0.022237 
-0.013938 -0.024617 
-0.016093 -0.027672 
-0.019375 -0.029801 
-0.022237 -0.031525 
-0.024617 -0.032948 
-0.027672 -0.034211 
-0.029801 -0.035276 
-0.031525 -0.035423 
-0.032948 -0.034206 
-0.034211 -0.033244 
-0.035276 -0.032689 
-0.035423 -0.031009 
-0.034206 -0.028539 
-0.033244 -0.025570 
-0.032689 -0.023023 
-0.031009 -0.020428 
-0.028539 -0.018015 
-0.025570 -0.016165 
-0.023023 -0.013209 
-0.020428 -0.010512 
-0.018015 -0.008788 
-0.016165 -0.005924 
-0.013209 -0.002934 
-0.010512 -0.000526 
-0.008788 0.002195 
-0.005924 0.004515 
-0.002934 0.005892 
-0.000526 0.008001 
0.002195 0.010878 
0.004515 0.012648 
0.005892 0.014541 
0.008001 0.016374 
0.010878 0.017508 
0.012648 0.018262 
0.014541 0.019542 
0.016374 0.020849 
0.017508 0.021103 
0.018262 0.021869 
0.019542 0.022478 
0.020849 0.022996 
0.021103 0.023203 
0.021869 0.023180 
0.022478 0.023522 
0.022996 0.024034 
0.023203 0.024967 
0.023180 0.026059 
0.023522 0.027236 
0.024034 0.028172 
0.024967 0.029807 
0.026059 0.031928 
0.027236 0.033891 
0.028172 0.035397 
0.029807 0.037797 
0.031928 0.039813 
0.033891 0.040270 
0.035397 0.041494 
0.037797 0.041535 
0.039813 0.041074 
0.040270 0.040149 
0.041494 0.037767 
0.041535 0.035460 
0.041074 0.032105 
0.040149 0.028559 
0.037767 0.024588 
0.035460 0.019327 
0.032105 0.015123 
0.028559 0.009626 
0.024588 0.003721 
0.019327 -0.000847 
0.015123 -0.006562 
0.009626 -0.011250 
0.003721 -0.015571 
-0.000847 -0.018712 
-0.006562 -0.022283 
-0.011250 -0.025350 
-0.015571 -0.025977 
-0.018712 -0.027572 
-0.022283 -0.027171 
-0.025350 -0.027491 
-0.025977 -0.026967 
-0.027572 -0.024934 
-0.027171 -0.023344 
-0.027491 -0.020677 
-0.026967 -0.018862 
-0.024934 -0.015440 
-0.023344 -0.012875 
-0.020677 -0.011351 
-0.018862 -0.008851 
-0.015440 -0.006741 
-0.012875 -0.005507 
-0.011351 -0.004916 
-0.008851 -0.005168 
-0.006741 -0.006051 
-0.005507 -0.006758 
-0.004916 -0.009075 
-0.005168 -0.010993 
-0.006051 -0.013052 
-0.006758 -0.015858 
-0.009075 -0.018716 
-0.010993 -0.021705 
-0.013052 -0.024231 
-0.015858 -0.026760 
-0.018716 -0.028937 
-0.021705 -0.031502 
-0.024231 -0.032863 
-0.026760 -0.033444 
-0.028937 -0.033941 
-0.031502 -0.034201 
-0.032863 -0.033893 
-0.033444 -0.032980 
-0.033941 -0.032068 
-0.034201 -0.030173 
-0.033893 -0.028138 
-0.032980 -0.025704 
-0.032068 -0.023270 
-0.030173 -0.020386 
-0.028138 -0.017855 
-0.025704 -0.016151 
-0.023270 -0.013684 
-0.020386 -0.010636 
-0.017855 -0.007660 
-0.016151 -0.005472 
-0.013684 -0.003031 
-0.010636 -0.001084 
-0.007660 0.001321 
-0.005472 0.003972 
-0.003031 0.005746 
-0.001084 0.008155 
0.001321 0.010680 
0.003972 0.012866 
0.005746 0.014434 
0.008155 0.016206 
0.010680 0.017478 
0.012866 0.018445 
0.014434 0.019762 
0.016206 0.020311 
0.017478 0.020952 
0.018445 0.021359 
0.019762 0.021818 
0.020311 0.022153 
0.020952 0.021785 
0.021359 0.022158 
0.021818 0.022886 
0.022153 0.023577 
0.021785 0.024452 
0.022158 0.025510 
0.022886 0.026848 
0.023577 0.028628 
0.024452 0.030523 
0.025510 0.032147 
0.026848 0.034374 
0.028628 0.036053 
0.030523 0.037474 
0.032147 0.039573 
0.034374 0.041033 
0.036053 0.042134 
0.037474 0.042683 
0.039573 0.041901 
0.041033 0.040122 
0.042134 0.038758 
0.042683 0.036518 
0.041901 0.032945 
0.040122 0.029428 
0.038758 0.024966 
0.036518 0.020470 
0.032945 0.015388 
0.029428 0.009554 
0.024966 0.004451 
0.020470 -0.000289 
0.015388 -0.004657 
0.009554 -0.009482 
0.004451 -0.014300 
-0.000289 -0.018165 
-0.004657 -0.021316 
-0.009482 -0.023855 
-0.014300 -0.025999 
-0.018165 -0.026941 
-0.021316 -0.027651 
-0.023855 -0.027699 
-0.025999 -0.025893 
-0.026941 -0.024495 
-0.027651 -0.022566 
-0.027699 -0.020029 
-0.025893 -0.017547 
-0.024495 -0.015056 
-0.022566 -0.013317 
-0.020029 -0.010800 
-0.017547 -0.008939 
-0.015056 -0.007316 
-0.013317 -0.006242 
-0.010800 -0.006067 
-0.008939 -0.005257 
-0.007316 -0.006558 
-0.006242 -0.007838 
-0.006067 -0.009116 
-0.005257 -0.011625 
-0.006558 -0.013261 
-0.007838 -0.015699 
-0.009116 -0.018891 
-0.011625 -0.021685 
-0.013261 -0.023974 
-0.015699 -0.026907 
-0.018891 -0.029578 
-0.021685 -0.031378 
-0.023974 -0.033038 
-0.026907 -0.033786 
-0.029578 -0.034132 
-0.031378 -0.034011 
-0.033038 -0.034081 
-0.033786 -0.033012 
-0.034132 -0.031613 
-0.034011 -0.030529 
-0.034081 -0.028105 
-0.033012 -0.026434 
-0.031613 -0.024186 
-0.030529 -0.021189 
-0.028105 -0.018898 
-0.026434 -0.016799 
-0.024186 -0.014184 
-0.021189 -0.011828 
-0.018898 -0.009259 
-0.016799 -0.005986 
-0.014184 -0.004510 
-0.011828 -0.001739 
-0.009259 0.001101 
-0.005986 0.002724 
-0.004510 0.005336 
-0.001739 0.007126 
0.001101 0.009942 
0.002724 0.012366 
0.005336 0.013233 
0.007126 0.014810 
0.009942 0.016456 
0.012366 0.017695 
0.013233 0.018128 
0.014810 0.018900 
0.016456 0.019972 
0.017695 0.019759 
0.018128 0.020134 
0.018900 0.020815 
0.019972 0.020746 
0.019759 0.021108 
0.020134 0.021334 
0.020815 0.022022 
0.020746 0.023317 
0.021108 0.024720 
0.021334 0.026127 
0.022022 0.027598 
0.023317 0.029768 
0.024720 0.031791 
0.026127 0.033271 
0.027598 0.035289 
0.029768 0.038020 
0.031791 0.040396 
0.033271 0.041843 
0.035289 0.042039 
0.038020 0.042417 
0.040396 0.042617 
0.041843 0.041338 
0.042039 0.039591 
0.042417 0.037589 
0.042617 0.034490 
0.041338 0.029944 
0.039591 0.025658 
0.037589 0.021351 
0.034490 0.016616 
0.029944 0.011273 
0.025658 0.005705 
0.021351 0.000620 
0.016616 -0.004242 
0.011273 -0.008847 
0.005705 -0.014052 
0.000620 -0.017773 
-0.004242 -0.020760 
-0.008847 -0.023320 
-0.014052 -0.025438 
-0.017773 -0.027501 
-0.020760 -0.027404 
-0.023320 -0.026717 
-0.025438 -0.025496 
-0.027501 -0.024659 
-0.027404 -0.022923 
-0.026717 -0.019949 
-0.025496 -0.017919 
-0.024659 -0.015668 
-0.022923 -0.013510 
-0.019949 -0.010823 
-0.017919 -0.009074 
-0.015668 -0.007733 
-0.013510 -0.006076 
-0.010823 -0.006100 
-0.009074 -0.006397 
-0.007733 -0.007148 
-0.006076 -0.008139 
-0.006100 -0.009528 
-0.006397 -0.011576 
-0.007148 -0.013475 
-0.008139 -0.016643 
-0.009528 -0.019487 
-0.011576 -0.021774 
-0.013475 -0.024673 
-0.016643 -0.027025 
-0.019487 -0.029534 
-0.021774 -0.031491 
-0.024673 -0.032471 
-0.027025 -0.033395 
-0.029534 -0.034174 
-0.031491 -0.034113 
-0.032471 -0.033043 
-0.033395 -0.032276 
-0.034174 -0.031756 
-0.034113 -0.030216 
-0.033043 -0.028150 
-0.032276 -0.026541 
-0.031756 -0.024074 
-0.030216 -0.021853 
-0.028150 -0.020478 
-0.026541 -0.018137 
-0.024074 -0.015443 
-0.021853 -0.012989 
-0.020478 -0.010579 
-0.018137 -0.007634 
-0.015443 -0.005397 
-0.012989 -0.003473 
-0.010579 -0.000467 
-0.007634 0.002115 
-0.005397 0.004317 
-0.003473 0.006542 
-0.000467 0.008688 
0.002115 0.010897 
0.004317 0.012799 
0.006542 0.014343 
0.008688 0.015970 
0.010897 0.017325 
0.012799 0.017734 
0.014343 0.018647 
0.015970 0.019181 
0.017325 0.018874 
0.017734 0.020148 
0.018647 0.020287 
0.019181 0.019863 
0.018874 0.020366 
0.020148 0.020667 
0.020287 0.021874 
0.019863 0.022759 
0.020366 0.024338 
0.020667 0.025661 
0.021874 0.027216 
0.022759 0.029241 
0.024338 0.030883 
0.025661 0.033989 
0.027216 0.035659 
0.029241 0.037426 
0.030883 0.039487 
0.033989 0.040707 
0.035659 0.042174 
0.037426 0.042554 
0.039487 0.041792 
0.040707 0.040982 
0.042174 0.040152 
0.042554 0.036937 
0.041792 0.033537 
0.040982 0.030486 
0.040152 0.026572 
0.036937 0.022284 
0.033537 0.017381 
0.030486 0.012419 
0.026572 0.006859 
0.022284 0.001585 
0.017381 -0.003048 
0.012419 -0.007304 
0.006859 -0.012088 
0.001585 -0.016503 
-0.003048 -0.020312 
-0.007304 -0.023438 
-0.012088 -0.024546 
-0.016503 -0.025799 
-0.020312 -0.026494 
-0.023438 -0.026326 
-0.024546 -0.025716 
-0.025799 -0.024309 
-0.026494 -0.022646 
-0.026326 -0.020294 
-0.025716 -0.018038 
-0.024309 -0.015630 
-0.022646 -0.013250 
-0.020294 -0.011557 
-0.018038 -0.009228 
-0.015630 -0.007317 
-0.013250 -0.006732 
-0.011557 -0.005868 
-0.009228 -0.006161 
-0.007317 -0.007229 
-0.006732 -0.007638 
-0.005868 -0.008926 
-0.006161 -0.010653 
-0.007229 -0.013370 
-0.007638 -0.016671 
-0.008926 -0.018854 
-0.010653 -0.021150 
-0.013370 -0.023606 
-0.016671 -0.026235 
-0.018854 -0.028698 
-0.021150 -0.030187 
-0.023606 -0.031539 
-0.026235 -0.032519 
-0.028698 -0.033457 
-0.030187 -0.033799 
-0.031539 -0.032844 
-0.032519 -0.032291 
-0.033457 -0.032130 
-0.033799 -0.030575 
-0.032844 -0.029027 
-0.032291 -0.027816 
-0.032130 -0.025270 
-0.030575 -0.023113 
-0.029027 -0.020491 
-0.027816 -0.018528 
-0.025270 -0.016915 
-0.023113 -0.013771 
-0.020491 -0.011622 
-0.018528 -0.009219 
-0.016915 -0.006830 
-0.013771 -0.004058 
-0.011622 -0.001169 
-0.009219 0.000685 
-0.006830 0.003591 
-0.004058 0.006096 
-0.001169 0.007743 
0.000685 0.010485 
0.003591 0.012743 
0.006096 0.013677 
0.007743 0.015005 
0.010485 0.016340 
0.012743 0.017925 
0.013677 0.018572 
0.015005 0.018465 
0.016340 0.018674 
0.017925 0.018997 
0.018572 0.019299 
0.018465 0.018760 
0.018674 0.019331 
0.018997 0.019813 
0.019299 0.020791 
0.018760 0.022092 
0.019331 0.022565 
0.019813 0.024560 
0.020791 0.026593 
0.022092 0.028636 
0.022565 0.031174 
0.024560 0.033564 
0.026593 0.036022 
0.028636 0.038307 
0.031174 0.039917 
0.033564 0.041308 
0.036022 0.042348 
0.038307 0.042984 
0.039917 0.042642 
0.041308 0.041003 
0.042348 0.039633 
0.042984 0.037787 
0.042642 0.035520 
0.041003 0.032482 
0.039633 0.028287 
0.037787 0.023582 
0.035520 0.018930 
0.032482 0.014189 
0.028287 0.008890 
0.023582 0.003552 
0.018930 -0.001468 
0.014189 -0.006604 
0.008890 -0.012049 
0.003552 -0.015853 
-0.001468 -0.019463 
-0.006604 -0.022354 
-0.012049 -0.023769 
-0.015853 -0.025163 
-0.019463 -0.026233 
-0.022354 -0.025676 
-0.023769 -0.024048 
-0.025163 -0.023924 
-0.026233 -0.021864 
-0.025676 -0.019522 
-0.024048 -0.017574 
-0.023924 -0.015069 
-0.021864 -0.013034 
-0.019522 -0.010521 
-0.017574 -0.009741 
-0.015069 -0.008288 
-0.013034 -0.006343 
-0.010521 -0.005282 
-0.009741 -0.006203 
-0.008288 -0.007332 
-0.006343 -0.007576 
-0.005282 -0.009513 
-0.006203 -0.011139 
-0.007332 -0.013759 
-0.007576 -0.016217 
-0.009513 -0.018542 
-0.011139 -0.021723 
-0.013759 -0.023923 
-0.016217 -0.026037 
-0.018542 -0.027981 
-0.021723 -0.029572 
-0.023923 -0.031567 
-0.026037 -0.032634 
-0.027981 -0.032688 
-0.029572 -0.033399 
-0.031567 -0.032873 
-0.032634 -0.032386 
-0.032688 -0.031652 
-0.033399 -0.030097 
-0.032873 -0.029015 
-0.032386 -0.027356 
-0.031652 -0.025410 
-0.030097 -0.022977 
-0.029015 -0.021435 
-0.027356 -0.019322 
-0.025410 -0.016639 
-0.022977 -0.014254 
-0.021435 -0.011444 
-0.019322 -0.009509 
-0.016639 -0.007402 
-0.014254 -0.004608 
-0.011444 -0.001715 
-0.009509 0.000422 
-0.007402 0.002554 
-0.004608 0.005524 
-0.001715 0.007837 
0.000422 0.009112 
0.002554 0.011181 
0.005524 0.012984 
0.007837 0.014243 
0.009112 0.016022 
0.011181 0.016743 
0.012984 0.017351 
0.014243 0.017658 
0.016022 0.017754 
0.016743 0.017789 
0.017351 0.018302 
0.017658 0.018784 
0.017754 0.017859 
0.017789 0.018402 
0.018302 0.019747 
0.018784 0.021159 
0.017859 0.022524 
0.018402 0.024503 
0.019747 0.027242 
0.021159 0.028783 
0.022524 0.031212 
0.024503 0.033952 
0.027242 0.036177 
0.028783 0.038445 
0.031212 0.040387 
0.033952 0.041963 
0.036177 0.042750 
0.038445 0.043483 
0.040387 0.043407 
0.041963 0.042863 
0.042750 0.041483 
0.043483 0.038858 
0.043407 0.036443 
0.042863 0.033181 
0.041483 0.029370 
0.038858 0.025064 
0.036443 0.020744 
0.033181 0.015881 
0.029370 0.009757 
0.025064 0.004695 
0.020744 -0.000223 
0.015881 -0.005508 
0.009757 -0.010456 
0.004695 -0.014893 
-0.000223 -0.018391 
-0.005508 -0.020633 
-0.010456 -0.022530 
-0.014893 -0.024366 
-0.018391 -0.024845 
-0.020633 -0.024260 
-0.022530 -0.023499 
-0.024366 -0.022878 
-0.024845 -0.020973 
-0.024260 -0.019205 
-0.023499 -0.016960 
-0.022878 -0.014015 
-0.020973 -0.012215 
-0.019205 -0.010174 
-0.016960 -0.008812 
-0.014015 -0.006830 
-0.012215 -0.005827 
-0.010174 -0.005757 
-0.008812 -0.005508 
-0.006830 -0.006531 
-0.005827 -0.007259 
-0.005757 -0.009122 
-0.005508 -0.010937 
-0.006531 -0.013325 
-0.007259 -0.016287 
-0.009122 -0.018660 
-0.010937 -0.021236 
-0.013325 -0.023240 
-0.016287 -0.026031 
-0.018660 -0.027979 
-0.021236 -0.029328 
-0.023240 -0.030570 
-0.026031 -0.031615 
-0.027979 -0.033144 
-0.029328 -0.033047 
-0.030570 -0.032335 
-0.031615 -0.032078 
-0.033144 -0.031320 
-0.033047 -0.030256 
-0.032335 -0.029158 
-0.032078 -0.027048 
-0.031320 -0.025679 
-0.030256 -0.024207 
-0.029158 -0.020804 
-0.027048 -0.019162 
-0.025679 -0.017180 
-0.024207 -0.013972 
-0.020804 -0.012420 
-0.019162 -0.010153 
-0.017180 -0.007667 
-0.013972 -0.005200 
-0.012420 -0.002311 
-0.010153 -0.000966 
-0.007667 0.001846 
-0.005200 0.005149 
-0.002311 0.006734 
-0.000966 0.009293 
0.001846 0.011167 
0.005149 0.012198 
0.006734 0.013477 
0.009293 0.014663 
0.011167 0.015540 
0.012198 0.015878 
0.013477 0.016362 
0.014663 0.016539 
0.015540 0.016656 
0.015878 0.016762 
0.016362 0.017618 
0.016539 0.018030 
0.016656 0.017889 
0.016762 0.019590 
0.017618 0.021336 
0.018030 0.022757 
0.017889 0.024030 
0.019590 0.026376 
0.021336 0.029319 
0.022757 0.031265 
0.024030 0.034473 
0.026376 0.036848 
0.029319 0.038376 
0.031265 0.040517 
0.034473 0.041939 
0.036848 0.043274 
0.038376 0.043927 
0.040517 0.043858 
0.041939 0.043165 
0.043274 0.041574 
0.043927 0.039305 
0.043858 0.036875 
0.043165 0.033942 
0.041574 0.030201 
0.039305 0.026207 
0.036875 0.020509 
0.033942 0.015323 
0.030201 0.010656 
0.026207 0.004716 
0.020509 -0.000359 
0.015323 -0.005141 
0.010656 -0.009352 
0.004716 -0.013966 
-0.000359 -0.017823 
-0.005141 -0.019865 
-0.009352 -0.022633 
-0.013966 -0.023954 
-0.017823 -0.024386 
-0.019865 -0.024380 
-0.022633 -0.023462 
-0.023954 -0.022726 
-0.024386 -0.021259 
-0.024380 -0.019231 
-0.023462 -0.016636 
-0.022726 -0.014218 
-0.021259 -0.012013 
-0.019231 -0.010421 
-0.016636 -0.009014 
-0.014218 -0.007141 
-0.012013 -0.006498 
-0.010421 -0.006112 
-0.009014 -0.006227 
-0.007141 -0.006943 
-0.006498 -0.007969 
-0.006112 -0.009746 
-0.006227 -0.011370 
-0.006943 -0.013481 
-0.007969 -0.016214 
-0.009746 -0.019190 
-0.011370 -0.021235 
-0.013481 -0.023452 
-0.016214 -0.026304 
-0.019190 -0.027633 
-0.021235 -0.029668 
-0.023452 -0.031246 
-0.026304 -0.031565 
-0.027633 -0.032747 
-0.029668 -0.032882 
-0.031246 -0.032517 
-0.031565 -0.032408 
-0.032747 -0.031510 
-0.032882 -0.029920 
-0.032517 -0.028962 
-0.032408 -0.028123 
-0.031510 -0.026228 
-0.029920 -0.024157 
-0.028962 -0.022010 
-0.028123 -0.020218 
-0.026228 -0.017801 
-0.024157 -0.015649 
-0.022010 -0.014022 
-0.020218 -0.011528 
-0.017801 -0.008561 
-0.015649 -0.005392 
-0.014022 -0.003254 
-0.011528 -0.000902 
-0.008561 0.001529 
-0.005392 0.004520 
-0.003254 0.007100 
-0.000902 0.008741 
0.001529 0.010904 
0.004520 0.011805 
0.007100 0.013621 
0.008741 0.014846 
0.010904 0.015318 
0.011805 0.015605 
0.013621 0.015189 
0.014846 0.015907 
0.015318 0.016070 
0.015605 0.016711 
0.015189 0.016575 
0.015907 0.017038 
0.016070 0.017738 
0.016711 0.018010 
0.016575 0.020651 
0.017038 0.021644 
0.017738 0.022974 
0.018010 0.025745 
0.020651 0.028570 
0.021644 0.031271 
0.022974 0.032871 
0.025745 0.035920 
0.028570 0.038381 
0.031271 0.039489 
0.032871 0.041280 
0.035920 0.042891 
0.038381 0.043276 
0.039489 0.043502 
0.041280 0.043414 
0.042891 0.042364 
0.043276 0.041329 
0.043502 0.038011 
0.043414 0.034623 
0.042364 0.031551 
0.041329 0.026572 
0.038011 0.022237 
0.034623 0.016923 
0.031551 0.011664 
0.026572 0.006282 
0.022237 0.000504 
0.016923 -0.003580 
0.011664 -0.008579 
0.006282 -0.012750 
0.000504 -0.015803 
-0.003580 -0.018687 
-0.008579 -0.021158 
-0.012750 -0.023220 
-0.015803 -0.023528 
-0.018687 -0.024169 
-0.021158 -0.023798 
-0.023220 -0.022244 
-0.023528 -0.021236 
-0.024169 -0.018920 
-0.023798 -0.016449 
-0.022244 -0.014177 
-0.021236 -0.011929 
-0.018920 -0.010330 
-0.016449 -0.008498 
-0.014177 -0.007358 
-0.011929 -0.006549 
-0.010330 -0.006080 
-0.008498 -0.006753 
-0.007358 -0.006893 
-0.006549 -0.007963 
-0.006080 -0.009912 
-0.006753 -0.011493 
-0.006893 -0.013784 
-0.007963 -0.016089 
-0.009912 -0.018399 
-0.011493 -0.020458 
-0.013784 -0.022977 
-0.016089 -0.025364 
-0.018399 -0.026992 
-0.020458 -0.029039 
-0.022977 -0.030295 
-0.025364 -0.031193 
-0.026992 -0.031899 
-0.029039 -0.032204 
-0.030295 -0.032247 
-0.031193 -0.031944 
-0.031899 -0.031279 
-0.032204 -0.030120 
-0.032247 -0.028816 
-0.031944 -0.027091 
-0.031279 -0.026101 
-0.030120 -0.024409 
-0.028816 -0.022441 
-0.027091 -0.021059 
-0.026101 -0.018292 
-0.024409 -0.016372 
-0.022441 -0.014053 
-0.021059 -0.011370 
-0.018292 -0.009197 
-0.016372 -0.006154 
-0.014053 -0.004321 
-0.011370 -0.001504 
-0.009197 0.001679 
-0.006154 0.003799 
-0.004321 0.006172 
-0.001504 0.007937 
0.001679 0.010145 
0.003799 0.011000 
0.006172 0.011804 
0.007937 0.013624 
0.010145 0.014230 
0.011000 0.014467 
0.011804 0.014187 
0.013624 0.014786 
0.014230 0.014613 
0.014467 0.014247 
0.014187 0.015239 
0.014786 0.015140 
0.014613 0.016586 
0.014247 0.018259 
0.015239 0.019281 
0.015140 0.021571 
0.016586 0.023342 
0.018259 0.025395 
0.019281 0.027819 
0.021571 0.030671 
0.023342 0.033327 
0.025395 0.035169 
0.027819 0.037912 
0.030671 0.039952 
0.033327 0.041562 
0.035169 0.043647 
0.037912 0.044749 
0.039952 0.045203 
0.041562 0.044858 
0.043647 0.043698 
0.044749 0.041976 
0.045203 0.039155 
0.044858 0.036156 
0.043698 0.032688 
0.041976 0.027851 
0.039155 0.023708 
0.036156 0.018552 
0.032688 0.012248 
0.027851 0.007359 
0.023708 0.002528 
0.018552 -0.002086 
0.012248 -0.007250 
0.007359 -0.011599 
0.002528 -0.015139 
-0.002086 -0.018584 
-0.007250 -0.020054 
-0.011599 -0.021354 
-0.015139 -0.022299 
-0.018584 -0.022923 
-0.020054 -0.022740 
-0.021354 -0.021585 
-0.022299 -0.020384 
-0.022923 -0.018620 
-0.022740 -0.016156 
-0.021585 -0.013374 
-0.020384 -0.011577 
-0.018620 -0.009768 
-0.016156 -0.008342 
-0.013374 -0.007196 
-0.011577 -0.006288 
-0.009768 -0.006294 
-0.008342 -0.006442 
-0.007196 -0.007226 
-0.006288 -0.008325 
-0.006294 -0.009797 
-0.006442 -0.011666 
-0.007226 -0.013917 
-0.008325 -0.016168 
-0.009797 -0.018314 
-0.011666 -0.020709 
-0.013917 -0.023205 
-0.016168 -0.025144 
-0.018314 -0.026805 
-0.020709 -0.028474 
-0.023205 -0.030050 
-0.025144 -0.031853 
-0.026805 -0.031701 
-0.028474 -0.031765 
-0.030050 -0.032194 
-0.031853 -0.031355 
-0.031701 -0.030877 
-0.031765 -0.030098 
-0.032194 -0.029451 
-0.031355 -0.027847 
-0.030877 -0.026556 
-0.030098 -0.025599 
-0.029451 -0.023151 
-0.027847 -0.021145 
-0.026556 -0.019716 
-0.025599 -0.017528 
-0.023151 -0.014957 
-0.021145 -0.013059 
-0.019716 -0.010150 
-0.017528 -0.007202 
-0.014957 -0.004769 
-0.013059 -0.001771 
-0.010150 0.000478 
-0.007202 0.002705 
-0.004769 0.005188 
-0.001771 0.007532 
0.000478 0.009501 
0.002705 0.010673 
0.005188 0.011258 
0.007532 0.012059 
0.009501 0.012963 
0.010673 0.013077 
0.011258 0.013121 
0.012059 0.013325 
0.012963 0.013711 
0.013077 0.013668 
0.013121 0.013417 
0.013325 0.015437 
0.013711 0.016863 
0.013668 0.016955 
0.013417 0.018989 
0.015437 0.020714 
0.016863 0.022243 
0.016955 0.024780 
0.018989 0.027571 
0.020714 0.029969 
0.022243 0.031775 
0.024780 0.034947 
0.027571 0.037923 
0.029969 0.039484 
0.031775 0.041737 
0.034947 0.043632 
0.037923 0.044532 
0.039484 0.045122 
0.041737 0.044768 
0.043632 0.044164 
0.044532 0.042402 
0.045122 0.039454 
0.044768 0.036368 
0.044164 0.033029 
0.042402 0.029099 
0.039454 0.024127 
0.036368 0.019235 
0.033029 0.013655 
0.029099 0.008321 
0.024127 0.003246 
0.019235 -0.001616 
0.013655 -0.006215 
0.008321 -0.011192 
0.003246 -0.014457 
-0.001616 -0.017783 
-0.006215 -0.020117 
-0.011192 -0.021161 
-0.014457 -0.022019 
-0.017783 -0.022457 
-0.020117 -0.022781 
-0.021161 -0.021611 
-0.022019 -0.019885 
-0.022457 -0.017419 
-0.022781 -0.015420 
-0.021611 -0.013936 
-0.019885 -0.011534 
-0.017419 -0.009635 
-0.015420 -0.008662 
-0.013936 -0.007378 
-0.011534 -0.006458 
-0.009635 -0.006189 
-0.008662 -0.006021 
-0.007378 -0.007141 
-0.006458 -0.008478 
-0.006189 -0.010333 
-0.006021 -0.011852 
-0.007141 -0.013502 
-0.008478 -0.016233 
-0.010333 -0.018505 
-0.011852 -0.020479 
-0.013502 -0.022062 
-0.016233 -0.024485 
-0.018505 -0.026237 
-0.020479 -0.027865 
-0.022062 -0.029844 
-0.024485 -0.030498 
-0.026237 -0.031134 
-0.027865 -0.031245 
-0.029844 -0.030899 
-0.030498 -0.031041 
-0.031134 -0.030650 
-0.031245 -0.029603 
-0.030899 -0.029091 
-0.031041 -0.028136 
-0.030650 -0.026831 
-0.029603 -0.025058 
-0.029091 -0.023113 
-0.028136 -0.022003 
-0.026831 -0.020294 
-0.025058 -0.018004 
-0.023113 -0.015806 
-0.022003 -0.013738 
-0.020294 -0.010881 
-0.018004 -0.007068 
-0.015806 -0.004176 
-0.013738 -0.002892 
-0.010881 0.000304 
-0.007068 0.003740 
-0.004176 0.004798 
-0.002892 0.007054 
0.000304 0.009014 
0.003740 0.010094 
0.004798 0.011023 
0.007054 0.011213 
0.009014 0.011953 
0.010094 0.012645 
0.011023 0.012589 
0.011213 0.012971 
0.011953 0.013393 
0.012645 0.013228 
0.012589 0.013853 
0.012971 0.014925 
0.013393 0.015879 
0.013228 0.016772 
0.013853 0.018144 
0.014925 0.019906 
0.015879 0.022118 
0.016772 0.024650 
0.018144 0.026966 
0.019906 0.029445 
0.022118 0.031770 
0.024650 0.034550 
0.026966 0.037624 
0.029445 0.040232 
0.031770 0.041473 
0.034550 0.043188 
0.037624 0.045234 
0.040232 0.045147 
0.041473 0.045195 
0.043188 0.044536 
0.045234 0.042618 
0.045147 0.040240 
0.045195 0.036428 
0.044536 0.033330 
0.042618 0.030050 
0.040240 0.024568 
0.036428 0.019130 
0.033330 0.014353 
0.030050 0.009860 
0.024568 0.004514 
0.019130 -0.000765 
0.014353 -0.005275 
0.009860 -0.010070 
0.004514 -0.013422 
-0.000765 -0.016795 
-0.005275 -0.019345 
-0.010070 -0.020728 
-0.013422 -0.021919 
-0.016795 -0.021637 
-0.019345 -0.021466 
-0.020728 -0.020878 
-0.021919 -0.019189 
-0.021637 -0.017032 
-0.021466 -0.015269 
-0.020878 -0.013706 
-0.019189 -0.011912 
-0.017032 -0.009861 
-0.015269 -0.008128 
-0.013706 -0.007146 
-0.011912 -0.006597 
-0.009861 -0.006656 
