0.009735 -0.021179 
0.008636 -0.025421 
0.007538 -0.027893 
0.006348 -0.030731 
0.005219 -0.032837 
0.004089 -0.034210 
0.002838 -0.034363 
0.001831 -0.033630 
0.000061 -0.031860 
-0.002411 -0.029022 
-0.004456 -0.024567 
-0.007141 -0.020203 
-0.011169 -0.016205 
-0.014404 -0.010254 
-0.017822 -0.004669 
-0.021332 0.000061 
-0.023834 0.005524 
-0.027130 0.010681 
-0.030212 0.014557 
-0.031799 0.018738 
-0.032074 0.023041 
-0.032318 0.026367 
-0.031372 0.027924 
-0.029053 0.029022 
-0.026154 0.029999 
-0.020966 0.029297 
-0.016541 0.028900 
-0.011475 0.027649 
-0.004822 0.026123 
0.000671 0.024811 
0.006714 0.022125 
0.011871 0.019562 
0.016571 0.017548 
0.021362 0.015656 
0.024872 0.013885 
0.027954 0.012939 
0.029572 0.011719 
0.030914 0.011383 
0.032043 0.011871 
0.031921 0.012573 
0.031799 0.013794 
0.030731 0.014252 
0.028687 0.015472 
0.027130 0.016144 
0.025574 0.016327 
0.023132 0.016144 
0.020325 0.015472 
0.018066 0.014465 
0.015991 0.012299 
0.013885 0.010712 
0.011902 0.007843 
0.011047 0.004120 
0.010559 -0.000061 
0.009979 -0.005096 
0.010590 -0.009644 
0.010254 -0.014282 
0.010590 -0.018463 
0.011047 -0.023285 
0.011047 -0.027130 
0.012146 -0.029236 
0.011597 -0.031219 
0.011444 -0.032562 
0.010223 -0.032806 
0.007874 -0.032104 
0.005737 -0.030273 
0.002228 -0.026825 
-0.000854 -0.024292 
-0.004303 -0.021118 
-0.008606 -0.016663 
-0.012848 -0.011963 
-0.017242 -0.007385 
-0.021759 -0.004303 
-0.025238 -0.000641 
-0.027832 0.002319 
-0.030518 0.005005 
-0.032379 0.007111 
-0.032928 0.007629 
-0.032837 0.008484 
-0.031677 0.009644 
-0.029541 0.010681 
-0.026886 0.010559 
-0.023315 0.010956 
-0.019287 0.010925 
-0.014618 0.011078 
-0.010376 0.011597 
-0.005524 0.011383 
-0.001373 0.012329 
0.002045 0.012177 
0.005920 0.012024 
0.008667 0.012115 
0.011292 0.011383 
0.012878 0.010529 
0.013947 0.008698 
0.014496 0.006622 
0.014313 0.004059 
0.013763 0.000519 
0.013367 -0.003571 
0.012421 -0.007660 
0.010834 -0.011993 
0.010284 -0.016083 
0.009155 -0.020874 
0.008423 -0.025208 
0.007812 -0.028320 
0.006989 -0.031555 
0.005707 -0.033325 
0.004822 -0.034119 
0.003906 -0.033722 
0.002228 -0.032623 
0.000305 -0.030701 
-0.002289 -0.027527 
-0.004669 -0.024048 
-0.008545 -0.019409 
-0.011841 -0.015106 
-0.015076 -0.010040 
-0.019073 -0.004303 
-0.022949 0.000122 
-0.026550 0.005127 
-0.029388 0.010132 
-0.032257 0.014618 
-0.033569 0.018738 
-0.034424 0.022125 
-0.033569 0.024780 
-0.031738 0.026794 
-0.029572 0.028168 
-0.025940 0.028809 
-0.021790 0.029388 
-0.017273 0.028412 
-0.011688 0.026794 
-0.005280 0.025543 
0.000458 0.023010 
0.006378 0.020508 
0.011780 0.018341 
0.016357 0.016693 
0.020142 0.015015 
0.023560 0.012909 
0.026001 0.011658 
0.028320 0.011108 
0.030212 0.011932 
0.030670 0.012238 
0.031189 0.011627 
0.030121 0.013031 
0.029358 0.014618 
0.028107 0.014984 
0.026520 0.016022 
0.024567 0.016571 
0.021637 0.015930 
0.019623 0.015778 
0.016907 0.015167 
0.014923 0.013397 
0.013794 0.010529 
0.012054 0.007141 
0.010864 0.003662 
0.011017 -0.000854 
0.010803 -0.005737 
0.011047 -0.010010 
0.011505 -0.014679 
0.012451 -0.019775 
0.013641 -0.023560 
0.012909 -0.026855 
0.012939 -0.029907 
0.012329 -0.031586 
0.011749 -0.032501 
0.011261 -0.032715 
0.008881 -0.031555 
0.006439 -0.029541 
0.003662 -0.027008 
-0.000244 -0.023132 
-0.004364 -0.019257 
-0.008545 -0.016327 
-0.012939 -0.012543 
-0.016785 -0.007690 
-0.021088 -0.004639 
-0.025024 -0.001617 
-0.027802 0.001831 
-0.029968 0.004120 
-0.032166 0.006165 
-0.032837 0.006927 
-0.032166 0.008179 
-0.031464 0.009064 
-0.028839 0.009338 
-0.025482 0.009552 
-0.021576 0.009460 
-0.017303 0.010376 
-0.012939 0.010681 
-0.008667 0.011108 
-0.004486 0.011444 
-0.000641 0.012268 
0.003143 0.013031 
0.007019 0.013245 
0.009277 0.013062 
0.011719 0.012512 
0.012451 0.011841 
0.012726 0.009369 
0.013855 0.007629 
0.013824 0.004272 
0.013306 0.000031 
0.012970 -0.003632 
0.012817 -0.008667 
0.011688 -0.012726 
0.011475 -0.017487 
0.011200 -0.022644 
0.010590 -0.026886 
0.010620 -0.029694 
0.009796 -0.032196 
0.008850 -0.033997 
0.007904 -0.034393 
0.006287 -0.034393 
0.004517 -0.032623 
0.002777 -0.030151 
-0.000275 -0.027100 
-0.003571 -0.023956 
-0.007111 -0.019653 
-0.010742 -0.013916 
-0.015015 -0.008850 
-0.019897 -0.003632 
-0.023285 0.001617 
-0.026825 0.006378 
-0.029846 0.010620 
-0.031860 0.015900 
-0.033264 0.020294 
-0.033966 0.022980 
-0.033600 0.025787 
-0.031189 0.027588 
-0.028534 0.029327 
-0.024811 0.030060 
-0.020477 0.028625 
-0.015564 0.027771 
-0.009888 0.026703 
-0.004791 0.024109 
0.001801 0.021606 
0.006775 0.019592 
0.010742 0.017975 
0.016083 0.016449 
0.019836 0.015137 
0.022919 0.013641 
0.025726 0.012970 
0.027893 0.013336 
0.029358 0.012573 
0.030396 0.013275 
0.030640 0.014343 
0.030121 0.014435 
0.029083 0.015717 
0.026764 0.017059 
0.025146 0.018005 
0.023346 0.017792 
0.020386 0.017365 
0.017456 0.016724 
0.015594 0.015472 
0.013977 0.013977 
0.012512 0.010925 
0.011627 0.007477 
0.010437 0.003906 
0.010895 -0.000732 
0.011322 -0.005890 
0.011719 -0.010040 
0.012115 -0.015320 
0.012207 -0.020874 
0.013977 -0.023438 
0.014618 -0.026917 
0.014221 -0.029999 
0.014069 -0.031555 
0.013275 -0.032928 
0.011230 -0.031952 
0.008820 -0.030518 
0.006195 -0.028839 
0.002655 -0.026703 
-0.001129 -0.023560 
-0.005371 -0.019836 
-0.009766 -0.016449 
-0.014587 -0.012390 
-0.019379 -0.009338 
-0.023499 -0.005859 
-0.026978 -0.002258 
-0.030090 -0.000305 
-0.031982 0.001526 
-0.033081 0.003601 
-0.033783 0.005127 
-0.032532 0.005402 
-0.030792 0.006195 
-0.028076 0.007690 
-0.024750 0.008148 
-0.021271 0.008545 
-0.017212 0.009644 
-0.012939 0.010101 
-0.008514 0.010620 
-0.004791 0.011505 
-0.000916 0.012482 
0.001770 0.013367 
0.003815 0.013611 
0.006744 0.013428 
0.008728 0.013153 
0.009766 0.012634 
0.010620 0.010681 
0.010956 0.007874 
0.011047 0.004028 
0.011261 -0.000397 
0.010590 -0.004456 
0.010834 -0.009521 
0.011230 -0.014404 
0.010315 -0.019165 
0.010223 -0.023590 
0.010284 -0.027496 
0.009796 -0.030792 
0.009857 -0.032837 
0.009430 -0.034485 
0.008118 -0.035187 
0.007019 -0.034668 
0.004639 -0.033051 
0.001892 -0.030945 
-0.000793 -0.028076 
-0.003265 -0.024719 
-0.006775 -0.020660 
-0.012360 -0.015808 
-0.016479 -0.010956 
-0.021179 -0.005371 
-0.025421 0.000000 
-0.027893 0.005005 
-0.030731 0.009460 
-0.032837 0.014343 
-0.034210 0.018799 
-0.034363 0.021545 
-0.033630 0.024261 
-0.031860 0.026154 
-0.029022 0.026459 
-0.024567 0.026794 
-0.020203 0.026794 
-0.016205 0.025604 
-0.010254 0.024628 
-0.004669 0.022186 
0.000061 0.020264 
0.005524 0.019104 
0.010681 0.016449 
0.014557 0.015228 
0.018738 0.014252 
0.023041 0.013092 
0.026367 0.012787 
0.027924 0.012878 
0.029022 0.012604 
0.029999 0.013153 
0.029297 0.014526 
0.028900 0.015350 
0.027649 0.016510 
0.026123 0.017578 
0.024811 0.018585 
0.022125 0.018097 
0.019562 0.017609 
0.017548 0.017090 
0.015656 0.015228 
0.013885 0.013275 
0.012939 0.010101 
0.011719 0.006439 
0.011383 0.002472 
0.011871 -0.001770 
0.012573 -0.006805 
0.013794 -0.011505 
0.014252 -0.015717 
0.015472 -0.020233 
0.016144 -0.024384 
0.016327 -0.027557 
0.016144 -0.029358 
0.015472 -0.031006 
0.014465 -0.031525 
0.012299 -0.031067 
0.010712 -0.029694 
0.007843 -0.027832 
0.004120 -0.025024 
-0.000061 -0.021667 
-0.005096 -0.019165 
-0.009644 -0.015045 
-0.014282 -0.011688 
-0.018463 -0.009064 
-0.023285 -0.005493 
-0.027130 -0.003113 
-0.029236 -0.000916 
-0.031219 0.001587 
-0.032562 0.003235 
-0.032806 0.004395 
-0.032104 0.005219 
-0.030273 0.006104 
-0.026825 0.007324 
-0.024292 0.007935 
-0.021118 0.008514 
-0.016663 0.009369 
-0.011963 0.010925 
-0.007385 0.012878 
-0.004303 0.013794 
-0.000641 0.014771 
0.002319 0.015442 
0.005005 0.016022 
0.007111 0.016174 
0.007629 0.015289 
0.008484 0.013885 
0.009644 0.011322 
0.010681 0.008392 
0.010559 0.005035 
0.010956 0.000397 
0.010925 -0.003998 
0.011078 -0.008698 
0.011597 -0.014099 
0.011383 -0.018311 
0.012329 -0.022186 
0.012177 -0.025482 
0.012024 -0.028870 
0.012115 -0.031555 
0.011383 -0.032043 
0.010529 -0.033447 
0.008698 -0.033356 
0.006622 -0.031860 
0.004059 -0.029663 
0.000519 -0.026276 
-0.003571 -0.023682 
-0.007660 -0.018646 
-0.011993 -0.014282 
-0.016083 -0.009949 
-0.020874 -0.003479 
-0.025208 0.001587 
-0.028320 0.006989 
-0.031555 0.011841 
-0.033325 0.016449 
-0.034119 0.020355 
-0.033722 0.023193 
-0.032623 0.025726 
-0.030701 0.026825 
-0.027527 0.028137 
-0.024048 0.027863 
-0.019409 0.027039 
-0.015106 0.026276 
-0.010040 0.024445 
-0.004303 0.022552 
0.000122 0.020538 
0.005127 0.018829 
0.010132 0.016754 
0.014618 0.015320 
0.018738 0.013794 
0.022125 0.013428 
0.024780 0.013458 
0.026794 0.012665 
0.028168 0.013824 
0.028809 0.014496 
0.029388 0.015869 
0.028412 0.017151 
0.026794 0.017639 
0.025543 0.019104 
0.023010 0.019257 
0.020508 0.019623 
0.018341 0.019531 
0.016693 0.018555 
0.015015 0.016693 
0.012909 0.014099 
0.011658 0.010498 
0.011108 0.005829 
0.011932 0.002228 
0.012238 -0.002228 
0.011627 -0.007019 
0.013031 -0.011566 
0.014618 -0.016724 
0.014984 -0.020844 
0.016022 -0.024261 
0.016571 -0.027130 
0.015930 -0.029419 
0.015778 -0.030334 
0.015167 -0.030090 
0.013397 -0.029663 
0.010529 -0.028351 
0.007141 -0.027100 
0.003662 -0.024628 
-0.000854 -0.021027 
-0.005737 -0.018738 
-0.010010 -0.015656 
-0.014679 -0.012268 
-0.019775 -0.009674 
-0.023560 -0.007141 
-0.026855 -0.004852 
-0.029907 -0.002075 
-0.031586 -0.000427 
-0.032501 0.000397 
-0.032715 0.001556 
-0.031555 0.002441 
-0.029541 0.003723 
-0.027008 0.004883 
-0.023132 0.005768 
-0.019257 0.007019 
-0.016327 0.008850 
-0.012543 0.011047 
-0.007690 0.012756 
-0.004639 0.014191 
-0.001617 0.015717 
0.001831 0.016266 
0.004120 0.016815 
0.006165 0.016846 
0.006927 0.015106 
0.008179 0.013489 
0.009064 0.010773 
0.009338 0.007477 
0.009552 0.004120 
0.009460 -0.000671 
0.010376 -0.005890 
0.010681 -0.010986 
0.011108 -0.015533 
0.011444 -0.019867 
0.012268 -0.023926 
0.013031 -0.027802 
0.013245 -0.030762 
0.013062 -0.032959 
0.012512 -0.034363 
0.011841 -0.034454 
0.009369 -0.034210 
0.007629 -0.032990 
0.004272 -0.031158 
0.000031 -0.027832 
-0.003632 -0.023621 
-0.008667 -0.019653 
-0.012726 -0.014343 
-0.017487 -0.008728 
-0.022644 -0.003326 
-0.026886 0.001953 
-0.029694 0.006653 
-0.032196 0.011810 
-0.033997 0.016296 
-0.034393 0.019287 
-0.034393 0.022217 
-0.032623 0.024353 
-0.030151 0.025757 
-0.027100 0.026581 
-0.023956 0.026184 
-0.019653 0.025421 
-0.013916 0.024017 
-0.008850 0.022797 
-0.003632 0.020996 
0.001617 0.018921 
0.006378 0.017853 
0.010620 0.016235 
0.015900 0.014587 
0.020294 0.013275 
0.022980 0.013458 
0.025787 0.014221 
0.027588 0.014160 
0.029327 0.014893 
0.030060 0.015625 
0.028625 0.017578 
0.027771 0.018921 
0.026703 0.019897 
0.024109 0.021851 
0.021606 0.021698 
0.019592 0.022278 
0.017975 0.021851 
0.016449 0.020020 
0.015137 0.018707 
0.013641 0.015259 
0.012970 0.011719 
0.013336 0.008545 
0.012573 0.003845 
0.013275 -0.001617 
0.014343 -0.006378 
0.014435 -0.011047 
0.015717 -0.015289 
0.017059 -0.019562 
0.018005 -0.023193 
0.017792 -0.025757 
0.017365 -0.027435 
0.016724 -0.027557 
0.015472 -0.028473 
0.013977 -0.027832 
0.010925 -0.025818 
0.007477 -0.024109 
0.003906 -0.022125 
-0.000732 -0.019836 
-0.005890 -0.016327 
-0.010040 -0.013885 
-0.015320 -0.010651 
-0.020874 -0.007751 
-0.023438 -0.005798 
-0.026917 -0.003204 
-0.029999 -0.002411 
-0.031555 -0.001404 
-0.032928 -0.000275 
-0.031952 0.000916 
-0.030518 0.002167 
-0.028839 0.003082 
-0.026703 0.004700 
-0.023560 0.005859 
-0.019836 0.007477 
-0.016449 0.009918 
-0.012390 0.011810 
-0.009338 0.013916 
-0.005859 0.015991 
-0.002258 0.016998 
-0.000305 0.018188 
0.001526 0.018188 
0.003601 0.017456 
0.005127 0.016663 
0.005402 0.013947 
0.006195 0.011475 
0.007690 0.008087 
0.008148 0.002960 
0.008545 -0.001617 
0.009644 -0.005676 
0.010101 -0.009979 
0.010620 -0.015228 
0.011505 -0.020081 
0.012482 -0.024109 
0.013367 -0.028046 
0.013611 -0.030823 
0.013428 -0.032654 
0.013153 -0.034393 
0.012634 -0.034973 
0.010681 -0.034851 
0.007874 -0.033234 
0.004028 -0.031006 
-0.000397 -0.028320 
-0.004456 -0.023560 
-0.009521 -0.019379 
-0.014404 -0.014191 
-0.019165 -0.009064 
-0.023590 -0.004517 
-0.027496 0.001282 
-0.030792 0.006409 
-0.032837 0.011200 
-0.034485 0.014954 
-0.035187 0.018616 
-0.034668 0.021576 
-0.033051 0.022949 
-0.030945 0.024353 
-0.028076 0.024323 
-0.024719 0.023956 
-0.020660 0.023743 
-0.015808 0.022797 
-0.010956 0.020996 
-0.005371 0.019043 
0.000000 0.017517 
0.005005 0.015289 
0.009460 0.014282 
0.014343 0.013214 
0.018799 0.011749 
0.021545 0.011658 
0.024261 0.011047 
0.026154 0.012238 
0.026459 0.013489 
0.026794 0.014801 
0.026794 0.017181 
0.025604 0.017700 
0.024628 0.018982 
0.022186 0.020630 
0.020264 0.020996 
0.019104 0.020447 
0.016449 0.019897 
0.015228 0.018585 
0.014252 0.016479 
0.013092 0.014191 
0.012787 0.009949 
0.012878 0.005768 
0.012604 0.001495 
0.013153 -0.003662 
0.014526 -0.008545 
0.015350 -0.013275 
0.016510 -0.017609 
0.017578 -0.021942 
0.018585 -0.025146 
0.018097 -0.026764 
0.017609 -0.028168 
0.017090 -0.028656 
0.015228 -0.029053 
0.013275 -0.028229 
0.010101 -0.026154 
0.006439 -0.024445 
0.002472 -0.021515 
-0.001770 -0.019012 
-0.006805 -0.016357 
-0.011505 -0.013947 
-0.015717 -0.011871 
-0.020233 -0.009613 
-0.024384 -0.007751 
-0.027557 -0.005707 
-0.029358 -0.004425 
-0.031006 -0.003021 
-0.031525 -0.002350 
-0.031067 -0.000916 
-0.029694 0.000336 
-0.027832 0.001343 
-0.025024 0.003998 
-0.021667 0.005707 
-0.019165 0.007843 
-0.015045 0.010254 
-0.011688 0.012360 
-0.009064 0.014740 
-0.005493 0.016541 
-0.003113 0.017639 
-0.000916 0.018555 
0.001587 0.018585 
0.003235 0.017883 
0.004395 0.016510 
0.005219 0.014008 
0.006104 0.011139 
0.007324 0.007446 
0.007935 0.003357 
0.008514 -0.000885 
0.009369 -0.005005 
0.010925 -0.009827 
0.012878 -0.015076 
0.013794 -0.019501 
0.014771 -0.023682 
0.015442 -0.027710 
0.016022 -0.031036 
0.016174 -0.032959 
0.015289 -0.033997 
0.013885 -0.034546 
0.011322 -0.034149 
0.008392 -0.032715 
0.005035 -0.030518 
0.000397 -0.026886 
-0.003998 -0.022797 
-0.008698 -0.018555 
-0.014099 -0.013641 
-0.018311 -0.008057 
-0.022186 -0.002716 
-0.025482 0.001984 
-0.028870 0.007935 
-0.031555 0.012421 
-0.032043 0.015533 
-0.033447 0.019073 
-0.033356 0.021759 
-0.031860 0.024017 
-0.029663 0.024750 
-0.026276 0.024719 
-0.023682 0.024963 
-0.018646 0.024170 
-0.014282 0.022552 
-0.009949 0.021210 
-0.003479 0.019409 
0.001587 0.017761 
0.006989 0.016541 
0.011841 0.014923 
0.016449 0.013855 
0.020355 0.013458 
0.023193 0.013275 
0.025726 0.013947 
0.026825 0.014832 
0.028137 0.015778 
0.027863 0.017426 
0.027039 0.018768 
0.026276 0.021515 
0.024445 0.022919 
0.022552 0.022919 
0.020538 0.024170 
0.018829 0.023376 
0.016754 0.022003 
0.015320 0.020447 
0.013794 0.018158 
0.013428 0.014679 
0.013458 0.010834 
0.012665 0.006958 
0.013824 0.001617 
0.014496 -0.002075 
0.015869 -0.007019 
0.017151 -0.012360 
0.017639 -0.015869 
0.019104 -0.019714 
0.019257 -0.022675 
0.019623 -0.025574 
0.019531 -0.026672 
0.018555 -0.027771 
0.016693 -0.028229 
0.014099 -0.026398 
0.010498 -0.024719 
0.005829 -0.022217 
0.002228 -0.020111 
-0.002228 -0.017822 
-0.007019 -0.016266 
-0.011566 -0.013947 
-0.016724 -0.011078 
-0.020844 -0.009949 
-0.024261 -0.008270 
-0.027130 -0.007111 
-0.029419 -0.005829 
-0.030334 -0.004395 
-0.030090 -0.003479 
-0.029663 -0.002197 
-0.028351 -0.000824 
-0.027100 0.000427 
-0.024628 0.003021 
-0.021027 0.005646 
-0.018738 0.007874 
-0.015656 0.010529 
-0.012268 0.012207 
-0.009674 0.015106 
-0.007141 0.016876 
-0.004852 0.017639 
-0.002075 0.018127 
-0.000427 0.017548 
0.000397 0.017090 
0.001556 0.016205 
0.002441 0.014679 
0.003723 0.011139 
0.004883 0.007446 
0.005768 0.003174 
0.007019 -0.001404 
0.008850 -0.006134 
0.011047 -0.011749 
0.012756 -0.016449 
0.014191 -0.020996 
0.015717 -0.024628 
0.016266 -0.028900 
0.016815 -0.032562 
0.016846 -0.033905 
0.015106 -0.034393 
0.013489 -0.035065 
0.010773 -0.034760 
0.007477 -0.033478 
0.004120 -0.031525 
-0.000671 -0.027649 
-0.005890 -0.023804 
-0.010986 -0.018768 
-0.015533 -0.013947 
-0.019867 -0.009277 
-0.023926 -0.003357 
-0.027802 0.001678 
-0.030762 0.006531 
-0.032959 0.010651 
-0.034363 0.014374 
-0.034454 0.017151 
-0.034210 0.019989 
-0.032990 0.021912 
-0.031158 0.021759 
-0.027832 0.022125 
-0.023621 0.021790 
-0.019653 0.021057 
-0.014343 0.019745 
-0.008728 0.018280 
-0.003326 0.017090 
0.001953 0.015045 
0.006653 0.013580 
0.011810 0.012970 
0.016296 0.012543 
0.019287 0.011627 
0.022217 0.011841 
0.024353 0.012909 
0.025757 0.013855 
0.026581 0.014832 
0.026184 0.016388 
0.025421 0.018829 
0.024017 0.020447 
0.022797 0.022095 
0.020996 0.023499 
0.018921 0.023590 
0.017853 0.023254 
0.016235 0.022430 
0.014587 0.020294 
0.013275 0.017426 
0.013458 0.014160 
0.014221 0.010254 
0.014160 0.006348 
0.014893 0.001862 
0.015625 -0.003387 
0.017578 -0.008026 
0.018921 -0.012451 
0.019897 -0.016907 
0.021851 -0.020111 
0.021698 -0.022827 
0.022278 -0.024567 
0.021851 -0.026001 
0.020020 -0.026764 
0.018707 -0.025513 
0.015259 -0.024261 
0.011719 -0.021942 
0.008545 -0.020447 
0.003845 -0.018951 
-0.001617 -0.016998 
-0.006378 -0.015137 
-0.011047 -0.012573 
-0.015289 -0.011230 
-0.019562 -0.009491 
-0.023193 -0.008392 
-0.025757 -0.007324 
-0.027435 -0.006653 
-0.027557 -0.006104 
-0.028473 -0.003906 
-0.027832 -0.002319 
-0.025818 -0.001007 
-0.024109 0.000977 
-0.022125 0.003571 
-0.019836 0.006256 
-0.016327 0.008881 
-0.013885 0.011688 
-0.010651 0.014618 
-0.007751 0.016449 
-0.005798 0.017822 
-0.003204 0.019775 
-0.002411 0.020111 
-0.001404 0.019653 
-0.000275 0.019318 
0.000916 0.017395 
0.002167 0.015350 
0.003082 0.012268 
0.004700 0.007721 
0.005859 0.004272 
0.007477 -0.000366 
0.009918 -0.004669 
0.011810 -0.009583 
0.013916 -0.015015 
0.015991 -0.019073 
0.016998 -0.024445 
0.018188 -0.027771 
0.018188 -0.030457 
0.017456 -0.033600 
0.016663 -0.034363 
0.013947 -0.034576 
0.011475 -0.034180 
0.008087 -0.032623 
0.002960 -0.030121 
-0.001617 -0.025970 
-0.005676 -0.021820 
-0.009979 -0.017792 
-0.015228 -0.012970 
-0.020081 -0.007721 
-0.024109 -0.002106 
-0.028046 0.002411 
-0.030823 0.007416 
-0.032654 0.011658 
-0.034393 0.014557 
-0.034973 0.017120 
-0.034851 0.019104 
-0.033234 0.021271 
-0.031006 0.021576 
-0.028320 0.021881 
-0.023560 0.021759 
-0.019379 0.020233 
-0.014191 0.018494 
-0.009064 0.016724 
-0.004517 0.015564 
0.001282 0.013550 
0.006409 0.012146 
0.011200 0.011230 
0.014954 0.010468 
0.018616 0.010834 
0.021576 0.011536 
0.022949 0.012299 
0.024353 0.013947 
0.024323 0.016205 
0.023956 0.017792 
0.023743 0.019958 
0.022797 0.021545 
0.020996 0.022308 
0.019043 0.023132 
0.017517 0.023132 
0.015289 0.022705 
0.014282 0.021606 
0.013214 0.019470 
0.011749 0.016266 
0.011658 0.012878 
0.011047 0.009216 
0.012238 0.004669 
0.013489 0.000214 
0.014801 -0.004822 
0.017181 -0.009583 
0.017700 -0.013458 
0.018982 -0.018097 
0.020630 -0.021179 
0.020996 -0.023254 
0.020447 -0.025482 
0.019897 -0.025665 
0.018585 -0.025848 
0.016479 -0.025604 
0.014191 -0.024567 
0.009949 -0.023376 
0.005768 -0.021484 
0.001495 -0.019653 
-0.003662 -0.018066 
-0.008545 -0.016846 
-0.013275 -0.015045 
-0.017609 -0.013672 
-0.021942 -0.012817 
-0.025146 -0.012238 
-0.026764 -0.011871 
-0.028168 -0.010193 
-0.028656 -0.008636 
-0.029053 -0.007507 
-0.028229 -0.005585 
-0.026154 -0.003235 
-0.024445 -0.001221 
-0.021515 0.001556 
-0.019012 0.004761 
-0.016357 0.007568 
-0.013947 0.010559 
-0.011871 0.013306 
-0.009613 0.015472 
-0.007751 0.016937 
-0.005707 0.018005 
-0.004425 0.018829 
-0.003021 0.019012 
-0.002350 0.017792 
-0.000916 0.016357 
0.000336 0.014160 
0.001343 0.010773 
0.003998 0.007019 
0.005707 0.002808 
0.007843 -0.001495 
0.010254 -0.006561 
0.012360 -0.011536 
0.014740 -0.016541 
0.016541 -0.021301 
0.017639 -0.025360 
0.018555 -0.028809 
0.018585 -0.031860 
0.017883 -0.034729 
0.016510 -0.035797 
0.014008 -0.035278 
0.011139 -0.034485 
0.007446 -0.032898 
0.003357 -0.030304 
-0.000885 -0.027618 
-0.005005 -0.022888 
-0.009827 -0.017792 
-0.015076 -0.013367 
-0.019501 -0.008118 
-0.023682 -0.003174 
-0.027710 0.001495 
-0.031036 0.005737 
-0.032959 0.010345 
-0.033997 0.013611 
-0.034546 0.016266 
-0.034149 0.018616 
-0.032715 0.020416 
-0.030518 0.021088 
-0.026886 0.020752 
-0.022797 0.020355 
-0.018555 0.018738 
-0.013641 0.017639 
-0.008057 0.016052 
-0.002716 0.014008 
0.001984 0.012390 
0.007935 0.011627 
0.012421 0.011322 
0.015533 0.010986 
0.019073 0.011688 
0.021759 0.012543 
0.024017 0.013794 
0.024750 0.015228 
0.024719 0.016937 
0.024963 0.018951 
0.024170 0.021393 
0.022552 0.023621 
0.021210 0.024780 
0.019409 0.024963 
0.017761 0.024902 
0.016541 0.024414 
0.014923 0.023102 
0.013855 0.021118 
0.013458 0.018036 
0.013275 0.014526 
0.013947 0.009766 
0.014832 0.004974 
0.015778 0.000427 
0.017426 -0.004761 
0.018768 -0.009399 
0.021515 -0.013123 
0.022919 -0.016174 
0.022919 -0.019379 
0.024170 -0.021423 
0.023376 -0.022461 
0.022003 -0.023163 
0.020447 -0.022278 
0.018158 -0.021637 
0.014679 -0.021179 
0.010834 -0.019043 
0.006958 -0.017853 
0.001617 -0.016663 
-0.002075 -0.015472 
-0.007019 -0.014893 
-0.012360 -0.014038 
-0.015869 -0.013855 
-0.019714 -0.012146 
-0.022675 -0.011292 
-0.025574 -0.010101 
-0.026672 -0.009186 
-0.027771 -0.008728 
-0.028229 -0.006042 
-0.026398 -0.004395 
-0.024719 -0.001282 
-0.022217 0.001892 
-0.020111 0.003845 
-0.017822 0.006531 
-0.016266 0.009308 
-0.013947 0.013000 
-0.011078 0.015991 
-0.009949 0.017456 
-0.008270 0.019257 
-0.007111 0.020630 
-0.005829 0.020355 
-0.004395 0.020142 
-0.003479 0.019440 
-0.002197 0.017700 
-0.000824 0.015289 
0.000427 0.011963 
0.003021 0.008392 
0.005646 0.003571 
0.007874 -0.001160 
0.010529 -0.005585 
0.012207 -0.011292 
0.015106 -0.015991 
0.016876 -0.020782 
0.017639 -0.025238 
0.018127 -0.028290 
0.017548 -0.031677 
0.017090 -0.033905 
0.016205 -0.035187 
0.014679 -0.034912 
0.011139 -0.033875 
0.007446 -0.031921 
0.003174 -0.028900 
-0.001404 -0.025787 
-0.006134 -0.021210 
-0.011749 -0.016724 
-0.016449 -0.012024 
-0.020996 -0.007111 
-0.024628 -0.002960 
-0.028900 0.001709 
-0.032562 0.006989 
-0.033905 0.010468 
-0.034393 0.013519 
-0.035065 0.016693 
-0.034760 0.018250 
-0.033478 0.019623 
-0.031525 0.020264 
-0.027649 0.019806 
-0.023804 0.019012 
-0.018768 0.017670 
-0.013947 0.015289 
-0.009277 0.013794 
-0.003357 0.012665 
0.001678 0.011353 
0.006531 0.010315 
0.010651 0.009460 
0.014374 0.009979 
0.017151 0.010590 
0.019989 0.011749 
0.021912 0.013214 
0.021759 0.015259 
0.022125 0.017487 
0.021790 0.019165 
0.021057 0.021393 
0.019745 0.023224 
0.018280 0.024231 
0.017090 0.024750 
0.015045 0.025269 
0.013580 0.024048 
0.012970 0.021637 
0.012543 0.019501 
0.011627 0.016846 
0.011841 0.013062 
0.012909 0.008881 
0.013855 0.004059 
0.014832 -0.000885 
0.016388 -0.005585 
0.018829 -0.010681 
0.020447 -0.013885 
0.022095 -0.016785 
0.023499 -0.019531 
0.023590 -0.021301 
0.023254 -0.022705 
0.022430 -0.022675 
0.020294 -0.022095 
0.017426 -0.021820 
0.014160 -0.021240 
0.010254 -0.019745 
0.006348 -0.018829 
0.001862 -0.017853 
-0.003387 -0.016907 
-0.008026 -0.016083 
-0.012451 -0.014740 
-0.016907 -0.014923 
-0.020111 -0.014404 
-0.022827 -0.013306 
-0.024567 -0.013153 
-0.026001 -0.011566 
-0.026764 -0.010071 
-0.025513 -0.007996 
-0.024261 -0.004913 
-0.021942 -0.002899 
-0.020447 -0.000214 
-0.018951 0.002991 
-0.016998 0.006653 
-0.015137 0.009552 
-0.012573 0.012115 
-0.011230 0.015289 
-0.009491 0.017426 
-0.008392 0.019562 
-0.007324 0.020599 
-0.006653 0.020630 
-0.006104 0.020599 
-0.003906 0.019562 
-0.002319 0.017792 
-0.001007 0.015320 
0.000977 0.012115 
0.003571 0.008820 
0.006256 0.004028 
0.008881 -0.001434 
0.011688 -0.005890 
0.014618 -0.011139 
0.016449 -0.016479 
0.017822 -0.021393 
0.019775 -0.025787 
0.020111 -0.029175 
0.019653 -0.031067 
0.019318 -0.033264 
0.017395 -0.034393 
0.015350 -0.033630 
0.012268 -0.033051 
0.007721 -0.030731 
0.004272 -0.028076 
-0.000366 -0.024536 
-0.004669 -0.019531 
-0.009583 -0.015778 
-0.015015 -0.011688 
-0.019073 -0.005890 
-0.024445 -0.001343 
-0.027771 0.003357 
-0.030457 0.007782 
-0.033600 0.010925 
-0.034363 0.014618 
-0.034576 0.016754 
-0.034180 0.018982 
-0.032623 0.019684 
-0.030121 0.019653 
-0.025970 0.018860 
-0.021820 0.017639 
-0.017792 0.017517 
-0.012970 0.015381 
-0.007721 0.014099 
-0.002106 0.012207 
0.002411 0.011597 
0.007416 0.011261 
0.011658 0.010406 
0.014557 0.011292 
0.017120 0.011414 
0.019104 0.013092 
0.021271 0.014984 
0.021576 0.016815 
0.021881 0.018982 
0.021759 0.021667 
0.020233 0.023651 
0.018494 0.024963 
0.016724 0.026428 
0.015564 0.026489 
0.013550 0.026550 
0.012146 0.025391 
0.011230 0.022980 
0.010468 0.020447 
0.010834 0.017212 
0.011536 0.012390 
0.012299 0.008209 
0.013947 0.003815 
0.016205 -0.001434 
0.017792 -0.005493 
0.019958 -0.009338 
0.021545 -0.012665 
0.022308 -0.015930 
0.023132 -0.017792 
0.023132 -0.019196 
0.022705 -0.020752 
0.021606 -0.020660 
0.019470 -0.019897 
0.016266 -0.020111 
0.012878 -0.019958 
0.009216 -0.019257 
0.004669 -0.019562 
0.000214 -0.018524 
-0.004822 -0.017731 
-0.009583 -0.017883 
-0.013458 -0.017303 
-0.018097 -0.016357 
-0.021179 -0.015686 
-0.023254 -0.015076 
-0.025482 -0.013428 
-0.025665 -0.012360 
-0.025848 -0.010437 
-0.025604 -0.007812 
-0.024567 -0.006256 
-0.023376 -0.003479 
-0.021484 -0.000214 
-0.019653 0.002380 
-0.018066 0.006104 
-0.016846 0.009735 
-0.015045 0.012787 
-0.013672 0.015198 
-0.012817 0.017944 
-0.012238 0.020386 
-0.011871 0.020874 
-0.010193 0.021851 
-0.008636 0.021240 
-0.007507 0.020569 
-0.005585 0.019348 
-0.003235 0.016541 
-0.001221 0.013184 
0.001556 0.008545 
0.004761 0.004333 
0.007568 -0.001129 
0.010559 -0.005981 
0.013306 -0.011261 
0.015472 -0.016937 
0.016937 -0.021698 
0.018005 -0.026093 
0.018829 -0.029175 
0.019012 -0.032013 
0.017792 -0.033173 
0.016357 -0.034271 
0.014160 -0.034180 
0.010773 -0.032715 
0.007019 -0.030975 
0.002808 -0.028198 
-0.001495 -0.024567 
-0.006561 -0.020508 
-0.011536 -0.016571 
-0.016541 -0.011169 
-0.021301 -0.006348 
-0.025360 -0.001831 
-0.028809 0.003265 
-0.031860 0.007385 
-0.034729 0.010956 
-0.035797 0.013794 
-0.035278 0.015564 
-0.034485 0.016907 
-0.032898 0.017487 
-0.030304 0.017548 
-0.027618 0.016693 
-0.022888 0.015533 
-0.017792 0.014557 
-0.013367 0.012390 
-0.008118 0.011566 
-0.003174 0.010498 
0.001495 0.009369 
0.005737 0.009430 
0.010345 0.010193 
0.013611 0.010468 
0.016266 0.010193 
0.018616 0.012970 
0.020416 0.014771 
0.021088 0.016968 
0.020752 0.019257 
0.020355 0.020935 
0.018738 0.024048 
0.017639 0.025482 
0.016052 0.026825 
0.014008 0.027161 
0.012390 0.026459 
0.011627 0.025024 
0.011322 0.022858 
0.010986 0.020050 
0.011688 0.015869 
0.012543 0.011841 
0.013794 0.007477 
0.015228 0.002319 
0.016937 -0.002106 
0.018951 -0.006439 
0.021393 -0.010376 
0.023621 -0.012543 
0.024780 -0.015198 
0.024963 -0.017029 
0.024902 -0.018158 
0.024414 -0.019196 
0.023102 -0.018951 
0.021118 -0.019073 
0.018036 -0.019196 
0.014526 -0.019043 
0.009766 -0.018707 
0.004974 -0.018463 
0.000427 -0.018311 
-0.004761 -0.018158 
-0.009399 -0.018433 
-0.013123 -0.018372 
-0.016174 -0.017822 
-0.019379 -0.017090 
-0.021423 -0.015930 
-0.022461 -0.015167 
-0.023163 -0.013397 
-0.022278 -0.011505 
-0.021637 -0.009827 
-0.021179 -0.006622 
-0.019043 -0.003662 
-0.017853 -0.000427 
-0.016663 0.002716 
-0.015472 0.006470 
-0.014893 0.009674 
-0.014038 0.012390 
-0.013855 0.015991 
-0.012146 0.018402 
-0.011292 0.020508 
-0.010101 0.021515 
-0.009186 0.022217 
-0.008728 0.022308 
-0.006042 0.021271 
-0.004395 0.019867 
-0.001282 0.017090 
0.001892 0.012970 
0.003845 0.008575 
0.006531 0.003632 
0.009308 -0.001404 
0.013000 -0.006042 
0.015991 -0.011719 
0.017456 -0.016602 
0.019257 -0.021881 
0.020630 -0.025818 
0.020355 -0.028564 
0.020142 -0.031525 
0.019440 -0.032776 
0.017700 -0.034271 
0.015289 -0.033783 
0.011963 -0.032410 
0.008392 -0.030518 
0.003571 -0.027435 
-0.001160 -0.024109 
-0.005585 -0.019440 
-0.011292 -0.014709 
-0.015991 -0.009857 
-0.020782 -0.005493 
-0.025238 -0.000702 
-0.028290 0.004364 
-0.031677 0.008087 
-0.033905 0.011353 
-0.035187 0.014160 
-0.034912 0.015839 
-0.033875 0.016693 
-0.031921 0.017548 
-0.028900 0.017639 
-0.025787 0.016388 
-0.021210 0.015442 
-0.016724 0.013794 
-0.012024 0.011963 
-0.007111 0.011536 
-0.002960 0.010406 
0.001709 0.009949 
0.006989 0.009583 
0.010468 0.009735 
0.013519 0.010651 
0.016693 0.011719 
0.018250 0.014282 
0.019623 0.016113 
0.020264 0.018616 
0.019806 0.021240 
0.019012 0.023254 
0.017670 0.025696 
0.015289 0.027527 
0.013794 0.027954 
0.012665 0.027649 
0.011353 0.027100 
0.010315 0.025360 
0.009460 0.022797 
0.009979 0.019165 
0.010590 0.015594 
0.011749 0.011475 
0.013214 0.006439 
0.015259 0.001984 
0.017487 -0.001740 
0.019165 -0.005188 
0.021393 -0.009186 
0.023224 -0.011475 
0.024231 -0.013550 
0.024750 -0.015839 
0.025269 -0.016357 
0.024048 -0.017426 
0.021637 -0.018433 
0.019501 -0.018250 
0.016846 -0.018585 
0.013062 -0.018860 
0.008881 -0.018799 
0.004059 -0.018616 
-0.000885 -0.018494 
-0.005585 -0.019135 
-0.010681 -0.018616 
-0.013885 -0.019104 
-0.016785 -0.019562 
-0.019531 -0.017914 
-0.021301 -0.016968 
-0.022705 -0.016327 
-0.022675 -0.014648 
-0.022095 -0.011993 
-0.021820 -0.009949 
-0.021240 -0.006927 
-0.019745 -0.003448 
-0.018829 -0.000793 
-0.017853 0.002747 
-0.016907 0.006531 
-0.016083 0.010315 
-0.014740 0.013641 
-0.014923 0.016785 
-0.014404 0.019470 
-0.013306 0.021454 
-0.013153 0.022919 
-0.011566 0.023346 
-0.010071 0.022980 
-0.007996 0.021515 
-0.004913 0.019714 
-0.002899 0.016815 
-0.000214 0.012909 
0.002991 0.008392 
0.006653 0.003204 
0.009552 -0.001465 
0.012115 -0.006744 
0.015289 -0.012054 
0.017426 -0.017303 
0.019562 -0.022217 
0.020599 -0.025635 
0.020630 -0.029114 
0.020599 -0.031830 
0.019562 -0.033691 
0.017792 -0.034088 
0.015320 -0.033051 
0.012115 -0.032562 
0.008820 -0.030640 
0.004028 -0.026703 
-0.001434 -0.022736 
-0.005890 -0.018951 
-0.011139 -0.013641 
-0.016479 -0.008789 
-0.021393 -0.004456 
-0.025787 0.000854 
-0.029175 0.004791 
-0.031067 0.008636 
-0.033264 0.011963 
-0.034393 0.014160 
-0.033630 0.015198 
-0.033051 0.016327 
-0.030731 0.016754 
-0.028076 0.015442 
-0.024536 0.014801 
-0.019531 0.013763 
-0.015778 0.013062 
-0.011688 0.011688 
-0.005890 0.010376 
-0.001343 0.009735 
0.003357 0.008392 
0.007782 0.008270 
0.010925 0.008636 
0.014618 0.010376 
0.016754 0.012299 
0.018982 0.013947 
0.019684 0.016663 
0.019653 0.019379 
0.018860 0.022217 
0.017639 0.024689 
0.017517 0.026642 
0.015381 0.027924 
0.014099 0.028595 
0.012207 0.028412 
0.011597 0.027069 
0.011261 0.025299 
0.010406 0.022491 
0.011292 0.018890 
0.011414 0.015381 
0.013092 0.010925 
0.014984 0.006683 
0.016815 0.002930 
0.018982 -0.000580 
0.021667 -0.003510 
0.023651 -0.007050 
0.024963 -0.009491 
0.026428 -0.011353 
0.026489 -0.013489 
0.026550 -0.014648 
0.025391 -0.015137 
0.022980 -0.015991 
0.020447 -0.016815 
0.017212 -0.016998 
0.012390 -0.017303 
0.008209 -0.017609 
0.003815 -0.017456 
-0.001434 -0.017517 
-0.005493 -0.019165 
-0.009338 -0.019592 
-0.012665 -0.019043 
-0.015930 -0.019165 
-0.017792 -0.018219 
-0.019196 -0.017670 
-0.020752 -0.016846 
-0.020660 -0.015015 
-0.019897 -0.012268 
-0.020111 -0.009644 
-0.019958 -0.006897 
-0.019257 -0.003326 
-0.019562 -0.000214 
-0.018524 0.003418 
-0.017731 0.006561 
-0.017883 0.010773 
-0.017303 0.014832 
-0.016357 0.017090 
-0.015686 0.020233 
-0.015076 0.022125 
-0.013428 0.023041 
-0.012360 0.023193 
-0.010437 0.022949 
-0.007812 0.021667 
-0.006256 0.018707 
-0.003479 0.016510 
-0.000214 0.012604 
0.002380 0.008575 
0.006104 0.004120 
0.009735 -0.001465 
0.012787 -0.006195 
0.015198 -0.011597 
0.017944 -0.016663 
0.020386 -0.021667 
0.020874 -0.025574 
0.021851 -0.029236 
0.021240 -0.031982 
0.020569 -0.032928 
0.019348 -0.034607 
0.016541 -0.034149 
0.013184 -0.032288 
0.008545 -0.029480 
0.004333 -0.026215 
-0.001129 -0.022797 
-0.005981 -0.017975 
-0.011261 -0.013794 
-0.016937 -0.008698 
-0.021698 -0.003448 
-0.026093 0.000336 
-0.029175 0.004791 
-0.032013 0.008575 
-0.033173 0.010864 
-0.034271 0.013031 
-0.034180 0.014648 
-0.032715 0.015381 
-0.030975 0.015137 
-0.028198 0.014526 
-0.024567 0.013733 
-0.020508 0.012390 
-0.016571 0.011353 
-0.011169 0.009796 
-0.006348 0.008057 
-0.001831 0.007416 
0.003265 0.007355 
0.007385 0.007690 
0.010956 0.008698 
0.013794 0.010590 
0.015564 0.012329 
0.016907 0.014343 
0.017487 0.017578 
0.017548 0.020599 
0.016693 0.022705 
0.015533 0.025330 
0.014557 0.027252 
0.012390 0.027924 
0.011566 0.028564 
0.010498 0.027283 
0.009369 0.025452 
0.009430 0.023529 
0.010193 0.020508 
0.010468 0.017426 
0.010193 0.013031 
0.012970 0.008911 
0.014771 0.005127 
0.016968 0.001526 
0.019257 -0.000824 
0.020935 -0.004150 
0.024048 -0.006836 
0.025482 -0.009033 
0.026825 -0.011597 
0.027161 -0.012360 
0.026459 -0.013306 
0.025024 -0.015076 
0.022858 -0.015686 
0.020050 -0.015564 
0.015869 -0.016205 
0.011841 -0.017395 
0.007477 -0.017792 
0.002319 -0.018860 
-0.002106 -0.020081 
-0.006439 -0.020355 
-0.010376 -0.020294 
-0.012543 -0.020172 
-0.015198 -0.020508 
-0.017029 -0.019928 
-0.018158 -0.019226 
-0.019196 -0.017975 
-0.018951 -0.015991 
-0.019073 -0.014160 
-0.019196 -0.011566 
-0.019043 -0.008972 
-0.018707 -0.005554 
-0.018463 -0.001953 
-0.018311 0.001892 
-0.018158 0.006256 
-0.018433 0.009857 
-0.018372 0.013245 
-0.017822 0.016785 
-0.017090 0.019531 
-0.015930 0.020874 
-0.015167 0.022339 
-0.013397 0.022217 
-0.011505 0.021301 
-0.009827 0.020782 
-0.006622 0.018036 
-0.003662 0.014557 
-0.000427 0.010986 
0.002716 0.006866 
0.006470 0.002045 
0.009674 -0.003326 
0.012390 -0.008148 
0.015991 -0.013214 
0.018402 -0.018311 
0.020508 -0.022400 
0.021515 -0.026276 
0.022217 -0.029877 
0.022308 -0.032257 
0.021271 -0.033630 
0.019867 -0.034363 
0.017090 -0.033783 
0.012970 -0.031921 
0.008575 -0.029633 
0.003632 -0.026123 
-0.001404 -0.021942 
-0.006042 -0.017120 
-0.011719 -0.012299 
-0.016602 -0.008270 
-0.021881 -0.003815 
-0.025818 0.000183 
-0.028564 0.004913 
-0.031525 0.008942 
-0.032776 0.011017 
-0.034271 0.013458 
-0.033783 0.014526 
-0.032410 0.014923 
-0.030518 0.015350 
-0.027435 0.014587 
-0.024109 0.013123 
-0.019440 0.011139 
-0.014709 0.010040 
-0.009857 0.009552 
-0.005493 0.007904 
-0.000702 0.007416 
0.004364 0.008118 
0.008087 0.008301 
0.011353 0.009735 
0.014160 0.012177 
0.015839 0.014587 
0.016693 0.017151 
0.017548 0.019806 
0.017639 0.022491 
0.016388 0.025482 
0.015442 0.027557 
0.013794 0.028534 
0.011963 0.029449 
0.011536 0.028870 
0.010406 0.028107 
0.009949 0.026459 
0.009583 0.023529 
0.009735 0.021393 
0.010651 0.018005 
0.011719 0.014221 
0.014282 0.010712 
0.016113 0.007446 
0.018616 0.004578 
0.021240 0.001404 
0.023254 -0.001221 
0.025696 -0.003540 
0.027527 -0.006104 
0.027954 -0.008087 
0.027649 -0.008972 
0.027100 -0.009918 
0.025360 -0.011261 
0.022797 -0.012604 
0.019165 -0.013458 
0.015594 -0.014343 
0.011475 -0.015747 
0.006439 -0.016785 
0.001984 -0.017578 
-0.001740 -0.017670 
-0.005188 -0.018433 
-0.009186 -0.019379 
-0.011475 -0.019287 
-0.013550 -0.019562 
-0.015839 -0.019287 
-0.016357 -0.019012 
-0.017426 -0.017914 
-0.018433 -0.015961 
-0.018250 -0.013824 
-0.018585 -0.011047 
-0.018860 -0.008362 
-0.018799 -0.004150 
-0.018616 -0.000305 
-0.018494 0.003876 
-0.019135 0.008301 
-0.018616 0.011658 
-0.019104 0.015717 
-0.019562 0.018402 
-0.017914 0.020630 
-0.016968 0.022369 
-0.016327 0.023499 
-0.014648 0.023712 
-0.011993 0.022675 
-0.009949 0.021301 
-0.006927 0.018250 
-0.003448 0.015106 
-0.000793 0.011353 
0.002747 0.006714 
0.006531 0.001495 
0.010315 -0.003571 
0.013641 -0.008667 
0.016785 -0.014099 
0.019470 -0.018677 
0.021454 -0.023956 
0.022919 -0.027863 
0.023346 -0.030762 
0.022980 -0.033356 
0.021515 -0.034485 
0.019714 -0.034821 
0.016815 -0.033875 
0.012909 -0.031799 
0.008392 -0.029297 
0.003204 -0.026062 
-0.001465 -0.022003 
-0.006744 -0.018280 
-0.012054 -0.013153 
-0.017303 -0.008392 
-0.022217 -0.004639 
-0.025635 -0.000305 
-0.029114 0.003326 
-0.031830 0.007111 
-0.033691 0.009094 
-0.034088 0.010651 
-0.033051 0.012573 
-0.032562 0.012604 
-0.030640 0.011658 
-0.026703 0.010468 
-0.022736 0.009857 
-0.018951 0.008179 
-0.013641 0.006561 
-0.008789 0.005981 
-0.004456 0.004944 
0.000854 0.005310 
0.004791 0.005798 
0.008636 0.006592 
0.011963 0.008362 
0.014160 0.010529 
0.015198 0.013733 
0.016327 0.016113 
0.016754 0.019592 
0.015442 0.022827 
0.014801 0.024323 
0.013763 0.025909 
0.013062 0.026764 
0.011688 0.027679 
0.010376 0.026978 
0.009735 0.025787 
0.008392 0.024872 
0.008270 0.022369 
0.008636 0.019135 
0.010376 0.015686 
0.012299 0.012451 
0.013947 0.009460 
0.016663 0.006531 
0.019379 0.003326 
0.022217 0.000336 
0.024689 -0.002045 
0.026642 -0.004150 
0.027924 -0.006165 
0.028595 -0.007568 
0.028412 -0.009277 
0.027069 -0.010712 
0.025299 -0.011932 
0.022491 -0.013306 
0.018890 -0.013916 
0.015381 -0.015411 
0.010925 -0.016022 
0.006683 -0.016663 
0.002930 -0.018280 
-0.000580 -0.018738 
-0.003510 -0.019379 
-0.007050 -0.020172 
-0.009491 -0.020538 
-0.011353 -0.020355 
-0.013489 -0.020447 
-0.014648 -0.020233 
-0.015137 -0.018677 
-0.015991 -0.016266 
-0.016815 -0.013580 
-0.016998 -0.010895 
-0.017303 -0.007721 
-0.017609 -0.003784 
-0.017456 -0.000122 
-0.017517 0.004547 
-0.019165 0.009064 
-0.019592 0.011749 
-0.019043 0.015442 
-0.019165 0.019104 
-0.018219 0.021576 
-0.017670 0.023407 
-0.016846 0.025024 
-0.015015 0.024872 
-0.012268 0.023956 
-0.009644 0.022797 
-0.006897 0.019592 
-0.003326 0.017120 
-0.000214 0.013214 
0.003418 0.008392 
0.006561 0.003815 
0.010773 -0.002136 
0.014832 -0.007416 
0.017090 -0.012421 
0.020233 -0.017761 
0.022125 -0.022034 
0.023041 -0.026031 
0.023193 -0.029755 
0.022949 -0.031403 
0.021667 -0.033112 
0.018707 -0.032928 
0.016510 -0.031311 
0.012604 -0.030396 
0.008575 -0.027679 
0.004120 -0.024445 
-0.001465 -0.020172 
-0.006195 -0.015350 
-0.011597 -0.011230 
-0.016663 -0.007629 
-0.021667 -0.002991 
-0.025574 0.001556 
-0.029236 0.004822 
-0.031982 0.008148 
-0.032928 0.010315 
-0.034607 0.012024 
-0.034149 0.012848 
-0.032288 0.012695 
-0.029480 0.012115 
-0.026215 0.011017 
-0.022797 0.010010 
-0.017975 0.008484 
-0.013794 0.006989 
-0.008698 0.006287 
-0.003448 0.005890 
0.000336 0.006470 
0.004791 0.007629 
0.008575 0.009186 
0.010864 0.011566 
0.013031 0.013672 
0.014648 0.016327 
0.015381 0.019196 
0.015137 0.021515 
0.014526 0.023376 
0.013733 0.025513 
0.012390 0.027557 
0.011353 0.027985 
0.009796 0.027985 
0.008057 0.027679 
0.007416 0.026520 
0.007355 0.023987 
0.007690 0.021271 
0.008698 0.018951 
0.010590 0.015656 
0.012329 0.012329 
0.014343 0.010193 
0.017578 0.007996 
0.020599 0.004730 
0.022705 0.002197 
0.025330 0.000061 
0.027252 -0.002197 
0.027924 -0.004303 
0.028564 -0.006470 
0.027283 -0.008026 
0.025452 -0.009277 
0.023529 -0.010437 
0.020508 -0.011749 
0.017426 -0.013184 
0.013031 -0.014160 
0.008911 -0.015533 
0.005127 -0.017151 
0.001526 -0.017700 
-0.000824 -0.018219 
-0.004150 -0.019867 
-0.006836 -0.020996 
-0.009033 -0.021210 
-0.011597 -0.021606 
-0.012360 -0.020966 
-0.013306 -0.020172 
-0.015076 -0.019226 
-0.015686 -0.017426 
-0.015564 -0.015198 
-0.016205 -0.012146 
-0.017395 -0.009003 
-0.017792 -0.005188 
-0.018860 -0.001099 
-0.020081 0.003357 
-0.020355 0.007751 
-0.020294 0.011505 
-0.020172 0.014526 
-0.020508 0.017181 
-0.019928 0.020111 
-0.019226 0.021637 
-0.017975 0.022339 
-0.015991 0.022156 
-0.014160 0.022064 
-0.011566 0.020905 
-0.008972 0.017609 
-0.005554 0.014282 
-0.001953 0.010803 
0.001892 0.006348 
0.006256 0.001343 
0.009857 -0.004089 
0.013245 -0.010437 
0.016785 -0.015350 
0.019531 -0.020355 
0.020874 -0.025238 
0.022339 -0.028564 
0.022217 -0.031860 
0.021301 -0.034088 
0.020782 -0.035156 
0.018036 -0.035034 
0.014557 -0.033905 
0.010986 -0.031830 
0.006866 -0.029175 
0.002045 -0.025543 
-0.003326 -0.021851 
-0.008148 -0.017487 
-0.013214 -0.011841 
-0.018311 -0.006897 
-0.022400 -0.002686 
-0.026276 0.000397 
-0.029877 0.003662 
-0.032257 0.006592 
-0.033630 0.008942 
-0.034363 0.009918 
-0.033783 0.009399 
-0.031921 0.009613 
-0.029633 0.008759 
-0.026123 0.007294 
-0.021942 0.006287 
-0.017120 0.005157 
-0.012299 0.003967 
-0.008270 0.003876 
-0.003815 0.004364 
0.000183 0.004425 
0.004913 0.005920 
0.008942 0.007965 
0.011017 0.010284 
0.013458 0.012909 
0.014526 0.015350 
0.014923 0.018250 
0.015350 0.020721 
0.014587 0.023102 
0.013123 0.025208 
0.011139 0.026459 
0.010040 0.026978 
0.009552 0.026703 
0.007904 0.025543 
0.007416 0.024506 
0.008118 0.023071 
0.008301 0.019989 
0.009735 0.017761 
0.012177 0.015228 
0.014587 0.012573 
0.017151 0.010468 
0.019806 0.007660 
0.022491 0.005676 
0.025482 0.002808 
0.027557 0.000885 
0.028534 -0.000641 
0.029449 -0.003235 
0.028870 -0.004456 
0.028107 -0.005798 
0.026459 -0.007446 
0.023529 -0.008881 
0.021393 -0.009827 
0.018005 -0.011200 
0.014221 -0.012848 
0.010712 -0.014221 
0.007446 -0.016296 
0.004578 -0.017303 
0.001404 -0.018494 
-0.001221 -0.020782 
-0.003540 -0.021515 
-0.006104 -0.021515 
-0.008087 -0.022186 
-0.008972 -0.022278 
-0.009918 -0.021484 
-0.011261 -0.019623 
-0.012604 -0.017273 
-0.013458 -0.014862 
-0.014343 -0.011444 
-0.015747 -0.007812 
-0.016785 -0.003723 
-0.017578 0.001373 
-0.017670 0.005280 
-0.018433 0.009003 
-0.019379 0.013275 
-0.019287 0.016998 
-0.019562 0.020081 
-0.019287 0.021729 
-0.019012 0.024139 
-0.017914 0.025085 
-0.015961 0.024902 
-0.013824 0.024811 
-0.011047 0.022888 
-0.008362 0.020599 
-0.004150 0.016510 
-0.000305 0.011688 
0.003876 0.006897 
0.008301 0.001892 
0.011658 -0.003723 
0.015717 -0.009003 
0.018402 -0.013763 
0.020630 -0.019531 
0.022369 -0.023651 
0.023499 -0.027008 
0.023712 -0.029633 
0.022675 -0.031586 
0.021301 -0.032715 
0.018250 -0.032593 
0.015106 -0.031738 
0.011353 -0.029419 
0.006714 -0.026642 
0.001495 -0.023224 
-0.003571 -0.019531 
-0.008667 -0.015198 
-0.014099 -0.009949 
-0.018677 -0.005219 
-0.023956 -0.001251 
-0.027863 0.002655 
-0.030762 0.005554 
-0.033356 0.007538 
-0.034485 0.009369 
-0.034821 0.009949 
-0.033875 0.009766 
-0.031799 0.008850 
-0.029297 0.008362 
-0.026062 0.007385 
-0.022003 0.005219 
-0.018280 0.004211 
-0.013153 0.003540 
-0.008392 0.003204 
-0.004639 0.003967 
-0.000305 0.004333 
0.003326 0.005463 
0.007111 0.008362 
0.009094 0.010681 
0.010651 0.013184 
0.012573 0.016174 
0.012604 0.018402 
0.011658 0.021179 
0.010468 0.023651 
0.009857 0.024200 
0.008179 0.024872 
0.006561 0.025513 
0.005981 0.024841 
0.004944 0.024170 
0.005310 0.022736 
0.005798 0.020325 
0.006592 0.019257 
0.008362 0.017303 
0.010529 0.014282 
0.013733 0.012299 
0.016113 0.009613 
0.019592 0.007385 
0.022827 0.005432 
0.024323 0.002808 
0.025909 0.001068 
0.026764 -0.000427 
0.027679 -0.001892 
0.026978 -0.003448 
0.025787 -0.005035 
0.024872 -0.006714 
0.022369 -0.008698 
0.019135 -0.010132 
0.015686 -0.011139 
0.012451 -0.012665 
0.009460 -0.014557 
0.006531 -0.016937 
0.003326 -0.018707 
0.000336 -0.020172 
-0.002045 -0.022034 
-0.004150 -0.022491 
-0.006165 -0.023560 
-0.007568 -0.023956 
-0.009277 -0.023163 
-0.010712 -0.022858 
-0.011932 -0.020935 
-0.013306 -0.018555 
-0.013916 -0.015656 
-0.015411 -0.011597 
-0.016022 -0.008240 
-0.016663 -0.004730 
-0.018280 0.000275 
-0.018738 0.004791 
-0.019379 0.008972 
-0.020172 0.013153 
-0.020538 0.016907 
-0.020355 0.020081 
-0.020447 0.022583 
-0.020233 0.024811 
-0.018677 0.025177 
-0.016266 0.025513 
-0.013580 0.024597 
-0.010895 0.022339 
-0.007721 0.020416 
-0.003784 0.016510 
-0.000122 0.012177 
0.004547 0.007385 
0.009064 0.001801 
0.011749 -0.003571 
0.015442 -0.008728 
0.019104 -0.014130 
0.021576 -0.018738 
0.023407 -0.022217 
0.025024 -0.026917 
0.024872 -0.030121 
0.023956 -0.031342 
0.022797 -0.032379 
0.019592 -0.031525 
0.017120 -0.030090 
0.013214 -0.028015 
0.008392 -0.024658 
0.003815 -0.021240 
-0.002136 -0.016785 
-0.007416 -0.012238 
-0.012421 -0.007996 
-0.017761 -0.003784 
-0.022034 0.000061 
-0.026031 0.003082 
-0.029755 0.005493 
-0.031403 0.008087 
-0.033112 0.009094 
-0.032928 0.009064 
-0.031311 0.009094 
-0.030396 0.008209 
-0.027679 0.006989 
-0.024445 0.005859 
-0.020172 0.004364 
-0.015350 0.003571 
-0.011230 0.002747 
-0.007629 0.002838 
-0.002991 0.004486 
0.001556 0.005219 
0.004822 0.007477 
0.008148 0.010162 
0.010315 0.012390 
0.012024 0.015472 
0.012848 0.017609 
0.012695 0.019897 
0.012115 0.022614 
0.011017 0.023529 
0.010010 0.024139 
0.008484 0.025818 
0.006989 0.026245 
0.006287 0.025604 
0.005890 0.024384 
0.006470 0.023224 
0.007629 0.021637 
0.009186 0.019379 
0.011566 0.017426 
0.013672 0.015381 
0.016327 0.013519 
0.019196 0.010559 
0.021515 0.008820 
0.023376 0.006744 
0.025513 0.003906 
0.027557 0.002716 
0.027985 0.000885 
0.027985 -0.000122 
0.027679 -0.002197 
0.026520 -0.004425 
0.023987 -0.004822 
0.021271 -0.006866 
0.018951 -0.009033 
0.015656 -0.010925 
0.012329 -0.013123 
0.010193 -0.014954 
0.007996 -0.016937 
0.004730 -0.019226 
0.002197 -0.021484 
0.000061 -0.022583 
-0.002197 -0.023651 
-0.004303 -0.024933 
-0.006470 -0.025146 
-0.008026 -0.024597 
-0.009277 -0.023407 
-0.010437 -0.021912 
-0.011749 -0.019897 
-0.013184 -0.016968 
-0.014160 -0.013275 
-0.015533 -0.009613 
-0.017151 -0.005371 
-0.017700 -0.000671 
-0.018219 0.003479 
-0.019867 0.007751 
-0.020996 0.012115 
-0.021210 0.016083 
-0.021606 0.019318 
-0.020966 0.021942 
-0.020172 0.024292 
-0.019226 0.024902 
-0.017426 0.024536 
-0.015198 0.024475 
-0.012146 0.021759 
-0.009003 0.017975 
-0.005188 0.014679 
-0.001099 0.010345 
0.003357 0.005829 
0.007751 0.000336 
0.011505 -0.005035 
0.014526 -0.010681 
0.017181 -0.016418 
0.020111 -0.020874 
0.021637 -0.025024 
0.022339 -0.028778 
0.022156 -0.031616 
0.022064 -0.032745 
0.020905 -0.033478 
0.017609 -0.032776 
0.014282 -0.031281 
0.010803 -0.029449 
0.006348 -0.025421 
0.001343 -0.021149 
-0.004089 -0.017303 
-0.010437 -0.013000 
-0.015350 -0.008759 
-0.020355 -0.004608 
-0.025238 -0.001068 
-0.028564 0.001221 
-0.031860 0.003876 
-0.034088 0.005676 
-0.035156 0.006256 
-0.035034 0.006409 
-0.033905 0.005920 
-0.031830 0.004944 
-0.029175 0.003265 
-0.025543 0.002380 
-0.021851 0.001465 
-0.017487 0.001007 
-0.011841 0.001190 
-0.006897 0.001587 
-0.002686 0.002777 
0.000397 0.004456 
0.003662 0.007080 
0.006592 0.009247 
0.008942 0.011017 
0.009918 0.014160 
0.009399 0.017120 
0.009613 0.018982 
0.008759 0.021118 
0.007294 0.022308 
0.006287 0.023743 
0.005157 0.024292 
0.003967 0.023804 
0.003876 0.024017 
0.004364 0.022827 
0.004425 0.021545 
0.005920 0.019714 
0.007965 0.017822 
0.010284 0.015808 
0.012909 0.013428 
0.015350 0.011658 
0.018250 0.009399 
0.020721 0.007660 
0.023102 0.006073 
0.025208 0.004517 
0.026459 0.002502 
0.026978 0.001068 
0.026703 -0.000183 
0.025543 -0.002075 
0.024506 -0.003265 
0.023071 -0.005493 
0.019989 -0.007263 
0.017761 -0.008942 
0.015228 -0.011566 
0.012573 -0.013123 
0.010468 -0.015442 
0.007660 -0.018097 
0.005676 -0.020203 
0.002808 -0.022247 
0.000885 -0.023315 
-0.000641 -0.024658 
-0.003235 -0.025177 
-0.004456 -0.025269 
-0.005798 -0.025146 
-0.007446 -0.023651 
-0.008881 -0.021851 
-0.009827 -0.019226 
-0.011200 -0.016357 
-0.012848 -0.012695 
-0.014221 -0.008606 
-0.016296 -0.004547 
-0.017303 0.000519 
-0.018494 0.004944 
-0.020782 0.009216 
-0.021515 0.014130 
-0.021515 0.018188 
-0.022186 0.021088 
-0.022278 0.023865 
-0.021484 0.025787 
-0.019623 0.026276 
-0.017273 0.026306 
-0.014862 0.025055 
-0.011444 0.022797 
-0.007812 0.019806 
-0.003723 0.015503 
0.001373 0.011719 
0.005280 0.006775 
0.009003 0.001068 
0.013275 -0.003754 
0.016998 -0.009613 
0.020081 -0.014618 
0.021729 -0.018982 
0.024139 -0.023407 
0.025085 -0.026917 
0.024902 -0.029266 
0.024811 -0.030579 
0.022888 -0.030426 
0.020599 -0.029633 
0.016510 -0.028381 
0.011688 -0.025024 
0.006897 -0.022003 
0.001892 -0.018799 
-0.003723 -0.014069 
-0.009003 -0.009338 
-0.013763 -0.005432 
-0.019531 -0.001740 
-0.023651 0.001831 
-0.027008 0.003937 
-0.029633 0.005981 
-0.031586 0.007172 
-0.032715 0.007019 
-0.032593 0.006409 
-0.031738 0.005951 
-0.029419 0.004974 
-0.026642 0.004089 
-0.023224 0.003448 
-0.019531 0.001953 
-0.015198 0.001892 
-0.009949 0.002533 
-0.005219 0.003418 
-0.001251 0.004364 
0.002655 0.006256 
0.005554 0.008850 
0.007538 0.010986 
0.009369 0.013397 
0.009949 0.015747 
0.009766 0.018402 
0.008850 0.020203 
0.008362 0.022125 
0.007385 0.023407 
0.005219 0.024231 
0.004211 0.025208 
0.003540 0.024811 
0.003204 0.024292 
0.003967 0.023315 
0.004333 0.022400 
0.005463 0.020966 
0.008362 0.018738 
0.010681 0.016754 
0.013184 0.014984 
0.016174 0.013397 
0.018402 0.010956 
0.021179 0.008942 
0.023651 0.007568 
0.024200 0.005463 
0.024872 0.004486 
0.025513 0.003418 
0.024841 0.001129 
0.024170 0.000031 
0.022736 -0.001770 
0.020325 -0.003998 
0.019257 -0.006104 
0.017303 -0.009277 
0.014282 -0.011475 
0.012299 -0.013733 
0.009613 -0.016479 
0.007385 -0.018921 
0.005432 -0.021332 
0.002808 -0.023376 
0.001068 -0.024811 
-0.000427 -0.026123 
-0.001892 -0.027283 
-0.003448 -0.027008 
-0.005035 -0.026489 
-0.006714 -0.026123 
-0.008698 -0.024323 
-0.010132 -0.021393 
-0.011139 -0.018005 
-0.012665 -0.014343 
-0.014557 -0.010101 
-0.016937 -0.005402 
-0.018707 -0.000793 
-0.020172 0.003815 
-0.022034 0.008759 
-0.022491 0.013245 
-0.023560 0.017120 
-0.023956 0.020447 
-0.023163 0.022583 
-0.022858 0.024628 
-0.020935 0.025818 
-0.018555 0.025116 
-0.015656 0.023743 
-0.011597 0.021393 
-0.008240 0.018494 
-0.004730 0.014832 
0.000275 0.010071 
0.004791 0.005005 
0.008972 -0.000610 
0.013153 -0.006378 
0.016907 -0.011810 
0.020081 -0.016846 
0.022583 -0.021667 
0.024811 -0.025269 
0.025177 -0.027924 
0.025513 -0.030396 
0.024597 -0.032013 
0.022339 -0.032104 
0.020416 -0.031464 
0.016510 -0.030090 
0.012177 -0.026306 
0.007385 -0.022888 
0.001801 -0.019226 
-0.003571 -0.014435 
-0.008728 -0.010925 
-0.014130 -0.006836 
-0.018738 -0.002808 
-0.022217 -0.000092 
-0.026917 0.001984 
-0.030121 0.003387 
-0.031342 0.004242 
-0.032379 0.004456 
-0.031525 0.003418 
-0.030090 0.002594 
-0.028015 0.002441 
-0.024658 0.001343 
-0.021240 0.000916 
-0.016785 0.001038 
-0.012238 0.001495 
-0.007996 0.002197 
-0.003784 0.003357 
0.000061 0.005280 
0.003082 0.006592 
0.005493 0.009308 
0.008087 0.011841 
0.009094 0.013641 
0.009064 0.015900 
0.009094 0.017029 
0.008209 0.019623 
0.006989 0.021790 
0.005859 0.022552 
0.004364 0.024292 
0.003571 0.024689 
0.002747 0.024567 
0.002838 0.024200 
0.004486 0.022858 
0.005219 0.021576 
0.007477 0.020294 
0.010162 0.019196 
0.012390 0.017303 
0.015472 0.015686 
0.017609 0.014252 
0.019897 0.011963 
0.022614 0.010803 
0.023529 0.009857 
0.024139 0.008148 
0.025818 0.006561 
0.026245 0.005554 
0.025604 0.004150 
0.024384 0.001801 
0.023224 0.000000 
0.021637 -0.001617 
0.019379 -0.003693 
0.017426 -0.006470 
0.015381 -0.009216 
0.013519 -0.011597 
0.010559 -0.014191 
0.008820 -0.016479 
0.006744 -0.019226 
0.003906 -0.021454 
0.002716 -0.023315 
0.000885 -0.024597 
-0.000122 -0.024750 
-0.002197 -0.025879 
-0.004425 -0.025208 
-0.004822 -0.023376 
-0.006866 -0.022583 
-0.009033 -0.019745 
-0.010925 -0.016144 
-0.013123 -0.012543 
-0.014954 -0.008453 
-0.016937 -0.004669 
-0.019226 0.000458 
-0.021484 0.005463 
-0.022583 0.010101 
-0.023651 0.014801 
-0.024933 0.018250 
-0.025146 0.021454 
-0.024597 0.023926 
-0.023407 0.025940 
-0.021912 0.026794 
-0.019897 0.026276 
-0.016968 0.024902 
-0.013275 0.021942 
-0.009613 0.019379 
-0.005371 0.015411 
-0.000671 0.010040 
0.003479 0.005524 
0.007751 0.000000 
0.012115 -0.006409 
0.016083 -0.011597 
0.019318 -0.016144 
0.021942 -0.021179 
0.024292 -0.025024 
0.024902 -0.028564 
0.024536 -0.030853 
0.024475 -0.031372 
0.021759 -0.031616 
0.017975 -0.030090 
0.014679 -0.027893 
0.010345 -0.024689 
0.005829 -0.019989 
0.000336 -0.016235 
-0.005035 -0.012756 
-0.010681 -0.008759 
-0.016418 -0.005646 
-0.020874 -0.002228 
-0.025024 0.000122 
-0.028778 0.000916 
-0.031616 0.002350 
-0.032745 0.002441 
-0.033478 0.002197 
-0.032776 0.001648 
-0.031281 0.000427 
-0.029449 0.000519 
-0.025421 0.000214 
-0.021149 -0.000061 
-0.017303 0.000244 
-0.013000 0.001038 
-0.008759 0.002228 
-0.004608 0.003357 
-0.001068 0.004944 
0.001221 0.006592 
0.003876 0.008942 
0.005676 0.011627 
0.006256 0.014130 
0.006409 0.016357 
0.005920 0.018188 
0.004944 0.020203 
0.003265 0.022003 
0.002380 0.023010 
0.001465 0.023285 
0.001007 0.023804 
0.001190 0.024200 
0.001587 0.023499 
0.002777 0.022308 
0.004456 0.020874 
0.007080 0.019073 
0.009247 0.017639 
0.011017 0.016296 
0.014160 0.014740 
0.017120 0.013641 
0.018982 0.011841 
0.021118 0.010681 
0.022308 0.010040 
0.023743 0.008545 
0.024292 0.007477 
0.023804 0.005829 
0.024017 0.004364 
0.022827 0.002258 
0.021545 -0.000488 
0.019714 -0.002289 
0.017822 -0.005035 
0.015808 -0.007660 
0.013428 -0.010162 
0.011658 -0.013184 
0.009399 -0.015839 
0.007660 -0.018524 
0.006073 -0.021027 
0.004517 -0.023376 
0.002502 -0.025452 
0.001068 -0.026794 
-0.000183 -0.027618 
-0.002075 -0.027679 
-0.003265 -0.026642 
-0.005493 -0.025146 
-0.007263 -0.023407 
-0.008942 -0.021088 
-0.011566 -0.017578 
-0.013123 -0.013397 
-0.015442 -0.009033 
-0.018097 -0.004120 
-0.020203 0.000610 
-0.022247 0.004974 
-0.023315 0.009399 
-0.024658 0.013977 
-0.025177 0.017944 
-0.025269 0.021088 
-0.025146 0.023773 
-0.023651 0.025391 
-0.021851 0.025787 
-0.019226 0.024506 
-0.016357 0.023315 
-0.012695 0.021088 
-0.008606 0.017029 
-0.004547 0.013611 
0.000519 0.009064 
0.004944 0.004089 
0.009216 -0.001831 
0.014130 -0.007751 
0.018188 -0.012970 
0.021088 -0.018646 
0.023865 -0.022614 
0.025787 -0.026825 
0.026276 -0.029572 
0.026306 -0.031158 
0.025055 -0.031769 
0.022797 -0.030884 
0.019806 -0.029846 
0.015503 -0.026611 
0.011719 -0.023346 
0.006775 -0.019409 
0.001068 -0.015259 
-0.003754 -0.011841 
-0.009613 -0.008209 
-0.014618 -0.005829 
-0.018982 -0.003387 
-0.023407 -0.001282 
-0.026917 -0.000275 
-0.029266 0.000580 
-0.030579 0.001251 
-0.030426 0.000946 
-0.029633 0.000275 
-0.028381 -0.000183 
-0.025024 -0.000214 
-0.022003 -0.000763 
-0.018799 -0.000916 
-0.014069 -0.000580 
-0.009338 -0.000061 
-0.005432 0.001465 
-0.001740 0.002014 
0.001831 0.003876 
0.003937 0.006805 
0.005981 0.008636 
0.007172 0.010742 
0.007019 0.013428 
0.006409 0.016235 
0.005951 0.018158 
0.004974 0.019653 
0.004089 0.021210 
0.003448 0.022217 
0.001953 0.022217 
0.001892 0.022644 
0.002533 0.022675 
0.003418 0.021698 
0.004364 0.020874 
0.006256 0.019775 
0.008850 0.018188 
0.010986 0.016968 
0.013397 0.016388 
0.015747 0.015198 
0.018402 0.014130 
0.020203 0.013245 
0.022125 0.012177 
0.023407 0.010956 
0.024231 0.009491 
0.025208 0.008087 
0.024811 0.006622 
0.024292 0.005035 
0.023315 0.003143 
0.022400 0.001038 
0.020966 -0.001160 
0.018738 -0.003571 
0.016754 -0.006683 
0.014984 -0.009552 
0.013397 -0.012146 
0.010956 -0.014801 
0.008942 -0.017792 
0.007568 -0.020660 
0.005463 -0.023682 
0.004486 -0.025543 
0.003418 -0.026154 
0.001129 -0.027588 
0.000031 -0.027313 
-0.001770 -0.027039 
-0.003998 -0.025665 
-0.006104 -0.023438 
-0.009277 -0.020966 
-0.011475 -0.016968 
-0.013733 -0.013428 
-0.016479 -0.008606 
-0.018921 -0.004089 
-0.021332 0.000916 
-0.023376 0.006165 
-0.024811 0.011139 
-0.026123 0.015320 
-0.027283 0.018677 
-0.027008 0.022522 
-0.026489 0.023590 
-0.026123 0.025116 
-0.024323 0.026306 
-0.021393 0.025696 
-0.018005 0.024109 
-0.014343 0.021759 
-0.010101 0.018738 
-0.005402 0.013947 
-0.000793 0.009155 
0.003815 0.003357 
0.008759 -0.002747 
0.013245 -0.008636 
0.017120 -0.014221 
0.020447 -0.019196 
0.022583 -0.024475 
0.024628 -0.027740 
0.025818 -0.029419 
0.025116 -0.030914 
0.023743 -0.030823 
0.021393 -0.029510 
0.018494 -0.027771 
0.014832 -0.024750 
0.010071 -0.021454 
0.005005 -0.018280 
-0.000610 -0.014557 
-0.006378 -0.011047 
-0.011810 -0.008270 
-0.016846 -0.005310 
-0.021667 -0.003174 
-0.025269 -0.001953 
-0.027924 -0.000610 
-0.030396 0.000061 
-0.032013 0.000610 
-0.032104 0.000305 
-0.031464 -0.000641 
-0.030090 -0.000488 
-0.026306 -0.000305 
-0.022888 -0.000977 
-0.019226 -0.000397 
-0.014435 0.000366 
-0.010925 0.000153 
-0.006836 0.001556 
-0.002808 0.003235 
-0.000092 0.004761 
0.001984 0.006653 
0.003387 0.008911 
0.004242 0.011353 
0.004456 0.013428 
0.003418 0.016083 
0.002594 0.018036 
0.002441 0.019501 
0.001343 0.021057 
0.000916 0.021942 
0.001038 0.022614 
0.001495 0.022125 
0.002197 0.021637 
0.003357 0.021454 
0.005280 0.020508 
0.006592 0.019531 
0.009308 0.017792 
0.011841 0.017456 
0.013641 0.016907 
0.015900 0.015259 
0.017029 0.014526 
0.019623 0.013580 
0.021790 0.012909 
0.022552 0.012177 
0.024292 0.010834 
0.024689 0.008972 
0.024567 0.007935 
0.024200 0.006287 
0.022858 0.004333 
0.021576 0.002869 
0.020294 -0.000153 
0.019196 -0.002380 
0.017303 -0.004944 
0.015686 -0.008759 
0.014252 -0.011871 
0.011963 -0.014557 
0.010803 -0.017853 
0.009857 -0.020660 
0.008148 -0.023102 
0.006561 -0.025299 
0.005554 -0.026337 
0.004150 -0.027344 
0.001801 -0.027252 
0.000000 -0.026459 
-0.001617 -0.025055 
-0.003693 -0.023071 
-0.006470 -0.019745 
-0.009216 -0.015381 
-0.011597 -0.011688 
-0.014191 -0.007507 
-0.016479 -0.002991 
-0.019226 0.001831 
-0.021454 0.006500 
-0.023315 0.011444 
-0.024597 0.016205 
-0.024750 0.019592 
-0.025879 0.022766 
-0.025208 0.025513 
-0.023376 0.026581 
-0.022583 0.027222 
-0.019745 0.027069 
-0.016144 0.024536 
-0.012543 0.021942 
-0.008453 0.018616 
-0.004669 0.013947 
0.000458 0.008484 
0.005463 0.002350 
0.010101 -0.003632 
0.014801 -0.009338 
0.018250 -0.014465 
0.021454 -0.019409 
0.023926 -0.023193 
0.025940 -0.026001 
0.026794 -0.028229 
0.026276 -0.028809 
0.024902 -0.028290 
0.021942 -0.027374 
0.019379 -0.025391 
0.015411 -0.022949 
0.010040 -0.020386 
0.005524 -0.016663 
0.000000 -0.013306 
-0.006409 -0.009979 
-0.011597 -0.007324 
-0.016144 -0.005035 
-0.021179 -0.002930 
-0.025024 -0.002625 
-0.028564 -0.001495 
-0.030853 -0.000702 
-0.031372 -0.000305 
-0.031616 0.000061 
-0.030090 -0.000580 
-0.027893 -0.000641 
-0.024689 -0.000580 
-0.019989 -0.000610 
-0.016235 -0.000793 
-0.012756 0.000214 
-0.008759 0.001312 
-0.005646 0.001709 
-0.002228 0.003784 
0.000122 0.005859 
0.000916 0.008057 
0.002350 0.010620 
0.002441 0.012268 
0.002197 0.014160 
0.001648 0.016541 
0.000427 0.018005 
0.000519 0.018890 
0.000214 0.019989 
-0.000061 0.020294 
0.000244 0.020538 
0.001038 0.020569 
0.002228 0.020630 
0.003357 0.020111 
0.004944 0.019196 
0.006592 0.019165 
0.008942 0.017944 
0.011627 0.017181 
0.014130 0.017059 
0.016357 0.015991 
0.018188 0.014954 
0.020203 0.014130 
0.022003 0.013916 
0.023010 0.013519 
0.023285 0.012421 
0.023804 0.010620 
0.024200 0.009399 
0.023499 0.008301 
0.022308 0.005524 
0.020874 0.003052 
0.019073 0.000397 
0.017639 -0.002533 
0.016296 -0.005585 
0.014740 -0.009369 
0.013641 -0.012512 
0.011841 -0.015564 
0.010681 -0.018951 
0.010040 -0.021942 
0.008545 -0.024384 
0.007477 -0.027191 
0.005829 -0.028351 
0.004364 -0.028595 
0.002258 -0.029083 
-0.000488 -0.027893 
-0.002289 -0.026245 
-0.005035 -0.023804 
-0.007660 -0.020844 
-0.010162 -0.017059 
-0.013184 -0.013397 
-0.015839 -0.008606 
-0.018524 -0.003204 
-0.021027 0.001068 
-0.023376 0.006500 
-0.025452 0.011017 
-0.026794 0.015503 
-0.027618 0.019379 
-0.027679 0.022461 
-0.026642 0.025116 
-0.025146 0.026703 
-0.023407 0.026794 
-0.021088 0.025482 
-0.017578 0.024200 
-0.013397 0.021057 
-0.009033 0.017151 
-0.004120 0.012238 
0.000610 0.006897 
0.004974 0.000916 
0.009399 -0.004974 
0.013977 -0.010254 
0.017944 -0.015778 
0.021088 -0.020233 
0.023773 -0.024170 
0.025391 -0.026062 
0.025787 -0.027893 
0.024506 -0.028198 
0.023315 -0.027252 
0.021088 -0.026337 
0.017029 -0.023499 
0.013611 -0.021332 
0.009064 -0.019135 
0.004089 -0.015991 
-0.001831 -0.012817 
-0.007751 -0.010101 
-0.012970 -0.007996 
-0.018646 -0.006378 
-0.022614 -0.004456 
-0.026825 -0.003387 
-0.029572 -0.002716 
-0.031158 -0.002319 
-0.031769 -0.002838 
-0.030884 -0.002899 
-0.029846 -0.003540 
-0.026611 -0.003448 
-0.023346 -0.003265 
-0.019409 -0.003082 
-0.015259 -0.002899 
-0.011841 -0.002502 
-0.008209 -0.001434 
-0.005829 0.000427 
-0.003387 0.002747 
-0.001282 0.004486 
-0.000275 0.007355 
0.000580 0.009186 
0.001251 0.011017 
0.000946 0.012878 
0.000275 0.014679 
-0.000183 0.016632 
-0.000214 0.016998 
-0.000763 0.018341 
-0.000916 0.019165 
-0.000580 0.018890 
-0.000061 0.019531 
0.001465 0.019409 
0.002014 0.018372 
0.003876 0.018372 
0.006805 0.017517 
0.008636 0.017181 
0.010742 0.016632 
0.013428 0.015533 
0.016235 0.016174 
0.018158 0.015350 
0.019653 0.015076 
0.021210 0.014435 
0.022217 0.013275 
0.022217 0.012787 
0.022644 0.011536 
0.022675 0.009979 
0.021698 0.007965 
0.020874 0.006500 
0.019775 0.004059 
0.018188 0.000854 
0.016968 -0.001862 
0.016388 -0.004669 
0.015198 -0.008240 
0.014130 -0.011566 
0.013245 -0.014984 
0.012177 -0.018677 
0.010956 -0.021454 
0.009491 -0.024200 
0.008087 -0.026276 
0.006622 -0.027405 
0.005035 -0.027710 
0.003143 -0.027649 
0.001038 -0.026733 
-0.001160 -0.025146 
-0.003571 -0.022583 
-0.006683 -0.019348 
-0.009552 -0.016663 
-0.012146 -0.011871 
-0.014801 -0.006592 
-0.017792 -0.002228 
-0.020660 0.002472 
-0.023682 0.007690 
-0.025543 0.012665 
-0.026154 0.017517 
-0.027588 0.021698 
-0.027313 0.024231 
-0.027039 0.026978 
-0.025665 0.028503 
-0.023438 0.028564 
-0.020966 0.027161 
-0.016968 0.024780 
-0.013428 0.021881 
-0.008606 0.017456 
-0.004089 0.013062 
0.000916 0.007263 
0.006165 0.001099 
0.011139 -0.004364 
0.015320 -0.010345 
0.018677 -0.015350 
0.022522 -0.019165 
0.023590 -0.022186 
0.025116 -0.024414 
0.026306 -0.025604 
0.025696 -0.025757 
0.024109 -0.024872 
0.021759 -0.024200 
0.018738 -0.022278 
0.013947 -0.018982 
0.009155 -0.016998 
0.003357 -0.014618 
-0.002747 -0.011993 
-0.008636 -0.009125 
-0.014221 -0.006927 
-0.019196 -0.005524 
-0.024475 -0.003510 
-0.027740 -0.002686 
-0.029419 -0.002136 
-0.030914 -0.001526 
-0.030823 -0.002014 
-0.029510 -0.001923 
-0.027771 -0.002472 
-0.024750 -0.002808 
-0.021454 -0.001770 
-0.018280 -0.002075 
-0.014557 -0.001495 
-0.011047 0.000122 
-0.008270 0.001282 
-0.005310 0.002594 
-0.003174 0.003784 
-0.001953 0.005920 
-0.000610 0.008270 
0.000061 0.010010 
0.000610 0.011780 
0.000305 0.014008 
-0.000641 0.015167 
-0.000488 0.015900 
-0.000305 0.017120 
-0.000977 0.018036 
-0.000397 0.018707 
0.000366 0.018860 
0.000153 0.018829 
0.001556 0.018188 
0.003235 0.017975 
0.004761 0.017273 
0.006653 0.017242 
0.008911 0.017456 
0.011353 0.016541 
0.013428 0.016449 
0.016083 0.016083 
0.018036 0.015930 
0.019501 0.015228 
0.021057 0.014984 
0.021942 0.014862 
0.022614 0.013153 
0.022125 0.011902 
0.021637 0.010681 
0.021454 0.008698 
0.020508 0.006470 
0.019531 0.004333 
0.017792 0.001495 
0.017456 -0.001648 
0.016907 -0.005096 
0.015259 -0.009247 
0.014526 -0.013306 
0.013580 -0.016449 
0.012909 -0.019440 
0.012177 -0.022430 
0.010834 -0.024811 
0.008972 -0.027161 
0.007935 -0.028412 
0.006287 -0.028748 
0.004333 -0.029083 
0.002869 -0.028259 
-0.000153 -0.026733 
-0.002380 -0.024567 
-0.004944 -0.021118 
-0.008759 -0.018127 
-0.011871 -0.013763 
-0.014557 -0.008759 
-0.017853 -0.004211 
-0.020660 0.001831 
-0.023102 0.006775 
-0.025299 0.012054 
-0.026337 0.016632 
-0.027344 0.020416 
-0.027252 0.023743 
-0.026459 0.025421 
-0.025055 0.027374 
-0.023071 0.027039 
-0.019745 0.025818 
-0.015381 0.023956 
-0.011688 0.019653 
-0.007507 0.014526 
-0.002991 0.009949 
0.001831 0.004364 
0.006500 -0.001709 
0.011444 -0.006287 
0.016205 -0.011749 
0.019592 -0.016418 
0.022766 -0.019562 
0.025513 -0.022705 
0.026581 -0.024689 
0.027222 -0.025299 
0.027069 -0.025421 
0.024536 -0.024078 
0.021942 -0.022430 
0.018616 -0.020721 
0.013947 -0.018188 
0.008484 -0.017151 
0.002350 -0.014282 
-0.003632 -0.011169 
-0.009338 -0.009552 
-0.014465 -0.007599 
-0.019409 -0.006317 
-0.023193 -0.004822 
-0.026001 -0.004364 
-0.028229 -0.003937 
-0.028809 -0.003632 
-0.028290 -0.003693 
-0.027374 -0.003296 
-0.025391 -0.003632 
-0.022949 -0.003448 
-0.020386 -0.002777 
-0.016663 -0.002625 
-0.013306 -0.001434 
-0.009979 0.000000 
-0.007324 0.001007 
-0.005035 0.003174 
-0.002930 0.004120 
-0.002625 0.005676 
-0.001495 0.008423 
-0.000702 0.009888 
-0.000305 0.011810 
0.000061 0.013672 
-0.000580 0.015503 
-0.000641 0.016418 
-0.000580 0.017181 
-0.000610 0.017975 
-0.000793 0.017883 
0.000214 0.018280 
0.001312 0.018127 
0.001709 0.018005 
0.003784 0.018280 
0.005859 0.018005 
0.008057 0.017578 
0.010620 0.017578 
0.012268 0.017273 
0.014160 0.017487 
0.016541 0.017975 
0.018005 0.017212 
0.018890 0.017303 
0.019989 0.017120 
0.020294 0.016479 
0.020538 0.015900 
0.020569 0.014343 
0.020630 0.012421 
0.020111 0.010834 
0.019196 0.008789 
0.019165 0.005371 
0.017944 0.002686 
0.017181 -0.000580 
0.017059 -0.004669 
0.015991 -0.007996 
0.014954 -0.012421 
0.014130 -0.016052 
0.013916 -0.018921 
0.013519 -0.022186 
0.012421 -0.024445 
0.010620 -0.026337 
0.009399 -0.027649 
0.008301 -0.028137 
0.005524 -0.028198 
0.003052 -0.027222 
0.000397 -0.025330 
-0.002533 -0.023193 
-0.005585 -0.020477 
-0.009369 -0.016846 
-0.012512 -0.012543 
-0.015564 -0.006927 
-0.018951 -0.001862 
-0.021942 0.003052 
-0.024384 0.009277 
-0.027191 0.014221 
-0.028351 0.018555 
-0.028595 0.022675 
-0.029083 0.025726 
-0.027893 0.027618 
-0.026245 0.028290 
-0.023804 0.027863 
-0.020844 0.025543 
-0.017059 0.022522 
-0.013397 0.018738 
-0.008606 0.013733 
-0.003204 0.008423 
0.001068 0.003174 
0.006500 -0.002136 
0.011017 -0.007233 
0.015503 -0.011932 
0.019379 -0.016174 
0.022461 -0.019135 
0.025116 -0.021301 
0.026703 -0.022980 
0.026794 -0.023529 
0.025482 -0.023804 
0.024200 -0.023010 
0.021057 -0.021271 
0.017151 -0.019714 
0.012238 -0.018036 
0.006897 -0.016083 
0.000916 -0.012817 
-0.004974 -0.010712 
-0.010254 -0.009155 
-0.015778 -0.007141 
-0.020233 -0.006561 
-0.024170 -0.004944 
-0.026062 -0.004852 
-0.027893 -0.004761 
-0.028198 -0.004456 
-0.027252 -0.005066 
-0.026337 -0.005035 
-0.023499 -0.005463 
-0.021332 -0.003723 
-0.019135 -0.002960 
-0.015991 -0.002869 
-0.012817 -0.001709 
-0.010101 -0.000885 
-0.007996 0.001068 
-0.006378 0.003052 
-0.004456 0.004822 
-0.003387 0.006561 
-0.002716 0.008911 
-0.002319 0.010437 
-0.002838 0.011810 
-0.002899 0.013885 
-0.003540 0.014893 
-0.003448 0.015472 
-0.003265 0.015869 
-0.003082 0.016418 
-0.002899 0.017212 
-0.002502 0.017578 
-0.001434 0.017548 
0.000427 0.017181 
0.002747 0.017578 
0.004486 0.017731 
0.007355 0.017029 
0.009186 0.017700 
0.011017 0.017395 
0.012878 0.016968 
0.014679 0.017426 
0.016632 0.017120 
0.016998 0.017273 
0.018341 0.016846 
0.019165 0.016541 
0.018890 0.015900 
0.019531 0.014496 
0.019409 0.013245 
0.018372 0.011292 
0.018372 0.008514 
0.017517 0.005524 
0.017181 0.002075 
0.016632 -0.001801 
0.015533 -0.005646 
0.016174 -0.009705 
0.015350 -0.013336 
0.015076 -0.016815 
0.014435 -0.020111 
0.013275 -0.022980 
0.012787 -0.025269 
0.011536 -0.027435 
0.009979 -0.029388 
0.007965 -0.029602 
0.006500 -0.029541 
0.004059 -0.029510 
0.000854 -0.027374 
-0.001862 -0.024445 
-0.004669 -0.021729 
-0.008240 -0.017670 
-0.011566 -0.013092 
-0.014984 -0.008057 
-0.018677 -0.002594 
-0.021454 0.003540 
-0.024200 0.009430 
-0.026276 0.014221 
-0.027405 0.019135 
-0.027710 0.022858 
-0.027649 0.025665 
-0.026733 0.027069 
-0.025146 0.027527 
-0.022583 0.026428 
-0.019348 0.024048 
-0.016663 0.021271 
-0.011871 0.017181 
-0.006592 0.012268 
-0.002228 0.007141 
0.002472 0.002380 
0.007690 -0.003052 
0.012665 -0.007721 
0.017517 -0.012024 
0.021698 -0.015991 
0.024231 -0.019440 
0.026978 -0.021515 
0.028503 -0.022095 
0.028564 -0.023376 
0.027161 -0.022827 
0.024780 -0.021790 
0.021881 -0.020599 
0.017456 -0.018463 
0.013062 -0.016693 
0.007263 -0.014496 
0.001099 -0.012146 
-0.004364 -0.011230 
-0.010345 -0.009674 
-0.015350 -0.007935 
-0.019165 -0.006653 
-0.022186 -0.005341 
-0.024414 -0.005737 
-0.025604 -0.005249 
-0.025757 -0.005096 
-0.024872 -0.005157 
-0.024200 -0.004913 
-0.022278 -0.004089 
-0.018982 -0.003540 
-0.016998 -0.003479 
-0.014618 -0.001648 
-0.011993 -0.001068 
-0.009125 0.000366 
-0.006927 0.001709 
-0.005524 0.003448 
-0.003510 0.005951 
-0.002686 0.007202 
-0.002136 0.009277 
-0.001526 0.010559 
-0.002014 0.011780 
-0.001923 0.012665 
-0.002472 0.013672 
-0.002808 0.014740 
-0.001770 0.015442 
-0.002075 0.015564 
-0.001495 0.015839 
0.000122 0.016510 
0.001282 0.016266 
0.002594 0.016785 
0.003784 0.016357 
0.005920 0.016052 
0.008270 0.017151 
0.010010 0.017426 
0.011780 0.017395 
0.014008 0.018280 
0.015167 0.018677 
0.015900 0.018188 
0.017120 0.018524 
0.018036 0.018921 
0.018707 0.018677 
0.018860 0.017517 
0.018829 0.015991 
0.018188 0.014374 
0.017975 0.012024 
0.017273 0.009094 
0.017242 0.006500 
0.017456 0.003143 
0.016541 -0.001129 
0.016449 -0.005188 
0.016083 -0.009460 
0.015930 -0.013153 
0.015228 -0.016510 
0.014984 -0.019623 
0.014862 -0.022949 
0.013153 -0.026337 
0.011902 -0.028198 
0.010681 -0.029938 
0.008698 -0.031311 
0.006470 -0.030731 
0.004333 -0.029907 
0.001495 -0.028625 
-0.001648 -0.025909 
-0.005096 -0.022858 
-0.009247 -0.018921 
-0.013306 -0.013702 
-0.016449 -0.008057 
-0.019440 -0.002655 
-0.022430 0.003815 
-0.024811 0.009705 
-0.027161 0.014099 
-0.028412 0.019135 
-0.028748 0.022583 
-0.029083 0.024506 
-0.028259 0.026093 
-0.026733 0.026184 
-0.024567 0.024536 
-0.021118 0.022125 
-0.018127 0.018860 
-0.013763 0.015076 
-0.008759 0.011047 
-0.004211 0.005676 
0.001831 0.000214 
0.006775 -0.004364 
0.012054 -0.008667 
0.016632 -0.013397 
0.020416 -0.016510 
0.023743 -0.019440 
0.025421 -0.022156 
0.027374 -0.022278 
0.027039 -0.022278 
0.025818 -0.021759 
0.023956 -0.020782 
0.019653 -0.019073 
0.014526 -0.017853 
0.009949 -0.016632 
0.004364 -0.014374 
-0.001709 -0.012787 
-0.006287 -0.011139 
-0.011749 -0.010406 
-0.016418 -0.009430 
-0.019562 -0.008698 
-0.022705 -0.007874 
-0.024689 -0.007477 
-0.025299 -0.007568 
-0.025421 -0.006836 
-0.024078 -0.006775 
-0.022430 -0.006012 
-0.020721 -0.005798 
-0.018188 -0.004608 
-0.017151 -0.003357 
-0.014282 -0.002838 
-0.011169 -0.001190 
-0.009552 0.000549 
-0.007599 0.002319 
-0.006317 0.003967 
-0.004822 0.005432 
-0.004364 0.006714 
-0.003937 0.009064 
-0.003632 0.009949 
-0.003693 0.011414 
-0.003296 0.013245 
-0.003632 0.013611 
-0.003448 0.015015 
-0.002777 0.014862 
-0.002625 0.015228 
-0.001434 0.015747 
0.000000 0.016052 
0.001007 0.016510 
0.003174 0.016449 
0.004120 0.016724 
0.005676 0.016785 
0.008423 0.017670 
0.009888 0.017609 
0.011810 0.018097 
0.013672 0.019318 
0.015503 0.019501 
0.016418 0.020294 
0.017181 0.020782 
0.017975 0.019745 
0.017883 0.019958 
0.018280 0.019592 
0.018127 0.016846 
0.018005 0.015137 
0.018280 0.013367 
0.018005 0.010559 
0.017578 0.007263 
0.017578 0.003876 
0.017273 -0.000092 
0.017487 -0.003937 
0.017975 -0.007111 
0.017212 -0.010986 
0.017303 -0.014893 
0.017120 -0.018646 
0.016479 -0.021881 
0.015900 -0.024658 
0.014343 -0.027283 
0.012421 -0.028992 
0.010834 -0.029327 
0.008789 -0.029846 
0.005371 -0.029938 
0.002686 -0.028198 
-0.000580 -0.025208 
-0.004669 -0.021790 
-0.007996 -0.017242 
-0.012421 -0.011200 
-0.016052 -0.005493 
-0.018921 0.000305 
-0.022186 0.006622 
-0.024445 0.012238 
-0.026337 0.016998 
-0.027649 0.021698 
-0.028137 0.024261 
-0.028198 0.025726 
-0.027222 0.027039 
-0.025330 0.026154 
-0.023193 0.025146 
-0.020477 0.022186 
-0.016846 0.018524 
-0.012543 0.015259 
-0.006927 0.010406 
-0.001862 0.005615 
0.003052 0.000305 
0.009277 -0.005096 
0.014221 -0.008850 
0.018555 -0.012268 
0.022675 -0.015594 
0.025726 -0.018097 
0.027618 -0.020264 
0.028290 -0.020935 
0.027863 -0.020874 
0.025543 -0.019989 
0.022522 -0.019409 
0.018738 -0.018646 
0.013733 -0.016479 
0.008423 -0.015076 
0.003174 -0.013763 
-0.002136 -0.012695 
-0.007233 -0.010315 
-0.011932 -0.009277 
-0.016174 -0.009186 
-0.019135 -0.008514 
-0.021301 -0.007568 
-0.022980 -0.006531 
-0.023529 -0.007874 
-0.023804 -0.007477 
-0.023010 -0.006836 
-0.021271 -0.006561 
-0.019714 -0.005493 
-0.018036 -0.005157 
-0.016083 -0.004303 
-0.012817 -0.002777 
-0.010712 -0.001282 
-0.009155 -0.000122 
-0.007141 0.001617 
-0.006561 0.003204 
-0.004944 0.005035 
-0.004852 0.006866 
-0.004761 0.008362 
-0.004456 0.009369 
-0.005066 0.010315 
-0.005035 0.011414 
-0.005463 0.012390 
-0.003723 0.013153 
-0.002960 0.013000 
-0.002869 0.013611 
-0.001709 0.013977 
-0.000885 0.013855 
0.001068 0.014130 
0.003052 0.014923 
0.004822 0.015442 
0.006561 0.015778 
0.008911 0.016724 
0.010437 0.017242 
0.011810 0.018066 
0.013885 0.018707 
0.014893 0.019470 
0.015472 0.019867 
0.015869 0.019745 
0.016418 0.019287 
0.017212 0.018951 
0.017578 0.018494 
0.017548 0.016144 
0.017181 0.014404 
0.017578 0.012329 
0.017731 0.009003 
0.017029 0.006317 
0.017700 0.002686 
0.017395 -0.001129 
0.016968 -0.004913 
0.017426 -0.008881 
0.017120 -0.012634 
0.017273 -0.016663 
0.016846 -0.020172 
0.016541 -0.023468 
0.015900 -0.026520 
0.014496 -0.029266 
0.013245 -0.031006 
0.011292 -0.032471 
0.008514 -0.033020 
0.005524 -0.031769 
0.002075 -0.030334 
-0.001801 -0.027222 
-0.005646 -0.023529 
-0.009705 -0.018036 
-0.013336 -0.012329 
-0.016815 -0.006531 
-0.020111 0.000397 
-0.022980 0.006012 
-0.025269 0.011597 
-0.027435 0.015930 
-0.029388 0.020416 
-0.029602 0.023376 
-0.029541 0.025085 
-0.029510 0.025726 
-0.027374 0.024719 
-0.024445 0.023926 
-0.021729 0.020691 
-0.017670 0.017090 
-0.013092 0.012604 
-0.008057 0.008179 
-0.002594 0.003418 
0.003540 -0.001251 
0.009430 -0.005035 
0.014221 -0.009827 
0.019135 -0.013031 
0.022858 -0.016113 
0.025665 -0.018494 
0.027069 -0.019684 
0.027527 -0.019867 
0.026428 -0.019897 
0.024048 -0.020081 
0.021271 -0.019104 
0.017181 -0.018524 
0.012268 -0.016602 
0.007141 -0.015320 
0.002380 -0.013824 
-0.003052 -0.011383 
-0.007721 -0.011597 
-0.012024 -0.010620 
-0.015991 -0.009094 
-0.019440 -0.009216 
-0.021515 -0.009003 
-0.022095 -0.008728 
-0.023376 -0.008392 
-0.022827 -0.008331 
-0.021790 -0.007812 
-0.020599 -0.006622 
-0.018463 -0.006165 
-0.016693 -0.005371 
-0.014496 -0.003754 
-0.012146 -0.002869 
-0.011230 -0.000977 
-0.009674 0.000793 
-0.007935 0.001556 
-0.006653 0.004272 
-0.005341 0.005859 
-0.005737 0.006470 
-0.005249 0.008118 
-0.005096 0.009735 
-0.005157 0.010956 
-0.004913 0.012238 
-0.004089 0.012909 
-0.003540 0.012573 
-0.003479 0.013184 
-0.001648 0.013062 
-0.001068 0.013611 
0.000366 0.014069 
0.001709 0.013977 
0.003448 0.014893 
0.005951 0.015472 
0.007202 0.016815 
0.009277 0.017273 
0.010559 0.018036 
0.011780 0.019531 
0.012665 0.020538 
0.013672 0.020935 
0.014740 0.021820 
0.015442 0.022827 
0.015564 0.021667 
0.015839 0.021484 
0.016510 0.021362 
0.016266 0.019470 
0.016785 0.017059 
0.016357 0.014313 
0.016052 0.011200 
0.017151 0.008759 
0.017426 0.005920 
0.017395 0.001190 
0.018280 -0.002502 
0.018677 -0.006439 
0.018188 -0.010925 
0.018524 -0.014557 
0.018921 -0.019165 
0.018677 -0.023224 
0.017517 -0.025635 
0.015991 -0.028931 
0.014374 -0.031403 
0.012024 -0.031799 
0.009094 -0.032135 
0.006500 -0.030853 
0.003143 -0.028656 
-0.001129 -0.025055 
-0.005188 -0.020508 
-0.009460 -0.015839 
-0.013153 -0.009979 
-0.016510 -0.004303 
-0.019623 0.002075 
-0.022949 0.007690 
-0.026337 0.012543 
-0.028198 0.017487 
-0.029938 0.021179 
-0.031311 0.023743 
-0.030731 0.024933 
-0.029907 0.024994 
-0.028625 0.024200 
-0.025909 0.022583 
-0.022858 0.019806 
-0.018921 0.016693 
-0.013702 0.012207 
-0.008057 0.007965 
-0.002655 0.003510 
0.003815 -0.002380 
0.009705 -0.005707 
0.014099 -0.009064 
0.019135 -0.012665 
0.022583 -0.016022 
0.024506 -0.018097 
0.026093 -0.018616 
0.026184 -0.019775 
0.024536 -0.020020 
0.022125 -0.019958 
0.018860 -0.018616 
0.015076 -0.017242 
0.011047 -0.016327 
0.005676 -0.015259 
0.000214 -0.014313 
-0.004364 -0.013092 
-0.008667 -0.012177 
-0.013397 -0.011322 
-0.016510 -0.010925 
-0.019440 -0.010223 
-0.022156 -0.009918 
-0.022278 -0.009186 
-0.022278 -0.009125 
-0.021759 -0.008911 
-0.020782 -0.007812 
-0.019073 -0.007721 
-0.017853 -0.006683 
-0.016632 -0.006287 
-0.014374 -0.005249 
-0.012787 -0.003937 
-0.011139 -0.002502 
-0.010406 -0.000397 
-0.009430 0.000732 
-0.008698 0.002808 
-0.007874 0.004639 
-0.007477 0.006165 
-0.007568 0.007629 
-0.006836 0.008148 
-0.006775 0.009216 
-0.006012 0.010986 
-0.005798 0.010895 
-0.004608 0.010864 
-0.003357 0.011597 
-0.002838 0.011414 
-0.001190 0.011780 
0.000549 0.011780 
0.002319 0.012482 
0.003967 0.013184 
0.005432 0.013702 
0.006714 0.015381 
0.009064 0.016388 
0.009949 0.017426 
0.011414 0.018646 
0.013245 0.019806 
0.013611 0.020935 
0.015015 0.021698 
0.014862 0.021851 
0.015228 0.021698 
0.015747 0.021576 
0.016052 0.020050 
0.016510 0.018494 
0.016449 0.016663 
0.016724 0.014130 
0.016785 0.011871 
0.017670 0.008728 
0.017609 0.005493 
0.018097 0.001740 
0.019318 -0.002655 
0.019501 -0.006683 
0.020294 -0.011139 
0.020782 -0.015839 
0.019745 -0.019897 
0.019958 -0.023651 
0.019592 -0.027161 
0.016846 -0.029816 
0.015137 -0.031982 
0.013367 -0.032593 
0.010559 -0.032074 
0.007263 -0.031036 
0.003876 -0.027863 
-0.000092 -0.024139 
-0.003937 -0.020111 
-0.007111 -0.014740 
-0.010986 -0.008698 
-0.014893 -0.002472 
-0.018646 0.003113 
-0.021881 0.009064 
-0.024658 0.014404 
-0.027283 0.018280 
-0.028992 0.022430 
-0.029327 0.024567 
-0.029846 0.025238 
-0.029938 0.025635 
-0.028198 0.024536 
-0.025208 0.022034 
-0.021790 0.019043 
-0.017242 0.015686 
-0.011200 0.011810 
-0.005493 0.007996 
0.000305 0.003326 
0.006622 -0.000397 
0.012238 -0.004578 
0.016998 -0.007996 
0.021698 -0.010651 
0.024261 -0.013855 
0.025726 -0.014862 
0.027039 -0.016235 
0.026154 -0.016327 
0.025146 -0.016205 
0.022186 -0.015869 
0.018524 -0.015472 
0.015259 -0.015045 
0.010406 -0.013031 
0.005615 -0.013031 
0.000305 -0.012268 
-0.005096 -0.010834 
-0.008850 -0.009827 
-0.012268 -0.010132 
-0.015594 -0.009766 
-0.018097 -0.008545 
-0.020264 -0.008789 
-0.020935 -0.008850 
-0.020874 -0.008759 
-0.019989 -0.008301 
-0.019409 -0.008209 
-0.018646 -0.006989 
-0.016479 -0.006409 
-0.015076 -0.005371 
-0.013763 -0.003906 
-0.012695 -0.002167 
-0.010315 -0.000641 
-0.009277 0.000183 
-0.009186 0.003204 
-0.008514 0.004364 
-0.007568 0.006256 
-0.006531 0.007477 
-0.007874 0.007660 
-0.007477 0.009369 
-0.006836 0.010223 
-0.006561 0.010468 
-0.005493 0.010162 
-0.005157 0.010498 
-0.004303 0.010162 
-0.002777 0.010895 
-0.001282 0.011383 
-0.000122 0.011780 
0.001617 0.012421 
0.003204 0.012726 
0.005035 0.014557 
0.006866 0.015656 
0.008362 0.016998 
0.009369 0.018677 
0.010315 0.019958 
0.011414 0.021027 
0.012390 0.022003 
0.013153 0.022247 
0.013000 0.022308 
0.013611 0.022247 
0.013977 0.021393 
0.013855 0.020477 
0.014130 0.018890 
0.014923 0.016571 
0.015442 0.014404 
0.015778 0.012146 
0.016724 0.008820 
0.017242 0.005280 
0.018066 0.001373 
0.018707 -0.002472 
0.019470 -0.007751 
0.019867 -0.012665 
0.019745 -0.016815 
0.019287 -0.021820 
0.018951 -0.025177 
0.018494 -0.028931 
0.016144 -0.031616 
0.014404 -0.033234 
0.012329 -0.033813 
0.009003 -0.033234 
0.006317 -0.031525 
0.002686 -0.028015 
-0.001129 -0.024719 
-0.004913 -0.020050 
-0.008881 -0.014343 
-0.012634 -0.008606 
-0.016663 -0.002655 
-0.020172 0.004120 
-0.023468 0.009308 
-0.026520 0.014038 
-0.029266 0.018707 
-0.031006 0.021240 
-0.032471 0.023438 
-0.033020 0.024200 
-0.031769 0.024170 
-0.030334 0.022919 
-0.027222 0.020966 
-0.023529 0.018311 
-0.018036 0.014648 
-0.012329 0.010254 
-0.006531 0.005463 
0.000397 0.002319 
0.006012 -0.001251 
0.011597 -0.005493 
0.015930 -0.009155 
0.020416 -0.011780 
0.023376 -0.013611 
0.025085 -0.014862 
0.025726 -0.015869 
0.024719 -0.016907 
0.023926 -0.016846 
0.020691 -0.016327 
0.017090 -0.016266 
0.012604 -0.015503 
0.008179 -0.014771 
0.003418 -0.013550 
-0.001251 -0.012207 
-0.005035 -0.012939 
-0.009827 -0.012024 
-0.013031 -0.011383 
-0.016113 -0.011353 
-0.018494 -0.010376 
-0.019684 -0.010254 
-0.019867 -0.009460 
-0.019897 -0.009460 
-0.020081 -0.008881 
-0.019104 -0.007965 
-0.018524 -0.007629 
-0.016602 -0.006287 
-0.015320 -0.005280 
-0.013824 -0.004425 
-0.011383 -0.002838 
-0.011597 -0.000854 
-0.010620 0.000793 
-0.009094 0.002899 
-0.009216 0.004517 
-0.009003 0.005402 
-0.008728 0.006012 
-0.008392 0.006714 
-0.008331 0.007629 
-0.007812 0.008118 
-0.006622 0.009003 
-0.006165 0.009094 
-0.005371 0.008514 
-0.003754 0.008759 
-0.002869 0.009430 
-0.000977 0.010040 
0.000793 0.010376 
0.001556 0.011230 
0.004272 0.012817 
0.005859 0.014526 
0.006470 0.016418 
0.008118 0.018311 
0.009735 0.019379 
0.010956 0.020050 
0.012238 0.021240 
0.012909 0.021790 
0.012573 0.022430 
0.013184 0.022736 
0.013062 0.022095 
0.013611 0.022217 
0.014069 0.021362 
0.013977 0.020477 
0.014893 0.019165 
0.015472 0.016418 
0.016815 0.013458 
0.017273 0.009766 
0.018036 0.006439 
0.019531 0.002106 
0.020538 -0.003174 
0.020935 -0.007935 
0.021820 -0.013214 
0.022827 -0.018402 
0.021667 -0.022522 
0.021484 -0.026306 
0.021362 -0.029694 
0.019470 -0.032349 
0.017059 -0.033661 
0.014313 -0.033630 
0.011200 -0.033081 
0.008759 -0.030823 
0.005920 -0.027252 
0.001190 -0.022736 
-0.002502 -0.018097 
-0.006439 -0.012634 
-0.010925 -0.006226 
-0.014557 -0.000763 
-0.019165 0.005157 
-0.023224 0.010468 
-0.025635 0.014648 
-0.028931 0.018585 
-0.031403 0.021149 
-0.031799 0.022736 
-0.032135 0.023895 
-0.030853 0.023254 
-0.028656 0.022034 
-0.025055 0.019958 
-0.020508 0.016479 
-0.015839 0.013306 
-0.009979 0.010040 
-0.004303 0.006287 
0.002075 0.001801 
0.007690 -0.001678 
0.012543 -0.005402 
0.017487 -0.009064 
