0.000092 -0.026246 
-0.001953 -0.027680 
-0.003632 -0.029206 
-0.004852 -0.030793 
-0.006867 -0.032563 
-0.009369 -0.034089 
-0.011261 -0.035279 
-0.013367 -0.036439 
-0.015320 -0.037324 
-0.017487 -0.038392 
-0.018983 -0.039003 
-0.020661 -0.039399 
-0.023103 -0.039399 
-0.024781 -0.038911 
-0.026246 -0.039338 
-0.027711 -0.038301 
-0.029267 -0.036775 
-0.030885 -0.036134 
-0.032441 -0.034608 
-0.033418 -0.032289 
-0.034516 -0.030274 
-0.035920 -0.027985 
-0.036256 -0.024934 
-0.037172 -0.021485 
-0.037965 -0.017579 
-0.037812 -0.014771 
-0.037782 -0.011383 
-0.037873 -0.008423 
-0.037629 -0.005036 
-0.036744 -0.001343 
-0.036073 0.000885 
-0.035005 0.004212 
-0.033937 0.006592 
-0.032105 0.009095 
-0.029664 0.011048 
-0.028169 0.012696 
-0.025605 0.014618 
-0.022858 0.014710 
-0.020234 0.015381 
-0.016755 0.015381 
-0.013703 0.015717 
-0.010590 0.016236 
-0.006745 0.015381 
-0.003204 0.015534 
-0.000061 0.015809 
0.002319 0.015931 
0.005097 0.016449 
0.008576 0.016480 
0.010895 0.016694 
0.012909 0.017090 
0.015168 0.017365 
0.016968 0.018159 
0.017701 0.018738 
0.018586 0.018616 
0.019013 0.019654 
0.018372 0.020508 
0.018372 0.020478 
0.018097 0.021149 
0.017670 0.021607 
0.017212 0.022340 
0.017335 0.022401 
0.017335 0.022858 
0.016144 0.023103 
0.016083 0.022248 
0.016480 0.023133 
0.016388 0.023255 
0.017365 0.023438 
0.018403 0.023591 
0.018586 0.022980 
0.019379 0.023072 
0.019868 0.022858 
0.019990 0.022217 
0.020844 0.021516 
0.021668 0.021241 
0.022584 0.020569 
0.023316 0.020478 
0.023377 0.019288 
0.023438 0.018311 
0.023560 0.018677 
0.023530 0.017060 
0.024110 0.016266 
0.024018 0.015534 
0.023377 0.014191 
0.023560 0.013367 
0.023469 0.011780 
0.022919 0.010743 
0.022309 0.009613 
0.021516 0.008362 
0.021241 0.007172 
0.021271 0.005219 
0.020569 0.004120 
0.020600 0.002289 
0.019440 -0.000122 
0.017823 -0.001617 
0.017487 -0.003937 
0.015748 -0.005615 
0.015046 -0.007477 
0.014039 -0.009674 
0.012482 -0.010773 
0.011658 -0.012757 
0.009980 -0.015351 
0.008911 -0.017243 
0.007385 -0.018586 
0.005432 -0.020722 
0.003876 -0.022584 
0.002228 -0.023438 
0.000610 -0.025422 
-0.001221 -0.027375 
-0.002838 -0.028535 
-0.004120 -0.029847 
-0.005982 -0.031770 
-0.008118 -0.032838 
-0.010193 -0.033509 
-0.012177 -0.035585 
-0.014100 -0.036622 
-0.016480 -0.037355 
-0.018372 -0.038362 
-0.020447 -0.038911 
-0.022858 -0.038881 
-0.024415 -0.038636 
-0.025544 -0.039094 
-0.027528 -0.038484 
-0.029359 -0.037324 
-0.030061 -0.035859 
-0.031648 -0.034028 
-0.033326 -0.032014 
-0.034761 -0.029389 
-0.036012 -0.027284 
-0.036714 -0.024293 
-0.037690 -0.020844 
-0.038331 -0.018311 
-0.038270 -0.014924 
-0.038270 -0.011261 
-0.038697 -0.007660 
-0.038331 -0.004059 
-0.037721 -0.001221 
-0.037385 0.002014 
-0.036439 0.005066 
-0.034577 0.006989 
-0.032899 0.009339 
-0.031251 0.011628 
-0.028840 0.012543 
-0.026673 0.013733 
-0.023682 0.014313 
-0.020631 0.014801 
-0.018036 0.016266 
-0.015015 0.016388 
-0.011444 0.016541 
-0.007935 0.016266 
-0.004639 0.016419 
-0.001007 0.016785 
0.002167 0.016541 
0.004975 0.016694 
0.007996 0.016694 
0.010285 0.017396 
0.012360 0.017518 
0.014435 0.017975 
0.015198 0.018036 
0.016297 0.018494 
0.017365 0.019562 
0.017396 0.019379 
0.017884 0.020447 
0.018464 0.021668 
0.018281 0.021821 
0.017243 0.022034 
0.017518 0.023164 
0.016999 0.023591 
0.016327 0.023591 
0.017273 0.023591 
0.017090 0.024110 
0.017151 0.024293 
0.017518 0.024018 
0.017823 0.023988 
0.018433 0.023286 
0.018983 0.023713 
0.019471 0.022736 
0.020234 0.022614 
0.020875 0.022492 
0.021271 0.021455 
0.021943 0.021607 
0.022492 0.020417 
0.023072 0.019990 
0.023499 0.019044 
0.023530 0.018220 
0.023988 0.018281 
0.024232 0.017701 
0.023774 0.016480 
0.023957 0.015290 
0.023713 0.014283 
0.023713 0.012513 
0.023652 0.011719 
0.022645 0.010956 
0.022553 0.009400 
0.021607 0.007447 
0.020844 0.005799 
0.020447 0.004456 
0.020325 0.002686 
0.019379 0.000763 
0.017945 -0.000946 
0.018189 -0.002106 
0.016694 -0.003357 
0.016022 -0.005188 
0.015564 -0.007508 
0.014130 -0.009583 
0.012848 -0.011048 
0.011475 -0.012543 
0.010407 -0.014283 
0.007721 -0.016327 
0.006836 -0.018769 
0.005707 -0.020997 
0.003571 -0.023225 
0.002014 -0.024689 
-0.000702 -0.026215 
-0.001953 -0.028504 
-0.003540 -0.029725 
-0.005371 -0.031373 
-0.007477 -0.032716 
-0.009430 -0.033357 
-0.010773 -0.034700 
-0.012818 -0.036348 
-0.014557 -0.037294 
-0.016907 -0.037873 
-0.018738 -0.038759 
-0.020783 -0.038667 
-0.022309 -0.039369 
-0.024018 -0.039888 
-0.025971 -0.038911 
-0.027100 -0.039003 
-0.029939 -0.038087 
-0.031037 -0.036317 
-0.032044 -0.034516 
-0.034089 -0.032044 
-0.035310 -0.030580 
-0.036409 -0.027589 
-0.036927 -0.024659 
-0.038240 -0.021821 
-0.038881 -0.017975 
-0.039247 -0.015412 
-0.039155 -0.011231 
-0.038820 -0.007385 
-0.039308 -0.004456 
-0.038514 -0.000580 
-0.037477 0.002808 
-0.036683 0.005097 
-0.035279 0.007508 
-0.033906 0.009217 
-0.032533 0.010285 
-0.030213 0.012207 
-0.027680 0.012574 
-0.024751 0.013062 
-0.021516 0.013916 
-0.018647 0.014527 
-0.015534 0.015168 
-0.011841 0.015168 
-0.008087 0.015534 
-0.005127 0.015625 
-0.001129 0.015320 
0.002319 0.015595 
0.004669 0.015992 
0.007813 0.016602 
0.010376 0.017396 
0.013001 0.017304 
0.014191 0.017884 
0.015137 0.018250 
0.016846 0.018830 
0.017304 0.019135 
0.017182 0.018952 
0.017151 0.020478 
0.017945 0.020936 
0.017487 0.021424 
0.017060 0.021882 
0.016816 0.022309 
0.016114 0.022553 
0.017121 0.022858 
0.017182 0.023408 
0.016785 0.023225 
0.017335 0.024110 
0.017792 0.023682 
0.018220 0.023316 
0.019074 0.023560 
0.020112 0.023408 
0.020447 0.023225 
0.020600 0.022370 
0.021241 0.022462 
0.022034 0.022004 
0.022156 0.021302 
0.022736 0.021577 
0.023408 0.020661 
0.024018 0.019623 
0.024140 0.018494 
0.024171 0.017640 
0.025086 0.017518 
0.025086 0.016053 
0.025147 0.015564 
0.024873 0.015015 
0.023988 0.013886 
0.023774 0.012543 
0.023438 0.010773 
0.022736 0.010102 
0.022370 0.008667 
0.021912 0.006897 
0.021119 0.005249 
0.020844 0.003601 
0.019959 0.002380 
0.019044 0.000702 
0.018494 -0.001495 
0.017518 -0.002899 
0.016846 -0.004761 
0.015992 -0.006531 
0.014649 -0.007569 
0.013367 -0.009980 
0.011933 -0.011628 
0.010743 -0.013550 
0.010041 -0.015534 
0.008484 -0.017518 
0.006653 -0.019349 
0.005127 -0.020783 
0.003235 -0.023133 
0.001343 -0.024995 
-0.000366 -0.027253 
-0.002228 -0.028657 
-0.004181 -0.029847 
-0.006165 -0.031922 
-0.007813 -0.033418 
-0.009949 -0.034822 
-0.011841 -0.036256 
-0.013276 -0.036958 
-0.015839 -0.037751 
-0.017396 -0.038911 
-0.018799 -0.038972 
-0.021393 -0.039460 
-0.022919 -0.040223 
-0.024445 -0.040284 
-0.026246 -0.039583 
-0.027680 -0.038301 
-0.029206 -0.036927 
-0.030793 -0.036164 
-0.032563 -0.034455 
-0.034089 -0.031373 
-0.035279 -0.029084 
-0.036439 -0.025971 
-0.037324 -0.022645 
-0.038392 -0.019074 
-0.039003 -0.015656 
-0.039399 -0.012513 
-0.039399 -0.008637 
-0.038911 -0.005737 
-0.039338 -0.002655 
-0.038301 0.000549 
-0.036775 0.002655 
-0.036134 0.004883 
-0.034608 0.007416 
-0.032289 0.008728 
-0.030274 0.010376 
-0.027985 0.012207 
-0.024934 0.011994 
-0.021485 0.012604 
-0.017579 0.013428 
-0.014771 0.013459 
-0.011383 0.013794 
-0.008423 0.013672 
-0.005036 0.014496 
-0.001343 0.014893 
0.000885 0.014557 
0.004212 0.015534 
0.006592 0.016572 
0.009095 0.016755 
0.011048 0.016816 
0.012696 0.017640 
0.014618 0.018128 
0.014710 0.018281 
0.015381 0.019074 
0.015381 0.020081 
0.015717 0.021088 
0.016236 0.021241 
0.015381 0.021607 
0.015534 0.022553 
0.015809 0.023011 
0.015931 0.023560 
0.016449 0.023774 
0.016480 0.023621 
0.016694 0.024171 
0.017090 0.024476 
0.017365 0.023988 
0.018159 0.023896 
0.018738 0.024628 
0.018616 0.024293 
0.019654 0.023377 
0.020508 0.023377 
0.020478 0.023103 
0.021149 0.022553 
0.021607 0.021821 
0.022340 0.021424 
0.022401 0.020936 
0.022858 0.020051 
0.023103 0.019440 
0.022248 0.018952 
0.023133 0.018372 
0.023255 0.016999 
0.023438 0.016388 
0.023591 0.015259 
0.022980 0.013764 
0.023072 0.013153 
0.022858 0.011414 
0.022217 0.010163 
0.021516 0.009095 
0.021241 0.007324 
0.020569 0.005524 
0.020478 0.003967 
0.019288 0.002930 
0.018311 0.001099 
0.018677 -0.000580 
0.017060 -0.002075 
0.016266 -0.004242 
0.015534 -0.005676 
0.014191 -0.007080 
0.013367 -0.009095 
0.011780 -0.011048 
0.010743 -0.013092 
0.009613 -0.014618 
0.008362 -0.016511 
0.007172 -0.018525 
0.005219 -0.019929 
0.004120 -0.021943 
0.002289 -0.023499 
-0.000122 -0.024903 
-0.001617 -0.026612 
-0.003937 -0.027894 
-0.005615 -0.030122 
-0.007477 -0.031678 
-0.009674 -0.032533 
-0.010773 -0.034730 
-0.012757 -0.036225 
-0.015351 -0.036409 
-0.017243 -0.037324 
-0.018586 -0.038606 
-0.020722 -0.039033 
-0.022584 -0.039216 
-0.023438 -0.039155 
-0.025422 -0.039186 
-0.027375 -0.038423 
-0.028535 -0.037111 
-0.029847 -0.035585 
-0.031770 -0.033692 
-0.032838 -0.031770 
-0.033509 -0.028474 
-0.035585 -0.025819 
-0.036622 -0.022797 
-0.037355 -0.019074 
-0.038362 -0.015900 
-0.038911 -0.012391 
-0.038881 -0.009674 
-0.038636 -0.006287 
-0.039094 -0.002655 
-0.038484 -0.000061 
-0.037324 0.002564 
-0.035859 0.005524 
-0.034028 0.007202 
-0.032014 0.008271 
-0.029389 0.009949 
-0.027284 0.010865 
-0.024293 0.011567 
-0.020844 0.012421 
-0.018311 0.012635 
-0.014924 0.012909 
-0.011261 0.013245 
-0.007660 0.013276 
-0.004059 0.013825 
-0.001221 0.013611 
0.002014 0.014283 
0.005066 0.014588 
0.006989 0.014069 
0.009339 0.015351 
0.011628 0.015412 
0.012543 0.015961 
0.013733 0.017029 
0.014313 0.017426 
0.014801 0.017640 
0.016266 0.018281 
0.016388 0.019684 
0.016541 0.020295 
0.016266 0.020295 
0.016419 0.019990 
0.016785 0.021332 
0.016541 0.021912 
0.016694 0.022279 
0.016694 0.022828 
0.017396 0.022156 
0.017518 0.022462 
0.017975 0.022248 
0.018036 0.022340 
0.018494 0.022004 
0.019562 0.022126 
0.019379 0.022553 
0.020447 0.021302 
0.021668 0.021332 
0.021821 0.020936 
0.022034 0.020508 
0.023164 0.020661 
0.023591 0.019990 
0.023591 0.020142 
0.023591 0.019471 
0.024110 0.018311 
0.024293 0.017731 
0.024018 0.016480 
0.023988 0.015473 
0.023286 0.014710 
0.023713 0.013245 
0.022736 0.011811 
0.022614 0.010529 
0.022492 0.009400 
0.021455 0.007904 
0.021607 0.006317 
0.020417 0.005463 
0.019990 0.003723 
0.019044 0.002472 
0.018220 0.001282 
0.018281 -0.000244 
0.017701 -0.001221 
0.016480 -0.003357 
0.015290 -0.005097 
0.014283 -0.007050 
0.012513 -0.008789 
0.011719 -0.010071 
0.010956 -0.012116 
0.009400 -0.013733 
0.007447 -0.015320 
0.005799 -0.017182 
0.004456 -0.019288 
0.002686 -0.021271 
0.000763 -0.022828 
-0.000946 -0.024415 
-0.002106 -0.026246 
-0.003357 -0.027314 
-0.005188 -0.029145 
-0.007508 -0.030885 
-0.009583 -0.031861 
-0.011048 -0.033326 
-0.012543 -0.034608 
-0.014283 -0.036409 
-0.016327 -0.037202 
-0.018769 -0.038240 
-0.020997 -0.038972 
-0.023225 -0.038881 
-0.024689 -0.038759 
-0.026215 -0.037843 
-0.028504 -0.037233 
-0.029725 -0.036317 
-0.031373 -0.034913 
-0.032716 -0.032289 
-0.033357 -0.029847 
-0.034700 -0.027223 
-0.036348 -0.023865 
-0.037294 -0.020539 
-0.037873 -0.017396 
-0.038759 -0.014496 
-0.038667 -0.010865 
-0.039369 -0.007294 
-0.039888 -0.004395 
-0.038911 -0.001770 
-0.039003 0.001251 
-0.038087 0.003296 
-0.036317 0.004852 
-0.034516 0.006592 
-0.032044 0.008026 
-0.030580 0.009339 
-0.027589 0.010102 
-0.024659 0.011200 
-0.021821 0.012238 
-0.017975 0.012757 
-0.015412 0.012757 
-0.011231 0.013123 
-0.007385 0.013520 
-0.004456 0.014008 
-0.000580 0.014283 
0.002808 0.014832 
0.005097 0.015503 
0.007508 0.015229 
0.009217 0.015778 
0.010285 0.016144 
0.012207 0.016327 
0.012574 0.016694 
0.013062 0.017853 
0.013916 0.018372 
0.014527 0.018464 
0.015168 0.019349 
0.015168 0.019990 
0.015534 0.020722 
0.015625 0.020905 
0.015320 0.021516 
0.015595 0.022187 
0.015992 0.022034 
0.016602 0.022126 
0.017396 0.022614 
0.017304 0.022340 
0.017884 0.022584 
0.018250 0.022858 
0.018830 0.022492 
0.019135 0.022675 
0.018952 0.022156 
0.020478 0.021943 
0.020936 0.021729 
0.021424 0.021363 
0.021882 0.021180 
0.022309 0.020814 
0.022553 0.020539 
0.022858 0.020234 
0.023408 0.019288 
0.023225 0.018311 
0.024110 0.017640 
0.023682 0.016633 
0.023316 0.015839 
0.023560 0.014344 
0.023408 0.013337 
0.023225 0.011872 
0.022370 0.010712 
0.022462 0.009980 
0.022004 0.008332 
0.021302 0.007294 
0.021577 0.005493 
0.020661 0.003906 
0.019623 0.002045 
0.018494 0.000641 
0.017640 -0.000610 
0.017518 -0.002594 
0.016053 -0.004517 
0.015564 -0.006012 
0.015015 -0.007019 
0.013886 -0.008942 
0.012543 -0.010346 
0.010773 -0.011750 
0.010102 -0.013611 
0.008667 -0.016053 
0.006897 -0.018159 
0.005249 -0.019807 
0.003601 -0.022004 
0.002380 -0.023591 
0.000702 -0.025147 
-0.001495 -0.026612 
-0.002899 -0.028199 
-0.004761 -0.029389 
-0.006531 -0.031098 
-0.007569 -0.032929 
-0.009980 -0.034303 
-0.011628 -0.035981 
-0.013550 -0.036897 
-0.015534 -0.038453 
-0.017518 -0.039216 
-0.019349 -0.039277 
-0.020783 -0.040620 
-0.023133 -0.040651 
-0.024995 -0.040223 
-0.027253 -0.039979 
-0.028657 -0.037996 
-0.029847 -0.036439 
-0.031922 -0.035249 
-0.033418 -0.032228 
-0.034822 -0.029481 
-0.036256 -0.026399 
-0.036958 -0.023041 
-0.037751 -0.019868 
-0.038911 -0.015625 
-0.038972 -0.012268 
-0.039460 -0.009217 
-0.040223 -0.006012 
-0.040284 -0.003265 
-0.039583 -0.000946 
-0.038301 0.000824 
-0.036927 0.003479 
-0.036164 0.005554 
-0.034455 0.006836 
-0.031373 0.008118 
-0.029084 0.009461 
-0.025971 0.010071 
-0.022645 0.010315 
-0.019074 0.011353 
-0.015656 0.011689 
-0.012513 0.012238 
-0.008637 0.012574 
-0.005737 0.013001 
-0.002655 0.013703 
0.000549 0.013947 
0.002655 0.014435 
0.004883 0.015442 
0.007416 0.016327 
0.008728 0.016144 
0.010376 0.016877 
0.012207 0.017579 
0.011994 0.018250 
0.012604 0.019013 
0.013428 0.019074 
0.013459 0.019898 
0.013794 0.020508 
0.013672 0.021241 
0.014496 0.021546 
0.014893 0.021638 
0.014557 0.022156 
0.015534 0.022828 
0.016572 0.023438 
0.016755 0.023804 
0.016816 0.024232 
0.017640 0.023865 
0.018128 0.023347 
0.018281 0.023438 
0.019074 0.023682 
0.020081 0.023438 
0.021088 0.022980 
0.021241 0.023255 
0.021607 0.023347 
0.022553 0.022584 
0.023011 0.021943 
0.023560 0.021699 
0.023774 0.020844 
0.023621 0.019898 
0.024171 0.019440 
0.024476 0.018616 
0.023988 0.018036 
0.023896 0.017182 
0.024628 0.015534 
0.024293 0.014710 
0.023377 0.013550 
0.023377 0.012696 
0.023103 0.011567 
0.022553 0.010224 
0.021821 0.009400 
0.021424 0.007324 
0.020936 0.006073 
0.020051 0.004578 
0.019440 0.003388 
0.018952 0.002045 
0.018372 -0.000183 
0.016999 -0.001373 
0.016388 -0.003235 
0.015259 -0.005188 
0.013764 -0.007172 
0.013153 -0.008820 
0.011414 -0.010590 
0.010163 -0.012574 
0.009095 -0.013855 
0.007324 -0.015931 
0.005524 -0.017792 
0.003967 -0.019501 
0.002930 -0.021332 
0.001099 -0.023103 
-0.000580 -0.024995 
-0.002075 -0.026826 
-0.004242 -0.029176 
-0.005676 -0.030915 
-0.007080 -0.031739 
-0.009095 -0.033479 
-0.011048 -0.035432 
-0.013092 -0.036225 
-0.014618 -0.037416 
-0.016511 -0.038972 
-0.018525 -0.039491 
-0.019929 -0.040254 
-0.021943 -0.040559 
-0.023499 -0.039674 
-0.024903 -0.039277 
-0.026612 -0.038118 
-0.027894 -0.036195 
-0.030122 -0.034303 
-0.031678 -0.032075 
-0.032533 -0.029298 
-0.034730 -0.026063 
-0.036225 -0.023316 
-0.036409 -0.020173 
-0.037324 -0.017335 
-0.038606 -0.014374 
-0.039033 -0.010956 
-0.039216 -0.008423 
-0.039155 -0.005341 
-0.039186 -0.002441 
-0.038423 -0.000305 
-0.037111 0.001801 
-0.035585 0.003296 
-0.033692 0.004700 
-0.031770 0.005829 
-0.028474 0.006867 
-0.025819 0.007538 
-0.022797 0.007843 
-0.019074 0.008820 
-0.015900 0.009430 
-0.012391 0.010498 
-0.009674 0.010681 
-0.006287 0.010559 
-0.002655 0.011689 
-0.000061 0.011872 
0.002564 0.012604 
0.005524 0.013306 
0.007202 0.013886 
0.008271 0.014710 
0.009949 0.015412 
0.010865 0.015809 
0.011567 0.016938 
0.012421 0.017823 
0.012635 0.017792 
0.012909 0.019532 
0.013245 0.019135 
0.013276 0.019501 
0.013825 0.020722 
0.013611 0.020814 
0.014283 0.021577 
0.014588 0.020966 
0.014069 0.021546 
0.015351 0.021332 
0.015412 0.021424 
0.015961 0.021546 
0.017029 0.021485 
0.017426 0.022187 
0.017640 0.021119 
0.018281 0.021699 
0.019684 0.022065 
0.020295 0.021455 
0.020295 0.021363 
0.019990 0.021088 
0.021332 0.021210 
0.021912 0.020844 
0.022279 0.019684 
0.022828 0.019196 
0.022156 0.019013 
0.022462 0.017945 
0.022248 0.017304 
0.022340 0.016602 
0.022004 0.015717 
0.022126 0.014191 
0.022553 0.013642 
0.021302 0.013123 
0.021332 0.011383 
0.020936 0.010712 
0.020508 0.009095 
0.020661 0.008118 
0.019990 0.007294 
0.020142 0.005402 
0.019471 0.003845 
0.018311 0.002045 
0.017731 0.001068 
0.016480 -0.000732 
0.015473 -0.003082 
0.014710 -0.004852 
0.013245 -0.006439 
0.011811 -0.007752 
0.010529 -0.009278 
0.009400 -0.010926 
0.007904 -0.013794 
0.006317 -0.015748 
0.005463 -0.016633 
0.003723 -0.018403 
0.002472 -0.019532 
0.001282 -0.021302 
-0.000244 -0.022889 
-0.001221 -0.024964 
-0.003357 -0.027711 
-0.005097 -0.028748 
-0.007050 -0.030427 
-0.008789 -0.032472 
-0.010071 -0.034547 
-0.012116 -0.035737 
-0.013733 -0.036805 
-0.015320 -0.038118 
-0.017182 -0.039003 
-0.019288 -0.040040 
-0.021271 -0.039674 
-0.022828 -0.039521 
-0.024415 -0.038179 
-0.026246 -0.036683 
-0.027314 -0.034974 
-0.029145 -0.032929 
-0.030885 -0.031190 
-0.031861 -0.027741 
-0.033326 -0.025269 
-0.034608 -0.021943 
-0.036409 -0.019044 
-0.037202 -0.015931 
-0.038240 -0.012085 
-0.038972 -0.009949 
-0.038881 -0.007233 
-0.038759 -0.004456 
-0.037843 -0.001526 
-0.037233 0.000000 
-0.036317 0.002014 
-0.034913 0.003937 
-0.032289 0.005097 
-0.029847 0.007019 
-0.027223 0.007843 
-0.023865 0.009186 
-0.020539 0.010010 
-0.017396 0.010681 
-0.014496 0.011200 
-0.010865 0.011322 
-0.007294 0.012055 
-0.004395 0.012513 
-0.001770 0.012848 
0.001251 0.013337 
0.003296 0.014344 
0.004852 0.014466 
0.006592 0.014924 
0.008026 0.016541 
0.009339 0.016846 
0.010102 0.017212 
0.011200 0.018159 
0.012238 0.018647 
0.012757 0.019562 
0.012757 0.020295 
0.013123 0.020997 
0.013520 0.021424 
0.014008 0.021516 
0.014283 0.022034 
0.014832 0.022675 
0.015503 0.023377 
0.015229 0.023194 
0.015778 0.023225 
0.016144 0.023652 
0.016327 0.023560 
0.016694 0.023194 
0.017853 0.023225 
0.018372 0.023438 
0.018464 0.023103 
0.019349 0.022919 
0.019990 0.022004 
0.020722 0.022370 
0.020905 0.022370 
0.021516 0.021424 
0.022187 0.021546 
0.022034 0.020905 
0.022126 0.020081 
0.022614 0.019166 
0.022340 0.019166 
0.022584 0.018128 
0.022858 0.016419 
0.022492 0.015473 
0.022675 0.014588 
0.022156 0.014252 
0.021943 0.012635 
0.021729 0.011139 
0.021363 0.010224 
0.021180 0.009033 
0.020814 0.007477 
0.020539 0.006134 
0.020234 0.005402 
0.019288 0.003418 
0.018311 0.002045 
0.017640 0.000671 
0.016633 -0.001373 
0.015839 -0.002503 
0.014344 -0.004151 
0.013337 -0.006012 
0.011872 -0.007385 
0.010712 -0.008820 
0.009980 -0.011139 
0.008332 -0.013031 
0.007294 -0.014618 
0.005493 -0.016999 
0.003906 -0.017792 
0.002045 -0.019532 
0.000641 -0.021668 
-0.000610 -0.023469 
-0.002594 -0.026307 
-0.004517 -0.027680 
-0.006012 -0.029359 
-0.007019 -0.031373 
-0.008942 -0.033753 
-0.010346 -0.035279 
-0.011750 -0.036714 
-0.013611 -0.039064 
-0.016053 -0.039949 
-0.018159 -0.041047 
-0.019807 -0.041231 
-0.022004 -0.040925 
-0.023591 -0.040559 
-0.025147 -0.039155 
-0.026612 -0.037629 
-0.028199 -0.036500 
-0.029389 -0.034455 
-0.031098 -0.030885 
-0.032929 -0.028687 
-0.034303 -0.025880 
-0.035981 -0.022706 
-0.036897 -0.019410 
-0.038453 -0.015992 
-0.039216 -0.013825 
-0.039277 -0.010620 
-0.040620 -0.008087 
-0.040651 -0.005585 
-0.040223 -0.002960 
-0.039979 -0.001312 
-0.037996 0.001007 
-0.036439 0.002503 
-0.035249 0.003967 
-0.032228 0.005463 
-0.029481 0.006043 
-0.026399 0.007202 
-0.023041 0.008332 
-0.019868 0.009217 
-0.015625 0.009888 
-0.012268 0.010376 
-0.009217 0.010743 
-0.006012 0.010773 
-0.003265 0.011353 
-0.000946 0.012665 
0.000824 0.013428 
0.003479 0.013611 
0.005554 0.014313 
0.006836 0.014618 
0.008118 0.015564 
0.009461 0.016999 
0.010071 0.017609 
0.010315 0.018128 
0.011353 0.018159 
0.011689 0.019013 
0.012238 0.019593 
0.012574 0.020020 
0.013001 0.020692 
0.013703 0.020936 
0.013947 0.021821 
0.014435 0.021790 
0.015442 0.022187 
0.016327 0.022767 
0.016144 0.023286 
0.016877 0.023316 
0.017579 0.022858 
0.018250 0.023469 
0.019013 0.022858 
0.019074 0.022675 
0.019898 0.022797 
0.020508 0.022645 
0.021241 0.023011 
0.021546 0.022279 
0.021638 0.021973 
0.022156 0.021149 
0.022828 0.020020 
0.023438 0.020264 
0.023804 0.020081 
0.024232 0.019044 
0.023865 0.018342 
0.023347 0.017670 
0.023438 0.016694 
0.023682 0.016053 
0.023438 0.014985 
0.022980 0.013459 
0.023255 0.012238 
0.023347 0.010926 
0.022584 0.010193 
0.021943 0.009247 
0.021699 0.007599 
0.020844 0.005799 
0.019898 0.004486 
0.019440 0.003693 
0.018616 0.001709 
0.018036 -0.000275 
0.017182 -0.001556 
0.015534 -0.002472 
0.014710 -0.003845 
0.013550 -0.006287 
0.012696 -0.008057 
0.011567 -0.009735 
0.010224 -0.011902 
0.009400 -0.013367 
0.007324 -0.014069 
0.006073 -0.016541 
0.004578 -0.018311 
0.003388 -0.019288 
0.002045 -0.022279 
-0.000183 -0.023865 
-0.001373 -0.025880 
-0.003235 -0.028596 
-0.005188 -0.030488 
-0.007172 -0.032289 
-0.008820 -0.034242 
-0.010590 -0.036409 
-0.012574 -0.037446 
-0.013855 -0.038820 
-0.015931 -0.040010 
-0.017792 -0.040773 
-0.019501 -0.040651 
-0.021332 -0.040345 
-0.023103 -0.039796 
-0.024995 -0.038240 
-0.026826 -0.036744 
-0.029176 -0.034211 
-0.030915 -0.032014 
-0.031739 -0.029542 
-0.033479 -0.026795 
-0.035432 -0.023927 
-0.036225 -0.020539 
-0.037416 -0.017487 
-0.038972 -0.014344 
-0.039491 -0.011780 
-0.040254 -0.008911 
-0.040559 -0.006623 
-0.039674 -0.004639 
-0.039277 -0.002075 
-0.038118 -0.000336 
-0.036195 0.001038 
-0.034303 0.002808 
-0.032075 0.004089 
-0.029298 0.005036 
-0.026063 0.005921 
-0.023316 0.006470 
-0.020173 0.007782 
-0.017335 0.007874 
-0.014374 0.007874 
-0.010956 0.009033 
-0.008423 0.009613 
-0.005341 0.010376 
-0.002441 0.011170 
-0.000305 0.011902 
0.001801 0.012635 
0.003296 0.013428 
0.004700 0.014527 
0.005829 0.015687 
0.006867 0.016358 
0.007538 0.017182 
0.007843 0.017701 
0.008820 0.017884 
0.009430 0.018983 
0.010498 0.019562 
0.010681 0.019745 
0.010559 0.020356 
0.011689 0.021149 
0.011872 0.021729 
0.012604 0.021821 
0.013306 0.022095 
0.013886 0.022431 
0.014710 0.023072 
0.015412 0.023041 
0.015809 0.023286 
0.016938 0.023957 
0.017823 0.023072 
0.017792 0.023103 
0.019532 0.023377 
0.019135 0.023255 
0.019501 0.022523 
0.020722 0.021882 
0.020814 0.022462 
0.021577 0.021180 
0.020966 0.020661 
0.021546 0.020142 
0.021332 0.019379 
0.021424 0.019135 
0.021546 0.018525 
0.021485 0.018494 
0.022187 0.017121 
0.021119 0.016419 
0.021699 0.015595 
0.022065 0.014161 
0.021455 0.013092 
0.021363 0.012207 
0.021088 0.011017 
0.021210 0.009735 
0.020844 0.008911 
0.019684 0.007050 
0.019196 0.005341 
0.019013 0.003418 
0.017945 0.001953 
0.017304 -0.000153 
0.016602 -0.002136 
0.015717 -0.003296 
0.014191 -0.005829 
0.013642 -0.006928 
0.013123 -0.008209 
0.011383 -0.009857 
0.010712 -0.011109 
0.009095 -0.012513 
0.008118 -0.013611 
0.007294 -0.016022 
0.005402 -0.017823 
0.003845 -0.019135 
0.002045 -0.021790 
0.001068 -0.023957 
-0.000732 -0.026093 
-0.003082 -0.028596 
-0.004852 -0.030641 
-0.006439 -0.033021 
-0.007752 -0.034913 
-0.009278 -0.036439 
-0.010926 -0.038209 
-0.013794 -0.039857 
-0.015748 -0.040681 
-0.016633 -0.040468 
-0.018403 -0.039796 
-0.019532 -0.039613 
-0.021302 -0.039033 
-0.022889 -0.037660 
-0.024964 -0.035707 
-0.027711 -0.033265 
-0.028748 -0.031648 
-0.030427 -0.028779 
-0.032472 -0.025849 
-0.034547 -0.023133 
-0.035737 -0.020447 
-0.036805 -0.017579 
-0.038118 -0.013550 
-0.039003 -0.011689 
-0.040040 -0.009400 
-0.039674 -0.006409 
-0.039521 -0.004212 
-0.038179 -0.002380 
-0.036683 -0.000519 
-0.034974 0.001343 
-0.032929 0.002564 
-0.031190 0.004028 
-0.027741 0.004700 
-0.025269 0.005615 
-0.021943 0.005829 
-0.019044 0.006745 
-0.015931 0.008332 
-0.012085 0.008881 
-0.009949 0.009461 
-0.007233 0.010041 
-0.004456 0.011048 
-0.001526 0.011292 
0.000000 0.012238 
0.002014 0.013581 
0.003937 0.014557 
0.005097 0.014710 
0.007019 0.015046 
0.007843 0.017090 
0.009186 0.017335 
0.010010 0.017609 
0.010681 0.019013 
0.011200 0.019166 
0.011322 0.019593 
0.012055 0.019990 
0.012513 0.020081 
0.012848 0.021393 
0.013337 0.021607 
0.014344 0.021027 
0.014466 0.021790 
0.014924 0.021668 
0.016541 0.021699 
0.016846 0.022126 
0.017212 0.022828 
0.018159 0.023621 
0.018647 0.023133 
0.019562 0.023652 
0.020295 0.023194 
0.020997 0.022797 
0.021424 0.023316 
0.021516 0.022614 
0.022034 0.023011 
0.022675 0.022156 
0.023377 0.021424 
0.023194 0.020905 
0.023225 0.020112 
0.023652 0.020020 
0.023560 0.018220 
0.023194 0.017945 
0.023225 0.017792 
0.023438 0.016053 
0.023103 0.014863 
0.022919 0.013977 
0.022004 0.012543 
0.022370 0.011322 
0.022370 0.010743 
0.021424 0.009247 
0.021546 0.008240 
0.020905 0.007477 
0.020081 0.006256 
0.019166 0.003845 
0.019166 0.002136 
0.018128 0.000702 
0.016419 -0.001068 
0.015473 -0.001953 
0.014588 -0.003540 
0.014252 -0.004852 
0.012635 -0.007080 
0.011139 -0.008637 
0.010224 -0.010163 
0.009033 -0.012391 
0.007477 -0.013276 
0.006134 -0.015229 
0.005402 -0.017304 
0.003418 -0.019135 
0.002045 -0.021058 
0.000671 -0.023530 
-0.001373 -0.025788 
-0.002503 -0.027772 
-0.004151 -0.030000 
-0.006012 -0.032289 
-0.007385 -0.035035 
-0.008820 -0.036622 
-0.011139 -0.037782 
-0.013031 -0.038850 
-0.014618 -0.039674 
-0.016999 -0.040345 
-0.017792 -0.040132 
-0.019532 -0.039003 
-0.021668 -0.038118 
-0.023469 -0.036958 
-0.026307 -0.034669 
-0.027680 -0.033265 
-0.029359 -0.030946 
-0.031373 -0.028108 
-0.033753 -0.025575 
-0.035279 -0.022889 
-0.036714 -0.020905 
-0.039064 -0.017884 
-0.039949 -0.015198 
-0.041047 -0.012543 
-0.041231 -0.009888 
-0.040925 -0.008118 
-0.040559 -0.005768 
-0.039155 -0.003662 
-0.037629 -0.001862 
-0.036500 -0.000549 
-0.034455 0.001129 
-0.030885 0.002716 
-0.028687 0.003632 
-0.025880 0.004822 
-0.022706 0.005829 
-0.019410 0.007019 
-0.015992 0.007630 
-0.013825 0.008301 
-0.010620 0.009491 
-0.008087 0.009857 
-0.005585 0.010437 
-0.002960 0.011628 
-0.001312 0.012299 
0.001007 0.012818 
0.002503 0.013886 
0.003967 0.015198 
0.005463 0.016083 
0.006043 0.016511 
0.007202 0.017548 
0.008332 0.018067 
0.009217 0.018708 
0.009888 0.019532 
0.010376 0.019837 
0.010743 0.020905 
0.010773 0.021302 
0.011353 0.021332 
0.012665 0.022034 
0.013428 0.022401 
0.013611 0.022095 
0.014313 0.022614 
0.014618 0.023286 
0.015564 0.023286 
0.016999 0.023408 
0.017609 0.023347 
0.018128 0.024018 
0.018159 0.024079 
0.019013 0.023621 
0.019593 0.023286 
0.020020 0.023408 
0.020692 0.023347 
0.020936 0.022217 
0.021821 0.022370 
0.021790 0.021851 
0.022187 0.020539 
0.022767 0.020081 
0.023286 0.019654 
0.023316 0.019013 
0.022858 0.017762 
0.023469 0.017335 
0.022858 0.016907 
0.022675 0.015595 
0.022797 0.014954 
0.022645 0.013977 
0.023011 0.012391 
0.022279 0.010498 
0.021973 0.009003 
0.021149 0.008423 
0.020020 0.006439 
0.020264 0.004822 
0.020081 0.004273 
0.019044 0.002655 
0.018342 0.001434 
0.017670 -0.000214 
0.016694 -0.001801 
0.016053 -0.002686 
0.014985 -0.004852 
0.013459 -0.006256 
0.012238 -0.007263 
0.010926 -0.009186 
0.010193 -0.010926 
0.009247 -0.013092 
0.007599 -0.014740 
0.005799 -0.016816 
0.004486 -0.019166 
0.003693 -0.020753 
0.001709 -0.022919 
-0.000275 -0.025269 
-0.001556 -0.028169 
-0.002472 -0.030549 
-0.003845 -0.032563 
-0.006287 -0.034547 
-0.008057 -0.036348 
-0.009735 -0.038209 
-0.011902 -0.039705 
-0.013367 -0.040620 
-0.014069 -0.040925 
-0.016541 -0.040437 
-0.018311 -0.039460 
-0.019288 -0.038850 
-0.022279 -0.037080 
-0.023865 -0.035890 
-0.025880 -0.033998 
-0.028596 -0.031251 
-0.030488 -0.029725 
-0.032289 -0.026765 
-0.034242 -0.023591 
-0.036409 -0.020600 
-0.037446 -0.018067 
-0.038820 -0.015534 
-0.040010 -0.013367 
-0.040773 -0.011078 
-0.040651 -0.008484 
-0.040345 -0.006836 
-0.039796 -0.004517 
-0.038240 -0.002472 
-0.036744 -0.000214 
-0.034211 0.000702 
-0.032014 0.001373 
-0.029542 0.002441 
-0.026795 0.002991 
-0.023927 0.004608 
-0.020539 0.005982 
-0.017487 0.006867 
-0.014344 0.007202 
-0.011780 0.008332 
-0.008911 0.009644 
-0.006623 0.010376 
-0.004639 0.011170 
-0.002075 0.012238 
-0.000336 0.013123 
0.001038 0.013916 
0.002808 0.015198 
0.004089 0.016144 
0.005036 0.016511 
0.005921 0.016938 
0.006470 0.018220 
0.007782 0.018220 
0.007874 0.018281 
0.007874 0.019684 
0.009033 0.020264 
0.009613 0.020631 
0.010376 0.020997 
0.011170 0.021516 
0.011902 0.022370 
0.012635 0.023011 
0.013428 0.023591 
0.014527 0.024201 
0.015687 0.023499 
0.016358 0.023652 
0.017182 0.024262 
0.017701 0.023896 
0.017884 0.023438 
0.018983 0.023499 
0.019562 0.023957 
0.019745 0.023103 
0.020356 0.022462 
0.021149 0.021729 
0.021729 0.021607 
0.021821 0.021546 
0.022095 0.020875 
0.022431 0.020966 
0.023072 0.020417 
0.023041 0.019837 
0.023286 0.018891 
0.023957 0.017914 
0.023072 0.017335 
0.023103 0.016633 
0.023377 0.015046 
0.023255 0.013245 
0.022523 0.012329 
0.021882 0.011292 
0.022462 0.009796 
0.021180 0.008301 
0.020661 0.007324 
0.020142 0.006378 
0.019379 0.005066 
0.019135 0.003296 
0.018525 0.002075 
0.018494 0.001007 
0.017121 -0.000214 
0.016419 -0.001709 
0.015595 -0.003449 
0.014161 -0.004578 
0.013092 -0.006073 
0.012207 -0.007294 
0.011017 -0.009674 
0.009735 -0.011933 
0.008911 -0.012848 
0.007050 -0.015107 
0.005341 -0.017670 
0.003418 -0.019745 
0.001953 -0.022401 
-0.000153 -0.025025 
-0.002136 -0.027406 
-0.003296 -0.030213 
-0.005829 -0.032411 
-0.006928 -0.034608 
-0.008209 -0.036561 
-0.009857 -0.038179 
-0.011109 -0.039064 
-0.012513 -0.039857 
-0.013611 -0.040132 
-0.016022 -0.039705 
-0.017823 -0.039583 
-0.019135 -0.037904 
-0.021790 -0.037202 
-0.023957 -0.035127 
-0.026093 -0.032991 
-0.028596 -0.031739 
-0.030641 -0.028535 
-0.033021 -0.025880 
-0.034913 -0.022828 
-0.036439 -0.021210 
-0.038209 -0.019074 
-0.039857 -0.016175 
-0.040681 -0.013642 
-0.040468 -0.010712 
-0.039796 -0.008606 
-0.039613 -0.006226 
-0.039033 -0.004700 
-0.037660 -0.003204 
-0.035707 -0.001038 
-0.033265 0.000610 
-0.031648 0.001190 
-0.028779 0.001923 
-0.025849 0.003265 
-0.023133 0.004425 
-0.020447 0.005676 
-0.017579 0.006714 
-0.013550 0.007141 
-0.011689 0.007721 
-0.009400 0.009125 
-0.006409 0.010071 
-0.004212 0.010834 
-0.002380 0.011597 
-0.000519 0.012909 
0.001343 0.013489 
0.002564 0.014496 
0.004028 0.015717 
0.004700 0.015778 
0.005615 0.017243 
0.005829 0.017884 
0.006745 0.018464 
0.008332 0.019440 
0.008881 0.019623 
0.009461 0.020264 
0.010041 0.020722 
0.011048 0.021302 
0.011292 0.021882 
0.012238 0.022279 
0.013581 0.022828 
0.014557 0.023316 
0.014710 0.023560 
0.015046 0.023896 
0.017090 0.023804 
0.017335 0.023682 
0.017609 0.023927 
0.019013 0.023743 
0.019166 0.023438 
0.019593 0.023316 
0.019990 0.022706 
0.020081 0.022523 
0.021393 0.022553 
0.021607 0.021821 
0.021027 0.021790 
0.021790 0.020569 
0.021668 0.020264 
0.021699 0.020295 
0.022126 0.018921 
0.022828 0.018891 
0.023621 0.018036 
0.023133 0.017335 
0.023652 0.016419 
0.023194 0.014985 
0.022797 0.013886 
0.023316 0.012665 
0.022614 0.011719 
0.023011 0.009796 
0.022156 0.008332 
0.021424 0.007843 
0.020905 0.006226 
0.020112 0.004395 
0.020020 0.003449 
0.018220 0.001923 
0.017945 0.001160 
0.017792 -0.000336 
0.016053 -0.002441 
0.014863 -0.003784 
0.013977 -0.004975 
0.012543 -0.006043 
0.011322 -0.007874 
0.010743 -0.008454 
0.009247 -0.010620 
0.008240 -0.013001 
0.007477 -0.014832 
0.006256 -0.017762 
0.003845 -0.019318 
0.002136 -0.022248 
0.000702 -0.024995 
-0.001068 -0.027772 
-0.001953 -0.030671 
-0.003540 -0.032563 
-0.004852 -0.034852 
-0.007080 -0.036744 
-0.008637 -0.038545 
-0.010163 -0.039460 
-0.012391 -0.040223 
-0.013276 -0.040132 
-0.015229 -0.039766 
-0.017304 -0.039674 
-0.019135 -0.039125 
-0.021058 -0.038057 
-0.023530 -0.035646 
-0.025788 -0.033784 
-0.027772 -0.031922 
-0.030000 -0.029298 
-0.032289 -0.027100 
-0.035035 -0.024384 
-0.036622 -0.021851 
-0.037782 -0.019623 
-0.038850 -0.016572 
-0.039674 -0.013703 
-0.040345 -0.011567 
-0.040132 -0.008911 
-0.039003 -0.007263 
-0.038118 -0.005646 
-0.036958 -0.003296 
-0.034669 -0.002564 
-0.033265 -0.000977 
-0.030946 0.000610 
-0.028108 0.001251 
-0.025575 0.002472 
-0.022889 0.003021 
-0.020905 0.004334 
-0.017884 0.005646 
-0.015198 0.006043 
-0.012543 0.006897 
-0.009888 0.008179 
-0.008118 0.009033 
-0.005768 0.009949 
-0.003662 0.011109 
-0.001862 0.011505 
-0.000549 0.012635 
0.001129 0.013947 
0.002716 0.014771 
0.003632 0.015778 
0.004822 0.016205 
0.005829 0.017090 
0.007019 0.017792 
0.007630 0.018494 
0.008301 0.019288 
0.009491 0.019654 
0.009857 0.020905 
0.010437 0.021058 
0.011628 0.021149 
0.012299 0.022095 
0.012818 0.022065 
0.013886 0.022370 
0.015198 0.022675 
0.016083 0.023041 
0.016511 0.023286 
0.017548 0.023011 
0.018067 0.023316 
0.018708 0.022858 
0.019532 0.022645 
0.019837 0.023072 
0.020905 0.022645 
0.021302 0.022309 
0.021332 0.022279 
0.022034 0.021882 
0.022401 0.021149 
0.022095 0.020417 
0.022614 0.020051 
0.023286 0.019776 
0.023286 0.018372 
0.023408 0.017548 
0.023347 0.017243 
0.024018 0.015625 
0.024079 0.015046 
0.023621 0.014832 
0.023286 0.013672 
0.023408 0.012452 
0.023347 0.011383 
0.022217 0.010193 
0.022370 0.008423 
0.021851 0.007263 
0.020539 0.006073 
0.020081 0.004700 
0.019654 0.003265 
0.019013 0.002472 
0.017762 0.001526 
0.017335 0.000061 
0.016907 -0.001251 
0.015595 -0.002960 
0.014954 -0.003510 
0.013977 -0.005249 
0.012391 -0.006867 
0.010498 -0.008087 
0.009003 -0.011017 
0.008423 -0.013092 
0.006439 -0.015656 
0.004822 -0.018036 
0.004273 -0.020692 
0.002655 -0.023011 
0.001434 -0.024995 
-0.000214 -0.027680 
-0.001801 -0.030152 
-0.002686 -0.032563 
-0.004852 -0.034455 
-0.006256 -0.036836 
-0.007263 -0.037965 
-0.009186 -0.038667 
-0.010926 -0.039583 
-0.013092 -0.040040 
-0.014740 -0.040010 
-0.016816 -0.039216 
-0.019166 -0.038575 
-0.020753 -0.037080 
-0.022919 -0.035768 
-0.025269 -0.034028 
-0.028169 -0.031831 
-0.030549 -0.028932 
-0.032563 -0.025941 
-0.034547 -0.024262 
-0.036348 -0.021088 
-0.038209 -0.018281 
-0.039705 -0.016205 
-0.040620 -0.013459 
-0.040925 -0.011109 
-0.040437 -0.009278 
-0.039460 -0.007111 
-0.038850 -0.005371 
-0.037080 -0.003876 
-0.035890 -0.001984 
-0.033998 -0.001221 
-0.031251 -0.000397 
-0.029725 0.000763 
-0.026765 0.002411 
-0.023591 0.003662 
-0.020600 0.004334 
-0.018067 0.005829 
-0.015534 0.006745 
-0.013367 0.007599 
-0.011078 0.009186 
-0.008484 0.009980 
-0.006836 0.010895 
-0.004517 0.012116 
-0.002472 0.012268 
-0.000214 0.013367 
0.000702 0.014710 
0.001373 0.015320 
0.002441 0.015839 
0.002991 0.016999 
0.004608 0.017609 
0.005982 0.017762 
0.006867 0.019135 
0.007202 0.019562 
0.008332 0.020783 
0.009644 0.021424 
0.010376 0.020661 
0.011170 0.021424 
0.012238 0.022156 
0.013123 0.022004 
0.013916 0.022248 
0.015198 0.022767 
0.016144 0.022919 
0.016511 0.023133 
0.016938 0.022462 
0.018220 0.022462 
0.018220 0.022462 
0.018281 0.022675 
0.019684 0.022950 
0.020264 0.022217 
0.020631 0.022248 
0.020997 0.021516 
0.021516 0.021241 
0.022370 0.021119 
0.023011 0.020508 
0.023591 0.019990 
0.024201 0.019562 
0.023499 0.019105 
0.023652 0.018403 
0.024262 0.017579 
0.023896 0.016480 
0.023438 0.016266 
0.023499 0.014039 
0.023957 0.012574 
0.023103 0.012146 
0.022462 0.010437 
0.021729 0.009278 
0.021607 0.007843 
0.021546 0.007202 
0.020875 0.006256 
0.020966 0.004669 
0.020417 0.003449 
0.019837 0.003113 
0.018891 0.001892 
0.017914 0.000153 
0.017335 -0.000336 
0.016633 -0.001831 
0.015046 -0.003052 
0.013245 -0.004578 
0.012329 -0.006317 
0.011292 -0.008118 
0.009796 -0.009827 
0.008301 -0.011963 
0.007324 -0.015351 
0.006378 -0.017701 
0.005066 -0.020844 
0.003296 -0.023041 
0.002075 -0.024598 
0.001007 -0.027985 
-0.000214 -0.030427 
-0.001709 -0.032319 
-0.003449 -0.034303 
-0.004578 -0.035890 
-0.006073 -0.037355 
-0.007294 -0.038667 
-0.009674 -0.039521 
-0.011933 -0.039827 
-0.012848 -0.039949 
-0.015107 -0.039399 
-0.017670 -0.038362 
-0.019745 -0.037263 
-0.022401 -0.035890 
-0.025025 -0.034303 
-0.027406 -0.032258 
-0.030213 -0.029481 
-0.032411 -0.027375 
-0.034608 -0.024995 
-0.036561 -0.021699 
-0.038179 -0.019745 
-0.039064 -0.017335 
-0.039857 -0.014801 
-0.040132 -0.013001 
-0.039705 -0.010437 
-0.039583 -0.008454 
-0.037904 -0.006775 
-0.037202 -0.005402 
-0.035127 -0.003906 
-0.032991 -0.002075 
-0.031739 -0.001038 
-0.028535 0.000366 
-0.025880 0.001801 
-0.022828 0.002228 
-0.021210 0.003296 
-0.019074 0.004669 
-0.016175 0.005493 
-0.013642 0.007019 
-0.010712 0.008271 
-0.008606 0.009186 
-0.006226 0.010346 
-0.004700 0.011322 
-0.003204 0.012604 
-0.001038 0.013153 
0.000610 0.013825 
0.001190 0.014588 
0.001923 0.015107 
0.003265 0.016449 
0.004425 0.017121 
0.005676 0.017518 
0.006714 0.017975 
0.007141 0.018647 
0.007721 0.019410 
0.009125 0.019349 
0.010071 0.020264 
0.010834 0.022034 
0.011597 0.022492 
0.012909 0.022614 
0.013489 0.023408 
0.014496 0.023316 
0.015717 0.023743 
0.015778 0.023865 
0.017243 0.023103 
0.017884 0.023865 
0.018464 0.023682 
0.019440 0.023621 
0.019623 0.023988 
0.020264 0.022675 
0.020722 0.022706 
0.021302 0.022614 
0.021882 0.021943 
0.022279 0.022309 
0.022828 0.021882 
0.023316 0.021149 
0.023560 0.020722 
0.023896 0.020264 
0.023804 0.020020 
0.023682 0.018921 
0.023927 0.018128 
0.023743 0.017426 
0.023438 0.015961 
0.023316 0.015015 
0.022706 0.013398 
0.022523 0.011658 
0.022553 0.010132 
0.021821 0.008789 
0.021790 0.008148 
0.020569 0.007111 
0.020264 0.005219 
0.020295 0.004303 
0.018921 0.004242 
0.018891 0.002899 
0.018036 0.001862 
0.017335 0.000702 
0.016419 0.000092 
0.014985 -0.001068 
0.013886 -0.003235 
0.012665 -0.004273 
0.011719 -0.006439 
0.009796 -0.008759 
0.008332 -0.011200 
0.007843 -0.013916 
0.006226 -0.016755 
0.004395 -0.019227 
0.003449 -0.021790 
0.001923 -0.024720 
0.001160 -0.026948 
-0.000336 -0.030519 
-0.002441 -0.031983 
-0.003784 -0.033052 
-0.004975 -0.035646 
-0.006043 -0.037172 
-0.007874 -0.038423 
-0.008454 -0.038789 
-0.010620 -0.039155 
-0.013001 -0.039399 
-0.014832 -0.039033 
-0.017762 -0.038453 
-0.019318 -0.037507 
-0.022248 -0.036012 
-0.024995 -0.034364 
-0.027772 -0.031739 
-0.030671 -0.029054 
-0.032563 -0.027375 
-0.034852 -0.025147 
-0.036744 -0.022767 
-0.038545 -0.020142 
-0.039460 -0.018159 
-0.040223 -0.016114 
-0.040132 -0.013642 
-0.039766 -0.011597 
-0.039674 -0.009705 
-0.039125 -0.008271 
-0.038057 -0.006470 
-0.035646 -0.005219 
-0.033784 -0.003937 
-0.031922 -0.002167 
-0.029298 -0.001068 
-0.027100 0.000153 
-0.024384 0.001343 
-0.021851 0.002503 
-0.019623 0.003815 
-0.016572 0.004883 
-0.013703 0.006043 
-0.011567 0.006928 
-0.008911 0.007508 
-0.007263 0.009247 
-0.005646 0.010865 
-0.003296 0.011292 
-0.002564 0.011750 
-0.000977 0.012757 
0.000610 0.013733 
0.001251 0.014191 
0.002472 0.014985 
0.003021 0.016114 
0.004334 0.017182 
0.005646 0.017884 
0.006043 0.018281 
0.006897 0.019166 
0.008179 0.019868 
0.009033 0.019959 
0.009949 0.020356 
0.011109 0.020997 
0.011505 0.021638 
0.012635 0.021790 
0.013947 0.022095 
0.014771 0.022370 
0.015778 0.022523 
0.016205 0.022248 
0.017090 0.022034 
0.017792 0.022462 
0.018494 0.022065 
0.019288 0.022431 
0.019654 0.021943 
0.020905 0.021302 
0.021058 0.021699 
0.021149 0.021180 
0.022095 0.021119 
0.022065 0.020447 
0.022370 0.019684 
0.022675 0.019623 
0.023041 0.019013 
0.023286 0.017670 
0.023011 0.017273 
0.023316 0.016572 
0.022858 0.015992 
0.022645 0.015259 
0.023072 0.012635 
0.022645 0.012116 
0.022309 0.010956 
0.022279 0.009888 
0.021882 0.009491 
0.021149 0.008148 
0.020417 0.007447 
0.020051 0.006043 
0.019776 0.005554 
0.018372 0.004273 
0.017548 0.003021 
0.017243 0.002380 
0.015625 0.001007 
0.015046 0.000031 
0.014832 -0.001526 
0.013672 -0.002686 
0.012452 -0.004028 
0.011383 -0.006226 
0.010193 -0.008759 
0.008423 -0.010743 
0.007263 -0.012635 
0.006073 -0.015778 
0.004700 -0.018860 
0.003265 -0.021241 
0.002472 -0.023957 
0.001526 -0.026582 
0.000061 -0.028932 
-0.001251 -0.031190 
-0.002960 -0.033204 
-0.003510 -0.035127 
-0.005249 -0.036653 
-0.006867 -0.037843 
-0.008087 -0.038362 
-0.011017 -0.038911 
-0.013092 -0.038911 
-0.015656 -0.038118 
-0.018036 -0.036775 
-0.020692 -0.035768 
-0.023011 -0.034852 
-0.024995 -0.032533 
-0.027680 -0.031251 
-0.030152 -0.028779 
-0.032563 -0.026582 
-0.034455 -0.024598 
-0.036836 -0.021119 
-0.037965 -0.019593 
-0.038667 -0.017365 
-0.039583 -0.015687 
-0.040040 -0.013977 
-0.040010 -0.011444 
-0.039216 -0.010163 
-0.038575 -0.008698 
-0.037080 -0.007050 
-0.035768 -0.005066 
-0.034028 -0.003571 
-0.031831 -0.002258 
-0.028932 -0.001038 
-0.025941 -0.000153 
-0.024262 0.001099 
-0.021088 0.002533 
-0.018281 0.003815 
-0.016205 0.004913 
-0.013459 0.006043 
-0.011109 0.006623 
-0.009278 0.007569 
-0.007111 0.008759 
-0.005371 0.009430 
-0.003876 0.010102 
-0.001984 0.011628 
-0.001221 0.012299 
-0.000397 0.012421 
0.000763 0.014039 
0.002411 0.015168 
0.003662 0.015992 
0.004334 0.016663 
0.005829 0.016907 
0.006745 0.018067 
0.007599 0.019074 
0.009186 0.018983 
0.009980 0.019593 
0.010895 0.020508 
0.012116 0.020295 
0.012268 0.020692 
0.013367 0.021271 
0.014710 0.021577 
0.015320 0.021668 
0.015839 0.021790 
0.016999 0.022309 
0.017609 0.022279 
0.017762 0.022187 
0.019135 0.022217 
0.019562 0.022462 
0.020783 0.021851 
0.021424 0.021546 
0.020661 0.021638 
0.021424 0.021027 
0.022156 0.021027 
0.022004 0.020661 
0.022248 0.020447 
0.022767 0.019959 
0.022919 0.018616 
0.023133 0.017518 
0.022462 0.016938 
0.022462 0.015839 
0.022462 0.014771 
0.022675 0.014313 
0.022950 0.013215 
0.022217 0.012085 
0.022248 0.011017 
0.021516 0.009857 
0.021241 0.008423 
0.021119 0.008148 
0.020508 0.007172 
0.019990 0.005982 
0.019562 0.006104 
0.019105 0.004486 
0.018403 0.003967 
0.017579 0.002441 
0.016480 0.000702 
0.016266 0.000488 
0.014039 -0.000793 
0.012574 -0.002106 
0.012146 -0.004364 
0.010437 -0.006134 
0.009278 -0.008667 
0.007843 -0.011567 
0.007202 -0.013611 
0.006256 -0.016541 
0.004669 -0.019135 
0.003449 -0.021180 
0.003113 -0.024049 
0.001892 -0.027436 
0.000153 -0.029572 
-0.000336 -0.031556 
-0.001831 -0.033479 
-0.003052 -0.035127 
-0.004578 -0.036775 
-0.006317 -0.038179 
-0.008118 -0.038789 
-0.009827 -0.038759 
-0.011963 -0.038942 
-0.015351 -0.038545 
-0.017701 -0.037965 
-0.020844 -0.036592 
-0.023041 -0.035096 
-0.024598 -0.032655 
-0.027985 -0.030213 
-0.030427 -0.028993 
-0.032319 -0.026765 
-0.034303 -0.024689 
-0.035890 -0.022004 
-0.037355 -0.019288 
-0.038667 -0.017884 
-0.039521 -0.016022 
-0.039827 -0.013947 
-0.039949 -0.012391 
-0.039399 -0.010834 
-0.038362 -0.009217 
-0.037263 -0.007355 
-0.035890 -0.005829 
-0.034303 -0.004608 
-0.032258 -0.002655 
-0.029481 -0.001740 
-0.027375 -0.000610 
-0.024995 0.001312 
-0.021699 0.002441 
-0.019745 0.003815 
-0.017335 0.005341 
-0.014801 0.006226 
-0.013001 0.007202 
-0.010437 0.008454 
-0.008454 0.009156 
-0.006775 0.009796 
-0.005402 0.010681 
-0.003906 0.011902 
-0.002075 0.012635 
-0.001038 0.013367 
0.000366 0.015076 
0.001801 0.015717 
0.002228 0.016205 
0.003296 0.017426 
0.004669 0.017884 
0.005493 0.018708 
0.007019 0.019807 
0.008271 0.020173 
0.009186 0.020966 
0.010346 0.021332 
0.011322 0.021332 
0.012604 0.022187 
0.013153 0.022889 
0.013825 0.022980 
0.014588 0.022767 
0.015107 0.022736 
0.016449 0.023072 
0.017121 0.023499 
0.017518 0.023133 
0.017975 0.022889 
0.018647 0.022706 
0.019410 0.022401 
0.019349 0.022553 
0.020264 0.022309 
0.022034 0.022279 
0.022492 0.022034 
0.022614 0.021424 
0.023408 0.020844 
0.023316 0.020142 
0.023743 0.019593 
0.023865 0.019074 
0.023103 0.018128 
0.023865 0.016938 
0.023682 0.015778 
0.023621 0.014618 
0.023988 0.013581 
0.022675 0.012696 
0.022706 0.011689 
0.022614 0.010315 
0.021943 0.010163 
0.022309 0.009430 
0.021882 0.008179 
0.021149 0.007599 
0.020722 0.006775 
0.020264 0.006317 
0.020020 0.005127 
0.018921 0.004517 
0.018128 0.003418 
0.017426 0.001923 
0.015961 0.000671 
0.015015 -0.000916 
0.013398 -0.002319 
0.011658 -0.005432 
0.010132 -0.007477 
0.008789 -0.009339 
0.008148 -0.012452 
0.007111 -0.015259 
0.005219 -0.018311 
0.004303 -0.021393 
0.004242 -0.024384 
0.002899 -0.026795 
0.001862 -0.029389 
0.000702 -0.031281 
0.000092 -0.033021 
-0.001068 -0.035157 
-0.003235 -0.036409 
-0.004273 -0.037446 
-0.006439 -0.038148 
-0.008759 -0.038453 
-0.011200 -0.038545 
-0.013916 -0.037812 
-0.016755 -0.037172 
-0.019227 -0.036409 
-0.021790 -0.034639 
-0.024720 -0.033387 
-0.026948 -0.031678 
-0.030519 -0.029267 
-0.031983 -0.027619 
-0.033052 -0.025269 
-0.035646 -0.022584 
-0.037172 -0.020569 
-0.038423 -0.018555 
-0.038789 -0.016602 
-0.039155 -0.014466 
-0.039399 -0.012238 
-0.039033 -0.011322 
-0.038453 -0.009339 
-0.037507 -0.007202 
-0.036012 -0.006714 
-0.034364 -0.004669 
-0.031739 -0.003449 
-0.029054 -0.002869 
-0.027375 -0.001007 
-0.025147 0.000000 
-0.022767 0.001221 
-0.020142 0.002197 
-0.018159 0.002930 
-0.016114 0.004242 
-0.013642 0.005463 
-0.011597 0.006592 
-0.009705 0.007477 
-0.008271 0.008484 
-0.006470 0.008515 
-0.005219 0.009247 
-0.003937 0.010926 
-0.002167 0.011292 
-0.001068 0.012574 
0.000153 0.013886 
0.001343 0.013825 
0.002503 0.015229 
0.003815 0.016877 
0.004883 0.017060 
0.006043 0.018006 
0.006928 0.018708 
0.007508 0.019227 
0.009247 0.020203 
0.010865 0.020417 
0.011292 0.021393 
0.011750 0.021516 
0.012757 0.021271 
0.013733 0.021943 
0.014191 0.021546 
0.014985 0.021546 
0.016114 0.021882 
0.017182 0.021302 
0.017884 0.021455 
0.018281 0.021821 
0.019166 0.021546 
0.019868 0.021638 
0.019959 0.021088 
0.020356 0.021271 
0.020997 0.021546 
0.021638 0.020722 
0.021790 0.020478 
0.022095 0.020173 
0.022370 0.019654 
0.022523 0.018433 
0.022248 0.017365 
0.022034 0.016358 
0.022462 0.015778 
0.022065 0.014863 
0.022431 0.013123 
0.021943 0.012879 
0.021302 0.011994 
0.021699 0.011200 
0.021180 0.010895 
0.021119 0.009766 
0.020447 0.008667 
0.019684 0.008148 
0.019623 0.007904 
0.019013 0.007080 
0.017670 0.006073 
0.017273 0.005127 
0.016572 0.004547 
0.015992 0.002808 
0.015259 0.001679 
0.012635 0.001160 
0.012116 -0.001312 
0.010956 -0.003693 
0.009888 -0.006195 
0.009491 -0.008637 
0.008148 -0.011322 
0.007447 -0.014405 
0.006043 -0.016907 
0.005554 -0.019898 
0.004273 -0.022767 
0.003021 -0.025147 
0.002380 -0.027406 
0.001007 -0.029511 
0.000031 -0.031709 
-0.001526 -0.033906 
-0.002686 -0.035646 
-0.004028 -0.036042 
-0.006226 -0.036195 
-0.008759 -0.037233 
-0.010743 -0.037416 
-0.012635 -0.036439 
-0.015778 -0.035493 
-0.018860 -0.034883 
-0.021241 -0.034120 
-0.023957 -0.032136 
-0.026582 -0.030213 
-0.028932 -0.028504 
-0.031190 -0.026337 
-0.033204 -0.024964 
-0.035127 -0.022919 
-0.036653 -0.020478 
-0.037843 -0.018738 
-0.038362 -0.016541 
-0.038911 -0.014985 
-0.038911 -0.013367 
-0.038118 -0.011536 
-0.036775 -0.010163 
-0.035768 -0.008667 
-0.034852 -0.007080 
-0.032533 -0.005249 
-0.031251 -0.004212 
-0.028779 -0.003327 
-0.026582 -0.001740 
-0.024598 0.000244 
-0.021119 0.001312 
-0.019593 0.002197 
-0.017365 0.003784 
-0.015687 0.004700 
-0.013977 0.005707 
-0.011444 0.006409 
-0.010163 0.007477 
-0.008698 0.008881 
-0.007050 0.010224 
-0.005066 0.011048 
-0.003571 0.011444 
-0.002258 0.013092 
-0.001038 0.013977 
-0.000153 0.014435 
0.001099 0.015290 
0.002533 0.016144 
0.003815 0.017365 
0.004913 0.017853 
0.006043 0.018311 
0.006623 0.019044 
0.007569 0.019562 
0.008759 0.020569 
0.009430 0.020814 
0.010102 0.020447 
0.011628 0.021241 
0.012299 0.021882 
0.012421 0.022279 
0.014039 0.021882 
0.015168 0.022126 
0.015992 0.023347 
0.016663 0.022645 
0.016907 0.022645 
0.018067 0.022828 
0.019074 0.022523 
0.018983 0.022889 
0.019593 0.022828 
0.020508 0.022462 
0.020295 0.022095 
0.020692 0.021638 
0.021271 0.020356 
0.021577 0.019654 
0.021668 0.018952 
0.021790 0.017884 
0.022309 0.017304 
0.022279 0.015900 
0.022187 0.014954 
0.022217 0.014374 
0.022462 0.013306 
0.021851 0.012452 
0.021546 0.011597 
0.021638 0.011322 
0.021027 0.011048 
0.021027 0.009766 
0.020661 0.008667 
0.020447 0.008515 
0.019959 0.007904 
0.018616 0.006531 
0.017518 0.005768 
0.016938 0.005097 
0.015839 0.004120 
0.014771 0.003296 
0.014313 0.001404 
0.013215 -0.000488 
0.012085 -0.002106 
0.011017 -0.004181 
0.009857 -0.006348 
0.008423 -0.009033 
0.008148 -0.011444 
0.007172 -0.014527 
0.005982 -0.017060 
0.006104 -0.019501 
0.004486 -0.023255 
0.003967 -0.025666 
0.002441 -0.028291 
0.000702 -0.030732 
0.000488 -0.032685 
-0.000793 -0.034700 
-0.002106 -0.035859 
-0.004364 -0.036744 
-0.006134 -0.037385 
-0.008667 -0.037690 
-0.011567 -0.037172 
-0.013611 -0.037080 
-0.016541 -0.035890 
-0.019135 -0.034333 
-0.021180 -0.033662 
-0.024049 -0.031983 
-0.027436 -0.030366 
-0.029572 -0.028535 
-0.031556 -0.026826 
-0.033479 -0.024567 
-0.035127 -0.022706 
-0.036775 -0.021455 
-0.038179 -0.019166 
-0.038789 -0.017792 
-0.038759 -0.016144 
-0.038942 -0.014130 
-0.038545 -0.012452 
-0.037965 -0.010895 
-0.036592 -0.009766 
-0.035096 -0.007904 
-0.032655 -0.006317 
-0.030213 -0.005127 
-0.028993 -0.003601 
-0.026765 -0.002564 
-0.024689 -0.001434 
-0.022004 0.000336 
-0.019288 0.001343 
-0.017884 0.001892 
-0.016022 0.002930 
-0.013947 0.004425 
-0.012391 0.005890 
-0.010834 0.006897 
-0.009217 0.007538 
-0.007355 0.008850 
-0.005829 0.010407 
-0.004608 0.011109 
-0.002655 0.012360 
-0.001740 0.013245 
-0.000610 0.014100 
0.001312 0.015442 
0.002441 0.016297 
0.003815 0.017121 
0.005341 0.018159 
0.006226 0.018952 
0.007202 0.018677 
0.008454 0.019623 
0.009156 0.020478 
0.009796 0.020661 
0.010681 0.021577 
0.011902 0.021607 
0.012635 0.021638 
0.013367 0.021302 
0.015076 0.021516 
0.015717 0.022065 
0.016205 0.022156 
0.017426 0.023041 
0.017884 0.023255 
0.018708 0.022980 
0.019807 0.023133 
0.020173 0.023133 
0.020966 0.022706 
0.021332 0.023194 
0.021332 0.022919 
0.022187 0.021668 
0.022889 0.021241 
0.022980 0.020692 
0.022767 0.019959 
0.022736 0.018189 
0.023072 0.017212 
0.023499 0.016846 
0.023133 0.015229 
0.022889 0.014008 
0.022706 0.013184 
0.022401 0.012543 
0.022553 0.011750 
0.022309 0.011658 
0.022279 0.011231 
0.022034 0.010346 
0.021424 0.010224 
0.020844 0.009552 
0.020142 0.009491 
0.019593 0.009064 
0.019074 0.008057 
0.018128 0.006989 
0.016938 0.005676 
0.015778 0.004639 
0.014618 0.002808 
0.013581 0.001465 
0.012696 -0.000305 
0.011689 -0.003235 
0.010315 -0.005371 
0.010163 -0.007996 
0.009430 -0.010468 
0.008179 -0.012879 
0.007599 -0.016755 
0.006775 -0.019501 
0.006317 -0.021760 
0.005127 -0.024445 
0.004517 -0.026917 
0.003418 -0.030061 
0.001923 -0.031709 
0.000671 -0.033174 
-0.000916 -0.035127 
-0.002319 -0.036103 
-0.005432 -0.036592 
-0.007477 -0.036683 
-0.009339 -0.036988 
-0.012452 -0.036500 
-0.015259 -0.035524 
-0.018311 -0.034761 
-0.021393 -0.033906 
-0.024384 -0.032228 
-0.026795 -0.030305 
-0.029389 -0.028962 
-0.031281 -0.027039 
-0.033021 -0.025483 
-0.035157 -0.024079 
-0.036409 -0.021760 
-0.037446 -0.019593 
-0.038148 -0.018250 
-0.038453 -0.016846 
-0.038545 -0.015595 
-0.037812 -0.013764 
-0.037172 -0.012024 
-0.036409 -0.011353 
-0.034639 -0.009339 
-0.033387 -0.008301 
-0.031678 -0.006989 
-0.029267 -0.005249 
-0.027619 -0.004303 
-0.025269 -0.002075 
-0.022584 -0.001495 
-0.020569 0.000214 
-0.018555 0.002106 
-0.016602 0.002411 
-0.014466 0.003571 
-0.012238 0.004547 
-0.011322 0.006134 
-0.009339 0.007019 
-0.007202 0.007813 
-0.006714 0.008606 
-0.004669 0.009827 
-0.003449 0.010926 
-0.002869 0.012085 
-0.001007 0.013947 
0.000000 0.014283 
0.001221 0.015381 
0.002197 0.016572 
0.002930 0.016938 
0.004242 0.017396 
0.005463 0.018677 
0.006592 0.019196 
0.007477 0.019196 
0.008484 0.020112 
0.008515 0.019837 
0.009247 0.020814 
0.010926 0.020539 
0.011292 0.020905 
0.012574 0.021912 
0.013886 0.021027 
0.013825 0.022370 
0.015229 0.022340 
0.016877 0.022492 
0.017060 0.022858 
0.018006 0.022645 
0.018708 0.023316 
0.019227 0.022584 
0.020203 0.022828 
0.020417 0.022767 
0.021393 0.022401 
0.021516 0.021760 
0.021271 0.020325 
0.021943 0.020173 
0.021546 0.019044 
0.021546 0.017579 
0.021882 0.017060 
0.021302 0.016053 
0.021455 0.015503 
0.021821 0.014618 
0.021546 0.013703 
0.021638 0.013428 
0.021088 0.012452 
0.021271 0.011872 
0.021546 0.012024 
0.020722 0.011963 
0.020478 0.010712 
0.020173 0.010254 
0.019654 0.010010 
0.018433 0.008820 
0.017365 0.008209 
0.016358 0.006836 
0.015778 0.005737 
0.014863 0.003906 
0.013123 0.002228 
0.012879 0.000671 
0.011994 -0.001709 
0.011200 -0.004212 
0.010895 -0.007721 
0.009766 -0.010193 
0.008667 -0.013398 
0.008148 -0.016388 
0.007904 -0.019166 
0.007080 -0.022187 
0.006073 -0.023957 
0.005127 -0.026765 
0.004547 -0.029572 
0.002808 -0.031312 
0.001679 -0.032594 
0.001160 -0.034303 
-0.001312 -0.035493 
-0.003693 -0.036134 
-0.006195 -0.036042 
-0.008637 -0.035951 
-0.011322 -0.035920 
-0.014405 -0.034394 
-0.016907 -0.033998 
-0.019898 -0.033174 
-0.022767 -0.031678 
-0.025147 -0.030580 
-0.027406 -0.028932 
-0.029511 -0.027345 
-0.031709 -0.025758 
-0.033906 -0.023682 
-0.035646 -0.021729 
-0.036042 -0.020905 
-0.036195 -0.018921 
-0.037233 -0.016846 
-0.037416 -0.015564 
-0.036439 -0.013520 
-0.035493 -0.011811 
-0.034883 -0.010498 
-0.034120 -0.009033 
-0.032136 -0.007599 
-0.030213 -0.006409 
-0.028504 -0.005493 
-0.026337 -0.004242 
-0.024964 -0.002808 
-0.022919 -0.001923 
-0.020478 -0.000732 
-0.018738 0.001099 
-0.016541 0.002319 
-0.014985 0.002777 
-0.013367 0.004273 
-0.011536 0.006165 
-0.010163 0.006623 
-0.008667 0.007538 
-0.007080 0.008759 
-0.005249 0.009583 
-0.004212 0.010895 
-0.003327 0.012452 
-0.001740 0.013337 
0.000244 0.014344 
0.001312 0.015351 
0.002197 0.016144 
0.003784 0.017304 
0.004700 0.017151 
0.005707 0.017548 
0.006409 0.018189 
0.007477 0.018342 
0.008881 0.019044 
0.010224 0.019776 
0.011048 0.020081 
0.011444 0.019929 
0.013092 0.020966 
0.013977 0.021577 
0.014435 0.021607 
0.015290 0.022401 
0.016144 0.022401 
0.017365 0.022034 
0.017853 0.022858 
0.018311 0.023011 
0.019044 0.022462 
0.019562 0.022492 
0.020569 0.021516 
0.020814 0.020875 
0.020447 0.020478 
0.021241 0.020081 
0.021882 0.019410 
0.022279 0.018036 
0.021882 0.017243 
0.022126 0.016968 
0.023347 0.015839 
0.022645 0.014832 
0.022645 0.015259 
0.022828 0.013825 
0.022523 0.012909 
0.022889 0.012970 
0.022828 0.011597 
0.022462 0.011383 
0.022095 0.011261 
0.021638 0.010681 
0.020356 0.010193 
0.019654 0.009705 
0.018952 0.009339 
0.017884 0.008423 
0.017304 0.007569 
0.015900 0.006836 
0.014954 0.005310 
0.014374 0.003784 
0.013306 0.001862 
0.012452 0.000275 
0.011597 -0.001801 
0.011322 -0.004669 
0.011048 -0.006531 
0.009766 -0.009888 
0.008667 -0.012635 
0.008515 -0.015442 
0.007904 -0.018860 
0.006531 -0.021546 
0.005768 -0.024293 
0.005097 -0.026856 
0.004120 -0.029633 
0.003296 -0.030671 
0.001404 -0.032014 
-0.000488 -0.033540 
-0.002106 -0.034761 
-0.004181 -0.035768 
-0.006348 -0.035585 
-0.009033 -0.035707 
-0.011444 -0.035768 
-0.014527 -0.034913 
-0.017060 -0.033509 
-0.019501 -0.032777 
-0.023255 -0.031404 
-0.025666 -0.030366 
-0.028291 -0.028230 
-0.030732 -0.026490 
-0.032685 -0.026002 
-0.034700 -0.023621 
-0.035859 -0.021882 
-0.036744 -0.020203 
-0.037385 -0.018921 
-0.037690 -0.017243 
-0.037172 -0.015839 
-0.037080 -0.014313 
-0.035890 -0.012085 
-0.034333 -0.011353 
-0.033662 -0.009156 
-0.031983 -0.007813 
-0.030366 -0.007233 
-0.028535 -0.005707 
-0.026826 -0.004639 
-0.024567 -0.003449 
-0.022706 -0.002014 
-0.021455 -0.001129 
-0.019166 0.000031 
-0.017792 0.001434 
-0.016144 0.001770 
-0.014130 0.003235 
-0.012452 0.005341 
-0.010895 0.006043 
-0.009766 0.006928 
-0.007904 0.008881 
-0.006317 0.010071 
-0.005127 0.010773 
-0.003601 0.012391 
-0.002564 0.013794 
-0.001434 0.014679 
0.000336 0.015137 
0.001343 0.016266 
0.001892 0.017090 
0.002930 0.017518 
0.004425 0.018464 
0.005890 0.019166 
0.006897 0.019166 
0.007538 0.019166 
0.008850 0.020020 
0.010407 0.020478 
0.011109 0.020783 
0.012360 0.020631 
0.013245 0.021119 
0.014100 0.022614 
0.015442 0.022858 
0.016297 0.022919 
0.017121 0.023316 
0.018159 0.023804 
0.018952 0.023530 
0.018677 0.023469 
0.019623 0.023682 
0.020478 0.022309 
0.020661 0.021638 
0.021577 0.021668 
0.021607 0.020936 
0.021638 0.020051 
0.021302 0.018677 
0.021516 0.018097 
0.022065 0.017609 
0.022156 0.016358 
0.023041 0.015961 
0.023255 0.014985 
0.022980 0.014161 
0.023133 0.013886 
0.023133 0.013276 
0.022706 0.013123 
0.023194 0.012391 
0.022919 0.012482 
0.021668 0.012543 
0.021241 0.011780 
0.020692 0.011383 
0.019959 0.010743 
0.018189 0.010315 
0.017212 0.009522 
0.016846 0.008301 
0.015229 0.006684 
0.014008 0.004883 
0.013184 0.002686 
0.012543 0.000977 
0.011750 -0.000946 
0.011658 -0.003876 
0.011231 -0.006104 
0.010346 -0.009278 
0.010224 -0.012757 
0.009552 -0.015320 
0.009491 -0.017914 
0.009064 -0.021058 
0.008057 -0.024079 
0.006989 -0.026215 
0.005676 -0.028474 
0.004639 -0.030366 
0.002808 -0.031922 
0.001465 -0.033326 
-0.000305 -0.033937 
-0.003235 -0.034883 
-0.005371 -0.035493 
-0.007996 -0.035340 
-0.010468 -0.035646 
-0.012879 -0.034791 
-0.016755 -0.034028 
-0.019501 -0.033692 
-0.021760 -0.032350 
-0.024445 -0.030885 
-0.026917 -0.029206 
-0.030061 -0.028108 
-0.031709 -0.026093 
-0.033174 -0.024201 
-0.035127 -0.023469 
-0.036103 -0.021699 
-0.036592 -0.019990 
-0.036683 -0.018525 
-0.036988 -0.016785 
-0.036500 -0.014832 
-0.035524 -0.013459 
-0.034761 -0.012391 
-0.033906 -0.011322 
-0.032228 -0.010132 
-0.030305 -0.008515 
-0.028962 -0.007477 
-0.027039 -0.005768 
-0.025483 -0.003906 
-0.024079 -0.003113 
-0.021760 -0.001617 
-0.019593 -0.000763 
-0.018250 -0.000122 
-0.016846 0.002197 
-0.015595 0.003601 
-0.013764 0.004273 
-0.012024 0.005615 
-0.011353 0.007019 
-0.009339 0.008545 
-0.008301 0.010132 
-0.006989 0.011475 
-0.005249 0.012787 
-0.004303 0.013886 
-0.002075 0.014435 
-0.001495 0.015107 
0.000214 0.016083 
0.002106 0.016999 
0.002411 0.017396 
0.003571 0.018128 
0.004547 0.018311 
0.006134 0.018738 
0.007019 0.020142 
0.007813 0.020844 
0.008606 0.020997 
0.009827 0.020936 
0.010926 0.021546 
0.012085 0.022187 
0.013947 0.022889 
0.014283 0.023255 
0.015381 0.024232 
0.016572 0.024445 
0.016938 0.023743 
0.017396 0.024384 
0.018677 0.023835 
0.019196 0.023347 
0.019196 0.023164 
0.020112 0.022462 
0.019837 0.021668 
0.020814 0.020905 
0.020539 0.019776 
0.020905 0.018983 
0.021912 0.018647 
0.021027 0.017670 
0.022370 0.017060 
0.022340 0.015900 
0.022492 0.015259 
0.022858 0.014588 
0.022645 0.014008 
0.023316 0.013550 
0.022584 0.013062 
0.022828 0.013520 
0.022767 0.013153 
0.022401 0.012726 
0.021760 0.012207 
0.020325 0.012513 
0.020173 0.011902 
0.019044 0.010651 
0.017579 0.010376 
0.017060 0.009064 
0.016053 0.007569 
0.015503 0.006012 
0.014618 0.004151 
0.013703 0.002228 
0.013428 0.000061 
0.012452 -0.002594 
0.011872 -0.005310 
0.012024 -0.008820 
0.011963 -0.011902 
0.010712 -0.014344 
0.010254 -0.017518 
0.010010 -0.020173 
0.008820 -0.022492 
0.008209 -0.025391 
0.006836 -0.027894 
0.005737 -0.029725 
0.003906 -0.031648 
0.002228 -0.032685 
0.000671 -0.033692 
-0.001709 -0.034242 
-0.004212 -0.034516 
-0.007721 -0.034944 
-0.010193 -0.034608 
-0.013398 -0.034486 
-0.016388 -0.033998 
-0.019166 -0.033570 
-0.022187 -0.032350 
-0.023957 -0.030580 
-0.026765 -0.029786 
-0.029572 -0.028443 
-0.031312 -0.026978 
-0.032594 -0.025575 
-0.034303 -0.023316 
-0.035493 -0.021790 
-0.036134 -0.020631 
-0.036042 -0.018311 
-0.035951 -0.016724 
-0.035920 -0.015778 
-0.034394 -0.014191 
-0.033998 -0.012177 
-0.033174 -0.011048 
-0.031678 -0.010163 
-0.030580 -0.008606 
-0.028932 -0.007111 
-0.027345 -0.006195 
-0.025758 -0.005280 
-0.023682 -0.003235 
-0.021729 -0.002319 
-0.020905 -0.001312 
-0.018921 0.000427 
-0.016846 0.000885 
-0.015564 0.002472 
-0.013520 0.004395 
-0.011811 0.005615 
-0.010498 0.006531 
-0.009033 0.008301 
-0.007599 0.010163 
-0.006409 0.010529 
-0.005493 0.012116 
-0.004242 0.013184 
-0.002808 0.013611 
-0.001923 0.014588 
-0.000732 0.015107 
0.001099 0.016144 
0.002319 0.016480 
0.002777 0.016999 
0.004273 0.018128 
0.006165 0.017792 
0.006623 0.017853 
0.007538 0.019166 
0.008759 0.020112 
0.009583 0.020783 
0.010895 0.020905 
0.012452 0.021363 
0.013337 0.021912 
0.014344 0.022309 
0.015351 0.023041 
0.016144 0.022767 
0.017304 0.022645 
0.017151 0.022217 
0.017548 0.022523 
0.018189 0.022553 
0.018342 0.021790 
0.019044 0.022065 
0.019776 0.021058 
0.020081 0.020203 
0.019929 0.018983 
0.020966 0.017823 
0.021577 0.017762 
0.021607 0.017060 
0.022401 0.016114 
0.022401 0.014985 
0.022034 0.014771 
0.022858 0.014527 
0.023011 0.014313 
0.022462 0.014161 
0.022492 0.013245 
0.021516 0.012391 
0.020875 0.012268 
0.020478 0.012116 
0.020081 0.012024 
0.019410 0.011933 
0.018036 0.011750 
0.017243 0.011444 
0.016968 0.010132 
0.015839 0.009217 
0.014832 0.008087 
0.015259 0.006439 
0.013825 0.004151 
0.012909 0.002014 
0.012970 0.000519 
0.011597 -0.002380 
0.011383 -0.005463 
0.011261 -0.008515 
0.010681 -0.011536 
0.010193 -0.014374 
0.009705 -0.017487 
0.009339 -0.020234 
0.008423 -0.022401 
0.007569 -0.024903 
0.006836 -0.026948 
0.005310 -0.028809 
0.003784 -0.030946 
0.001862 -0.031953 
0.000275 -0.032838 
-0.001801 -0.033418 
-0.004669 -0.033967 
-0.006531 -0.034730 
-0.009888 -0.034852 
-0.012635 -0.033998 
-0.015442 -0.033265 
-0.018860 -0.032777 
-0.021546 -0.031617 
-0.024293 -0.030366 
-0.026856 -0.029359 
-0.029633 -0.028474 
-0.030671 -0.026246 
-0.032014 -0.024628 
-0.033540 -0.023682 
-0.034761 -0.021882 
-0.035768 -0.020051 
-0.035585 -0.018433 
-0.035707 -0.016907 
-0.035768 -0.015168 
-0.034913 -0.013581 
-0.033509 -0.012421 
-0.032777 -0.011536 
-0.031404 -0.010102 
-0.030366 -0.008362 
-0.028230 -0.006897 
-0.026490 -0.006317 
-0.026002 -0.005615 
-0.023621 -0.004547 
-0.021882 -0.003296 
-0.020203 -0.001007 
-0.018921 0.000275 
-0.017243 0.001312 
-0.015839 0.002503 
-0.014313 0.003632 
-0.012085 0.005676 
-0.011353 0.007294 
-0.009156 0.008087 
-0.007813 0.009674 
-0.007233 0.010620 
-0.005707 0.011383 
-0.004639 0.012848 
-0.003449 0.013276 
-0.002014 0.014069 
-0.001129 0.015046 
0.000031 0.015625 
0.001434 0.015900 
0.001770 0.016907 
0.003235 0.017579 
0.005341 0.017762 
0.006043 0.018555 
0.006928 0.019044 
0.008881 0.019593 
0.010071 0.020234 
0.010773 0.021577 
0.012391 0.021821 
0.013794 0.022156 
0.014679 0.023408 
0.015137 0.023743 
0.016266 0.023682 
0.017090 0.023225 
0.017518 0.023103 
0.018464 0.023041 
0.019166 0.022401 
0.019166 0.021638 
0.019166 0.021119 
0.020020 0.019990 
0.020478 0.019501 
0.020783 0.019440 
0.020631 0.018464 
0.021119 0.017304 
0.022614 0.016694 
0.022858 0.016297 
0.022919 0.015412 
0.023316 0.014863 
0.023804 0.014283 
0.023530 0.014100 
0.023469 0.013794 
0.023682 0.013459 
0.022309 0.013123 
0.021638 0.013062 
0.021668 0.013123 
0.020936 0.012879 
0.020051 0.013062 
0.018677 0.012116 
0.018097 0.011109 
0.017609 0.010498 
0.016358 0.009735 
0.015961 0.008087 
0.014985 0.006073 
0.014161 0.004120 
0.013886 0.002136 
0.013276 0.000336 
0.013123 -0.002777 
0.012391 -0.006195 
0.012482 -0.009033 
0.012543 -0.011963 
0.011780 -0.015412 
0.011383 -0.017670 
0.010743 -0.020508 
0.010315 -0.023438 
0.009522 -0.025452 
0.008301 -0.027955 
0.006684 -0.029633 
0.004883 -0.031098 
0.002686 -0.032563 
0.000977 -0.034120 
-0.000946 -0.033998 
-0.003876 -0.034272 
-0.006104 -0.035066 
-0.009278 -0.034547 
-0.012757 -0.034822 
-0.015320 -0.034394 
-0.017914 -0.033296 
-0.021058 -0.032472 
-0.024079 -0.031709 
-0.026215 -0.030396 
-0.028474 -0.029115 
-0.030366 -0.027467 
-0.031922 -0.026124 
-0.033326 -0.024751 
-0.033937 -0.022187 
-0.034883 -0.021271 
-0.035493 -0.019837 
-0.035340 -0.018220 
-0.035646 -0.017151 
-0.034791 -0.015107 
-0.034028 -0.013733 
-0.033692 -0.012360 
-0.032350 -0.011231 
-0.030885 -0.010743 
-0.029206 -0.009156 
-0.028108 -0.007477 
-0.026093 -0.006470 
-0.024201 -0.004669 
-0.023469 -0.003571 
-0.021699 -0.002472 
-0.019990 -0.000671 
-0.018525 0.000458 
-0.016785 0.002258 
-0.014832 0.003754 
-0.013459 0.005005 
-0.012391 0.006592 
-0.011322 0.008057 
-0.010132 0.009491 
-0.008515 0.010102 
-0.007477 0.011292 
-0.005768 0.012421 
-0.003906 0.013092 
-0.003113 0.013855 
-0.001617 0.014252 
-0.000763 0.015290 
-0.000122 0.016022 
0.002197 0.016785 
0.003601 0.017579 
0.004273 0.017853 
0.005615 0.018067 
0.007019 0.018738 
0.008545 0.019868 
0.010132 0.020600 
0.011475 0.021760 
0.012787 0.022462 
0.013886 0.022706 
0.014435 0.023103 
0.015107 0.023957 
0.016083 0.023865 
0.016999 0.023316 
0.017396 0.023774 
0.018128 0.023377 
0.018311 0.022736 
0.018738 0.022065 
0.020142 0.021241 
0.020844 0.020661 
0.020997 0.020051 
0.020936 0.019318 
0.021546 0.018036 
0.022187 0.017243 
0.022889 0.016724 
0.023255 0.015778 
0.024232 0.015503 
0.024445 0.015198 
0.023743 0.014069 
0.024384 0.014435 
0.023835 0.014771 
0.023347 0.014435 
0.023164 0.014374 
0.022462 0.013886 
0.021668 0.014435 
0.020905 0.014374 
0.019776 0.013092 
0.018983 0.013184 
0.018647 0.012726 
0.017670 0.011139 
0.017060 0.010346 
0.015900 0.009186 
0.015259 0.006775 
0.014588 0.004151 
0.014008 0.002258 
0.013550 -0.000305 
0.013062 -0.003082 
0.013520 -0.005829 
0.013153 -0.008850 
0.012726 -0.010712 
0.012207 -0.013550 
0.012513 -0.016694 
0.011902 -0.019257 
0.010651 -0.021607 
0.010376 -0.023896 
0.009064 -0.026551 
0.007569 -0.028077 
0.006012 -0.029664 
0.004151 -0.031220 
0.002228 -0.032228 
0.000061 -0.032655 
-0.002594 -0.033662 
-0.005310 -0.034577 
-0.008820 -0.033906 
-0.011902 -0.033723 
-0.014344 -0.033113 
-0.017518 -0.032563 
-0.020173 -0.031861 
-0.022492 -0.030793 
-0.025391 -0.030274 
-0.027894 -0.028687 
-0.029725 -0.027161 
-0.031648 -0.025666 
-0.032685 -0.024506 
-0.033692 -0.023591 
-0.034242 -0.021760 
-0.034516 -0.020295 
-0.034944 -0.018799 
-0.034608 -0.017273 
-0.034486 -0.016022 
-0.033998 -0.014374 
-0.033570 -0.012574 
-0.032350 -0.011841 
-0.030580 -0.010651 
-0.029786 -0.008698 
-0.028443 -0.007904 
-0.026978 -0.006439 
-0.025575 -0.004852 
-0.023316 -0.003479 
-0.021790 -0.002075 
-0.020631 -0.001160 
-0.018311 0.000824 
-0.016724 0.002441 
-0.015778 0.003204 
-0.014191 0.004730 
-0.012177 0.006287 
-0.011048 0.007294 
-0.010163 0.008728 
-0.008606 0.009552 
-0.007111 0.010681 
-0.006195 0.011689 
-0.005280 0.011902 
-0.003235 0.013459 
-0.002319 0.014496 
-0.001312 0.015046 
0.000427 0.015778 
0.000885 0.016358 
0.002472 0.017243 
0.004395 0.017609 
0.005615 0.018708 
0.006531 0.019623 
0.008301 0.020386 
0.010163 0.021027 
0.010529 0.021271 
0.012116 0.022004 
0.013184 0.022309 
0.013611 0.023164 
0.014588 0.023011 
0.015107 0.022736 
0.016144 0.023499 
0.016480 0.023408 
0.016999 0.023103 
0.018128 0.022065 
0.017792 0.022004 
0.017853 0.021302 
0.019166 0.020051 
0.020112 0.020264 
0.020783 0.018891 
0.020905 0.017884 
0.021363 0.017518 
0.021912 0.016449 
0.022309 0.015900 
0.023041 0.015442 
0.022767 0.015229 
0.022645 0.015351 
0.022217 0.015015 
0.022523 0.014710 
0.022553 0.015046 
0.021790 0.015046 
0.022065 0.015625 
0.021058 0.015503 
0.020203 0.014557 
0.018983 0.014435 
0.017823 0.013916 
0.017762 0.013581 
0.017060 0.012482 
0.016114 0.010926 
0.014985 0.009857 
0.014771 0.007874 
0.014527 0.005615 
0.014313 0.003052 
0.014161 0.000549 
0.013245 -0.002075 
0.012391 -0.005554 
0.012268 -0.008148 
0.012116 -0.010681 
0.012024 -0.013886 
0.011933 -0.016663 
0.011750 -0.019196 
0.011444 -0.022095 
0.010132 -0.024354 
0.009217 -0.026460 
0.008087 -0.028565 
0.006439 -0.029725 
0.004151 -0.031251 
0.002014 -0.032807 
0.000519 -0.033753 
-0.002380 -0.033815 
-0.005463 -0.034089 
-0.008515 -0.034059 
-0.011536 -0.033906 
-0.014374 -0.034059 
-0.017487 -0.032655 
-0.020234 -0.031312 
-0.022401 -0.030702 
-0.024903 -0.030183 
-0.026948 -0.028413 
-0.028809 -0.027100 
-0.030946 -0.025544 
-0.031953 -0.024049 
-0.032838 -0.023469 
-0.033418 -0.021424 
-0.033967 -0.020417 
-0.034730 -0.018677 
-0.034852 -0.017029 
-0.033998 -0.016663 
-0.033265 -0.015259 
-0.032777 -0.013825 
-0.031617 -0.012787 
-0.030366 -0.011353 
-0.029359 -0.009796 
-0.028474 -0.009339 
-0.026246 -0.007965 
-0.024628 -0.006104 
-0.023682 -0.004089 
-0.021882 -0.002472 
-0.020051 -0.001434 
-0.018433 0.000458 
-0.016907 0.001679 
-0.015168 0.002625 
-0.013581 0.004181 
-0.012421 0.005646 
-0.011536 0.007050 
-0.010102 0.008484 
-0.008362 0.009461 
-0.006897 0.010559 
-0.006317 0.010895 
-0.005615 0.012268 
-0.004547 0.013031 
-0.003296 0.013062 
-0.001007 0.014618 
0.000275 0.015137 
0.001312 0.016816 
0.002503 0.017609 
0.003632 0.017731 
0.005676 0.018372 
0.007294 0.019288 
0.008087 0.020447 
0.009674 0.020722 
0.010620 0.022584 
0.011383 0.023041 
0.012848 0.022645 
0.013276 0.022614 
0.014069 0.023133 
0.015046 0.023560 
0.015625 0.022950 
0.015900 0.023011 
0.016907 0.022706 
0.017579 0.022401 
0.017762 0.021607 
0.018555 0.020875 
0.019044 0.019959 
0.019593 0.019532 
0.020234 0.019013 
0.021577 0.017731 
0.021821 0.017670 
0.022156 0.016785 
0.023408 0.015931 
0.023743 0.015381 
0.023682 0.014832 
0.023225 0.014985 
0.023103 0.014801 
0.023041 0.014466 
0.022401 0.014405 
0.021638 0.014710 
0.021119 0.014740 
0.019990 0.014588 
0.019501 0.014374 
0.019440 0.014527 
0.018464 0.014588 
0.017304 0.013276 
0.016694 0.012299 
0.016297 0.011261 
0.015412 0.009522 
0.014863 0.008148 
0.014283 0.005707 
0.014100 0.003357 
0.013794 0.001099 
0.013459 -0.001709 
0.013123 -0.004059 
0.013062 -0.007385 
0.013123 -0.010285 
0.012879 -0.012238 
0.013062 -0.015137 
0.012116 -0.018494 
0.011109 -0.021088 
0.010498 -0.023560 
0.009735 -0.025269 
0.008087 -0.026856 
0.006073 -0.028687 
0.004120 -0.029908 
0.002136 -0.031587 
0.000336 -0.032044 
-0.002777 -0.032563 
-0.006195 -0.033265 
-0.009033 -0.033204 
-0.011963 -0.033235 
-0.015412 -0.032838 
-0.017670 -0.032624 
-0.020508 -0.031129 
-0.023438 -0.030244 
-0.025452 -0.029664 
-0.027955 -0.027833 
-0.029633 -0.026978 
-0.031098 -0.025544 
-0.032563 -0.023774 
-0.034120 -0.022462 
-0.033998 -0.020569 
-0.034272 -0.019959 
-0.035066 -0.019501 
-0.034547 -0.017457 
-0.034822 -0.015900 
-0.034394 -0.014863 
-0.033296 -0.013794 
-0.032472 -0.012299 
-0.031709 -0.011292 
-0.030396 -0.010529 
-0.029115 -0.008911 
-0.027467 -0.007782 
-0.026124 -0.006684 
-0.024751 -0.005066 
-0.022187 -0.003327 
-0.021271 -0.002167 
-0.019837 -0.000397 
-0.018220 0.001221 
-0.017151 0.002197 
-0.015107 0.003723 
-0.013733 0.005005 
-0.012360 0.006470 
-0.011231 0.007782 
-0.010743 0.008545 
-0.009156 0.009461 
-0.007477 0.010437 
-0.006470 0.010865 
-0.004669 0.012177 
-0.003571 0.013367 
-0.002472 0.013855 
-0.000671 0.014832 
0.000458 0.015564 
0.002258 0.016785 
0.003754 0.017335 
0.005005 0.018250 
0.006592 0.019135 
0.008057 0.019898 
0.009491 0.021119 
0.010102 0.021241 
0.011292 0.022553 
0.012421 0.022828 
0.013092 0.022675 
0.013855 0.023499 
0.014252 0.022919 
0.015290 0.022980 
0.016022 0.023469 
0.016785 0.022217 
0.017579 0.021424 
0.017853 0.021516 
0.018067 0.020539 
0.018738 0.019471 
0.019868 0.018738 
0.020600 0.018311 
0.021760 0.017548 
0.022462 0.016877 
0.022706 0.015900 
0.023103 0.015351 
0.023957 0.015564 
0.023865 0.015381 
0.023316 0.015259 
0.023774 0.014588 
0.023377 0.014924 
0.022736 0.014832 
0.022065 0.015137 
0.021241 0.016144 
0.020661 0.015564 
0.020051 0.015381 
0.019318 0.015198 
0.018036 0.014771 
0.017243 0.014069 
0.016724 0.013276 
0.015778 0.011628 
0.015503 0.009461 
0.015198 0.007782 
0.014069 0.006226 
0.014435 0.004242 
0.014771 0.001343 
0.014435 -0.001068 
0.014374 -0.004547 
0.013886 -0.007447 
0.014435 -0.009766 
0.014374 -0.013123 
0.013092 -0.015595 
0.013184 -0.018250 
0.012726 -0.021058 
0.011139 -0.023316 
0.010346 -0.025422 
0.009186 -0.027680 
0.006775 -0.028871 
0.004151 -0.029786 
0.002258 -0.031526 
-0.000305 -0.032167 
-0.003082 -0.032533 
-0.005829 -0.033235 
-0.008850 -0.033326 
-0.010712 -0.033357 
-0.013550 -0.033235 
-0.016694 -0.032716 
-0.019257 -0.032075 
-0.021607 -0.030946 
-0.023896 -0.030091 
-0.026551 -0.029176 
-0.028077 -0.027833 
-0.029664 -0.026734 
-0.031220 -0.025178 
-0.032228 -0.023713 
-0.032655 -0.022309 
-0.033662 -0.021241 
-0.034577 -0.020447 
-0.033906 -0.018677 
-0.033723 -0.017304 
-0.033113 -0.016572 
-0.032563 -0.015503 
-0.031861 -0.014130 
-0.030793 -0.012787 
-0.030274 -0.011444 
-0.028687 -0.009949 
-0.027161 -0.008240 
-0.025666 -0.007050 
-0.024506 -0.005646 
-0.023591 -0.003571 
-0.021760 -0.002686 
-0.020295 -0.000916 
-0.018799 0.000122 
-0.017273 0.001007 
-0.016022 0.003327 
-0.014374 0.004089 
-0.012574 0.005463 
-0.011841 0.006928 
-0.010651 0.008301 
-0.008698 0.009735 
-0.007904 0.010376 
-0.006439 0.010956 
-0.004852 0.011994 
-0.003479 0.013459 
-0.002075 0.014344 
-0.001160 0.015412 
0.000824 0.016266 
0.002441 0.017090 
0.003204 0.018006 
0.004730 0.018952 
0.006287 0.019105 
0.007294 0.019868 
0.008728 0.021607 
0.009552 0.022248 
0.010681 0.022523 
0.011689 0.022706 
0.011902 0.023865 
0.013459 0.023621 
0.014496 0.023957 
0.015046 0.024445 
0.015778 0.023560 
0.016358 0.023682 
0.017243 0.023041 
0.017609 0.022187 
0.018708 0.021088 
0.019623 0.020844 
0.020386 0.020112 
0.021027 0.018860 
0.021271 0.017762 
0.022004 0.017029 
0.022309 0.016968 
0.023164 0.016480 
0.023011 0.016358 
0.022736 0.015320 
0.023499 0.015778 
0.023408 0.015931 
0.023103 0.015412 
0.022065 0.015778 
0.022004 0.015961 
0.021302 0.016602 
0.020051 0.016511 
0.020264 0.016633 
0.018891 0.015748 
0.017884 0.015076 
0.017518 0.014435 
0.016449 0.013428 
0.015900 0.012482 
0.015442 0.010407 
0.015229 0.008698 
0.015351 0.006561 
0.015015 0.004181 
0.014710 0.001373 
0.015046 -0.001404 
0.015046 -0.003388 
0.015625 -0.005829 
0.015503 -0.009156 
0.014557 -0.011780 
0.014435 -0.013977 
0.013916 -0.017121 
0.013581 -0.019684 
0.012482 -0.021546 
0.010926 -0.023530 
0.009857 -0.025697 
0.007874 -0.027131 
0.005615 -0.029023 
0.003052 -0.030152 
0.000549 -0.030854 
-0.002075 -0.032289 
-0.005554 -0.032716 
-0.008148 -0.032960 
-0.010681 -0.032868 
-0.013886 -0.032594 
-0.016663 -0.032167 
-0.019196 -0.031709 
-0.022095 -0.030915 
-0.024354 -0.030061 
-0.026460 -0.029115 
-0.028565 -0.027009 
-0.029725 -0.025422 
-0.031251 -0.024628 
-0.032807 -0.023652 
-0.033753 -0.022370 
-0.033815 -0.021271 
-0.034089 -0.019776 
-0.034059 -0.019074 
-0.033906 -0.017975 
-0.034059 -0.016236 
-0.032655 -0.015992 
-0.031312 -0.014283 
-0.030702 -0.013031 
-0.030183 -0.011780 
-0.028413 -0.009674 
-0.027100 -0.008332 
-0.025544 -0.006378 
-0.024049 -0.005554 
-0.023469 -0.003876 
-0.021424 -0.001679 
-0.020417 -0.000641 
-0.018677 0.000610 
-0.017029 0.001465 
-0.016663 0.002747 
-0.015259 0.003662 
-0.013825 0.004791 
-0.012787 0.006256 
-0.011353 0.007141 
-0.009796 0.008271 
-0.009339 0.008972 
-0.007965 0.009949 
-0.006104 0.011261 
-0.004089 0.011689 
-0.002472 0.012787 
-0.001434 0.014801 
0.000458 0.015259 
0.001679 0.016053 
0.002625 0.017182 
0.004181 0.017548 
0.005646 0.019135 
0.007050 0.019440 
0.008484 0.019837 
0.009461 0.021210 
0.010559 0.021210 
0.010895 0.021943 
0.012268 0.022950 
0.013031 0.022767 
0.013062 0.022950 
0.014618 0.022523 
0.015137 0.021882 
0.016816 0.022248 
0.017609 0.020722 
0.017731 0.019959 
0.018372 0.020295 
0.019288 0.018921 
0.020447 0.018342 
0.020722 0.017701 
0.022584 0.016724 
0.023041 0.015748 
0.022645 0.015290 
0.022614 0.015656 
0.023133 0.014924 
0.023560 0.014740 
0.022950 0.015076 
0.023011 0.014954 
0.022706 0.015229 
0.022401 0.015381 
0.021607 0.015931 
0.020875 0.016022 
0.019959 0.016297 
0.019532 0.016724 
0.019013 0.015839 
0.017731 0.015229 
0.017670 0.014069 
0.016785 0.013428 
0.015931 0.012391 
0.015381 0.010529 
0.014832 0.009217 
0.014985 0.006653 
0.014801 0.004669 
0.014466 0.002594 
0.014405 -0.000336 
0.014710 -0.003388 
0.014740 -0.005585 
0.014588 -0.008271 
0.014374 -0.011292 
0.014527 -0.013276 
0.014588 -0.016511 
0.013276 -0.018464 
0.012299 -0.020844 
0.011261 -0.022919 
0.009522 -0.024232 
0.008148 -0.026551 
0.005707 -0.028016 
0.003357 -0.029054 
0.001099 -0.030000 
-0.001709 -0.031617 
-0.004059 -0.031556 
-0.007385 -0.031922 
-0.010285 -0.032289 
-0.012238 -0.031617 
-0.015137 -0.031526 
-0.018494 -0.030702 
-0.021088 -0.030580 
-0.023560 -0.028809 
-0.025269 -0.027802 
-0.026856 -0.027467 
-0.028687 -0.025361 
-0.029908 -0.024384 
-0.031587 -0.023682 
-0.032044 -0.022279 
-0.032563 -0.021302 
-0.033265 -0.020386 
-0.033204 -0.018525 
-0.033235 -0.017945 
-0.032838 -0.017060 
-0.032624 -0.015961 
-0.031129 -0.014893 
-0.030244 -0.012787 
-0.029664 -0.011689 
-0.027833 -0.010437 
-0.026978 -0.008911 
-0.025544 -0.006867 
-0.023774 -0.005707 
-0.022462 -0.004608 
-0.020569 -0.002838 
-0.019959 -0.001556 
-0.019501 0.000885 
-0.017457 0.001953 
-0.015900 0.002899 
-0.014863 0.004486 
-0.013794 0.005463 
-0.012299 0.006897 
-0.011292 0.007752 
-0.010529 0.008240 
-0.008911 0.009156 
-0.007782 0.011170 
-0.006684 0.011750 
-0.005066 0.012268 
-0.003327 0.013703 
-0.002167 0.014161 
-0.000397 0.015687 
0.001221 0.016938 
0.002197 0.017609 
0.003723 0.018616 
0.005005 0.019837 
0.006470 0.020905 
0.007782 0.021119 
0.008545 0.021882 
0.009461 0.022828 
0.010437 0.022919 
0.010865 0.023164 
0.012177 0.023530 
0.013367 0.023164 
0.013855 0.023041 
0.014832 0.022950 
0.015564 0.022156 
0.016785 0.021393 
0.017335 0.020936 
0.018250 0.020417 
0.019135 0.019776 
0.019898 0.018799 
0.021119 0.017884 
0.021241 0.017151 
0.022553 0.016266 
0.022828 0.015778 
0.022675 0.015381 
0.023499 0.015748 
0.022919 0.015473 
0.022980 0.015503 
0.023469 0.016266 
0.022217 0.015900 
0.021424 0.016327 
0.021516 0.016572 
0.020539 0.016572 
0.019471 0.016724 
0.018738 0.016907 
0.018311 0.016022 
0.017548 0.015351 
0.016877 0.015107 
0.015900 0.013428 
0.015351 0.012177 
0.015564 0.010132 
0.015381 0.008393 
0.015259 0.006104 
0.014588 0.004059 
0.014924 0.002167 
0.014832 -0.000671 
0.015137 -0.003174 
0.016144 -0.006409 
0.015564 -0.008515 
0.015381 -0.011628 
0.015198 -0.014100 
0.014771 -0.016236 
0.014069 -0.018677 
0.013276 -0.020905 
0.011628 -0.023743 
0.009461 -0.024873 
0.007782 -0.026612 
0.006226 -0.028230 
0.004242 -0.029847 
0.001343 -0.030885 
-0.001068 -0.030976 
-0.004547 -0.031465 
-0.007447 -0.032319 
-0.009766 -0.032533 
-0.013123 -0.031465 
-0.015595 -0.031922 
-0.018250 -0.031526 
-0.021058 -0.030366 
-0.023316 -0.029786 
-0.025422 -0.028687 
-0.027680 -0.027650 
-0.028871 -0.026551 
-0.029786 -0.025269 
-0.031526 -0.024506 
-0.032167 -0.024049 
-0.032533 -0.022614 
-0.033235 -0.022065 
-0.033326 -0.020753 
-0.033357 -0.019288 
-0.033235 -0.018220 
-0.032716 -0.016663 
-0.032075 -0.016144 
-0.030946 -0.014557 
-0.030091 -0.012940 
-0.029176 -0.011322 
-0.027833 -0.009430 
-0.026734 -0.008332 
-0.025178 -0.006775 
-0.023713 -0.005158 
-0.022309 -0.003418 
-0.021241 -0.001679 
-0.020447 -0.000153 
-0.018677 0.001251 
-0.017304 0.002655 
-0.016572 0.003662 
-0.015503 0.004578 
-0.014130 0.006623 
-0.012787 0.007447 
-0.011444 0.008332 
-0.009949 0.010010 
-0.008240 0.010468 
-0.007050 0.011444 
-0.005646 0.012604 
-0.003571 0.013916 
-0.002686 0.014801 
-0.000916 0.015870 
0.000122 0.016755 
0.001007 0.017243 
0.003327 0.018555 
0.004089 0.018952 
0.005463 0.020569 
0.006928 0.021760 
0.008301 0.022401 
0.009735 0.023103 
0.010376 0.023103 
0.010956 0.023621 
0.011994 0.023072 
0.013459 0.023164 
0.014344 0.023011 
0.015412 0.022340 
0.016266 0.021851 
0.017090 0.021302 
0.018006 0.020600 
0.018952 0.019959 
0.019105 0.019623 
0.019868 0.018159 
0.021607 0.017457 
0.022248 0.016968 
0.022523 0.016541 
0.022706 0.015717 
0.023865 0.015137 
0.023621 0.016266 
0.023957 0.016419 
0.024445 0.016480 
0.023560 0.017090 
0.023682 0.017365 
0.023041 0.017670 
0.022187 0.018097 
0.021088 0.018159 
0.020844 0.017975 
0.020112 0.017762 
0.018860 0.017487 
0.017762 0.016785 
0.017029 0.015503 
0.016968 0.014496 
0.016480 0.013337 
0.016358 0.012207 
0.015320 0.009980 
0.015778 0.007569 
0.015931 0.005921 
0.015412 0.003082 
0.015778 0.000641 
0.015961 -0.001953 
0.016602 -0.005249 
0.016511 -0.007355 
0.016633 -0.009919 
0.015748 -0.012818 
0.015076 -0.014771 
0.014435 -0.017609 
0.013428 -0.020386 
0.012482 -0.022156 
0.010407 -0.024293 
0.008698 -0.026032 
0.006561 -0.027406 
0.004181 -0.028809 
0.001373 -0.029450 
-0.001404 -0.030274 
-0.003388 -0.031037 
-0.005829 -0.030915 
-0.009156 -0.030915 
-0.011780 -0.031037 
-0.013977 -0.030427 
-0.017121 -0.029695 
-0.019684 -0.029511 
-0.021546 -0.028657 
-0.023530 -0.027772 
-0.025697 -0.026917 
-0.027131 -0.026307 
-0.029023 -0.025880 
-0.030152 -0.025086 
-0.030854 -0.024293 
-0.032289 -0.022706 
-0.032716 -0.021912 
-0.032960 -0.020875 
-0.032868 -0.019501 
-0.032594 -0.018494 
-0.032167 -0.017060 
-0.031709 -0.015839 
-0.030915 -0.014222 
-0.030061 -0.013184 
-0.029115 -0.011750 
-0.027009 -0.009552 
-0.025422 -0.008484 
-0.024628 -0.007599 
-0.023652 -0.005615 
-0.022370 -0.003998 
-0.021271 -0.002594 
-0.019776 -0.001068 
-0.019074 -0.000031 
-0.017975 0.001495 
-0.016236 0.002716 
