-0.001495 -0.011505 
0.000122 -0.013031 
0.001221 -0.013977 
0.002502 -0.013947 
0.003784 -0.014923 
0.004059 -0.014832 
0.004913 -0.013580 
0.005341 -0.012573 
0.004791 -0.011047 
0.004028 -0.009277 
0.002869 -0.007507 
0.001221 -0.006073 
-0.000580 -0.005096 
-0.002380 -0.004700 
-0.004974 -0.003113 
-0.007843 -0.003143 
-0.010742 -0.003174 
-0.013123 -0.003723 
-0.014893 -0.005829 
-0.016541 -0.006714 
-0.017334 -0.009460 
-0.017975 -0.011383 
-0.017456 -0.013275 
-0.015961 -0.015350 
-0.014435 -0.016571 
-0.011993 -0.018463 
-0.010223 -0.019257 
-0.008514 -0.018524 
-0.006500 -0.016998 
-0.005341 -0.015289 
-0.004211 -0.011932 
-0.004120 -0.009155 
-0.004303 -0.005859 
-0.004333 -0.001892 
-0.005798 0.001740 
-0.006561 0.006195 
-0.008087 0.009399 
-0.009430 0.012939 
-0.010681 0.015930 
-0.013306 0.018860 
-0.014557 0.021637 
-0.015900 0.023499 
-0.016052 0.025024 
-0.016022 0.026062 
-0.015930 0.028259 
-0.014465 0.029968 
-0.012085 0.031647 
-0.008423 0.032867 
-0.005768 0.033417 
-0.001434 0.033997 
0.002808 0.034058 
0.006683 0.033905 
0.011688 0.032257 
0.015503 0.030670 
0.019379 0.028503 
0.023193 0.024689 
0.025940 0.020447 
0.027863 0.016235 
0.029724 0.011414 
0.030487 0.006470 
0.031433 0.001465 
0.032166 -0.003540 
0.031677 -0.006805 
0.031647 -0.010590 
0.031097 -0.012939 
0.030670 -0.013824 
0.030518 -0.014435 
0.029449 -0.013519 
0.028320 -0.013489 
0.027283 -0.011993 
0.024963 -0.009888 
0.022278 -0.008087 
0.018890 -0.005646 
0.014984 -0.004181 
0.011292 -0.002380 
0.006378 -0.001373 
0.001709 -0.001587 
-0.002869 -0.001892 
-0.007446 -0.001953 
-0.010956 -0.002533 
-0.013916 -0.003326 
-0.016479 -0.003479 
-0.017578 -0.004944 
-0.017761 -0.006165 
-0.017181 -0.006622 
-0.015808 -0.007507 
-0.014008 -0.007965 
-0.011230 -0.008789 
-0.008881 -0.009338 
-0.006287 -0.009644 
-0.003693 -0.009705 
-0.001587 -0.009155 
-0.000122 -0.008881 
0.000000 -0.007782 
0.000458 -0.005981 
0.000092 -0.004578 
-0.001495 -0.002991 
-0.002350 -0.000610 
-0.003387 0.001343 
-0.005432 0.003082 
-0.006989 0.004791 
-0.008423 0.005432 
-0.009308 0.006104 
-0.009491 0.006714 
-0.009460 0.005737 
-0.008881 0.003937 
-0.008667 0.002136 
-0.007721 -0.000610 
-0.006348 -0.002808 
-0.005890 -0.004852 
-0.004913 -0.007690 
-0.003326 -0.009644 
-0.002502 -0.011627 
-0.001190 -0.013153 
0.000519 -0.014130 
0.001587 -0.015137 
0.002930 -0.015381 
0.004456 -0.014191 
0.004974 -0.013184 
0.005188 -0.012329 
0.005798 -0.010284 
0.004913 -0.009155 
0.003632 -0.007111 
0.001678 -0.005188 
-0.000549 -0.004578 
-0.002899 -0.003448 
-0.005676 -0.002960 
-0.007751 -0.002655 
-0.010925 -0.002991 
-0.012939 -0.004242 
-0.014526 -0.005798 
-0.016052 -0.007751 
-0.015686 -0.010376 
-0.016083 -0.012634 
-0.015900 -0.014526 
-0.014526 -0.016846 
-0.013153 -0.018524 
-0.011322 -0.018982 
-0.009460 -0.019409 
-0.008179 -0.018860 
-0.006439 -0.016846 
-0.004944 -0.015411 
-0.004395 -0.012878 
-0.003876 -0.009338 
-0.003937 -0.006622 
-0.004150 -0.003204 
-0.005005 0.000824 
-0.006958 0.003998 
-0.007996 0.007935 
-0.009644 0.011871 
-0.011810 0.013763 
-0.013458 0.016479 
-0.015808 0.018646 
-0.016510 0.020813 
-0.017273 0.023529 
-0.017792 0.025330 
-0.015930 0.027924 
-0.014648 0.029724 
-0.012268 0.031616 
-0.008972 0.033356 
-0.005463 0.034180 
-0.001373 0.035492 
0.002808 0.035522 
0.007202 0.034607 
0.011383 0.034332 
0.015503 0.032501 
0.018860 0.029388 
0.021820 0.026093 
0.024292 0.021851 
0.026031 0.017242 
0.027618 0.011932 
0.028992 0.007263 
0.030151 0.002167 
0.030640 -0.002808 
0.031250 -0.006226 
0.031616 -0.009521 
0.031494 -0.011078 
0.031952 -0.012390 
0.031555 -0.012726 
0.030457 -0.012360 
0.029297 -0.011719 
0.027679 -0.009674 
0.025879 -0.008148 
0.022949 -0.006317 
0.019318 -0.004791 
0.014954 -0.003601 
0.010529 -0.002106 
0.006561 -0.001984 
0.001434 -0.001617 
-0.003693 -0.001434 
-0.007629 -0.002197 
-0.010590 -0.001953 
-0.013702 -0.002258 
-0.015930 -0.002991 
-0.016846 -0.003998 
-0.017151 -0.004822 
-0.016357 -0.005157 
-0.015198 -0.006744 
-0.012878 -0.007233 
-0.010742 -0.008545 
-0.008240 -0.009705 
-0.004822 -0.009460 
-0.003174 -0.009857 
-0.002075 -0.009247 
-0.000824 -0.008972 
-0.000519 -0.007599 
-0.000885 -0.005493 
-0.000916 -0.003967 
-0.002228 -0.001953 
-0.003357 0.000519 
-0.004364 0.002686 
-0.006409 0.004059 
-0.006744 0.005829 
-0.007782 0.006927 
-0.008606 0.007507 
-0.008514 0.007141 
-0.008667 0.006256 
-0.008362 0.004517 
-0.008667 0.002319 
-0.007904 0.000275 
-0.006958 -0.002899 
-0.005890 -0.004608 
-0.004669 -0.006958 
-0.003571 -0.009460 
-0.002136 -0.010773 
-0.000854 -0.012512 
0.001404 -0.013519 
0.002838 -0.014526 
0.003784 -0.014252 
0.004822 -0.013855 
0.006226 -0.013428 
0.006744 -0.011993 
0.005737 -0.010834 
0.004761 -0.008820 
0.002777 -0.007080 
0.001221 -0.005157 
-0.001312 -0.003021 
-0.003876 -0.002686 
-0.006012 -0.002716 
-0.009705 -0.002594 
-0.012054 -0.003143 
-0.014130 -0.004486 
-0.015747 -0.006348 
-0.015747 -0.008698 
-0.016296 -0.011414 
-0.016052 -0.013458 
-0.015198 -0.015533 
-0.014038 -0.017883 
-0.012238 -0.018707 
-0.011047 -0.019897 
-0.008942 -0.020599 
-0.006836 -0.019165 
-0.006104 -0.017578 
-0.005249 -0.015564 
-0.004150 -0.013458 
-0.004272 -0.010620 
-0.004272 -0.006836 
-0.004333 -0.003418 
-0.006073 -0.000366 
-0.007294 0.002960 
-0.009308 0.006317 
-0.010986 0.009003 
-0.013092 0.011139 
-0.015503 0.013184 
-0.016174 0.016663 
-0.017639 0.018799 
-0.018433 0.020660 
-0.018799 0.023865 
-0.017273 0.025848 
-0.015686 0.028625 
-0.013489 0.030823 
-0.009308 0.032745 
-0.005859 0.034576 
-0.001465 0.035431 
0.002167 0.035980 
0.006226 0.035370 
0.010254 0.034515 
0.013580 0.032440 
0.017090 0.029297 
0.020721 0.025482 
0.023560 0.020691 
0.024780 0.015991 
0.026581 0.011261 
0.027588 0.005981 
0.028656 0.001068 
0.029602 -0.002686 
0.030640 -0.006378 
0.032135 -0.009033 
0.032623 -0.010773 
0.033112 -0.011536 
0.033173 -0.011414 
0.032745 -0.011261 
0.032013 -0.010071 
0.029907 -0.009399 
0.027161 -0.008484 
0.024292 -0.006409 
0.020020 -0.005249 
0.015930 -0.004211 
0.011322 -0.003174 
0.005920 -0.002899 
0.001526 -0.002411 
-0.002533 -0.001831 
-0.006927 -0.002747 
-0.011047 -0.003052 
-0.013184 -0.002838 
-0.015137 -0.004120 
-0.015564 -0.004486 
-0.015106 -0.005188 
-0.014954 -0.006348 
-0.012848 -0.007141 
-0.011108 -0.008606 
-0.008636 -0.009705 
-0.006409 -0.010345 
-0.005188 -0.010406 
-0.003021 -0.010345 
-0.002380 -0.009735 
-0.001526 -0.008881 
-0.000336 -0.007446 
-0.001099 -0.005219 
-0.001984 -0.002960 
-0.003052 -0.001404 
-0.003906 0.000031 
-0.004822 0.002808 
-0.006012 0.004547 
-0.006927 0.006622 
-0.008484 0.007568 
-0.008514 0.007141 
-0.008606 0.007416 
-0.009705 0.005920 
-0.009308 0.004700 
-0.009125 0.003021 
-0.008820 0.000305 
-0.007660 -0.002228 
-0.006836 -0.003754 
-0.005249 -0.006317 
-0.004150 -0.009338 
-0.002655 -0.010284 
-0.000305 -0.012024 
0.000885 -0.012970 
0.002838 -0.013916 
0.004303 -0.013611 
0.005463 -0.013092 
0.006378 -0.012238 
0.006500 -0.009918 
0.006165 -0.009369 
0.004608 -0.006592 
0.003387 -0.004669 
0.001099 -0.003448 
-0.001617 -0.001556 
-0.004272 -0.002014 
-0.006744 -0.000641 
-0.009125 -0.000580 
-0.011505 -0.002472 
-0.013031 -0.003845 
-0.013977 -0.006042 
-0.013947 -0.008636 
-0.014923 -0.011810 
-0.014832 -0.014343 
-0.013580 -0.016022 
-0.012573 -0.017578 
-0.011047 -0.018951 
-0.009277 -0.019409 
-0.007507 -0.019165 
-0.006073 -0.018250 
-0.005096 -0.016510 
-0.004700 -0.014587 
-0.003113 -0.012390 
-0.003143 -0.009979 
-0.003174 -0.006378 
-0.003723 -0.003448 
-0.005829 -0.000610 
-0.006714 0.002563 
-0.009460 0.005127 
-0.011383 0.007812 
-0.013275 0.010223 
-0.015350 0.013275 
-0.016571 0.015289 
-0.018463 0.017639 
-0.019257 0.020721 
-0.018524 0.023834 
-0.016998 0.026764 
-0.015289 0.029144 
-0.011932 0.031921 
-0.009155 0.033875 
-0.005859 0.036530 
-0.001892 0.037689 
0.001740 0.037842 
0.006195 0.037354 
0.009399 0.035034 
0.012939 0.032990 
0.015930 0.029480 
0.018860 0.025482 
0.021637 0.021179 
0.023499 0.016632 
0.025024 0.011749 
0.026062 0.007050 
0.028259 0.002838 
0.029968 -0.001495 
0.031647 -0.004181 
0.032867 -0.006134 
0.033417 -0.007965 
0.033997 -0.009277 
0.034058 -0.009705 
0.033905 -0.009247 
0.032257 -0.007935 
0.030670 -0.007202 
0.028503 -0.007050 
0.024689 -0.006378 
0.020447 -0.005829 
0.016235 -0.004578 
0.011414 -0.003784 
0.006470 -0.003632 
0.001465 -0.002869 
-0.003540 -0.002655 
-0.006805 -0.002991 
-0.010590 -0.002686 
-0.012939 -0.003174 
-0.013824 -0.004272 
-0.014435 -0.004486 
-0.013519 -0.005615 
-0.013489 -0.007263 
-0.011993 -0.008484 
-0.009888 -0.009277 
-0.008087 -0.010010 
-0.005646 -0.011200 
-0.004181 -0.011383 
-0.002380 -0.011536 
-0.001373 -0.011475 
-0.001587 -0.009857 
-0.001892 -0.007690 
-0.001953 -0.005310 
-0.002533 -0.003418 
-0.003326 -0.000336 
-0.003479 0.002106 
-0.004944 0.002991 
-0.006165 0.005310 
-0.006622 0.006561 
-0.007507 0.006500 
-0.007965 0.006805 
-0.008789 0.006683 
-0.009338 0.005310 
-0.009644 0.003632 
-0.009705 0.002045 
-0.009155 0.000153 
-0.008881 -0.001617 
-0.007782 -0.004486 
-0.005981 -0.007324 
-0.004578 -0.009216 
-0.002991 -0.010620 
-0.000610 -0.011810 
0.001343 -0.013275 
0.003082 -0.014038 
0.004791 -0.013123 
0.005432 -0.012238 
0.006104 -0.011627 
0.006714 -0.009583 
0.005737 -0.007629 
0.003937 -0.006256 
0.002136 -0.003937 
-0.000610 -0.001740 
-0.002808 -0.000946 
-0.004852 -0.000549 
-0.007690 -0.001038 
-0.009644 -0.002014 
-0.011627 -0.003052 
-0.013153 -0.005066 
-0.014130 -0.007538 
-0.015137 -0.009766 
-0.015381 -0.011871 
-0.014191 -0.014343 
-0.013184 -0.016144 
-0.012329 -0.017822 
-0.010284 -0.018982 
-0.009155 -0.018982 
-0.007111 -0.018341 
-0.005188 -0.017487 
-0.004578 -0.016113 
-0.003448 -0.014038 
-0.002960 -0.012512 
-0.002655 -0.009552 
-0.002991 -0.006226 
-0.004242 -0.003906 
-0.005798 -0.001984 
-0.007751 0.000214 
-0.010376 0.003418 
-0.012634 0.005829 
-0.014526 0.008240 
-0.016846 0.011322 
-0.018524 0.013702 
-0.018982 0.016602 
-0.019409 0.020325 
-0.018860 0.023132 
-0.016846 0.026855 
-0.015411 0.029999 
-0.012878 0.032806 
-0.009338 0.035645 
-0.006622 0.037140 
-0.003204 0.039001 
0.000824 0.039398 
0.003998 0.038635 
0.007935 0.036499 
0.011871 0.033630 
0.013763 0.030182 
0.016479 0.025482 
0.018646 0.021454 
0.020813 0.017151 
0.023529 0.012390 
0.025330 0.007507 
0.027924 0.003326 
0.029724 -0.000397 
0.031616 -0.002960 
0.033356 -0.004730 
0.034180 -0.006592 
0.035492 -0.007294 
0.035522 -0.007965 
0.034607 -0.007965 
0.034332 -0.006805 
0.032501 -0.006012 
0.029388 -0.005859 
0.026093 -0.005096 
0.021851 -0.004150 
0.017242 -0.003754 
0.011932 -0.002533 
0.007263 -0.001587 
0.002167 -0.001373 
-0.002808 -0.001068 
-0.006226 -0.001404 
-0.009521 -0.001770 
-0.011078 -0.002441 
-0.012390 -0.003235 
-0.012726 -0.004364 
-0.012360 -0.005737 
-0.011719 -0.006744 
-0.009674 -0.008240 
-0.008148 -0.010071 
-0.006317 -0.011566 
-0.004791 -0.011597 
-0.003601 -0.011292 
-0.002106 -0.011261 
-0.001984 -0.010773 
-0.001617 -0.009155 
-0.001434 -0.007324 
-0.002197 -0.005310 
-0.001953 -0.002411 
-0.002258 -0.000610 
-0.002991 0.001923 
-0.003998 0.004242 
-0.004822 0.005280 
-0.005157 0.006226 
-0.006744 0.007294 
-0.007233 0.007080 
-0.008545 0.006104 
-0.009705 0.005981 
-0.009460 0.004425 
-0.009857 0.002686 
-0.009247 0.000092 
-0.008972 -0.002258 
-0.007599 -0.004364 
-0.005493 -0.007385 
-0.003967 -0.009613 
-0.001953 -0.010986 
0.000519 -0.012085 
0.002686 -0.013245 
0.004059 -0.012482 
0.005829 -0.012421 
0.006927 -0.011841 
0.007507 -0.010468 
0.007141 -0.008942 
0.006256 -0.006500 
0.004517 -0.004608 
0.002319 -0.002808 
0.000275 -0.002228 
-0.002899 -0.000580 
-0.004608 -0.000275 
-0.006958 -0.000977 
-0.009460 -0.001556 
-0.010773 -0.003632 
-0.012512 -0.005371 
-0.013519 -0.007751 
-0.014526 -0.010254 
-0.014252 -0.012878 
-0.013855 -0.015778 
-0.013428 -0.017731 
-0.011993 -0.018341 
-0.010834 -0.019287 
-0.008820 -0.019867 
-0.007080 -0.019470 
-0.005157 -0.018585 
-0.003021 -0.016815 
-0.002686 -0.015076 
-0.002716 -0.013062 
-0.002594 -0.010864 
-0.003143 -0.008606 
-0.004486 -0.006866 
-0.006348 -0.004578 
-0.008698 -0.001953 
-0.011414 0.000427 
-0.013458 0.002655 
-0.015533 0.004883 
-0.017883 0.008270 
-0.018707 0.011292 
-0.019897 0.014618 
-0.020599 0.018433 
-0.019165 0.021576 
-0.017578 0.025452 
-0.015564 0.029755 
-0.013458 0.032867 
-0.010620 0.035614 
-0.006836 0.037872 
-0.003418 0.038391 
-0.000366 0.038605 
0.002960 0.037659 
0.006317 0.035431 
0.009003 0.032990 
0.011139 0.029144 
0.013184 0.024811 
0.016663 0.020264 
0.018799 0.016296 
0.020660 0.012329 
0.023865 0.007904 
0.025848 0.004395 
0.028625 0.000336 
0.030823 -0.001709 
0.032745 -0.003235 
0.034576 -0.005463 
0.035431 -0.005554 
0.035980 -0.006012 
0.035370 -0.006653 
0.034515 -0.006958 
0.032440 -0.006622 
0.029297 -0.005371 
0.025482 -0.004852 
0.020691 -0.004517 
0.015991 -0.002563 
0.011261 -0.001221 
0.005981 -0.000610 
0.001068 -0.000336 
-0.002686 -0.000702 
-0.006378 0.000183 
-0.009033 -0.000793 
-0.010773 -0.002167 
-0.011536 -0.003174 
-0.011414 -0.004547 
-0.011261 -0.006134 
-0.010071 -0.007690 
-0.009399 -0.008820 
-0.008484 -0.010590 
-0.006409 -0.011688 
-0.005249 -0.012634 
-0.004211 -0.012115 
-0.003174 -0.011414 
-0.002899 -0.010223 
-0.002411 -0.008698 
-0.001831 -0.006866 
-0.002747 -0.004669 
-0.003052 -0.002899 
-0.002838 0.000275 
-0.004120 0.001892 
-0.004486 0.004120 
-0.005188 0.006134 
-0.006348 0.007050 
-0.007141 0.007690 
-0.008606 0.007751 
-0.009705 0.007263 
-0.010345 0.005280 
-0.010406 0.004517 
-0.010345 0.002747 
-0.009735 0.000549 
-0.008881 -0.001984 
-0.007446 -0.005157 
-0.005219 -0.007172 
-0.002960 -0.009033 
-0.001404 -0.010651 
0.000031 -0.012024 
0.002808 -0.013214 
0.004547 -0.013031 
0.006622 -0.012115 
0.007568 -0.011047 
0.007141 -0.008575 
0.007416 -0.007202 
0.005920 -0.004852 
0.004700 -0.002655 
0.003021 -0.001648 
0.000305 0.000244 
-0.002228 0.000122 
-0.003754 0.000488 
-0.006317 0.000549 
-0.009338 -0.001068 
-0.010284 -0.002838 
-0.012024 -0.005157 
-0.012970 -0.007568 
-0.013916 -0.010223 
-0.013611 -0.012848 
-0.013092 -0.014343 
-0.012238 -0.016144 
-0.009918 -0.018158 
-0.009369 -0.018311 
-0.006592 -0.017944 
-0.004669 -0.017578 
-0.003448 -0.017029 
-0.001556 -0.015320 
-0.002014 -0.013550 
-0.000641 -0.012268 
-0.000580 -0.010406 
-0.002472 -0.008636 
-0.003845 -0.007019 
-0.006042 -0.005768 
-0.008636 -0.003296 
-0.011810 -0.001068 
-0.014343 0.000824 
-0.016022 0.003418 
-0.017578 0.005676 
-0.018951 0.009399 
-0.019409 0.013580 
-0.019165 0.017334 
-0.018250 0.021729 
-0.016510 0.025726 
-0.014587 0.029846 
-0.012390 0.033356 
-0.009979 0.035889 
-0.006378 0.037720 
-0.003448 0.037872 
-0.000610 0.038208 
0.002563 0.037292 
0.005127 0.034943 
0.007812 0.031952 
0.010223 0.028046 
0.013275 0.023834 
0.015289 0.019592 
0.017639 0.016174 
0.020721 0.012054 
0.023834 0.008301 
0.026764 0.004578 
0.029144 0.001892 
0.031921 0.000122 
0.033875 -0.002411 
0.036530 -0.003876 
0.037689 -0.004730 
0.037842 -0.006012 
0.037354 -0.006744 
0.035034 -0.006409 
0.032990 -0.006470 
0.029480 -0.005371 
0.025482 -0.004730 
0.021179 -0.004028 
0.016632 -0.002228 
0.011749 -0.001282 
0.007050 -0.000488 
0.002838 -0.000916 
-0.001495 -0.000610 
-0.004181 -0.001007 
-0.006134 -0.002228 
-0.007965 -0.002594 
-0.009277 -0.004547 
-0.009705 -0.006500 
-0.009247 -0.007812 
-0.007935 -0.009796 
-0.007202 -0.011261 
-0.007050 -0.012451 
-0.006378 -0.013672 
-0.005829 -0.013550 
-0.004578 -0.012634 
-0.003784 -0.011902 
-0.003632 -0.011139 
-0.002869 -0.010284 
-0.002655 -0.008514 
-0.002991 -0.005371 
-0.002686 -0.003113 
-0.003174 -0.000793 
-0.004272 0.001373 
-0.004486 0.003204 
-0.005615 0.004974 
-0.007263 0.005096 
-0.008484 0.006195 
-0.009277 0.006470 
-0.010010 0.006165 
-0.011200 0.004883 
-0.011383 0.003662 
-0.011536 0.001953 
-0.011475 -0.001740 
-0.009857 -0.003571 
-0.007690 -0.006287 
-0.005310 -0.008575 
-0.003418 -0.010284 
-0.000336 -0.011475 
0.002106 -0.012054 
0.002991 -0.012787 
0.005310 -0.012207 
0.006561 -0.011078 
0.006500 -0.009369 
0.006805 -0.007782 
0.006683 -0.005951 
0.005310 -0.004822 
0.003632 -0.002563 
0.002045 -0.000763 
0.000153 0.000305 
-0.001617 0.001007 
-0.004486 0.000061 
-0.007324 -0.000488 
-0.009216 -0.001556 
-0.010620 -0.002930 
-0.011810 -0.006134 
-0.013275 -0.008514 
-0.014038 -0.010773 
-0.013123 -0.013611 
-0.012238 -0.015106 
-0.011627 -0.017151 
-0.009583 -0.017700 
-0.007629 -0.017700 
-0.006256 -0.017578 
-0.003937 -0.017487 
-0.001740 -0.016510 
-0.000946 -0.015167 
-0.000549 -0.014862 
-0.001038 -0.013092 
-0.002014 -0.011963 
-0.003052 -0.010529 
-0.005066 -0.008301 
-0.007538 -0.007507 
-0.009766 -0.005371 
-0.011871 -0.003265 
-0.014343 -0.001434 
-0.016144 0.001587 
-0.017822 0.004852 
-0.018982 0.009674 
-0.018982 0.013947 
-0.018341 0.018341 
-0.017487 0.022583 
-0.016113 0.026154 
-0.014038 0.030365 
-0.012512 0.033966 
-0.009552 0.036682 
-0.006226 0.037628 
-0.003906 0.038513 
-0.001984 0.038361 
0.000214 0.036865 
0.003418 0.034882 
0.005829 0.031464 
0.008240 0.028137 
0.011322 0.025116 
0.013702 0.021515 
0.016602 0.017761 
0.020325 0.014709 
0.023132 0.010651 
0.026855 0.006927 
0.029999 0.004364 
0.032806 0.001587 
0.035645 -0.001068 
0.037140 -0.002655 
0.039001 -0.003479 
0.039398 -0.004913 
0.038635 -0.005157 
0.036499 -0.005219 
0.033630 -0.004913 
0.030182 -0.004211 
0.025482 -0.003723 
0.021454 -0.002075 
0.017151 -0.000854 
0.012390 -0.000061 
0.007507 0.000549 
0.003326 0.000763 
-0.000397 0.000366 
-0.002960 -0.000305 
-0.004730 -0.000763 
-0.006592 -0.002472 
-0.007294 -0.004517 
-0.007965 -0.006378 
-0.007965 -0.007629 
-0.006805 -0.009125 
-0.006012 -0.010925 
-0.005859 -0.011841 
-0.005096 -0.012848 
-0.004150 -0.013092 
-0.003754 -0.012604 
-0.002533 -0.011505 
-0.001587 -0.010498 
-0.001373 -0.008728 
-0.001068 -0.006500 
-0.001404 -0.005096 
-0.001770 -0.002258 
-0.002441 -0.000427 
-0.003235 0.002014 
-0.004364 0.003876 
-0.005737 0.004761 
-0.006744 0.006683 
-0.008240 0.006958 
-0.010071 0.007263 
-0.011566 0.006531 
-0.011597 0.005615 
-0.011292 0.004181 
-0.011261 0.001556 
-0.010773 -0.001373 
-0.009155 -0.004272 
-0.007324 -0.006195 
-0.005310 -0.008453 
-0.002411 -0.009827 
-0.000610 -0.011505 
0.001923 -0.012238 
0.004242 -0.012207 
0.005280 -0.012177 
0.006226 -0.010681 
0.007294 -0.008850 
0.007080 -0.006714 
0.006104 -0.004913 
0.005981 -0.002899 
0.004425 -0.001465 
0.002686 -0.000458 
0.000092 0.000702 
-0.002258 0.001312 
-0.004364 0.000427 
-0.007385 -0.001129 
-0.009613 -0.002441 
-0.010986 -0.005066 
-0.012085 -0.007263 
-0.013245 -0.009125 
-0.012482 -0.011139 
-0.012421 -0.013458 
-0.011841 -0.015015 
-0.010468 -0.015808 
-0.008942 -0.016632 
-0.006500 -0.017334 
-0.004608 -0.017181 
-0.002808 -0.016510 
-0.002228 -0.016876 
-0.000580 -0.015778 
-0.000275 -0.014862 
-0.000977 -0.013611 
-0.001556 -0.012451 
-0.003632 -0.012329 
-0.005371 -0.010742 
-0.007751 -0.009705 
-0.010254 -0.008118 
-0.012878 -0.005981 
-0.015778 -0.003265 
-0.017731 -0.000214 
-0.018341 0.004028 
-0.019287 0.008698 
-0.019867 0.012787 
-0.019470 0.017700 
-0.018585 0.021576 
-0.016815 0.026031 
-0.015076 0.029755 
-0.013062 0.033112 
-0.010864 0.035461 
-0.008606 0.036407 
-0.006866 0.037537 
-0.004578 0.036865 
-0.001953 0.035797 
0.000427 0.033813 
0.002655 0.030945 
0.004883 0.027863 
0.008270 0.024841 
0.011292 0.021393 
0.014618 0.017670 
0.018433 0.014282 
0.021576 0.010651 
0.025452 0.007446 
0.029755 0.004150 
0.032867 0.001740 
0.035614 -0.000397 
0.037872 -0.002197 
0.038391 -0.003815 
0.038605 -0.005127 
0.037659 -0.004852 
0.035431 -0.005249 
0.032990 -0.004791 
0.029144 -0.003906 
0.024811 -0.003448 
0.020264 -0.001862 
0.016296 -0.001099 
0.012329 -0.000336 
0.007904 0.000488 
0.004395 0.000366 
0.000336 -0.000122 
-0.001709 -0.001221 
-0.003235 -0.001709 
-0.005463 -0.002777 
-0.005554 -0.004883 
-0.006012 -0.007202 
-0.006653 -0.008636 
-0.006958 -0.009308 
-0.006622 -0.011719 
-0.005371 -0.012848 
-0.004852 -0.013031 
-0.004517 -0.013733 
-0.002563 -0.013000 
-0.001221 -0.012421 
-0.000610 -0.011780 
-0.000336 -0.009857 
-0.000702 -0.007660 
0.000183 -0.005219 
-0.000793 -0.002472 
-0.002167 -0.000031 
-0.003174 0.002533 
-0.004547 0.004395 
-0.006134 0.005920 
-0.007690 0.007294 
-0.008820 0.007843 
-0.010590 0.007629 
-0.011688 0.006653 
-0.012634 0.005402 
-0.012115 0.002838 
-0.011414 0.000336 
-0.010223 -0.001587 
-0.008698 -0.003601 
-0.006866 -0.006165 
-0.004669 -0.008789 
-0.002899 -0.010345 
0.000275 -0.012177 
0.001892 -0.012695 
0.004120 -0.011780 
0.006134 -0.010864 
0.007050 -0.009949 
0.007690 -0.008392 
0.007751 -0.005585 
0.007263 -0.003693 
0.005280 -0.002777 
0.004517 -0.000854 
0.002747 0.000244 
0.000549 0.000458 
-0.001984 0.000427 
-0.005157 -0.000580 
-0.007172 -0.001556 
-0.009033 -0.003174 
-0.010651 -0.005188 
-0.012024 -0.007019 
-0.013214 -0.009094 
-0.013031 -0.011322 
-0.012115 -0.013214 
-0.011047 -0.014648 
-0.008575 -0.015930 
-0.007202 -0.016449 
-0.004852 -0.016205 
-0.002655 -0.016205 
-0.001648 -0.016663 
0.000244 -0.015869 
0.000122 -0.015442 
0.000488 -0.015167 
0.000549 -0.014343 
-0.001068 -0.014618 
-0.002838 -0.013977 
-0.005157 -0.012787 
-0.007568 -0.012115 
-0.010223 -0.010590 
-0.012848 -0.007690 
-0.014343 -0.004700 
-0.016144 -0.001007 
-0.018158 0.003357 
-0.018311 0.007568 
-0.017944 0.012238 
-0.017578 0.016541 
-0.017029 0.021271 
-0.015320 0.026123 
-0.013550 0.029510 
-0.012268 0.032257 
-0.010406 0.035126 
-0.008636 0.036407 
-0.007019 0.036835 
-0.005768 0.036194 
-0.003296 0.034912 
-0.001068 0.033844 
0.000824 0.031555 
0.003418 0.029083 
0.005676 0.025482 
0.009399 0.022400 
0.013580 0.019135 
0.017334 0.015198 
0.021729 0.011688 
0.025726 0.008026 
0.029846 0.005707 
0.033356 0.002930 
0.035889 0.000183 
0.037720 -0.001648 
0.037872 -0.002686 
0.038208 -0.003357 
0.037292 -0.003876 
0.034943 -0.003876 
0.031952 -0.003571 
0.028046 -0.002563 
0.023834 -0.001190 
0.019592 0.000153 
0.016174 0.000519 
0.012054 0.001556 
0.008301 0.001526 
0.004578 0.000763 
0.001892 0.000397 
0.000122 -0.001465 
-0.002411 -0.002716 
-0.003876 -0.003754 
-0.004730 -0.005798 
-0.006012 -0.007599 
-0.006744 -0.009338 
-0.006409 -0.011078 
-0.006470 -0.012329 
-0.005371 -0.013947 
-0.004730 -0.014160 
-0.004028 -0.014557 
-0.002228 -0.014740 
-0.001282 -0.012573 
-0.000488 -0.011780 
-0.000916 -0.010040 
-0.000610 -0.007477 
-0.001007 -0.005402 
-0.002228 -0.002625 
-0.002594 -0.000122 
-0.004547 0.002289 
-0.006500 0.004272 
-0.007812 0.005432 
-0.009796 0.006439 
-0.011261 0.007294 
-0.012451 0.006683 
-0.013672 0.005707 
-0.013550 0.003967 
-0.012634 0.002167 
-0.011902 -0.000183 
-0.011139 -0.003601 
-0.010284 -0.005493 
-0.008514 -0.007782 
-0.005371 -0.010101 
-0.003113 -0.011475 
-0.000793 -0.012360 
0.001373 -0.012085 
0.003204 -0.011597 
0.004974 -0.011108 
0.005096 -0.009308 
0.006195 -0.007629 
0.006470 -0.005463 
0.006165 -0.002930 
0.004883 -0.001587 
0.003662 -0.000183 
0.001953 -0.000031 
-0.001740 0.000122 
-0.003571 0.000397 
-0.006287 -0.000549 
-0.008575 -0.002075 
-0.010284 -0.004089 
-0.011475 -0.005890 
-0.012054 -0.007751 
-0.012787 -0.009583 
-0.012207 -0.010986 
-0.011078 -0.012512 
-0.009369 -0.013885 
-0.007782 -0.014130 
-0.005951 -0.014587 
-0.004822 -0.014923 
-0.002563 -0.015015 
-0.000763 -0.015442 
0.000305 -0.014923 
0.001007 -0.015137 
0.000061 -0.015289 
-0.000488 -0.015228 
-0.001556 -0.016052 
-0.002930 -0.015961 
-0.006134 -0.014313 
-0.008514 -0.012756 
-0.010773 -0.011230 
-0.013611 -0.008270 
-0.015106 -0.005005 
-0.017151 -0.001526 
-0.017700 0.002808 
-0.017700 0.007446 
-0.017578 0.012512 
-0.017487 0.017365 
-0.016510 0.021576 
-0.015167 0.025970 
-0.014862 0.029419 
-0.013092 0.031830 
-0.011963 0.034485 
-0.010529 0.035522 
-0.008301 0.035736 
-0.007507 0.035950 
-0.005371 0.035065 
-0.003265 0.033722 
-0.001434 0.031769 
0.001587 0.029022 
0.004852 0.025848 
0.009674 0.022217 
0.013947 0.019196 
0.018341 0.015747 
0.022583 0.012238 
0.026154 0.009399 
0.030365 0.006012 
0.033966 0.003265 
0.036682 0.000885 
0.037628 -0.001007 
0.038513 -0.002258 
0.038361 -0.002594 
0.036865 -0.002472 
0.034882 -0.002686 
0.031464 -0.001343 
0.028137 -0.000610 
0.025116 -0.000031 
0.021515 0.000763 
0.017761 0.001373 
0.014709 0.002563 
0.010651 0.002289 
0.006927 0.001648 
0.004364 0.000763 
0.001587 0.000305 
-0.001068 -0.001221 
-0.002655 -0.003479 
-0.003479 -0.004944 
-0.004913 -0.006989 
-0.005157 -0.008148 
-0.005219 -0.010742 
-0.004913 -0.012665 
-0.004211 -0.013275 
-0.003723 -0.014404 
-0.002075 -0.013947 
-0.000854 -0.014069 
-0.000061 -0.013153 
0.000549 -0.010986 
0.000763 -0.009399 
0.000366 -0.007355 
-0.000305 -0.004791 
-0.000763 -0.002533 
-0.002472 -0.000488 
-0.004517 0.002625 
-0.006378 0.004639 
-0.007629 0.006134 
-0.009125 0.006592 
-0.010925 0.006714 
-0.011841 0.006836 
-0.012848 0.004974 
-0.013092 0.003815 
-0.012604 0.001434 
-0.011505 -0.001221 
-0.010498 -0.003540 
-0.008728 -0.006561 
-0.006500 -0.007904 
-0.005096 -0.009735 
-0.002258 -0.011230 
-0.000427 -0.011749 
0.002014 -0.012238 
0.003876 -0.011292 
0.004761 -0.009308 
0.006683 -0.007629 
0.006958 -0.005707 
0.007263 -0.003967 
0.006531 -0.002441 
0.005615 -0.000977 
0.004181 -0.000183 
0.001556 0.000397 
-0.001373 0.000183 
-0.004272 -0.000092 
-0.006195 -0.001099 
-0.008453 -0.003052 
-0.009827 -0.004364 
-0.011505 -0.005676 
-0.012238 -0.007904 
-0.012207 -0.010101 
-0.012177 -0.011322 
-0.010681 -0.012543 
-0.008850 -0.012939 
-0.006714 -0.014008 
-0.004913 -0.014404 
-0.002899 -0.013733 
-0.001465 -0.014374 
-0.000458 -0.014465 
0.000702 -0.015686 
0.001312 -0.016815 
0.000427 -0.017181 
-0.001129 -0.017090 
-0.002441 -0.017273 
-0.005066 -0.017761 
-0.007263 -0.016113 
-0.009125 -0.015106 
-0.011139 -0.013000 
-0.013458 -0.009674 
-0.015015 -0.006287 
-0.015808 -0.002075 
-0.016632 0.001892 
-0.017334 0.006927 
-0.017181 0.011078 
-0.016510 0.015381 
-0.016876 0.020691 
-0.015778 0.024323 
-0.014862 0.027557 
-0.013611 0.030609 
-0.012451 0.032654 
-0.012329 0.034149 
-0.010742 0.035400 
-0.009705 0.035950 
-0.008118 0.035034 
-0.005981 0.033661 
-0.003265 0.031952 
-0.000214 0.028870 
0.004028 0.026062 
0.008698 0.023499 
0.012787 0.020111 
0.017700 0.016174 
0.021576 0.012817 
0.026031 0.009644 
0.029755 0.005920 
0.033112 0.003387 
0.035461 0.001282 
0.036407 -0.000427 
0.037537 -0.001343 
0.036865 -0.002350 
0.035797 -0.001892 
0.033813 -0.000946 
0.030945 -0.000488 
0.027863 0.000214 
0.024841 0.001007 
0.021393 0.001923 
0.017670 0.001526 
0.014282 0.001770 
0.010651 0.003021 
0.007446 0.001923 
0.004150 0.000946 
0.001740 0.000092 
-0.000397 -0.001617 
-0.002197 -0.003784 
-0.003815 -0.005676 
-0.005127 -0.007202 
-0.004852 -0.009735 
-0.005249 -0.010712 
-0.004791 -0.012543 
-0.003906 -0.014374 
-0.003448 -0.014221 
-0.001862 -0.014709 
-0.001099 -0.014465 
-0.000336 -0.013580 
0.000488 -0.011383 
0.000366 -0.009308 
-0.000122 -0.007416 
-0.001221 -0.004425 
-0.001709 -0.001892 
-0.002777 0.000732 
-0.004883 0.003387 
-0.007202 0.005432 
-0.008636 0.006592 
-0.009308 0.007172 
-0.011719 0.006622 
-0.012848 0.006104 
-0.013031 0.004822 
-0.013733 0.002502 
-0.013000 0.000549 
-0.012421 -0.002197 
-0.011780 -0.004517 
-0.009857 -0.006622 
-0.007660 -0.008942 
-0.005219 -0.009979 
-0.002472 -0.010773 
-0.000031 -0.011902 
0.002533 -0.010986 
0.004395 -0.009308 
0.005920 -0.008392 
0.007294 -0.006348 
0.007843 -0.004272 
0.007629 -0.002441 
0.006653 -0.001343 
0.005402 -0.000366 
0.002838 0.000854 
0.000336 0.001251 
-0.001587 0.000977 
-0.003601 -0.000031 
-0.006165 -0.001038 
-0.008789 -0.003326 
-0.010345 -0.005249 
-0.012177 -0.006287 
-0.012695 -0.008148 
-0.011780 -0.009186 
-0.010864 -0.010437 
-0.009949 -0.010803 
-0.008392 -0.010895 
-0.005585 -0.012207 
-0.003693 -0.012726 
-0.002777 -0.013367 
-0.000854 -0.014374 
0.000244 -0.015259 
0.000458 -0.016449 
0.000427 -0.017639 
-0.000580 -0.018005 
-0.001556 -0.018341 
-0.003174 -0.019012 
-0.005188 -0.018494 
-0.007019 -0.017456 
-0.009094 -0.016205 
-0.011322 -0.013733 
-0.013214 -0.010376 
-0.014648 -0.007233 
-0.015930 -0.003143 
-0.016449 0.001251 
-0.016205 0.005402 
-0.016205 0.010101 
-0.016663 0.014282 
-0.015869 0.018829 
-0.015442 0.022675 
-0.015167 0.026276 
-0.014343 0.029480 
-0.014618 0.031647 
-0.013977 0.033600 
-0.012787 0.034851 
-0.012115 0.035278 
-0.010590 0.034088 
-0.007690 0.033173 
-0.004700 0.031281 
-0.001007 0.028809 
0.003357 0.026031 
0.007568 0.022308 
0.012238 0.018921 
0.016541 0.015167 
0.021271 0.012268 
0.026123 0.008514 
0.029510 0.005920 
0.032257 0.003754 
0.035126 0.001556 
0.036407 0.000336 
0.036835 -0.001556 
0.036194 -0.001556 
0.034912 -0.001556 
0.033844 -0.000916 
0.031555 0.000214 
0.029083 0.000824 
0.025482 0.001923 
0.022400 0.002136 
0.019135 0.002136 
0.015198 0.002380 
0.011688 0.002991 
0.008026 0.002411 
0.005707 0.000916 
0.002930 -0.000336 
0.000183 -0.002563 
-0.001648 -0.004303 
-0.002686 -0.005402 
-0.003357 -0.007996 
-0.003876 -0.010742 
-0.003876 -0.012970 
-0.003571 -0.014496 
-0.002563 -0.015076 
-0.001190 -0.015778 
0.000153 -0.015656 
0.000519 -0.015076 
0.001556 -0.014038 
0.001526 -0.012146 
0.000763 -0.009644 
0.000397 -0.007660 
-0.001465 -0.005157 
-0.002716 -0.001740 
-0.003754 0.000519 
-0.005798 0.002716 
-0.007599 0.004089 
-0.009338 0.005585 
-0.011078 0.006287 
-0.012329 0.005096 
-0.013947 0.005188 
-0.014160 0.003693 
-0.014557 0.001343 
-0.014740 -0.000488 
-0.012573 -0.003662 
-0.011780 -0.005890 
-0.010040 -0.008301 
-0.007477 -0.010345 
-0.005402 -0.010803 
-0.002625 -0.011414 
-0.000122 -0.011444 
0.002289 -0.010284 
0.004272 -0.008850 
0.005432 -0.007843 
0.006439 -0.005310 
0.007294 -0.003815 
0.006683 -0.002777 
0.005707 -0.000427 
0.003967 0.000366 
0.002167 0.000946 
-0.000183 0.000549 
-0.003601 0.000549 
-0.005493 -0.000793 
-0.007782 -0.003082 
-0.010101 -0.003571 
-0.011475 -0.005341 
-0.012360 -0.006897 
-0.012085 -0.007996 
-0.011597 -0.008331 
-0.011108 -0.008759 
-0.009308 -0.009369 
-0.007629 -0.009918 
-0.005463 -0.010864 
-0.002930 -0.012268 
-0.001587 -0.013550 
-0.000183 -0.014069 
-0.000031 -0.015839 
0.000122 -0.016296 
0.000397 -0.017670 
-0.000549 -0.019623 
-0.002075 -0.020020 
-0.004089 -0.020172 
-0.005890 -0.019257 
-0.007751 -0.018219 
-0.009583 -0.016418 
-0.010986 -0.014343 
-0.012512 -0.010895 
-0.013885 -0.007629 
-0.014130 -0.004120 
-0.014587 0.000580 
-0.014923 0.004883 
-0.015015 0.009613 
-0.015442 0.013702 
-0.014923 0.017456 
-0.015137 0.021088 
-0.015289 0.025238 
-0.015228 0.028473 
-0.016052 0.031464 
-0.015961 0.033417 
-0.014313 0.034119 
-0.012756 0.035156 
-0.011230 0.034363 
-0.008270 0.033264 
-0.005005 0.031342 
-0.001526 0.029114 
0.002808 0.025726 
0.007446 0.022034 
0.012512 0.019348 
0.017365 0.015778 
0.021576 0.012329 
0.025970 0.008636 
0.029419 0.006592 
0.031830 0.004456 
0.034485 0.002197 
0.035522 0.001373 
0.035736 0.000732 
0.035950 0.000671 
0.035065 -0.000183 
0.033722 0.000214 
0.031769 0.001678 
0.029022 0.002197 
0.025848 0.002899 
0.022217 0.003845 
0.019196 0.004395 
0.015747 0.003784 
0.012238 0.003815 
0.009399 0.003723 
0.006012 0.001862 
0.003265 0.000854 
0.000885 -0.000793 
-0.001007 -0.003357 
-0.002258 -0.005280 
-0.002594 -0.007629 
-0.002472 -0.010162 
-0.002686 -0.012512 
-0.001343 -0.013733 
-0.000610 -0.014954 
-0.000031 -0.015808 
0.000763 -0.015625 
0.001373 -0.014771 
0.002563 -0.013336 
0.002289 -0.011536 
0.001648 -0.009216 
0.000763 -0.007080 
0.000305 -0.003998 
-0.001221 -0.001190 
-0.003479 0.001251 
-0.004944 0.003113 
-0.006989 0.004700 
-0.008148 0.006805 
-0.010742 0.006714 
-0.012665 0.005920 
-0.013275 0.005005 
-0.014404 0.003113 
-0.013947 0.000183 
-0.014069 -0.002106 
-0.013153 -0.004089 
-0.010986 -0.006989 
-0.009399 -0.008698 
-0.007355 -0.010132 
-0.004791 -0.010742 
-0.002533 -0.010193 
-0.000488 -0.009857 
0.002625 -0.009308 
0.004639 -0.008148 
0.006134 -0.005951 
0.006592 -0.003845 
0.006714 -0.002686 
0.006836 -0.001434 
0.004974 -0.000122 
0.003815 0.000031 
0.001434 -0.000458 
-0.001221 -0.000092 
-0.003540 -0.000305 
-0.006561 -0.002411 
-0.007904 -0.003052 
-0.009735 -0.003815 
-0.011230 -0.005920 
-0.011749 -0.006378 
-0.012238 -0.006226 
-0.011292 -0.007019 
-0.009308 -0.008087 
-0.007629 -0.008698 
-0.005707 -0.009308 
-0.003967 -0.010101 
-0.002441 -0.011841 
-0.000977 -0.013031 
-0.000183 -0.013733 
0.000397 -0.015900 
0.000183 -0.017761 
-0.000092 -0.018707 
-0.001099 -0.019714 
-0.003052 -0.020905 
-0.004364 -0.020691 
-0.005676 -0.020264 
-0.007904 -0.018951 
-0.010101 -0.016571 
-0.011322 -0.015015 
-0.012543 -0.011963 
-0.012939 -0.008362 
-0.014008 -0.004486 
-0.014404 -0.000427 
-0.013733 0.003693 
-0.014374 0.007965 
-0.014465 0.012268 
-0.015686 0.016571 
-0.016815 0.020630 
-0.017181 0.024719 
-0.017090 0.027954 
-0.017273 0.030975 
-0.017761 0.032928 
-0.016113 0.033966 
-0.015106 0.034149 
-0.013000 0.033691 
-0.009674 0.032562 
-0.006287 0.030823 
-0.002075 0.029114 
0.001892 0.025909 
0.006927 0.022278 
0.011078 0.018890 
0.015381 0.016113 
0.020691 0.012451 
0.024323 0.009247 
0.027557 0.006836 
0.030609 0.003876 
0.032654 0.002716 
0.034149 0.001221 
0.035400 0.000610 
0.035950 0.000397 
0.035034 0.000763 
0.033661 0.002045 
0.031952 0.002258 
0.028870 0.002808 
0.026062 0.002655 
0.023499 0.003326 
0.020111 0.003906 
0.016174 0.003784 
0.012817 0.004059 
0.009644 0.003693 
0.005920 0.002167 
0.003387 -0.000061 
0.001282 -0.001709 
-0.000427 -0.003906 
-0.001343 -0.006165 
-0.002350 -0.009003 
-0.001892 -0.011597 
-0.000946 -0.012848 
-0.000488 -0.014465 
0.000214 -0.015656 
0.001007 -0.016083 
0.001923 -0.016235 
0.001526 -0.015106 
0.001770 -0.013702 
0.003021 -0.012268 
0.001923 -0.009064 
0.000946 -0.006287 
0.000092 -0.003326 
-0.001617 -0.000427 
-0.003784 0.001190 
-0.005676 0.003540 
-0.007202 0.004974 
-0.009735 0.005859 
-0.010712 0.005768 
-0.012543 0.004883 
-0.014374 0.003143 
-0.014221 0.000549 
-0.014709 -0.000824 
-0.014465 -0.003357 
-0.013580 -0.005951 
-0.011383 -0.007477 
-0.009308 -0.009552 
-0.007416 -0.010468 
-0.004425 -0.010742 
-0.001892 -0.010071 
0.000732 -0.008484 
0.003387 -0.007233 
0.005432 -0.005768 
0.006592 -0.004425 
0.007172 -0.003143 
0.006622 -0.001343 
0.006104 -0.000488 
0.004822 -0.000671 
0.002502 -0.000458 
0.000549 -0.000793 
-0.002197 -0.001343 
-0.004517 -0.001526 
-0.006622 -0.002167 
-0.008942 -0.002319 
-0.009979 -0.002930 
-0.010773 -0.003693 
-0.011902 -0.003754 
-0.010986 -0.004517 
-0.009308 -0.005371 
-0.008392 -0.005341 
-0.006348 -0.005707 
-0.004272 -0.007782 
-0.002441 -0.009247 
-0.001343 -0.010651 
-0.000366 -0.012878 
0.000854 -0.014526 
0.001251 -0.016418 
0.000977 -0.018555 
-0.000031 -0.019714 
-0.001038 -0.020447 
-0.003326 -0.021179 
-0.005249 -0.021240 
-0.006287 -0.020752 
-0.008148 -0.019379 
-0.009186 -0.017792 
-0.010437 -0.015839 
-0.010803 -0.013000 
-0.010895 -0.010071 
-0.012207 -0.006592 
-0.012726 -0.002563 
-0.013367 0.001953 
-0.014374 0.006592 
-0.015259 0.011414 
-0.016449 0.016144 
-0.017639 0.020294 
-0.018005 0.023834 
-0.018341 0.027618 
-0.019012 0.030182 
-0.018494 0.031555 
-0.017456 0.033630 
-0.016205 0.034119 
-0.013733 0.033569 
-0.010376 0.032776 
-0.007233 0.030975 
-0.003143 0.028168 
0.001251 0.025208 
0.005402 0.022583 
0.010101 0.019440 
0.014282 0.016205 
0.018829 0.012512 
0.022675 0.010040 
0.026276 0.007538 
0.029480 0.005127 
0.031647 0.003906 
0.033600 0.002655 
0.034851 0.002319 
0.035278 0.001831 
0.034088 0.002289 
0.033173 0.003174 
0.031281 0.003326 
0.028809 0.004059 
0.026031 0.004944 
0.022308 0.005493 
0.018921 0.005432 
0.015167 0.005615 
0.012268 0.005310 
0.008514 0.004150 
0.005920 0.003601 
0.003754 0.002014 
0.001556 -0.001221 
0.000336 -0.003876 
-0.001556 -0.006622 
-0.001556 -0.008484 
-0.001556 -0.010864 
-0.000916 -0.013794 
0.000214 -0.015015 
0.000824 -0.016083 
0.001923 -0.015381 
0.002136 -0.015076 
0.002136 -0.015106 
0.002380 -0.012817 
0.002991 -0.010864 
0.002411 -0.008698 
0.000916 -0.006165 
-0.000336 -0.003693 
-0.002563 -0.000397 
-0.004303 0.001984 
-0.005402 0.003418 
-0.007996 0.005035 
-0.010742 0.005310 
-0.012970 0.005188 
-0.014496 0.004425 
-0.015076 0.002258 
-0.015778 0.000122 
-0.015656 -0.002289 
-0.015076 -0.004639 
-0.014038 -0.006531 
-0.012146 -0.008301 
-0.009644 -0.009399 
-0.007660 -0.008972 
-0.005157 -0.009277 
-0.001740 -0.008942 
0.000519 -0.007202 
0.002716 -0.006195 
0.004089 -0.004761 
0.005585 -0.003754 
0.006287 -0.002258 
0.005096 -0.001892 
0.005188 -0.001251 
0.003693 -0.000366 
0.001343 -0.001556 
-0.000488 -0.000793 
-0.003662 -0.001709 
-0.005890 -0.002716 
-0.008301 -0.002075 
-0.010345 -0.003052 
-0.010803 -0.003082 
-0.011414 -0.002686 
-0.011444 -0.002869 
-0.010284 -0.003876 
-0.008850 -0.004425 
-0.007843 -0.004852 
-0.005310 -0.005951 
-0.003815 -0.007324 
-0.002777 -0.009338 
-0.000427 -0.011108 
0.000366 -0.012848 
0.000946 -0.014648 
0.000549 -0.016907 
0.000549 -0.018585 
-0.000793 -0.019562 
-0.003082 -0.020660 
-0.003571 -0.020966 
-0.005341 -0.020813 
-0.006897 -0.020721 
-0.007996 -0.020050 
-0.008331 -0.018402 
-0.008759 -0.016510 
-0.009369 -0.013336 
-0.009918 -0.010406 
-0.010864 -0.007599 
-0.012268 -0.002838 
-0.013550 0.001617 
-0.014069 0.006348 
-0.015839 0.011169 
-0.016296 0.015564 
-0.017670 0.020294 
-0.019623 0.024536 
-0.020020 0.027740 
-0.020172 0.030426 
-0.019257 0.032654 
-0.018219 0.033478 
-0.016418 0.034271 
-0.014343 0.033997 
-0.010895 0.032349 
-0.007629 0.031006 
-0.004120 0.028687 
0.000580 0.026031 
0.004883 0.023102 
0.009613 0.019287 
0.013702 0.016266 
0.017456 0.013641 
