0.004669 -0.021942 
0.002899 -0.022461 
0.000488 -0.022003 
-0.002167 -0.021790 
-0.004028 -0.020447 
-0.005035 -0.018250 
-0.006561 -0.016113 
-0.007629 -0.013397 
-0.009918 -0.011780 
-0.011200 -0.009186 
-0.012268 -0.006042 
-0.014099 -0.003357 
-0.014923 -0.001495 
-0.016418 0.000427 
-0.017548 0.003113 
-0.018982 0.004700 
-0.020020 0.006073 
-0.021027 0.007690 
-0.021393 0.008942 
-0.021301 0.010254 
-0.021423 0.010895 
-0.020935 0.010895 
-0.019714 0.011841 
-0.018005 0.012177 
-0.016296 0.012756 
-0.013214 0.013580 
-0.010681 0.013611 
-0.007660 0.014618 
-0.004395 0.016022 
-0.001404 0.016998 
0.001434 0.017456 
0.003571 0.018372 
0.005676 0.019257 
0.007874 0.019653 
0.010345 0.020874 
0.011475 0.022034 
0.013062 0.021118 
0.013763 0.020386 
0.014404 0.019928 
0.015472 0.018341 
0.015320 0.017426 
0.015808 0.015503 
0.015503 0.013000 
0.015930 0.010498 
0.016510 0.007843 
0.016907 0.005737 
0.017090 0.003754 
0.016907 0.001221 
0.017578 -0.001556 
0.017822 -0.003387 
0.018341 -0.004700 
0.019257 -0.005646 
0.019714 -0.006989 
0.019714 -0.008118 
0.019562 -0.008789 
0.019196 -0.009247 
0.018402 -0.009735 
0.017090 -0.009888 
0.015900 -0.010193 
0.014313 -0.011261 
0.012054 -0.011627 
0.009583 -0.012421 
0.006744 -0.012451 
0.003906 -0.012390 
0.001038 -0.013550 
-0.000946 -0.013977 
-0.003632 -0.013763 
-0.006287 -0.013641 
-0.007324 -0.013397 
-0.008942 -0.013123 
-0.010376 -0.012817 
-0.011047 -0.012604 
-0.011719 -0.012726 
-0.012238 -0.011139 
-0.012329 -0.010284 
-0.012177 -0.010101 
-0.011993 -0.008362 
-0.012054 -0.007263 
-0.012329 -0.006561 
-0.012024 -0.005188 
-0.011841 -0.002716 
-0.011841 -0.001495 
-0.011749 0.000153 
-0.011993 0.002625 
-0.012238 0.004425 
-0.012878 0.007629 
-0.012604 0.009308 
-0.012604 0.011078 
-0.013062 0.013977 
-0.011627 0.014862 
-0.011047 0.015717 
-0.010345 0.016602 
-0.008575 0.016815 
-0.007141 0.016418 
-0.005798 0.015503 
-0.004578 0.015228 
-0.002991 0.014404 
-0.001648 0.013092 
0.000397 0.011597 
0.002411 0.009949 
0.004211 0.008331 
0.005859 0.006256 
0.007233 0.005432 
0.008636 0.004547 
0.010162 0.003052 
0.012299 0.001740 
0.013458 -0.000214 
0.014801 -0.001801 
0.016418 -0.003632 
0.016907 -0.005859 
0.017059 -0.008270 
0.016785 -0.010468 
0.016541 -0.012085 
0.016022 -0.014648 
0.014313 -0.016632 
0.012939 -0.018280 
0.011047 -0.020538 
0.008667 -0.021942 
0.007477 -0.022156 
0.004517 -0.022308 
0.001831 -0.022949 
0.000580 -0.022095 
-0.001770 -0.021210 
-0.003784 -0.020111 
-0.005463 -0.018616 
-0.006836 -0.017365 
-0.008545 -0.014374 
-0.009827 -0.012207 
-0.010864 -0.009705 
-0.012756 -0.007050 
-0.014008 -0.005127 
-0.015625 -0.002319 
-0.017365 0.000336 
-0.019043 0.002869 
-0.020874 0.004578 
-0.021545 0.005432 
-0.022247 0.006195 
-0.022522 0.007782 
-0.022400 0.008942 
-0.022308 0.008881 
-0.021667 0.009827 
-0.020569 0.010864 
-0.018982 0.010773 
-0.016846 0.011566 
-0.014038 0.012115 
-0.011383 0.012024 
-0.008087 0.013489 
-0.005310 0.014893 
-0.002686 0.016205 
-0.000244 0.017151 
0.001465 0.018158 
0.004578 0.019562 
0.006683 0.020782 
0.008057 0.021149 
0.009216 0.020905 
0.010529 0.021210 
0.011688 0.020508 
0.011810 0.020050 
0.012756 0.018768 
0.012878 0.016663 
0.013153 0.014771 
0.013702 0.012695 
0.014008 0.010284 
0.014496 0.007355 
0.015137 0.005280 
0.016083 0.002838 
0.015961 0.000824 
0.016266 -0.000946 
0.017303 -0.002411 
0.018280 -0.003204 
0.018524 -0.004547 
0.018799 -0.006165 
0.019470 -0.007111 
0.019104 -0.007111 
0.018524 -0.007812 
0.017853 -0.008331 
0.016876 -0.008911 
0.015259 -0.009216 
0.013275 -0.009979 
0.011505 -0.011108 
0.009216 -0.011597 
0.006561 -0.012054 
0.003510 -0.012238 
0.001007 -0.013062 
-0.001617 -0.012665 
-0.004486 -0.012756 
-0.006195 -0.013092 
-0.007904 -0.012329 
-0.009247 -0.012573 
-0.010468 -0.012451 
-0.010986 -0.011871 
-0.011078 -0.011292 
-0.012177 -0.011078 
-0.012512 -0.010559 
-0.012604 -0.009521 
-0.012238 -0.008453 
-0.011597 -0.007568 
-0.011688 -0.006500 
-0.011841 -0.004608 
-0.011719 -0.002899 
-0.012329 -0.000702 
-0.012939 0.001648 
-0.012573 0.003815 
-0.012817 0.006226 
-0.013092 0.008881 
-0.013428 0.011505 
-0.012726 0.012848 
-0.011597 0.014130 
-0.011536 0.015839 
-0.010773 0.016388 
-0.009918 0.016937 
-0.008575 0.017395 
-0.006897 0.016968 
-0.006042 0.016144 
-0.004395 0.015594 
-0.002106 0.014526 
-0.001221 0.012085 
0.000427 0.011749 
0.001984 0.011322 
0.003479 0.009155 
0.006226 0.008362 
0.007385 0.007202 
0.009430 0.006042 
0.011230 0.004486 
0.013153 0.002686 
0.014984 0.001770 
0.015411 -0.000275 
0.017517 -0.002502 
0.018219 -0.004852 
0.018005 -0.007721 
0.018005 -0.010406 
0.017578 -0.012848 
0.016602 -0.015259 
0.014801 -0.017334 
0.013245 -0.018311 
0.011658 -0.020142 
0.009979 -0.021942 
0.007812 -0.022339 
0.006226 -0.022614 
0.004272 -0.022217 
0.002197 -0.021179 
0.001038 -0.020477 
-0.000702 -0.019409 
-0.002350 -0.017639 
-0.003845 -0.015625 
-0.005524 -0.013306 
-0.007416 -0.011108 
-0.008789 -0.009003 
-0.010834 -0.006744 
-0.013214 -0.004089 
-0.014618 -0.001953 
-0.016724 -0.000336 
-0.018829 0.001495 
-0.020355 0.003387 
-0.021515 0.004730 
-0.022186 0.005188 
-0.022156 0.006104 
-0.021698 0.006836 
-0.021271 0.007751 
-0.020660 0.008636 
-0.019348 0.008728 
-0.017456 0.009033 
-0.015167 0.009979 
-0.012909 0.011261 
-0.010681 0.012268 
-0.007629 0.012909 
-0.004761 0.013458 
-0.002075 0.015869 
0.000397 0.017609 
0.002777 0.018127 
0.004303 0.019440 
0.005951 0.020660 
0.007690 0.020691 
0.008667 0.020752 
0.010254 0.021057 
0.010620 0.019653 
0.011475 0.018707 
0.011719 0.017273 
0.011871 0.015625 
0.012634 0.013031 
0.012573 0.009766 
0.013489 0.008484 
0.013977 0.005829 
0.015198 0.003540 
0.015808 0.001801 
0.016541 -0.000305 
0.017578 -0.002014 
0.017853 -0.003296 
0.018951 -0.004395 
0.019104 -0.005096 
0.019470 -0.006042 
0.020477 -0.007294 
0.020233 -0.007355 
0.018494 -0.008362 
0.016998 -0.009247 
0.015656 -0.009949 
0.014099 -0.010620 
0.011566 -0.011658 
0.009521 -0.012299 
0.007446 -0.012421 
0.003967 -0.014221 
0.002258 -0.013916 
-0.000061 -0.013275 
-0.002655 -0.013824 
-0.005280 -0.013580 
-0.007141 -0.013641 
-0.008484 -0.014008 
-0.009949 -0.013855 
-0.010071 -0.013519 
-0.011200 -0.013367 
-0.011139 -0.013214 
-0.011688 -0.013062 
-0.012207 -0.012390 
-0.012146 -0.011505 
-0.012665 -0.010529 
-0.012878 -0.009369 
-0.013336 -0.007416 
-0.013428 -0.005737 
-0.014526 -0.003815 
-0.014374 -0.001160 
-0.014282 0.001099 
-0.014923 0.003967 
-0.015076 0.006226 
-0.015564 0.008240 
-0.014679 0.010437 
-0.014282 0.011688 
-0.013611 0.012604 
-0.012421 0.014008 
-0.012573 0.014618 
-0.011169 0.014679 
-0.009857 0.014587 
-0.009369 0.014343 
-0.007843 0.014557 
-0.006317 0.013245 
-0.005066 0.012573 
-0.003418 0.012268 
-0.000702 0.011169 
0.000427 0.010529 
0.001892 0.009247 
0.004517 0.008453 
0.006409 0.007690 
0.009308 0.006256 
0.010895 0.005066 
0.012512 0.003113 
0.014313 0.001312 
0.015259 -0.000488 
0.016327 -0.003021 
0.016876 -0.005341 
0.016754 -0.008240 
0.016022 -0.010529 
0.015594 -0.012878 
0.014008 -0.015442 
0.011963 -0.017212 
0.011139 -0.018799 
0.010040 -0.020020 
0.008179 -0.021667 
0.006714 -0.022064 
0.004883 -0.022095 
0.002930 -0.022186 
0.001953 -0.021881 
0.000397 -0.020569 
-0.001007 -0.018738 
-0.002411 -0.017822 
-0.004303 -0.015778 
-0.005615 -0.013336 
-0.007782 -0.011200 
-0.009949 -0.008881 
-0.011505 -0.006195 
-0.013611 -0.003815 
-0.015533 -0.001709 
-0.017822 0.000458 
-0.019562 0.002289 
-0.021210 0.003479 
-0.022156 0.004120 
-0.021942 0.005768 
-0.022461 0.005951 
-0.022003 0.006805 
-0.021790 0.008118 
-0.020447 0.008331 
-0.018250 0.009186 
-0.016113 0.009644 
-0.013397 0.010773 
-0.011780 0.011719 
-0.009186 0.013000 
-0.006042 0.015015 
-0.003357 0.016235 
-0.001495 0.017456 
0.000427 0.019409 
0.003113 0.020844 
0.004700 0.020905 
0.006073 0.022034 
0.007690 0.022278 
0.008942 0.021515 
0.010254 0.021851 
0.010895 0.021118 
0.010895 0.019226 
0.011841 0.017212 
0.012177 0.016083 
0.012756 0.013824 
0.013580 0.011169 
0.013611 0.009338 
0.014618 0.006897 
0.016022 0.005371 
0.016998 0.003571 
0.017456 0.002441 
0.018372 0.000916 
0.019257 -0.000946 
0.019653 -0.002258 
0.020874 -0.003967 
0.022034 -0.004395 
0.021118 -0.006134 
0.020386 -0.007568 
0.019928 -0.008606 
0.018341 -0.009125 
0.017426 -0.009583 
0.015503 -0.011261 
0.013000 -0.011688 
0.010498 -0.012543 
0.007843 -0.013000 
0.005737 -0.013245 
0.003754 -0.013519 
0.001221 -0.014160 
-0.001556 -0.014557 
-0.003387 -0.014862 
-0.004700 -0.014954 
-0.005646 -0.013977 
-0.006989 -0.014923 
-0.008118 -0.015167 
-0.008789 -0.015472 
-0.009247 -0.015289 
-0.009735 -0.013947 
-0.009888 -0.013794 
-0.010193 -0.013062 
-0.011261 -0.011749 
-0.011627 -0.010559 
-0.012421 -0.008881 
-0.012451 -0.006287 
-0.012390 -0.003845 
-0.013550 -0.001282 
-0.013977 0.001221 
-0.013763 0.003601 
-0.013641 0.005798 
-0.013397 0.008087 
-0.013123 0.010284 
-0.012817 0.011230 
-0.012604 0.012787 
-0.012726 0.013733 
-0.011139 0.013947 
-0.010284 0.014465 
-0.010101 0.014343 
-0.008362 0.014160 
-0.007263 0.013855 
-0.006561 0.013458 
-0.005188 0.013062 
-0.002716 0.011627 
-0.001495 0.011383 
0.000153 0.011566 
0.002625 0.009766 
0.004425 0.008820 
0.007629 0.007965 
0.009308 0.006470 
0.011078 0.005219 
0.013977 0.003479 
0.014862 0.001495 
0.015717 -0.000488 
0.016602 -0.002533 
0.016815 -0.004913 
0.016418 -0.007629 
0.015503 -0.010437 
0.015228 -0.012848 
0.014404 -0.014832 
0.013092 -0.016846 
0.011597 -0.019531 
0.009949 -0.020630 
0.008331 -0.021149 
0.006256 -0.022095 
0.005432 -0.022186 
0.004547 -0.021576 
0.003052 -0.020874 
0.001740 -0.020660 
-0.000214 -0.018646 
-0.001801 -0.016876 
-0.003632 -0.014740 
-0.005859 -0.012207 
-0.008270 -0.010223 
-0.010468 -0.007965 
-0.012085 -0.006622 
-0.014648 -0.004486 
-0.016632 -0.002441 
-0.018280 -0.000610 
-0.020538 0.000732 
-0.021942 0.002777 
-0.022156 0.003693 
-0.022308 0.004272 
-0.022949 0.006073 
-0.022095 0.005859 
-0.021210 0.006622 
-0.020111 0.007141 
-0.018616 0.007904 
-0.017365 0.008698 
-0.014374 0.009827 
-0.012207 0.011963 
-0.009705 0.012695 
-0.007050 0.015045 
-0.005127 0.016754 
-0.002319 0.018250 
0.000336 0.020203 
0.002869 0.020691 
0.004578 0.021942 
0.005432 0.022614 
0.006195 0.022583 
0.007782 0.022522 
0.008942 0.021515 
0.008881 0.020691 
0.009827 0.019592 
0.010864 0.017853 
0.010773 0.016144 
0.011566 0.014130 
0.012115 0.012146 
0.012024 0.009674 
0.013489 0.007904 
0.014893 0.006683 
0.016205 0.005157 
0.017151 0.003357 
0.018158 0.001343 
0.019562 0.000549 
0.020782 -0.000122 
0.021149 -0.001831 
0.020905 -0.003143 
0.021210 -0.003937 
0.020508 -0.005615 
0.020050 -0.006592 
0.018768 -0.007660 
0.016663 -0.008942 
0.014771 -0.008911 
0.012695 -0.010132 
0.010284 -0.010864 
0.007355 -0.010742 
0.005280 -0.011017 
0.002838 -0.011078 
0.000824 -0.011597 
-0.000946 -0.012390 
-0.002411 -0.012604 
-0.003204 -0.012268 
-0.004547 -0.013214 
-0.006165 -0.014069 
-0.007111 -0.013977 
-0.007111 -0.014374 
-0.007812 -0.014160 
-0.008331 -0.013794 
-0.008911 -0.013397 
-0.009216 -0.012543 
-0.009979 -0.011383 
-0.011108 -0.009216 
-0.011597 -0.007263 
-0.012054 -0.004852 
-0.012238 -0.002686 
-0.013062 -0.000854 
-0.012665 0.002502 
-0.012756 0.004272 
-0.013092 0.006042 
-0.012329 0.008606 
-0.012573 0.009613 
-0.012451 0.010620 
-0.011871 0.011322 
-0.011292 0.011536 
-0.011078 0.012482 
-0.010559 0.013397 
-0.009521 0.013184 
-0.008453 0.013336 
-0.007568 0.013611 
-0.006500 0.013000 
-0.004608 0.012268 
-0.002899 0.012451 
-0.000702 0.012909 
0.001648 0.011810 
0.003815 0.011292 
0.006226 0.011017 
0.008881 0.009186 
0.011505 0.007050 
0.012848 0.005798 
0.014130 0.004547 
0.015839 0.001984 
0.016388 0.000000 
0.016937 -0.001740 
0.017395 -0.005005 
0.016968 -0.008331 
0.016144 -0.010895 
0.015594 -0.013245 
0.014526 -0.015900 
0.012085 -0.018188 
0.011749 -0.019836 
0.011322 -0.021515 
0.009155 -0.021820 
0.008362 -0.021851 
0.007202 -0.022186 
0.006042 -0.021698 
0.004486 -0.021667 
0.002686 -0.020630 
0.001770 -0.018799 
-0.000275 -0.016815 
-0.002502 -0.014984 
-0.004852 -0.012878 
-0.007721 -0.010162 
-0.010406 -0.008636 
-0.012848 -0.006195 
-0.015259 -0.004120 
-0.017334 -0.002472 
-0.018311 -0.000488 
-0.020142 0.000031 
-0.021942 0.000732 
-0.022339 0.001282 
-0.022614 0.001862 
-0.022217 0.002960 
-0.021179 0.004181 
-0.020477 0.004578 
-0.019409 0.005280 
-0.017639 0.006775 
-0.015625 0.007751 
-0.013306 0.009644 
-0.011108 0.011322 
-0.009003 0.012756 
-0.006744 0.015045 
-0.004089 0.016602 
-0.001953 0.017670 
-0.000336 0.018829 
0.001495 0.020172 
0.003387 0.021515 
0.004730 0.021576 
0.005188 0.021271 
0.006104 0.021240 
0.006836 0.020752 
0.007751 0.019440 
0.008636 0.018250 
0.008728 0.016205 
0.009033 0.013245 
0.009979 0.012177 
0.011261 0.011108 
0.012268 0.009491 
0.012909 0.007660 
0.013458 0.005798 
0.015869 0.004486 
0.017609 0.002625 
0.018127 0.000824 
0.019440 -0.000549 
0.020660 -0.001434 
0.020691 -0.002655 
0.020752 -0.003815 
0.021057 -0.005249 
0.019653 -0.006683 
0.018707 -0.007416 
0.017273 -0.008179 
0.015625 -0.008820 
0.013031 -0.009827 
0.009766 -0.010468 
0.008484 -0.011108 
0.005829 -0.011414 
0.003540 -0.011353 
0.001801 -0.012054 
-0.000305 -0.013184 
-0.002014 -0.013336 
-0.003296 -0.013397 
-0.004395 -0.014496 
-0.005096 -0.014832 
-0.006042 -0.014771 
-0.007294 -0.015076 
-0.007355 -0.016357 
-0.008362 -0.015961 
-0.009247 -0.014923 
-0.009949 -0.014771 
-0.010620 -0.013000 
-0.011658 -0.011230 
-0.012299 -0.009338 
-0.012421 -0.007660 
-0.014221 -0.005188 
-0.013916 -0.001801 
-0.013275 0.000214 
-0.013824 0.002625 
-0.013580 0.005310 
-0.013641 0.007019 
-0.014008 0.008545 
-0.013855 0.009888 
-0.013519 0.010590 
-0.013367 0.011230 
-0.013214 0.012207 
-0.013062 0.012756 
-0.012390 0.012787 
-0.011505 0.013550 
-0.010529 0.013367 
-0.009369 0.012848 
-0.007416 0.014130 
-0.005737 0.014313 
-0.003815 0.013153 
-0.001160 0.012848 
0.001099 0.012665 
0.003967 0.011719 
0.006226 0.011597 
0.008240 0.010101 
0.010437 0.007812 
0.011688 0.006836 
0.012604 0.004700 
0.014008 0.002808 
0.014618 0.000305 
0.014679 -0.002777 
0.014587 -0.004883 
0.014343 -0.007996 
0.014557 -0.010529 
0.013245 -0.012390 
0.012573 -0.014984 
0.012268 -0.016876 
0.011169 -0.018829 
0.010529 -0.019775 
0.009247 -0.020050 
0.008453 -0.021210 
0.007690 -0.021088 
0.006256 -0.020660 
0.005066 -0.019531 
0.003113 -0.018005 
0.001312 -0.017059 
-0.000488 -0.015167 
-0.003021 -0.013062 
-0.005341 -0.010864 
-0.008240 -0.009003 
-0.010529 -0.006927 
-0.012878 -0.004669 
-0.015442 -0.003082 
-0.017212 -0.001709 
-0.018799 -0.000397 
-0.020020 0.000305 
-0.021667 0.001251 
-0.022064 0.002411 
-0.022095 0.002655 
-0.022186 0.002960 
-0.021881 0.003510 
-0.020569 0.004150 
-0.018738 0.005127 
-0.017822 0.006683 
-0.015778 0.008270 
-0.013336 0.009552 
-0.011200 0.011902 
-0.008881 0.013824 
-0.006195 0.015106 
-0.003815 0.017273 
-0.001709 0.018311 
0.000458 0.019257 
0.002289 0.020752 
0.003479 0.021057 
0.004120 0.021332 
0.005768 0.021240 
0.005951 0.020660 
0.006805 0.019775 
0.008118 0.018433 
0.008331 0.017700 
0.009186 0.016296 
0.009644 0.014343 
0.010773 0.012695 
0.011719 0.010681 
0.013000 0.009369 
0.015015 0.007904 
0.016235 0.005707 
0.017456 0.004547 
0.019409 0.002838 
0.020844 0.001740 
0.020905 0.000916 
0.022034 -0.001099 
0.022278 -0.002686 
0.021515 -0.003998 
0.021851 -0.005432 
0.021118 -0.007385 
0.019226 -0.008148 
0.017212 -0.008484 
0.016083 -0.009186 
0.013824 -0.009918 
0.011169 -0.010071 
0.009338 -0.009918 
0.006897 -0.011047 
0.005371 -0.011597 
0.003571 -0.012024 
0.002441 -0.012634 
0.000916 -0.014069 
-0.000946 -0.014923 
-0.002258 -0.014801 
-0.003967 -0.016449 
-0.004395 -0.017212 
-0.006134 -0.017578 
-0.007568 -0.017944 
-0.008606 -0.016876 
-0.009125 -0.016022 
-0.009583 -0.015289 
-0.011261 -0.013733 
-0.011688 -0.012024 
-0.012543 -0.010376 
-0.013000 -0.007782 
-0.013245 -0.004852 
-0.013519 -0.002899 
-0.014160 -0.000946 
-0.014557 0.001678 
-0.014862 0.003418 
-0.014954 0.004822 
-0.013977 0.006348 
-0.014923 0.007996 
-0.015167 0.008911 
-0.015472 0.009552 
-0.015289 0.010559 
-0.013947 0.011383 
-0.013794 0.011810 
-0.013062 0.011963 
-0.011749 0.012604 
-0.010559 0.012909 
-0.008881 0.013367 
-0.006287 0.013702 
-0.003845 0.013367 
-0.001282 0.013550 
0.001221 0.013245 
0.003601 0.011993 
0.005798 0.011414 
0.008087 0.010376 
0.010284 0.008087 
0.011230 0.006500 
0.012787 0.004578 
0.013733 0.002197 
0.013947 -0.000641 
0.014465 -0.003326 
0.014343 -0.006073 
0.014160 -0.008850 
0.013855 -0.010681 
0.013458 -0.013031 
0.013062 -0.015411 
0.011627 -0.017181 
0.011383 -0.018616 
0.011566 -0.020233 
0.009766 -0.020508 
0.008820 -0.021271 
0.007965 -0.021393 
0.006470 -0.020233 
0.005219 -0.020294 
0.003479 -0.019043 
0.001495 -0.017120 
-0.000488 -0.014801 
-0.002533 -0.013458 
-0.004913 -0.011047 
-0.007629 -0.008148 
-0.010437 -0.006989 
-0.012848 -0.004883 
-0.014832 -0.003113 
-0.016846 -0.002106 
-0.019531 -0.001556 
-0.020630 -0.000153 
-0.021149 0.000275 
-0.022095 0.000336 
-0.022186 0.001312 
-0.021576 0.001587 
-0.020874 0.002777 
-0.020660 0.004364 
-0.018646 0.005585 
-0.016876 0.006714 
-0.014740 0.008514 
-0.012207 0.010651 
-0.010223 0.012909 
-0.007965 0.014832 
-0.006622 0.016785 
-0.004486 0.018402 
-0.002441 0.019653 
-0.000610 0.021271 
0.000732 0.021698 
0.002777 0.022186 
0.003693 0.021973 
0.004272 0.021729 
0.006073 0.021667 
0.005859 0.020111 
0.006622 0.019226 
0.007141 0.018402 
0.007904 0.017029 
0.008698 0.015442 
0.009827 0.013336 
0.011963 0.011993 
0.012695 0.010986 
0.015045 0.009796 
0.016754 0.008240 
0.018250 0.006165 
0.020203 0.004791 
0.020691 0.003357 
0.021942 0.001953 
0.022614 0.000427 
0.022583 -0.001862 
0.022522 -0.002960 
0.021515 -0.004059 
0.020691 -0.005402 
0.019592 -0.005798 
0.017853 -0.006653 
0.016144 -0.008118 
0.014130 -0.008698 
0.012146 -0.008698 
0.009674 -0.008759 
0.007904 -0.009399 
0.006683 -0.010345 
0.005157 -0.011505 
0.003357 -0.012909 
0.001343 -0.013977 
0.000549 -0.015259 
-0.000122 -0.015930 
-0.001831 -0.016449 
-0.003143 -0.017395 
-0.003937 -0.018219 
-0.005615 -0.017792 
-0.006592 -0.016449 
-0.007660 -0.015900 
-0.008942 -0.015045 
-0.008911 -0.013062 
-0.010132 -0.010559 
-0.010864 -0.008850 
-0.010742 -0.006622 
-0.011017 -0.003754 
-0.011078 -0.001984 
-0.011597 -0.000275 
-0.012390 0.001434 
-0.012604 0.002899 
-0.012268 0.004395 
-0.013214 0.006195 
-0.014069 0.007202 
-0.013977 0.007965 
-0.014374 0.009277 
-0.014160 0.009827 
-0.013794 0.010681 
-0.013397 0.011444 
-0.012543 0.011963 
-0.011383 0.012665 
-0.009216 0.013153 
-0.007263 0.013672 
-0.004852 0.013702 
-0.002686 0.013916 
-0.000854 0.013580 
0.002502 0.013245 
0.004272 0.012329 
0.006042 0.010529 
0.008606 0.009918 
0.009613 0.008423 
0.010620 0.006409 
0.011322 0.004242 
0.011536 0.001892 
0.012482 -0.000610 
0.013397 -0.003479 
0.013184 -0.006622 
0.013336 -0.009155 
0.013611 -0.011322 
0.013000 -0.014526 
0.012268 -0.016205 
0.012451 -0.018066 
0.012909 -0.020111 
0.011810 -0.020996 
0.011292 -0.021393 
0.011017 -0.022064 
0.009186 -0.022003 
0.007050 -0.020630 
0.005798 -0.019867 
0.004547 -0.018250 
0.001984 -0.017578 
0.000000 -0.015350 
-0.001740 -0.012695 
-0.005005 -0.011658 
-0.008331 -0.009674 
-0.010895 -0.008423 
-0.013245 -0.006958 
-0.015900 -0.006134 
-0.018188 -0.005554 
-0.019836 -0.004669 
-0.021515 -0.003662 
-0.021820 -0.003113 
-0.021851 -0.002991 
-0.022186 -0.002136 
-0.021698 -0.000977 
-0.021667 0.000214 
-0.020630 0.001373 
-0.018799 0.003571 
-0.016815 0.005768 
-0.014984 0.007751 
-0.012878 0.010193 
-0.010162 0.012299 
-0.008636 0.013733 
-0.006195 0.015442 
-0.004120 0.017120 
-0.002472 0.018799 
-0.000488 0.019745 
0.000031 0.019135 
0.000732 0.019623 
0.001282 0.019775 
0.001862 0.019257 
0.002960 0.019135 
0.004181 0.018494 
0.004578 0.017761 
0.005280 0.017212 
0.006775 0.015686 
0.007751 0.014648 
0.009644 0.013947 
0.011322 0.012390 
0.012756 0.011139 
0.015045 0.008850 
0.016602 0.006714 
0.017670 0.005432 
0.018829 0.003906 
0.020172 0.001648 
0.021515 0.000153 
0.021576 -0.001068 
0.021271 -0.002960 
0.021240 -0.004211 
0.020752 -0.005341 
0.019440 -0.005066 
0.018250 -0.006165 
0.016205 -0.006927 
0.013245 -0.006348 
0.012177 -0.007233 
0.011108 -0.008301 
0.009491 -0.009003 
0.007660 -0.009766 
0.005798 -0.011688 
0.004486 -0.012695 
0.002625 -0.013458 
0.000824 -0.014465 
-0.000549 -0.016022 
-0.001434 -0.017548 
-0.002655 -0.017792 
-0.003815 -0.018311 
-0.005249 -0.017822 
-0.006683 -0.016632 
-0.007416 -0.016235 
-0.008179 -0.015442 
-0.008820 -0.013367 
-0.009827 -0.011993 
-0.010468 -0.009918 
-0.011108 -0.007568 
-0.011414 -0.005859 
-0.011353 -0.003601 
-0.012054 -0.001740 
-0.013184 0.000000 
-0.013336 0.001862 
-0.013397 0.004364 
-0.014496 0.005737 
-0.014832 0.006409 
-0.014771 0.007446 
-0.015076 0.008636 
-0.016357 0.010284 
-0.015961 0.011078 
-0.014923 0.011841 
-0.014771 0.012634 
-0.013000 0.012970 
-0.011230 0.013855 
-0.009338 0.014740 
-0.007660 0.015076 
-0.005188 0.015839 
-0.001801 0.015686 
0.000214 0.015137 
0.002625 0.014587 
0.005310 0.013641 
0.007019 0.012604 
0.008545 0.011200 
0.009888 0.009583 
0.010590 0.007263 
0.011230 0.005432 
0.012207 0.003174 
0.012756 0.000183 
0.012787 -0.002380 
0.013550 -0.005066 
0.013367 -0.008118 
0.012848 -0.010468 
0.014130 -0.012390 
0.014313 -0.015472 
0.013153 -0.017670 
0.012848 -0.018707 
0.012665 -0.020294 
0.011719 -0.020813 
0.011597 -0.020477 
0.010101 -0.020691 
0.007812 -0.019958 
0.006836 -0.018433 
0.004700 -0.016998 
0.002808 -0.015411 
0.000305 -0.013885 
-0.002777 -0.012390 
-0.004883 -0.011108 
-0.007996 -0.009399 
-0.010529 -0.008057 
-0.012390 -0.007233 
-0.014984 -0.005951 
-0.016876 -0.005463 
-0.018829 -0.005096 
-0.019775 -0.004608 
-0.020050 -0.003845 
-0.021210 -0.002319 
-0.021088 -0.001953 
-0.020660 -0.001007 
-0.019531 0.000916 
-0.018005 0.002594 
-0.017059 0.004822 
-0.015167 0.006500 
-0.013062 0.008392 
-0.010864 0.010437 
-0.009003 0.012360 
-0.006927 0.013947 
-0.004669 0.015167 
-0.003082 0.016663 
-0.001709 0.017639 
-0.000397 0.018158 
0.000305 0.018585 
0.001251 0.018799 
0.002411 0.018463 
0.002655 0.018402 
0.002960 0.018158 
0.003510 0.017639 
0.004150 0.017029 
0.005127 0.016632 
0.006683 0.016235 
0.008270 0.014526 
0.009552 0.013153 
0.011902 0.012085 
0.013824 0.010223 
0.015106 0.007751 
0.017273 0.006317 
0.018311 0.004822 
0.019257 0.002777 
0.020752 0.001404 
0.021057 -0.000061 
0.021332 -0.001129 
0.021240 -0.002197 
0.020660 -0.003571 
0.019775 -0.004364 
0.018433 -0.004395 
0.017700 -0.005066 
0.016296 -0.005371 
0.014343 -0.005768 
0.012695 -0.006744 
0.010681 -0.007935 
0.009369 -0.009247 
0.007904 -0.010040 
0.005707 -0.011688 
0.004547 -0.012787 
0.002838 -0.014709 
0.001740 -0.016235 
0.000916 -0.016327 
-0.001099 -0.017334 
-0.002686 -0.018005 
-0.003998 -0.018066 
-0.005432 -0.017120 
-0.007385 -0.016846 
-0.008148 -0.016113 
-0.008484 -0.014404 
-0.009186 -0.013184 
-0.009918 -0.011261 
-0.010071 -0.009186 
-0.009918 -0.007294 
-0.011047 -0.005249 
-0.011597 -0.002686 
-0.012024 -0.001068 
-0.012634 -0.000336 
-0.014069 0.002014 
-0.014923 0.003326 
-0.014801 0.004181 
-0.016449 0.006165 
-0.017212 0.007019 
-0.017578 0.008423 
-0.017944 0.009613 
-0.016876 0.011047 
-0.016022 0.012421 
-0.015289 0.013092 
-0.013733 0.013580 
-0.012024 0.013763 
-0.010376 0.014679 
-0.007782 0.014771 
-0.004852 0.015350 
-0.002899 0.015259 
-0.000946 0.014832 
0.001678 0.015259 
0.003418 0.014130 
0.004822 0.013062 
0.006348 0.011841 
0.007996 0.009552 
0.008911 0.008026 
0.009552 0.006470 
0.010559 0.003540 
0.011383 0.000793 
0.011810 -0.002441 
0.011963 -0.004883 
0.012604 -0.007355 
0.012909 -0.010345 
0.013367 -0.012726 
0.013702 -0.015503 
0.013367 -0.016907 
0.013550 -0.018555 
0.013245 -0.019501 
0.011993 -0.019257 
0.011414 -0.019165 
0.010376 -0.018982 
0.008087 -0.017639 
0.006500 -0.015625 
0.004578 -0.015015 
0.002197 -0.013519 
-0.000641 -0.011810 
-0.003326 -0.010651 
-0.006073 -0.009674 
-0.008850 -0.008270 
-0.010681 -0.007080 
-0.013031 -0.006744 
-0.015411 -0.005829 
-0.017181 -0.005035 
-0.018616 -0.004822 
-0.020233 -0.004181 
-0.020508 -0.002747 
-0.021271 -0.002380 
-0.021393 -0.001251 
-0.020233 0.000549 
-0.020294 0.001862 
-0.019043 0.003662 
-0.017120 0.005798 
-0.014801 0.007996 
-0.013458 0.009491 
-0.011047 0.011810 
-0.008148 0.013641 
-0.006989 0.015167 
-0.004883 0.016724 
-0.003113 0.017914 
-0.002106 0.018555 
-0.001556 0.018982 
-0.000153 0.020020 
0.000275 0.019562 
0.000336 0.019653 
0.001312 0.019714 
0.001587 0.019348 
0.002777 0.019073 
0.004364 0.018463 
0.005585 0.018005 
0.006714 0.016174 
0.008514 0.014862 
0.010651 0.013702 
0.012909 0.012085 
0.014832 0.010162 
0.016785 0.008423 
0.018402 0.006653 
0.019653 0.005005 
0.021271 0.003601 
0.021698 0.001373 
0.022186 0.001099 
0.021973 0.000061 
0.021729 -0.001099 
0.021667 -0.001404 
0.020111 -0.002075 
0.019226 -0.002014 
0.018402 -0.003479 
0.017029 -0.004211 
0.015442 -0.004974 
0.013336 -0.006531 
0.011993 -0.007935 
0.010986 -0.008911 
0.009796 -0.010040 
0.008240 -0.012482 
0.006165 -0.013916 
0.004791 -0.015625 
0.003357 -0.016693 
0.001953 -0.017426 
0.000427 -0.018524 
-0.001862 -0.018463 
-0.002960 -0.018311 
-0.004059 -0.018402 
-0.005402 -0.017822 
-0.005798 -0.016418 
-0.006653 -0.015350 
-0.008118 -0.013550 
-0.008698 -0.011597 
-0.008698 -0.009949 
-0.008759 -0.007965 
-0.009399 -0.006409 
-0.010345 -0.005005 
-0.011505 -0.003235 
-0.012909 -0.001923 
-0.013977 -0.000153 
-0.015259 0.002014 
-0.015930 0.002350 
-0.016449 0.003540 
-0.017395 0.005585 
-0.018219 0.006592 
-0.017792 0.007172 
-0.016449 0.008453 
-0.015900 0.009918 
-0.015045 0.011078 
-0.013062 0.012756 
-0.010559 0.013672 
-0.008850 0.014648 
-0.006622 0.015381 
-0.003754 0.015411 
-0.001984 0.014862 
-0.000275 0.014526 
0.001434 0.014679 
0.002899 0.013580 
0.004395 0.012390 
0.006195 0.010986 
0.007202 0.008759 
0.007965 0.006561 
0.009277 0.004608 
0.009827 0.001801 
0.010681 -0.001648 
0.011444 -0.004150 
0.011963 -0.006989 
0.012665 -0.009949 
0.013153 -0.012299 
0.013672 -0.014923 
0.013702 -0.016876 
0.013916 -0.018372 
0.013580 -0.019714 
0.013245 -0.019958 
0.012329 -0.020233 
0.010529 -0.019684 
0.009918 -0.018799 
0.008423 -0.018402 
0.006409 -0.016754 
0.004242 -0.014893 
0.001892 -0.013702 
-0.000610 -0.012543 
-0.003479 -0.010986 
-0.006622 -0.010681 
-0.009155 -0.010834 
-0.011322 -0.009705 
-0.014526 -0.008972 
-0.016205 -0.008270 
-0.018066 -0.007507 
-0.020111 -0.007324 
-0.020996 -0.006317 
-0.021393 -0.005646 
-0.022064 -0.004700 
-0.022003 -0.002441 
-0.020630 -0.001099 
-0.019867 0.000946 
-0.018250 0.002991 
-0.017578 0.004303 
-0.015350 0.006775 
-0.012695 0.008881 
-0.011658 0.010590 
-0.009674 0.011749 
-0.008423 0.013611 
-0.006958 0.014954 
-0.006134 0.015381 
-0.005554 0.017456 
-0.004669 0.018341 
-0.003662 0.018829 
-0.003113 0.020050 
-0.002991 0.020142 
-0.002136 0.019836 
-0.000977 0.019287 
0.000214 0.019226 
0.001373 0.018738 
0.003571 0.017822 
0.005768 0.017090 
0.007751 0.015198 
0.010193 0.013763 
0.012299 0.012177 
0.013733 0.009888 
0.015442 0.008453 
0.017120 0.007019 
0.018799 0.005798 
0.019745 0.004761 
0.019135 0.002930 
0.019623 0.001923 
0.019775 0.001556 
0.019257 0.000885 
0.019135 0.000092 
0.018494 -0.000977 
0.017761 -0.001129 
0.017212 -0.002380 
0.015686 -0.003632 
0.014648 -0.004120 
0.013947 -0.006226 
0.012390 -0.007660 
0.011139 -0.009338 
0.008850 -0.011017 
0.006714 -0.012054 
0.005432 -0.013580 
0.003906 -0.015015 
0.001648 -0.016388 
0.000153 -0.017273 
-0.001068 -0.018097 
-0.002960 -0.017700 
-0.004211 -0.017395 
-0.005341 -0.017578 
-0.005066 -0.016449 
-0.006165 -0.014862 
-0.006927 -0.013428 
-0.006348 -0.012512 
-0.007233 -0.010895 
-0.008301 -0.009247 
-0.009003 -0.007568 
-0.009766 -0.005707 
-0.011688 -0.004242 
-0.012695 -0.002563 
-0.013458 -0.001221 
-0.014465 0.000153 
-0.016022 0.001343 
-0.017548 0.002686 
-0.017792 0.004059 
-0.018311 0.004944 
-0.017822 0.006531 
-0.016632 0.008148 
-0.016235 0.009216 
-0.015442 0.010406 
-0.013367 0.011719 
-0.011993 0.012878 
-0.009918 0.013824 
-0.007568 0.014557 
-0.005859 0.015228 
-0.003601 0.015625 
-0.001740 0.015961 
0.000000 0.015961 
0.001862 0.014801 
0.004364 0.013855 
0.005737 0.013123 
0.006409 0.011292 
0.007446 0.009125 
0.008636 0.007141 
0.010284 0.004944 
0.011078 0.002411 
0.011841 -0.000885 
0.012634 -0.003906 
0.012970 -0.006561 
0.013855 -0.009644 
0.014740 -0.012085 
0.015076 -0.014282 
0.015839 -0.015961 
0.015686 -0.017242 
0.015137 -0.018433 
0.014587 -0.018768 
0.013641 -0.018463 
0.012604 -0.018005 
0.011200 -0.017883 
0.009583 -0.016937 
0.007263 -0.015564 
0.005432 -0.014343 
0.003174 -0.013062 
0.000183 -0.012451 
-0.002380 -0.011841 
-0.005066 -0.011414 
-0.008118 -0.010712 
-0.010468 -0.009613 
-0.012390 -0.009613 
-0.015472 -0.009491 
-0.017670 -0.009033 
-0.018707 -0.008209 
-0.020294 -0.006775 
-0.020813 -0.005890 
-0.020477 -0.003723 
-0.020691 -0.001770 
-0.019958 -0.000885 
-0.018433 0.001068 
-0.016998 0.003052 
-0.015411 0.005127 
-0.013885 0.006683 
-0.012390 0.008606 
-0.011108 0.010376 
-0.009399 0.011658 
-0.008057 0.012909 
-0.007233 0.013824 
-0.005951 0.015503 
-0.005463 0.016632 
-0.005096 0.017395 
-0.004608 0.017853 
-0.003845 0.017822 
-0.002319 0.018768 
-0.001953 0.019531 
-0.001007 0.018921 
0.000916 0.018311 
0.002594 0.017395 
0.004822 0.016266 
0.006500 0.015228 
0.008392 0.013123 
0.010437 0.011627 
0.012360 0.010132 
0.013947 0.008575 
0.015167 0.007385 
0.016663 0.005981 
0.017639 0.005035 
0.018158 0.003937 
0.018585 0.003235 
0.018799 0.002441 
0.018463 0.002136 
0.018402 0.001892 
0.018158 0.001007 
0.017639 0.000122 
0.017029 -0.000488 
0.016632 -0.001160 
0.016235 -0.002289 
0.014526 -0.003387 
0.013153 -0.005859 
0.012085 -0.007416 
0.010223 -0.008392 
0.007751 -0.010895 
0.006317 -0.012634 
0.004822 -0.013977 
0.002777 -0.015259 
0.001404 -0.016388 
-0.000061 -0.016724 
-0.001129 -0.017029 
-0.002197 -0.017700 
-0.003571 -0.017212 
-0.004364 -0.016418 
-0.004395 -0.015411 
-0.005066 -0.014343 
-0.005371 -0.013092 
-0.005768 -0.011719 
-0.006744 -0.010834 
-0.007935 -0.009277 
-0.009247 -0.007843 
-0.010040 -0.006470 
-0.011688 -0.004456 
-0.012787 -0.003265 
-0.014709 -0.002228 
-0.016235 -0.000549 
-0.016327 0.001068 
-0.017334 0.002502 
-0.018005 0.003998 
-0.018066 0.005676 
-0.017120 0.007385 
-0.016846 0.009003 
-0.016113 0.010132 
-0.014404 0.011475 
-0.013184 0.012573 
-0.011261 0.013428 
-0.009186 0.014526 
-0.007294 0.014740 
-0.005249 0.016296 
-0.002686 0.017609 
-0.001068 0.017029 
-0.000336 0.017059 
0.002014 0.015900 
0.003326 0.015137 
0.004181 0.014465 
0.006165 0.012146 
0.007019 0.010406 
0.008423 0.007629 
0.009613 0.004883 
0.011047 0.002502 
0.012421 -0.000793 
0.013092 -0.003601 
0.013580 -0.006775 
0.013763 -0.009369 
0.014679 -0.011688 
0.014771 -0.014038 
0.015350 -0.014893 
0.015259 -0.015961 
0.014832 -0.017090 
0.015259 -0.016907 
0.014130 -0.016418 
0.013062 -0.016083 
0.011841 -0.015228 
0.009552 -0.014496 
0.008026 -0.013611 
0.006470 -0.012787 
0.003540 -0.012299 
0.000793 -0.011261 
-0.002441 -0.011017 
-0.004883 -0.010895 
-0.007355 -0.010651 
-0.010345 -0.010376 
-0.012726 -0.009552 
-0.015503 -0.009521 
-0.016907 -0.009277 
-0.018555 -0.007599 
-0.019501 -0.006195 
-0.019257 -0.004730 
-0.019165 -0.002625 
-0.018982 -0.002045 
-0.017639 0.000031 
-0.015625 0.002319 
-0.015015 0.002655 
-0.013519 0.004974 
-0.011810 0.006775 
-0.010651 0.007721 
-0.009674 0.009827 
-0.008270 0.011597 
-0.007080 0.012451 
-0.006744 0.013855 
-0.005829 0.015961 
-0.005035 0.017059 
-0.004822 0.018280 
-0.004181 0.019012 
-0.002747 0.019409 
-0.002380 0.020142 
-0.001251 0.019653 
0.000549 0.019165 
0.001862 0.018799 
0.003662 0.017487 
0.005798 0.016235 
0.007996 0.014587 
0.009491 0.012909 
0.011810 0.011292 
0.013641 0.009460 
0.015167 0.008667 
0.016724 0.007538 
0.017914 0.006165 
0.018555 0.005463 
0.018982 0.004761 
0.020020 0.004181 
0.019562 0.003387 
0.019653 0.002930 
0.019714 0.002686 
0.019348 0.002075 
0.019073 0.001465 
0.018463 -0.000244 
0.018005 -0.001923 
0.016174 -0.003113 
0.014862 -0.004486 
0.013702 -0.006165 
0.012085 -0.008362 
0.010162 -0.009918 
0.008423 -0.011810 
0.006653 -0.013336 
0.005005 -0.014862 
0.003601 -0.016205 
0.001373 -0.016388 
0.001099 -0.017181 
0.000061 -0.017426 
-0.001099 -0.017975 
-0.001404 -0.017059 
-0.002075 -0.016357 
-0.002014 -0.016357 
-0.003479 -0.014893 
-0.004211 -0.014282 
-0.004974 -0.012451 
-0.006531 -0.011505 
-0.007935 -0.010223 
-0.008911 -0.008118 
-0.010040 -0.007355 
-0.012482 -0.005554 
-0.013916 -0.004120 
-0.015625 -0.003204 
-0.016693 -0.002411 
-0.017426 -0.000519 
-0.018524 0.001343 
-0.018463 0.002502 
-0.018311 0.004272 
-0.018402 0.005615 
-0.017822 0.007233 
-0.016418 0.008728 
-0.015350 0.010010 
-0.013550 0.012054 
-0.011597 0.013611 
-0.009949 0.014465 
-0.007965 0.015656 
-0.006409 0.016846 
-0.005005 0.017456 
-0.003235 0.017334 
-0.001923 0.017273 
-0.000153 0.016968 
0.002014 0.016205 
0.002350 0.014557 
0.003540 0.012085 
0.005585 0.009674 
0.006592 0.006622 
0.007172 0.003937 
0.008453 0.001129 
0.009918 -0.002350 
0.011078 -0.005798 
0.012756 -0.008301 
0.013672 -0.010315 
0.014648 -0.012634 
0.015381 -0.013885 
0.015411 -0.015076 
0.014862 -0.015900 
0.014526 -0.016541 
0.014679 -0.016449 
0.013580 -0.015472 
0.012390 -0.015106 
0.010986 -0.014221 
0.008759 -0.014038 
0.006561 -0.013885 
0.004608 -0.012543 
0.001801 -0.012451 
-0.001648 -0.012939 
-0.004150 -0.012329 
-0.006989 -0.011871 
-0.009949 -0.011444 
-0.012299 -0.011047 
-0.014923 -0.010498 
-0.016876 -0.009155 
-0.018372 -0.008850 
-0.019714 -0.007599 
-0.019958 -0.005554 
-0.020233 -0.004730 
-0.019684 -0.002808 
-0.018799 -0.001282 
-0.018402 -0.000305 
-0.016754 0.002014 
-0.014893 0.003479 
-0.013702 0.005219 
-0.012543 0.006866 
-0.010986 0.007690 
-0.010681 0.010406 
-0.010834 0.011719 
-0.009705 0.012970 
-0.008972 0.015533 
-0.008270 0.016052 
-0.007507 0.017395 
-0.007324 0.018555 
-0.006317 0.018616 
-0.005646 0.019348 
-0.004700 0.020172 
-0.002441 0.020294 
-0.001099 0.019287 
0.000946 0.018341 
0.002991 0.017151 
0.004303 0.015778 
0.006775 0.015045 
0.008881 0.012787 
0.010590 0.011169 
0.011749 0.010742 
0.013611 0.008942 
0.014954 0.008331 
0.015381 0.007050 
0.017456 0.005768 
0.018341 0.006012 
0.018829 0.005035 
0.020050 0.004608 
0.020142 0.004120 
0.019836 0.002930 
0.019287 0.002625 
0.019226 0.002289 
0.018738 0.000000 
0.017822 -0.001648 
0.017090 -0.002106 
0.015198 -0.004578 
0.013763 -0.006714 
0.012177 -0.008148 
0.009888 -0.009613 
0.008453 -0.011230 
0.007019 -0.012573 
0.005798 -0.014069 
0.004761 -0.015778 
0.002930 -0.016296 
0.001923 -0.016296 
0.001556 -0.015900 
0.000885 -0.016083 
0.000092 -0.015900 
-0.000977 -0.015228 
-0.001129 -0.014923 
-0.002380 -0.013336 
-0.003632 -0.011963 
-0.004120 -0.011566 
-0.006226 -0.010468 
-0.007660 -0.008759 
-0.009338 -0.007446 
-0.011017 -0.006104 
-0.012054 -0.004730 
-0.013580 -0.003906 
-0.015015 -0.002716 
-0.016388 -0.001007 
-0.017273 0.000519 
-0.018097 0.001801 
-0.017700 0.003204 
-0.017395 0.004974 
-0.017578 0.006561 
-0.016449 0.008118 
-0.014862 0.009674 
-0.013428 0.011261 
-0.012512 0.012970 
-0.010895 0.014282 
-0.009247 0.015686 
-0.007568 0.016754 
-0.005707 0.017395 
-0.004242 0.017639 
-0.002563 0.018219 
-0.001221 0.017822 
0.000153 0.016357 
0.001343 0.015625 
0.002686 0.013580 
0.004059 0.011444 
0.004944 0.008789 
0.006531 0.005829 
0.008148 0.003754 
0.009216 0.000397 
0.010406 -0.003387 
0.011719 -0.006195 
0.012878 -0.007996 
0.013824 -0.010559 
0.014557 -0.012115 
0.015228 -0.012939 
0.015625 -0.014282 
0.015961 -0.014679 
0.015961 -0.014526 
0.014801 -0.014282 
0.013855 -0.014709 
0.013123 -0.014404 
0.011292 -0.014252 
0.009125 -0.013977 
0.007141 -0.013397 
0.004944 -0.013367 
0.002411 -0.012939 
-0.000885 -0.013123 
-0.003906 -0.013153 
-0.006561 -0.012451 
-0.009644 -0.011505 
-0.012085 -0.011627 
-0.014282 -0.011414 
-0.015961 -0.009888 
-0.017242 -0.009399 
-0.018433 -0.008270 
-0.018768 -0.006866 
-0.018463 -0.006104 
-0.018005 -0.003998 
-0.017883 -0.002594 
-0.016937 -0.001923 
-0.015564 0.000214 
-0.014343 0.001831 
-0.013062 0.003754 
-0.012451 0.006256 
-0.011841 0.007721 
-0.011414 0.009583 
-0.010712 0.011780 
-0.009613 0.013336 
-0.009613 0.015045 
-0.009491 0.017059 
-0.009033 0.018127 
-0.008209 0.018921 
-0.006775 0.019653 
-0.005890 0.020203 
-0.003723 0.019958 
-0.001770 0.019073 
-0.000885 0.018799 
0.001068 0.017700 
0.003052 0.016022 
0.005127 0.015289 
0.006683 0.014557 
0.008606 0.012543 
0.010376 0.011322 
0.011658 0.010895 
0.012909 0.010162 
0.013824 0.009247 
