-0.003419 -0.019329 
-0.007188 -0.016262 
-0.009681 -0.011917 
-0.013291 -0.008307 
-0.017859 -0.003514 
-0.021438 0.001629 
-0.025431 0.006677 
-0.029393 0.011949 
-0.032077 0.017029 
-0.033578 0.022524 
-0.035591 0.027796 
-0.036294 0.032268 
-0.035655 0.036230 
-0.035080 0.040351 
-0.033259 0.043323 
-0.031150 0.045591 
-0.028083 0.046741 
-0.024505 0.047316 
-0.021182 0.046901 
-0.016837 0.045144 
-0.012588 0.042939 
-0.008786 0.039585 
-0.004089 0.036262 
0.000128 0.032173 
0.004026 0.027188 
0.009329 0.021597 
0.013674 0.015687 
0.018339 0.009585 
0.023514 0.003738 
0.027348 -0.002077 
0.032013 -0.007796 
0.035815 -0.012780 
0.039297 -0.017732 
0.042173 -0.021342 
0.043898 -0.024760 
0.045783 -0.028243 
0.046134 -0.030319 
0.045399 -0.032396 
0.044185 -0.034153 
0.043003 -0.034121 
0.039712 -0.033962 
0.035495 -0.033546 
0.031885 -0.032492 
0.026550 -0.030671 
0.021054 -0.028466 
0.014665 -0.026901 
0.007955 -0.024345 
0.001981 -0.022364 
-0.004281 -0.019233 
-0.010767 -0.016422 
-0.016613 -0.013898 
-0.021182 -0.009681 
-0.026038 -0.007444 
-0.029617 -0.004856 
-0.032268 -0.001693 
-0.035272 0.001693 
-0.036198 0.004153 
-0.036613 0.006070 
-0.036869 0.008179 
-0.035527 0.010160 
-0.034792 0.011885 
-0.033227 0.012492 
-0.031310 0.013610 
-0.029521 0.013738 
-0.027093 0.013994 
-0.024281 0.013706 
-0.020863 0.012812 
-0.018882 0.011182 
-0.016230 0.009201 
-0.013195 0.007764 
-0.010000 0.005016 
-0.006454 0.002907 
-0.003866 0.000735 
-0.000575 -0.000799 
0.002364 -0.002396 
0.004633 -0.003482 
0.006709 -0.004121 
0.009201 -0.004313 
0.010767 -0.003163 
0.012428 -0.002716 
0.013450 -0.000927 
0.013003 0.000767 
0.013802 0.002620 
0.013578 0.004377 
0.013387 0.006358 
0.012939 0.008339 
0.011821 0.008914 
0.011661 0.010543 
0.010479 0.011661 
0.008594 0.012045 
0.007220 0.012300 
0.005335 0.012556 
0.003482 0.013003 
0.001917 0.014089 
0.000128 0.014856 
-0.000479 0.015304 
-0.001661 0.016006 
-0.002396 0.015687 
-0.002875 0.016262 
-0.003131 0.015942 
-0.002013 0.014633 
-0.001310 0.013866 
0.001278 0.012141 
0.003131 0.009776 
0.004888 0.007125 
0.007891 0.003674 
0.009744 0.000096 
0.012141 -0.003930 
0.013802 -0.008051 
0.014792 -0.011725 
0.015751 -0.015974 
0.016262 -0.019169 
0.015783 -0.022907 
0.015144 -0.026134 
0.015495 -0.027700 
0.013578 -0.030671 
0.011853 -0.032204 
0.011917 -0.032716 
0.010607 -0.032875 
0.010000 -0.032780 
0.009073 -0.032971 
0.007859 -0.031310 
0.006997 -0.030032 
0.004473 -0.028946 
0.002492 -0.026454 
0.000288 -0.024026 
-0.002748 -0.020863 
-0.006454 -0.017188 
-0.010511 -0.013578 
-0.014345 -0.009042 
-0.018850 -0.005208 
-0.022652 -0.000415 
-0.025974 0.004920 
-0.029681 0.009105 
-0.032524 0.015208 
-0.034952 0.019712 
-0.035911 0.024569 
-0.035240 0.030607 
-0.035208 0.035208 
-0.034121 0.039393 
-0.032204 0.041725 
-0.029936 0.045144 
-0.027827 0.046741 
-0.025176 0.046677 
-0.021470 0.046741 
-0.018371 0.044728 
-0.013962 0.042204 
-0.009968 0.038339 
-0.006581 0.034505 
-0.002236 0.029585 
0.002396 0.023898 
0.006805 0.017891 
0.011502 0.012173 
0.016677 0.007348 
0.021214 0.000863 
0.025911 -0.003834 
0.030160 -0.008307 
0.035112 -0.013355 
0.039010 -0.017987 
0.041885 -0.022396 
0.044760 -0.025240 
0.046166 -0.027923 
0.046805 -0.030479 
0.046070 -0.032652 
0.044984 -0.034153 
0.042332 -0.035112 
0.039265 -0.035431 
0.035463 -0.035463 
0.030319 -0.034696 
0.025399 -0.032907 
0.019233 -0.030767 
0.012939 -0.027859 
0.006869 -0.025048 
0.000351 -0.021885 
-0.005144 -0.018466 
-0.009585 -0.015527 
-0.015176 -0.012939 
-0.020224 -0.009489 
-0.023834 -0.006326 
-0.027284 -0.004185 
-0.030415 -0.001054 
-0.031853 0.001629 
-0.033035 0.004026 
-0.034473 0.006294 
-0.034441 0.008530 
-0.034153 0.011022 
-0.033099 0.012492 
-0.032907 0.013674 
-0.032013 0.014888 
-0.030096 0.016070 
-0.027700 0.015879 
-0.024409 0.015016 
-0.022268 0.014249 
-0.018882 0.012939 
-0.016422 0.011565 
-0.013419 0.008530 
-0.009840 0.004888 
-0.006901 0.002364 
-0.002748 0.000383 
-0.000256 -0.001374 
0.002364 -0.002875 
0.005399 -0.003099 
0.007476 -0.002875 
0.009425 -0.002780 
0.010767 -0.002492 
0.012173 -0.001086 
0.013802 0.001214 
0.014601 0.002620 
0.015144 0.004441 
0.014856 0.006070 
0.014696 0.007093 
0.014665 0.008626 
0.013866 0.009265 
0.012812 0.009297 
0.010447 0.010128 
0.009489 0.011342 
0.007604 0.011885 
0.004760 0.011981 
0.003546 0.012780 
0.002236 0.014313 
0.000831 0.015080 
-0.000479 0.016358 
-0.000543 0.017796 
-0.001406 0.017604 
-0.001246 0.018179 
-0.000224 0.017955 
0.000671 0.016709 
0.003067 0.015847 
0.004569 0.013834 
0.006613 0.011118 
0.008946 0.006901 
0.010767 0.002748 
0.012364 -0.000927 
0.013387 -0.005016 
0.014601 -0.008818 
0.015335 -0.013067 
0.015655 -0.017284 
0.016070 -0.020767 
0.015847 -0.023227 
0.015399 -0.025783 
0.015304 -0.027955 
0.015144 -0.029968 
0.014984 -0.031054 
0.014409 -0.031278 
0.013898 -0.032556 
0.013802 -0.032236 
0.012173 -0.032460 
0.010511 -0.032396 
0.009489 -0.031054 
0.006997 -0.029393 
0.004665 -0.027284 
0.001214 -0.025495 
-0.002875 -0.021661 
-0.006326 -0.018562 
-0.011502 -0.014473 
-0.015527 -0.009553 
-0.019329 -0.005399 
-0.023738 -0.000160 
-0.026933 0.004728 
-0.030415 0.010288 
-0.033067 0.015879 
-0.033962 0.021693 
-0.034920 0.027029 
-0.035016 0.032236 
-0.034601 0.037380 
-0.034633 0.041246 
-0.032907 0.044441 
-0.030735 0.046326 
-0.028466 0.047668 
-0.026070 0.048051 
-0.022556 0.047125 
-0.018435 0.045495 
-0.015783 0.043514 
-0.012013 0.039872 
-0.007476 0.035751 
-0.003355 0.031502 
0.000735 0.026070 
0.005719 0.021150 
0.010703 0.015623 
0.015335 0.010415 
0.020415 0.005240 
0.024920 -0.000511 
0.029553 -0.006326 
0.033578 -0.011534 
0.036613 -0.015687 
0.039936 -0.020256 
0.043163 -0.023546 
0.044665 -0.026518 
0.045559 -0.029872 
0.046198 -0.031885 
0.044760 -0.033291 
0.042268 -0.034409 
0.039457 -0.034760 
0.035751 -0.034409 
0.030863 -0.033674 
0.025399 -0.032780 
0.019105 -0.030990 
0.013163 -0.028371 
0.007380 -0.025879 
0.001118 -0.023610 
-0.004920 -0.020958 
-0.010319 -0.017316 
-0.015527 -0.014249 
-0.020511 -0.011214 
-0.023419 -0.008051 
-0.026294 -0.005399 
-0.028658 -0.002428 
-0.030767 0.000383 
-0.032780 0.003419 
-0.032780 0.006262 
-0.033419 0.008850 
-0.033706 0.010671 
-0.032875 0.012396 
-0.032013 0.013546 
-0.030639 0.014026 
-0.029393 0.014569 
-0.027540 0.014089 
-0.024569 0.013355 
-0.021342 0.012236 
-0.018275 0.010447 
-0.015591 0.007444 
-0.012077 0.005623 
-0.008211 0.003834 
-0.005911 0.001470 
-0.001949 0.000575 
0.001374 -0.001310 
0.003323 -0.002141 
0.006230 -0.002045 
0.007764 -0.002045 
0.009649 -0.002141 
0.011086 -0.001182 
0.012141 0.000479 
0.013514 0.001118 
0.013482 0.002524 
0.013355 0.003802 
0.013834 0.005112 
0.013802 0.005431 
0.013067 0.006581 
0.012620 0.007987 
0.011502 0.008051 
0.009968 0.009681 
0.008275 0.010767 
0.005974 0.011821 
0.003738 0.012716 
0.001534 0.014217 
-0.001022 0.015911 
-0.002460 0.016613 
-0.003003 0.017796 
-0.003930 0.018307 
-0.003866 0.019553 
-0.003227 0.018786 
-0.002492 0.017380 
-0.001310 0.017188 
0.001342 0.015367 
0.003450 0.013131 
0.005335 0.010096 
0.007923 0.006965 
0.009361 0.002907 
0.011214 -0.001214 
0.012332 -0.004505 
0.013323 -0.008403 
0.013578 -0.012364 
0.013962 -0.016709 
0.013994 -0.020128 
0.013067 -0.022939 
0.013994 -0.026102 
0.013450 -0.028307 
0.013546 -0.030064 
0.014313 -0.032013 
0.014409 -0.033099 
0.014185 -0.033163 
0.013227 -0.032907 
0.012045 -0.032971 
0.011310 -0.032556 
0.010863 -0.031342 
0.007700 -0.030000 
0.004856 -0.027987 
0.000383 -0.026134 
-0.003738 -0.023259 
-0.007220 -0.019840 
-0.012077 -0.016550 
-0.015623 -0.012843 
-0.020288 -0.009010 
-0.023227 -0.003003 
-0.026965 0.002620 
-0.030064 0.007732 
-0.031534 0.013578 
-0.034185 0.019137 
-0.034185 0.024728 
-0.033834 0.029776 
-0.033962 0.034792 
-0.032875 0.038722 
-0.030831 0.041693 
-0.029042 0.044089 
-0.027284 0.045495 
-0.025495 0.045879 
-0.022556 0.045016 
-0.019329 0.043067 
-0.016262 0.040958 
-0.011917 0.038466 
-0.008307 0.034601 
-0.003514 0.030064 
0.001629 0.025272 
0.006677 0.020735 
0.011949 0.015144 
0.017029 0.009393 
0.022524 0.004984 
0.027796 -0.000128 
0.032268 -0.005272 
0.036230 -0.010479 
0.040351 -0.015367 
0.043323 -0.019872 
0.045591 -0.024281 
0.046741 -0.027157 
0.047316 -0.029521 
0.046901 -0.031406 
0.045144 -0.032748 
0.042939 -0.033482 
0.039585 -0.033291 
0.036262 -0.033131 
0.032173 -0.032236 
0.027188 -0.030351 
0.021597 -0.028658 
0.015687 -0.026997 
0.009585 -0.025176 
0.003738 -0.023291 
-0.002077 -0.020511 
-0.007796 -0.018243 
-0.012780 -0.015942 
-0.017732 -0.012556 
-0.021342 -0.009968 
-0.024760 -0.006805 
-0.028243 -0.003834 
-0.030319 -0.000799 
-0.032396 0.002684 
-0.034153 0.005751 
-0.034121 0.009425 
-0.033962 0.011438 
-0.033546 0.012939 
-0.032492 0.014089 
-0.030671 0.015176 
-0.028466 0.015080 
-0.026901 0.013227 
-0.024345 0.012748 
-0.022364 0.010607 
-0.019233 0.008019 
-0.016422 0.005527 
-0.013898 0.003450 
-0.009681 0.002204 
-0.007444 0.000192 
-0.004856 -0.000799 
-0.001693 -0.001757 
0.001693 -0.001565 
0.004153 -0.000895 
0.006070 -0.000639 
0.008179 0.000032 
0.010160 0.000639 
0.011885 0.001757 
0.012492 0.002300 
0.013610 0.003642 
0.013738 0.004601 
0.013994 0.004441 
0.013706 0.005751 
0.012812 0.006486 
0.011182 0.006518 
0.009201 0.007348 
0.007764 0.008658 
0.005016 0.010192 
0.002907 0.011565 
0.000735 0.013930 
-0.000799 0.015048 
-0.002396 0.015815 
-0.003482 0.017827 
-0.004121 0.019297 
-0.004313 0.020064 
-0.003163 0.020032 
-0.002716 0.020160 
-0.000927 0.019425 
0.000767 0.017987 
0.002620 0.015623 
0.004377 0.013227 
0.006358 0.010160 
0.008339 0.006294 
0.008914 0.003610 
0.010543 -0.001022 
0.011661 -0.004473 
0.012045 -0.008051 
0.012300 -0.012045 
0.012556 -0.014281 
0.013003 -0.017955 
0.014089 -0.021118 
0.014856 -0.023738 
0.015304 -0.025942 
0.016006 -0.027444 
0.015687 -0.029201 
0.016262 -0.030831 
0.015942 -0.032173 
0.014633 -0.032684 
0.013866 -0.032684 
0.012141 -0.033195 
0.009776 -0.032141 
0.007125 -0.030288 
0.003674 -0.028530 
0.000096 -0.025751 
-0.003930 -0.023802 
-0.008051 -0.020607 
-0.011725 -0.016326 
-0.015974 -0.011789 
-0.019169 -0.006869 
-0.022907 -0.001502 
-0.026134 0.004313 
-0.027700 0.010160 
-0.030671 0.016518 
-0.032204 0.021597 
-0.032716 0.027252 
-0.032875 0.032204 
-0.032780 0.036709 
-0.032971 0.040990 
-0.031310 0.044026 
-0.030032 0.046198 
-0.028946 0.046997 
-0.026454 0.048019 
-0.024026 0.047220 
-0.020863 0.045783 
-0.017188 0.043291 
-0.013578 0.040479 
-0.009042 0.036613 
-0.005208 0.032332 
-0.000415 0.028115 
0.004920 0.022524 
0.009105 0.018786 
0.015208 0.012492 
0.019712 0.006422 
0.024569 0.001853 
0.030607 -0.003610 
0.035208 -0.008626 
0.039393 -0.013323 
0.041725 -0.016933 
0.045144 -0.021438 
0.046741 -0.024537 
0.046677 -0.027796 
0.046741 -0.029968 
0.044728 -0.031214 
0.042204 -0.032875 
0.038339 -0.032875 
0.034505 -0.033003 
0.029585 -0.031949 
0.023898 -0.030703 
0.017891 -0.029489 
0.012173 -0.027827 
0.007348 -0.025623 
0.000863 -0.023642 
-0.003834 -0.021885 
-0.008307 -0.018882 
-0.013355 -0.016038 
-0.017987 -0.013067 
-0.022396 -0.010607 
-0.025240 -0.007859 
-0.027923 -0.004473 
-0.030479 -0.001502 
-0.032652 0.001949 
-0.034153 0.005495 
-0.035112 0.008243 
-0.035431 0.010096 
-0.035463 0.011406 
-0.034696 0.012875 
-0.032907 0.013642 
-0.030767 0.012843 
-0.027859 0.011310 
-0.025048 0.009457 
-0.021885 0.007700 
-0.018466 0.005783 
-0.015527 0.003738 
-0.012939 0.001629 
-0.009489 -0.000351 
-0.006326 -0.001470 
-0.004185 -0.002173 
-0.001054 -0.002652 
0.001629 -0.002716 
0.004026 -0.002492 
0.006294 -0.001917 
0.008530 -0.001022 
0.011022 -0.000096 
0.012492 0.000958 
0.013674 0.001597 
0.014888 0.002332 
0.016070 0.003610 
0.015879 0.004633 
0.015016 0.005016 
0.014249 0.005974 
0.012939 0.007540 
0.011565 0.007732 
0.008530 0.009265 
0.004888 0.011565 
0.002364 0.012013 
0.000383 0.013866 
-0.001374 0.016454 
-0.002875 0.017827 
-0.003099 0.019169 
-0.002875 0.020224 
-0.002780 0.020799 
-0.002492 0.021150 
-0.001086 0.020256 
0.001214 0.018914 
0.002620 0.017316 
0.004441 0.014824 
0.006070 0.012492 
0.007093 0.009329 
0.008626 0.005623 
0.009265 0.002492 
0.009297 -0.001278 
0.010128 -0.004473 
0.011342 -0.007923 
0.011885 -0.012045 
0.011981 -0.015176 
0.012780 -0.018179 
0.014313 -0.021182 
0.015080 -0.023834 
0.016358 -0.025495 
0.017796 -0.027380 
0.017604 -0.028882 
0.018179 -0.030032 
0.017955 -0.031693 
0.016709 -0.032141 
0.015847 -0.032716 
0.013834 -0.032907 
0.011118 -0.032939 
0.006901 -0.031789 
0.002748 -0.029617 
-0.000927 -0.028051 
-0.005016 -0.024792 
-0.008818 -0.021565 
-0.013067 -0.017891 
-0.017284 -0.012716 
-0.020767 -0.007636 
-0.023227 -0.001789 
-0.025783 0.003834 
-0.027955 0.009361 
-0.029968 0.016230 
-0.031054 0.022364 
-0.031278 0.027157 
-0.032556 0.031981 
-0.032236 0.036166 
-0.032460 0.039649 
-0.032396 0.042077 
-0.031054 0.044441 
-0.029393 0.045911 
-0.027284 0.045687 
-0.025495 0.045399 
-0.021661 0.043962 
-0.018562 0.041885 
-0.014473 0.039617 
-0.009553 0.035719 
-0.005399 0.031470 
-0.000160 0.027540 
0.004728 0.022556 
0.010288 0.017668 
0.015879 0.012556 
0.021693 0.006326 
0.027029 0.000735 
0.032236 -0.004792 
0.037380 -0.009425 
0.041246 -0.013067 
0.044441 -0.017923 
0.046326 -0.021661 
0.047668 -0.024696 
0.048051 -0.027732 
0.047125 -0.029393 
0.045495 -0.031246 
0.043514 -0.031821 
0.039872 -0.032173 
0.035751 -0.032492 
0.031502 -0.031917 
0.026070 -0.031661 
0.021150 -0.030543 
0.015623 -0.029042 
0.010415 -0.027125 
0.005240 -0.025399 
-0.000511 -0.023035 
-0.006326 -0.020767 
-0.011534 -0.018339 
-0.015687 -0.013994 
-0.020256 -0.010351 
-0.023546 -0.006390 
-0.026518 -0.002268 
-0.029872 0.001118 
-0.031885 0.004185 
-0.033291 0.007157 
-0.034409 0.009265 
-0.034760 0.010351 
-0.034409 0.011534 
-0.033674 0.011629 
-0.032780 0.011246 
-0.030990 0.010160 
-0.028371 0.008786 
-0.025879 0.007508 
-0.023610 0.005495 
-0.020958 0.003642 
-0.017316 0.002971 
-0.014249 0.001278 
-0.011214 0.000064 
-0.008051 0.000511 
-0.005399 -0.000319 
-0.002428 -0.000703 
0.000383 -0.000703 
0.003419 -0.000479 
0.006262 -0.000064 
0.008850 0.000224 
0.010671 0.000160 
0.012396 0.000128 
0.013546 0.000958 
0.014026 0.001022 
0.014569 0.001597 
0.014089 0.002364 
0.013355 0.003802 
0.012236 0.004856 
0.010447 0.005911 
0.007444 0.008466 
0.005623 0.010415 
0.003834 0.011853 
0.001470 0.013706 
0.000575 0.015911 
-0.001310 0.017252 
-0.002141 0.018818 
-0.002045 0.019010 
-0.002045 0.019042 
-0.002141 0.020032 
-0.001182 0.019169 
0.000479 0.018403 
0.001118 0.017859 
0.002524 0.015847 
0.003802 0.013770 
0.005112 0.011693 
0.005431 0.007923 
0.006581 0.005208 
0.007987 0.002428 
0.008051 -0.001629 
0.009681 -0.005080 
0.010767 -0.008786 
0.011821 -0.011534 
0.012716 -0.015080 
0.014217 -0.018626 
0.015911 -0.020990 
0.016613 -0.023738 
0.017796 -0.026326 
0.018307 -0.027827 
0.019553 -0.028946 
0.018786 -0.031118 
0.017380 -0.032268 
0.017188 -0.032812 
0.015367 -0.033514 
0.013131 -0.033419 
0.010096 -0.032780 
0.006965 -0.032013 
0.002907 -0.030671 
-0.001214 -0.028435 
-0.004505 -0.025847 
-0.008403 -0.022524 
-0.012364 -0.017987 
-0.016709 -0.013035 
-0.020128 -0.008147 
-0.022939 -0.002077 
-0.026102 0.003706 
-0.028307 0.008914 
-0.030064 0.014824 
-0.032013 0.020415 
-0.033099 0.025879 
-0.033163 0.030767 
-0.032907 0.034313 
-0.032971 0.038371 
-0.032556 0.041246 
-0.031342 0.043067 
-0.030000 0.045016 
-0.027987 0.045240 
-0.026134 0.044856 
-0.023259 0.043195 
-0.019840 0.041597 
-0.016550 0.039585 
-0.012843 0.035879 
-0.009010 0.032364 
-0.003003 0.028019 
0.002620 0.023003 
0.007732 0.017764 
0.013578 0.013259 
0.019137 0.007668 
0.024728 0.002556 
0.029776 -0.002236 
0.034792 -0.008275 
0.038722 -0.011821 
0.041693 -0.016038 
0.044089 -0.020096 
0.045495 -0.022396 
0.045879 -0.024345 
0.045016 -0.026070 
0.043067 -0.027859 
0.040958 -0.029297 
0.038466 -0.030160 
0.034601 -0.029840 
0.030064 -0.030575 
0.025272 -0.030767 
0.020735 -0.029968 
0.015144 -0.029169 
0.009393 -0.027891 
0.004984 -0.026134 
-0.000128 -0.022971 
-0.005272 -0.019808 
-0.010479 -0.016741 
-0.015367 -0.012460 
-0.019872 -0.008211 
-0.024281 -0.004728 
-0.027157 -0.000607 
-0.029521 0.003163 
-0.031406 0.006422 
-0.032748 0.009169 
-0.033482 0.010799 
-0.033291 0.012300 
-0.033131 0.012780 
-0.032236 0.012588 
-0.030351 0.011725 
-0.028658 0.009744 
-0.026997 0.007859 
-0.025176 0.006518 
-0.023291 0.004473 
-0.020511 0.003419 
-0.018243 0.002875 
-0.015942 0.000895 
-0.012556 0.000447 
-0.009968 0.000224 
-0.006805 0.000032 
-0.003834 0.000319 
-0.000799 0.000160 
0.002684 0.000511 
0.005751 0.001054 
0.009425 0.001629 
0.011438 0.001246 
0.012939 0.001150 
0.014089 0.001246 
0.015176 0.001661 
0.015080 0.002204 
0.013227 0.001597 
0.012748 0.003195 
0.010607 0.004984 
0.008019 0.005495 
0.005527 0.007700 
0.003450 0.010351 
0.002204 0.012045 
0.000192 0.014377 
-0.000799 0.016837 
-0.001757 0.017732 
-0.001565 0.019393 
-0.000895 0.020703 
-0.000639 0.021150 
0.000032 0.021981 
0.000639 0.021629 
0.001757 0.020990 
0.002300 0.018850 
0.003642 0.016198 
0.004601 0.014249 
0.004441 0.010735 
0.005751 0.007157 
0.006486 0.004665 
0.006518 0.001182 
0.007348 -0.002716 
0.008658 -0.005687 
0.010192 -0.009744 
0.011565 -0.012843 
0.013930 -0.015176 
0.015048 -0.018211 
0.015815 -0.020575 
0.017827 -0.023355 
0.019297 -0.025911 
0.020064 -0.027764 
0.020032 -0.029968 
0.020160 -0.032268 
0.019425 -0.033355 
0.017987 -0.034537 
0.015623 -0.035399 
0.013227 -0.035080 
0.010160 -0.035240 
0.006294 -0.034633 
0.003610 -0.033291 
-0.001022 -0.031661 
-0.004473 -0.028818 
-0.008051 -0.024888 
-0.012045 -0.020863 
-0.014281 -0.016134 
-0.017955 -0.010288 
-0.021118 -0.004952 
-0.023738 0.000895 
-0.025942 0.006901 
-0.027444 0.012428 
-0.029201 0.018626 
-0.030831 0.023802 
-0.032173 0.028275 
-0.032684 0.032907 
-0.032684 0.036805 
-0.033195 0.040256 
-0.032141 0.042109 
-0.030288 0.043674 
-0.028530 0.044824 
-0.025751 0.044920 
-0.023802 0.043770 
-0.020607 0.041118 
-0.016326 0.039393 
-0.011789 0.035783 
-0.006869 0.031470 
-0.001502 0.027476 
0.004313 0.022684 
0.010160 0.018019 
0.016518 0.012428 
0.021597 0.007284 
0.027252 0.001821 
0.032204 -0.002588 
0.036709 -0.006198 
0.040990 -0.010479 
0.044026 -0.014569 
0.046198 -0.017987 
0.046997 -0.020192 
0.048019 -0.022652 
0.047220 -0.024888 
0.045783 -0.027604 
0.043291 -0.029105 
0.040479 -0.029744 
0.036613 -0.030735 
0.032332 -0.030639 
0.028115 -0.031086 
0.022524 -0.030671 
0.018786 -0.029521 
0.012492 -0.028019 
0.006422 -0.025974 
0.001853 -0.022684 
-0.003610 -0.019201 
-0.008626 -0.016038 
-0.013323 -0.011022 
-0.016933 -0.007061 
-0.021438 -0.003259 
-0.024537 0.000575 
-0.027796 0.002684 
-0.029968 0.005751 
-0.031214 0.008307 
-0.032875 0.009105 
-0.032875 0.010000 
-0.033003 0.009808 
-0.031949 0.009489 
-0.030703 0.009617 
-0.029489 0.007732 
-0.027827 0.006390 
-0.025623 0.005272 
-0.023642 0.003898 
-0.021885 0.003834 
-0.018882 0.002332 
-0.016038 0.001022 
-0.013067 0.000863 
-0.010607 -0.000128 
-0.007859 -0.000415 
-0.004473 -0.000639 
-0.001502 -0.001374 
0.001949 -0.001853 
0.005495 -0.002524 
0.008243 -0.002236 
0.010096 -0.002268 
0.011406 -0.002077 
0.012875 -0.001374 
0.013642 -0.000479 
0.012843 0.000863 
0.011310 0.001757 
0.009457 0.003770 
0.007700 0.004984 
0.005783 0.006869 
0.003738 0.009042 
0.001629 0.010639 
-0.000351 0.013738 
-0.001470 0.014696 
-0.002173 0.016645 
-0.002652 0.018626 
-0.002716 0.019744 
-0.002492 0.021502 
-0.001917 0.021374 
-0.001022 0.021981 
-0.000096 0.021214 
0.000958 0.019681 
0.001597 0.018850 
0.002332 0.016741 
0.003610 0.014473 
0.004633 0.011629 
0.005016 0.008466 
0.005974 0.005495 
0.007540 0.002236 
0.007732 -0.001086 
0.009265 -0.004217 
0.011565 -0.007827 
0.012013 -0.010863 
0.013866 -0.013450 
0.016454 -0.016102 
0.017827 -0.018754 
0.019169 -0.022045 
0.020224 -0.024633 
0.020799 -0.027188 
0.021150 -0.029201 
0.020256 -0.031853 
0.018914 -0.033930 
0.017316 -0.034601 
0.014824 -0.036262 
0.012492 -0.036006 
0.009329 -0.036102 
0.005623 -0.035687 
0.002492 -0.033035 
-0.001278 -0.031278 
-0.004473 -0.027923 
-0.007923 -0.023706 
-0.012045 -0.019553 
-0.015176 -0.014409 
-0.018179 -0.008626 
-0.021182 -0.002684 
-0.023834 0.003546 
-0.025495 0.009712 
-0.027380 0.014537 
-0.028882 0.019936 
-0.030032 0.025176 
-0.031693 0.029681 
-0.032141 0.034089 
-0.032716 0.037668 
-0.032907 0.040990 
-0.032939 0.043195 
-0.031789 0.044920 
-0.029617 0.045463 
-0.028051 0.045048 
-0.024792 0.044952 
-0.021565 0.043227 
-0.017891 0.040224 
-0.012716 0.037125 
-0.007636 0.033706 
-0.001789 0.028754 
0.003834 0.023866 
0.009361 0.019681 
0.016230 0.014792 
0.022364 0.009744 
0.027157 0.003546 
0.031981 -0.001502 
0.036166 -0.005080 
0.039649 -0.009137 
0.042077 -0.012971 
0.044441 -0.016869 
0.045911 -0.019968 
0.045687 -0.021853 
0.045399 -0.024185 
0.043962 -0.026965 
0.041885 -0.029105 
0.039617 -0.030064 
0.035719 -0.031086 
0.031470 -0.032556 
0.027540 -0.032460 
0.022556 -0.032492 
0.017668 -0.031725 
0.012556 -0.028914 
0.006326 -0.026166 
0.000735 -0.023067 
-0.004792 -0.019681 
-0.009425 -0.015272 
-0.013067 -0.010607 
-0.017923 -0.006486 
-0.021661 -0.003035 
-0.024696 0.000607 
-0.027732 0.004026 
-0.029393 0.005719 
-0.031246 0.007284 
-0.031821 0.008530 
-0.032173 0.009073 
-0.032492 0.008850 
-0.031917 0.008754 
-0.031661 0.007859 
-0.030543 0.006326 
-0.029042 0.005399 
-0.027125 0.004696 
-0.025399 0.004217 
-0.023035 0.003323 
-0.020767 0.003610 
-0.018339 0.003227 
-0.013994 0.002748 
-0.010351 0.002971 
-0.006390 0.001661 
-0.002268 0.001342 
0.001118 0.001502 
0.004185 0.000863 
0.007157 -0.000096 
0.009265 -0.000799 
0.010351 -0.001022 
0.011534 -0.001214 
0.011629 -0.000958 
0.011246 -0.000511 
0.010160 0.000096 
0.008786 0.001278 
0.007508 0.002812 
0.005495 0.005144 
0.003642 0.007157 
0.002971 0.008754 
0.001278 0.011693 
0.000064 0.013802 
0.000511 0.015879 
-0.000319 0.017923 
-0.000703 0.019553 
-0.000703 0.021022 
-0.000479 0.021757 
-0.000064 0.022173 
0.000224 0.021246 
0.000160 0.020895 
0.000128 0.019712 
0.000958 0.017923 
0.001022 0.016198 
0.001597 0.013642 
0.002364 0.011789 
0.003802 0.008626 
0.004856 0.006230 
0.005911 0.003323 
0.008466 -0.000160 
0.010415 -0.002556 
0.011853 -0.006390 
0.013706 -0.009105 
0.015911 -0.011502 
0.017252 -0.014505 
0.018818 -0.017444 
0.019010 -0.020767 
0.019042 -0.023482 
0.020032 -0.026518 
0.019169 -0.029265 
0.018403 -0.031374 
0.017859 -0.034185 
0.015847 -0.035591 
0.013770 -0.036550 
0.011693 -0.037732 
0.007923 -0.037157 
0.005208 -0.036166 
0.002428 -0.034665 
-0.001629 -0.032300 
-0.005080 -0.028690 
-0.008786 -0.024888 
-0.011534 -0.021278 
-0.015080 -0.015974 
-0.018626 -0.010511 
-0.020990 -0.005112 
-0.023738 0.000128 
-0.026326 0.005527 
-0.027827 0.011597 
-0.028946 0.017412 
-0.031118 0.022204 
-0.032268 0.026581 
-0.032812 0.031693 
-0.033514 0.035399 
-0.033419 0.038690 
-0.032780 0.042236 
-0.032013 0.043674 
-0.030671 0.044409 
-0.028435 0.044281 
-0.025847 0.042907 
-0.022524 0.041438 
-0.017987 0.039042 
-0.013035 0.035559 
-0.008147 0.031182 
-0.002077 0.027252 
0.003706 0.022939 
0.008914 0.017732 
0.014824 0.013195 
0.020415 0.008243 
0.025879 0.003195 
0.030767 -0.001118 
0.034313 -0.004601 
0.038371 -0.008818 
0.041246 -0.012843 
0.043067 -0.016166 
0.045016 -0.020224 
0.045240 -0.023291 
0.044856 -0.026454 
0.043195 -0.028562 
0.041597 -0.031022 
0.039585 -0.033099 
0.035879 -0.033802 
0.032364 -0.034888 
0.028019 -0.034153 
0.023003 -0.033610 
0.017764 -0.031917 
0.013259 -0.029649 
0.007668 -0.026518 
0.002556 -0.022780 
-0.002236 -0.019010 
-0.008275 -0.013610 
-0.011821 -0.010447 
-0.016038 -0.006645 
-0.020096 -0.002652 
-0.022396 -0.000479 
-0.024345 0.002396 
-0.026070 0.004984 
-0.027859 0.006550 
-0.029297 0.007412 
-0.030160 0.007732 
-0.029840 0.008211 
-0.030575 0.008051 
-0.030767 0.006965 
-0.029968 0.006709 
-0.029169 0.006006 
-0.027891 0.005272 
-0.026134 0.004249 
-0.022971 0.004058 
-0.019808 0.003994 
-0.016741 0.002620 
-0.012460 0.002652 
-0.008211 0.001917 
-0.004728 0.001470 
-0.000607 0.001086 
0.003163 0.000415 
0.006422 0.000288 
0.009169 -0.000288 
0.010799 -0.000351 
0.012300 -0.000639 
0.012780 -0.001054 
0.012588 -0.001118 
0.011725 -0.000511 
0.009744 0.000447 
0.007859 0.001885 
0.006518 0.003003 
0.004473 0.004633 
0.003419 0.006901 
0.002875 0.008818 
0.000895 0.011182 
0.000447 0.013674 
0.000224 0.016166 
0.000032 0.017987 
0.000319 0.020064 
0.000160 0.021406 
0.000511 0.021981 
0.001054 0.022300 
0.001629 0.022268 
0.001246 0.021278 
0.001150 0.019329 
0.001246 0.018371 
0.001661 0.015974 
0.002204 0.014217 
0.001597 0.012141 
0.003195 0.008626 
0.004984 0.006198 
0.005495 0.003387 
0.007700 0.000927 
0.010351 -0.002492 
0.012045 -0.005272 
0.014377 -0.007508 
0.016837 -0.011150 
0.017732 -0.013802 
0.019393 -0.016198 
0.020703 -0.019968 
0.021150 -0.023642 
0.021981 -0.025911 
0.021629 -0.029265 
0.020990 -0.032396 
0.018850 -0.034185 
0.016198 -0.036422 
0.014249 -0.037604 
0.010735 -0.037636 
0.007157 -0.037188 
0.004665 -0.036070 
0.001182 -0.034345 
-0.002716 -0.032236 
-0.005687 -0.029010 
-0.009744 -0.024888 
-0.012843 -0.020703 
-0.015176 -0.015623 
-0.018211 -0.010383 
-0.020575 -0.005208 
-0.023355 0.000096 
-0.025911 0.005751 
-0.027764 0.011438 
-0.029968 0.016486 
-0.032268 0.021981 
-0.033355 0.027604 
-0.034537 0.032204 
-0.035399 0.035655 
-0.035080 0.039073 
-0.035240 0.041757 
-0.034633 0.043195 
-0.033291 0.044249 
-0.031661 0.043834 
-0.028818 0.042620 
-0.024888 0.041118 
-0.020863 0.038083 
-0.016134 0.034441 
-0.010288 0.030703 
-0.004952 0.026645 
0.000895 0.022396 
0.006901 0.017636 
0.012428 0.013227 
0.018626 0.009137 
0.023802 0.004984 
0.028275 0.001086 
0.032907 -0.002875 
0.036805 -0.006550 
0.040256 -0.010383 
0.042109 -0.015112 
0.043674 -0.018530 
0.044824 -0.021310 
0.044920 -0.025527 
0.043770 -0.028626 
0.041118 -0.031534 
0.039393 -0.033738 
0.035783 -0.034185 
0.031470 -0.035272 
0.027476 -0.034760 
0.022684 -0.032620 
0.018019 -0.030767 
0.012428 -0.028083 
0.007284 -0.024089 
0.001821 -0.020192 
-0.002588 -0.016134 
-0.006198 -0.011725 
-0.010479 -0.007955 
-0.014569 -0.004824 
-0.017987 -0.001757 
-0.020192 0.000927 
-0.022652 0.002843 
-0.024888 0.004888 
-0.027604 0.005431 
-0.029105 0.005942 
-0.029744 0.006166 
-0.030735 0.006550 
-0.030639 0.007604 
-0.031086 0.006518 
-0.030671 0.006134 
-0.029521 0.006166 
-0.028019 0.006326 
-0.025974 0.006102 
-0.022684 0.005144 
-0.019201 0.004473 
-0.016038 0.003738 
-0.011022 0.002907 
-0.007061 0.001693 
-0.003259 0.001054 
0.000575 0.000000 
0.002684 -0.000607 
0.005751 -0.001661 
0.008307 -0.002141 
0.009105 -0.001661 
0.010000 -0.002460 
0.009808 -0.002045 
0.009489 -0.001054 
0.009617 0.000479 
0.007732 0.002045 
0.006390 0.003067 
0.005272 0.004792 
0.003898 0.007157 
0.003834 0.009712 
0.002332 0.011949 
0.001022 0.014473 
0.000863 0.016102 
-0.000128 0.017604 
-0.000415 0.020319 
-0.000639 0.021438 
-0.001374 0.021629 
-0.001853 0.022748 
-0.002524 0.022620 
-0.002236 0.022013 
-0.002268 0.020799 
-0.002077 0.019425 
-0.001374 0.018339 
-0.000479 0.016166 
0.000863 0.014505 
0.001757 0.011981 
0.003770 0.009649 
0.004984 0.008179 
0.006869 0.004792 
0.009042 0.002300 
0.010639 -0.000160 
0.013738 -0.003514 
0.014696 -0.006230 
0.016645 -0.009585 
0.018626 -0.012843 
0.019744 -0.016422 
0.021502 -0.020096 
0.021374 -0.023514 
0.021981 -0.026933 
0.021214 -0.030383 
0.019681 -0.033482 
0.018850 -0.035399 
0.016741 -0.037348 
0.014473 -0.038019 
0.011629 -0.038914 
0.008466 -0.038243 
0.005495 -0.036070 
0.002236 -0.034792 
-0.001086 -0.032173 
-0.004217 -0.029585 
-0.007827 -0.025463 
-0.010863 -0.021981 
-0.013450 -0.017955 
-0.016102 -0.012173 
-0.018754 -0.007157 
-0.022045 -0.001022 
-0.024633 0.004760 
-0.027188 0.010479 
-0.029201 0.015783 
-0.031853 0.021182 
-0.033930 0.027061 
-0.034601 0.031693 
-0.036262 0.035144 
-0.036006 0.038562 
-0.036102 0.041054 
-0.035687 0.042364 
-0.033035 0.043291 
-0.031278 0.042396 
-0.027923 0.041502 
-0.023706 0.039425 
-0.019553 0.037316 
-0.014409 0.034824 
-0.008626 0.030863 
-0.002684 0.027764 
0.003546 0.023035 
0.009712 0.018946 
0.014537 0.015591 
0.019936 0.011470 
0.025176 0.006805 
0.029681 0.002268 
0.034089 -0.001629 
0.037668 -0.006230 
0.040990 -0.010032 
0.043195 -0.014473 
0.044920 -0.019297 
0.045463 -0.022780 
0.045048 -0.026358 
0.044952 -0.029840 
0.043227 -0.031565 
0.040224 -0.032748 
0.037125 -0.034249 
0.033706 -0.034505 
0.028754 -0.033642 
0.023866 -0.031693 
0.019681 -0.029872 
0.014792 -0.027188 
0.009744 -0.023323 
0.003546 -0.020160 
-0.001502 -0.015847 
-0.005080 -0.011949 
-0.009137 -0.008914 
-0.012971 -0.005176 
-0.016869 -0.002716 
-0.019968 -0.000447 
-0.021853 0.001534 
-0.024185 0.002907 
-0.026965 0.004824 
-0.029105 0.005879 
-0.030064 0.005719 
-0.031086 0.005559 
-0.032556 0.005911 
-0.032460 0.005911 
-0.032492 0.005559 
-0.031725 0.005879 
-0.028914 0.005080 
-0.026166 0.004281 
-0.023067 0.004537 
-0.019681 0.003387 
-0.015272 0.002492 
-0.010607 0.001438 
-0.006486 0.000671 
-0.003035 0.000224 
0.000607 -0.002013 
0.004026 -0.002524 
0.005719 -0.002780 
0.007284 -0.003802 
0.008530 -0.004058 
0.009073 -0.004569 
0.008850 -0.004313 
0.008754 -0.003514 
0.007859 -0.002173 
0.006326 -0.000096 
0.005399 0.001789 
0.004696 0.004185 
0.004217 0.006997 
0.003323 0.008850 
0.003610 0.011182 
0.003227 0.013802 
0.002748 0.015719 
0.002971 0.018115 
0.001661 0.020192 
0.001342 0.021406 
0.001502 0.021789 
0.000863 0.021949 
-0.000096 0.022141 
-0.000799 0.021342 
-0.001022 0.020192 
-0.001214 0.019169 
-0.000958 0.017732 
-0.000511 0.016358 
0.000096 0.014760 
0.001278 0.012843 
0.002812 0.011406 
0.005144 0.009297 
0.007157 0.007252 
0.008754 0.004984 
0.011693 0.002141 
0.013802 -0.000543 
0.015879 -0.004058 
0.017923 -0.007380 
0.019553 -0.011054 
0.021022 -0.014569 
0.021757 -0.017987 
0.022173 -0.022396 
0.021246 -0.025911 
0.020895 -0.028754 
0.019712 -0.031374 
0.017923 -0.033578 
0.016198 -0.034792 
0.013642 -0.035176 
0.011789 -0.035495 
0.008626 -0.035527 
0.006230 -0.034026 
0.003323 -0.031981 
-0.000160 -0.030639 
-0.002556 -0.027732 
-0.006390 -0.024121 
-0.009105 -0.019744 
-0.011502 -0.015272 
-0.014505 -0.010671 
-0.017444 -0.004888 
-0.020767 0.000415 
-0.023482 0.006454 
-0.026518 0.012364 
-0.029265 0.017604 
-0.031374 0.022684 
-0.034185 0.027955 
-0.035591 0.032460 
-0.036550 0.036358 
-0.037732 0.039361 
-0.037157 0.040703 
-0.036166 0.042460 
-0.034665 0.042492 
-0.032300 0.041917 
-0.028690 0.040671 
-0.024888 0.038946 
-0.021278 0.036901 
-0.015974 0.033802 
-0.010511 0.030863 
-0.005112 0.027540 
0.000128 0.024377 
0.005527 0.020511 
0.011597 0.017125 
0.017412 0.013291 
0.022204 0.009585 
0.026581 0.005304 
0.031693 -0.000256 
0.035399 -0.005176 
0.038690 -0.010192 
0.042236 -0.014601 
0.043674 -0.019744 
0.044409 -0.023866 
0.044281 -0.028051 
0.042907 -0.031757 
0.041438 -0.034026 
0.039042 -0.035559 
0.035559 -0.035623 
0.031182 -0.035367 
0.027252 -0.033482 
0.022939 -0.031885 
0.017732 -0.029010 
0.013195 -0.026102 
0.008243 -0.023163 
0.003195 -0.019425 
-0.001118 -0.016677 
-0.004601 -0.013003 
-0.008818 -0.009936 
-0.012843 -0.007380 
-0.016166 -0.005240 
-0.020224 -0.002907 
-0.023291 -0.000799 
-0.026454 0.000639 
-0.028562 0.001981 
-0.031022 0.002748 
-0.033099 0.003578 
-0.033802 0.003962 
-0.034888 0.004665 
-0.034153 0.004569 
-0.033610 0.003866 
-0.031917 0.004537 
-0.029649 0.004249 
-0.026518 0.003227 
-0.022780 0.003195 
-0.019010 0.002268 
-0.013610 0.001406 
-0.010447 0.000767 
-0.006645 -0.000863 
-0.002652 -0.002364 
-0.000479 -0.003035 
0.002396 -0.003546 
0.004984 -0.004665 
0.006550 -0.005112 
0.007412 -0.005335 
0.007732 -0.005176 
0.008211 -0.004696 
0.008051 -0.003770 
0.006965 -0.002524 
0.006709 -0.000863 
0.006006 0.001661 
0.005272 0.003994 
0.004249 0.006262 
0.004058 0.008754 
0.003994 0.012141 
0.002620 0.014856 
0.002652 0.017157 
0.001917 0.019233 
0.001470 0.020447 
0.001086 0.021054 
0.000415 0.021821 
0.000288 0.022875 
-0.000288 0.022652 
-0.000351 0.022620 
-0.000639 0.021565 
-0.001054 0.020639 
-0.001118 0.020224 
-0.000511 0.019329 
0.000447 0.017284 
0.001885 0.014760 
0.003003 0.013514 
0.004633 0.011757 
0.006901 0.009808 
0.008818 0.006518 
0.011182 0.003450 
0.013674 -0.000032 
0.016166 -0.003962 
0.017987 -0.006709 
0.020064 -0.010575 
0.021406 -0.014696 
0.021981 -0.018658 
0.022300 -0.021597 
0.022268 -0.024537 
0.021278 -0.027732 
0.019329 -0.030671 
0.018371 -0.032556 
0.015974 -0.033834 
0.014217 -0.035304 
0.012141 -0.035527 
0.008626 -0.035591 
0.006198 -0.035208 
0.003387 -0.034473 
0.000927 -0.032332 
-0.002492 -0.029649 
-0.005272 -0.025911 
-0.007508 -0.020511 
-0.011150 -0.016645 
-0.013802 -0.011597 
-0.016198 -0.005463 
-0.019968 0.000128 
-0.023642 0.006326 
-0.025911 0.012268 
-0.029265 0.018051 
-0.032396 0.023578 
-0.034185 0.028722 
-0.036422 0.032939 
-0.037604 0.036358 
-0.037636 0.039265 
-0.037188 0.040447 
-0.036070 0.041246 
-0.034345 0.041502 
-0.032236 0.040863 
-0.029010 0.039712 
-0.024888 0.038051 
-0.020703 0.036581 
-0.015623 0.033930 
-0.010383 0.031438 
-0.005208 0.028818 
0.000096 0.025559 
0.005751 0.022780 
0.011438 0.019265 
0.016486 0.014888 
0.021981 0.010128 
0.027604 0.005783 
0.032204 0.000383 
0.035655 -0.004665 
0.039073 -0.009361 
0.041757 -0.014952 
0.043195 -0.019553 
0.044249 -0.023706 
0.043834 -0.027348 
0.042620 -0.030256 
0.041118 -0.031885 
0.038083 -0.033067 
0.034441 -0.034089 
0.030703 -0.032971 
0.026645 -0.032013 
0.022396 -0.030415 
0.017636 -0.026997 
0.013227 -0.024185 
0.009137 -0.021438 
0.004984 -0.018243 
0.001086 -0.014920 
-0.002875 -0.011629 
-0.006550 -0.008754 
-0.010383 -0.006262 
-0.015112 -0.004026 
-0.018530 -0.001789 
-0.021310 -0.000160 
-0.025527 0.001310 
-0.028626 0.002300 
-0.031534 0.002684 
-0.033738 0.003930 
-0.034185 0.004728 
-0.035272 0.004952 
-0.034760 0.005655 
-0.032620 0.005815 
-0.030767 0.005879 
-0.028083 0.005208 
-0.024089 0.004089 
-0.020192 0.003834 
-0.016134 0.003003 
-0.011725 0.001757 
-0.007955 0.000256 
-0.004824 -0.001150 
-0.001757 -0.001949 
0.000927 -0.003067 
0.002843 -0.003930 
0.004888 -0.004760 
0.005431 -0.005559 
0.005942 -0.005495 
0.006166 -0.004984 
0.006550 -0.004058 
0.007604 -0.002716 
0.006518 -0.001502 
0.006134 0.000160 
0.006166 0.002300 
0.006326 0.004728 
0.006102 0.007188 
0.005144 0.009457 
0.004473 0.012045 
0.003738 0.014313 
0.002907 0.016134 
0.001693 0.017636 
0.001054 0.018882 
0.000000 0.019329 
-0.000607 0.020192 
-0.001661 0.020607 
-0.002141 0.019521 
-0.001661 0.019776 
-0.002460 0.019776 
-0.002045 0.019137 
-0.001054 0.018562 
0.000479 0.017700 
0.002045 0.016486 
0.003067 0.014665 
0.004792 0.013610 
0.007157 0.011022 
0.009712 0.008371 
0.011949 0.006134 
0.014473 0.002236 
0.016102 -0.001278 
0.017604 -0.004377 
0.020319 -0.008307 
0.021438 -0.013131 
0.021629 -0.016581 
0.022748 -0.019585 
0.022620 -0.023003 
0.022013 -0.026134 
0.020799 -0.029169 
0.019425 -0.031214 
0.018339 -0.033514 
0.016166 -0.034984 
0.014505 -0.036422 
0.011981 -0.037188 
0.009649 -0.036677 
0.008179 -0.036709 
0.004792 -0.035080 
0.002300 -0.032907 
-0.000160 -0.029904 
-0.003514 -0.026773 
-0.006230 -0.022875 
-0.009585 -0.017412 
-0.012843 -0.012332 
-0.016422 -0.005687 
-0.020096 0.000479 
-0.023514 0.006422 
-0.026933 0.012939 
-0.030383 0.018371 
-0.033482 0.024121 
-0.035399 0.029425 
-0.037348 0.032460 
-0.038019 0.035783 
-0.038914 0.038882 
-0.038243 0.039649 
-0.036070 0.040607 
-0.034792 0.040863 
-0.032173 0.040575 
-0.029585 0.040415 
-0.025463 0.039233 
-0.021981 0.037572 
-0.017955 0.036326 
-0.012173 0.034792 
-0.007157 0.031757 
-0.001022 0.028914 
0.004760 0.025623 
0.010479 0.021597 
0.015783 0.017284 
0.021182 0.012204 
0.027061 0.006134 
0.031693 0.000511 
0.035144 -0.004409 
0.038562 -0.010192 
0.041054 -0.015399 
0.042364 -0.020511 
0.043291 -0.024441 
0.042396 -0.026965 
0.041502 -0.029904 
0.039425 -0.031949 
0.037316 -0.032907 
0.034824 -0.033163 
0.030863 -0.031821 
