0.015790 0.020074 
0.018279 0.021176 
0.019707 0.022563 
0.019095 0.025378 
0.020074 0.027010 
0.021053 0.028847 
0.022237 0.030683 
0.022359 0.031458 
0.022237 0.033294 
0.021788 0.035987 
0.020727 0.036476 
0.021176 0.036762 
0.020197 0.038108 
0.019136 0.038884 
0.018973 0.039047 
0.019217 0.039414 
0.019136 0.039332 
0.018565 0.038027 
0.019136 0.037700 
0.020197 0.036844 
0.021217 0.035783 
0.022237 0.034028 
0.024726 0.032967 
0.026276 0.032233 
0.029214 0.029703 
0.031213 0.027827 
0.031988 0.025256 
0.035171 0.023542 
0.035946 0.021502 
0.037374 0.019095 
0.038027 0.016361 
0.038843 0.013138 
0.040475 0.011016 
0.040516 0.007263 
0.040475 0.004774 
0.040026 0.001918 
0.039945 -0.001795 
0.038312 -0.004488 
0.037986 -0.006895 
0.035824 -0.008568 
0.033865 -0.011384 
0.033784 -0.013342 
0.030805 -0.014933 
0.028643 -0.017626 
0.026113 -0.019748 
0.024195 -0.021706 
0.022604 -0.023420 
0.020360 -0.024358 
0.017463 -0.024807 
0.014525 -0.025338 
0.012689 -0.026154 
0.008854 -0.026562 
0.004978 -0.026929 
0.002326 -0.028031 
-0.000571 -0.028806 
-0.003427 -0.029785 
-0.006243 -0.030642 
-0.010200 -0.030356 
-0.012485 -0.030846 
-0.014036 -0.031743 
-0.017218 -0.032519 
-0.019421 -0.033498 
-0.021462 -0.033784 
-0.023665 -0.034681 
-0.025256 -0.035497 
-0.026072 -0.035252 
-0.027092 -0.035742 
-0.027582 -0.035783 
-0.028398 -0.035456 
-0.029703 -0.034885 
-0.029989 -0.033865 
-0.031213 -0.033131 
-0.031662 -0.031172 
-0.031621 -0.029255 
-0.031825 -0.027663 
-0.032151 -0.025990 
-0.032927 -0.024154 
-0.033253 -0.022074 
-0.033539 -0.021013 
-0.033988 -0.018850 
-0.034926 -0.017585 
-0.035089 -0.016239 
-0.035824 -0.014566 
-0.036599 -0.014566 
-0.036517 -0.012893 
-0.036925 -0.012322 
-0.036354 -0.011465 
-0.036395 -0.010772 
-0.036028 -0.011384 
-0.035660 -0.010200 
-0.036028 -0.009384 
-0.034110 -0.009180 
-0.032029 -0.009792 
-0.030846 -0.010282 
-0.029418 -0.010323 
-0.027663 -0.010404 
-0.025501 -0.009833 
-0.022686 -0.009956 
-0.020564 -0.009792 
-0.018891 -0.009466 
-0.016321 -0.009507 
-0.014403 -0.009017 
-0.012771 -0.008283 
-0.011914 -0.006855 
-0.011220 -0.005467 
-0.009507 -0.003795 
-0.009670 -0.001224 
-0.009507 0.001183 
-0.008283 0.003631 
-0.008283 0.005263 
-0.008446 0.007385 
-0.009384 0.009915 
-0.008772 0.011506 
-0.007915 0.013097 
-0.008935 0.014729 
-0.008283 0.016076 
-0.008038 0.016280 
-0.008160 0.016729 
-0.006487 0.016361 
-0.005631 0.016157 
-0.005753 0.016729 
-0.005100 0.016157 
-0.004162 0.015953 
-0.002978 0.015790 
-0.001469 0.015545 
-0.000653 0.015382 
0.001142 0.015545 
0.002734 0.016157 
0.004080 0.016402 
0.006120 0.016443 
0.008283 0.016933 
0.010935 0.017871 
0.012648 0.018891 
0.014403 0.019993 
0.015872 0.021298 
0.017626 0.022482 
0.019666 0.024236 
0.020972 0.025950 
0.021298 0.026643 
0.021625 0.029295 
0.022890 0.030723 
0.022237 0.031417 
0.021706 0.033947 
0.021094 0.035375 
0.020033 0.036517 
0.019340 0.037170 
0.018279 0.038231 
0.018687 0.038802 
0.017585 0.038843 
0.017381 0.038680 
0.018116 0.037700 
0.018197 0.037741 
0.019707 0.036966 
0.020768 0.035824 
0.022604 0.034640 
0.024481 0.032886 
0.025746 0.031621 
0.028602 0.030356 
0.031254 0.028765 
0.032315 0.026684 
0.034600 0.024318 
0.037333 0.021788 
0.038516 0.018687 
0.040067 0.016117 
0.040720 0.013872 
0.040393 0.011180 
0.040557 0.008731 
0.040842 0.005753 
0.040965 0.002734 
0.040393 0.000326 
0.039414 -0.002570 
0.038557 -0.005059 
0.037945 -0.007303 
0.036884 -0.010119 
0.035660 -0.013016 
0.033620 -0.014852 
0.031662 -0.016647 
0.030927 -0.019095 
0.028357 -0.020156 
0.025174 -0.021706 
0.023420 -0.023257 
0.020645 -0.024154 
0.017830 -0.025052 
0.015137 -0.025378 
0.011669 -0.026643 
0.009303 -0.026766 
0.005998 -0.026806 
0.002244 -0.027663 
-0.000204 -0.027745 
-0.003509 -0.028969 
-0.005590 -0.030071 
-0.008201 -0.030315 
-0.012077 -0.031539 
-0.013750 -0.032967 
-0.015586 -0.032927 
-0.017993 -0.033865 
-0.019299 -0.035334 
-0.021094 -0.035375 
-0.022359 -0.035824 
-0.023665 -0.036191 
-0.024726 -0.035293 
-0.025093 -0.035008 
-0.026888 -0.034926 
-0.027704 -0.033784 
-0.028479 -0.032396 
-0.029499 -0.030723 
-0.029785 -0.029581 
-0.030560 -0.028153 
-0.030968 -0.026439 
-0.031703 -0.024726 
-0.031825 -0.023298 
-0.032559 -0.021502 
-0.033171 -0.019707 
-0.032274 -0.017830 
-0.033212 -0.015790 
-0.034518 -0.016076 
-0.034559 -0.013383 
-0.035212 -0.012240 
-0.035864 -0.012485 
-0.035864 -0.009874 
-0.036191 -0.010078 
-0.035538 -0.010160 
-0.034885 -0.009466 
-0.034518 -0.008935 
-0.033335 -0.009180 
-0.032600 -0.009548 
-0.030519 -0.009425 
-0.028071 -0.010037 
-0.026602 -0.011098 
-0.024440 -0.010976 
-0.021910 -0.009874 
-0.019993 -0.009833 
-0.018605 -0.009588 
-0.016239 -0.009507 
-0.014403 -0.008935 
-0.013709 -0.008119 
-0.012648 -0.006691 
-0.011588 -0.004815 
-0.010812 -0.002652 
-0.010037 -0.000367 
-0.009629 0.001306 
-0.009180 0.003835 
-0.008976 0.005957 
-0.009344 0.007589 
-0.009099 0.009221 
-0.008854 0.012036 
-0.009058 0.013587 
-0.008976 0.014240 
-0.008691 0.015994 
-0.008405 0.016933 
-0.008405 0.017953 
-0.008609 0.017912 
-0.008119 0.017626 
-0.007344 0.017708 
-0.006691 0.017259 
-0.005631 0.016239 
-0.005427 0.015545 
-0.004611 0.015464 
-0.002162 0.014688 
-0.000530 0.014444 
0.001142 0.014403 
0.003387 0.014648 
0.005712 0.015096 
0.007507 0.015341 
0.008772 0.015872 
0.010853 0.016892 
0.012975 0.019258 
0.014770 0.021135 
0.017137 0.022359 
0.018116 0.023787 
0.018687 0.025664 
0.019829 0.028275 
0.019789 0.029459 
0.020319 0.030846 
0.020197 0.032315 
0.019707 0.034559 
0.019625 0.036640 
0.018034 0.036558 
0.016769 0.037741 
0.016402 0.038720 
0.016729 0.039251 
0.016280 0.039700 
0.015790 0.040393 
0.016484 0.040557 
0.017341 0.039781 
0.019054 0.039904 
0.020115 0.039455 
0.021176 0.038639 
0.022890 0.037211 
0.024277 0.036068 
0.026684 0.034844 
0.028806 0.032559 
0.029867 0.030030 
0.031539 0.028439 
0.033212 0.025868 
0.034232 0.023175 
0.035701 0.021053 
0.037374 0.017585 
0.037864 0.014852 
0.038639 0.011506 
0.039700 0.009058 
0.039618 0.005916 
0.040516 0.002856 
0.040312 0.000898 
0.039210 -0.002326 
0.038965 -0.004611 
0.037741 -0.007956 
0.037129 -0.009874 
0.035660 -0.011751 
0.033131 -0.014811 
0.031172 -0.016076 
0.029499 -0.017259 
0.026398 -0.018850 
0.023869 -0.020115 
0.022645 -0.021298 
0.019177 -0.022155 
0.016402 -0.022318 
0.013709 -0.023094 
0.011057 -0.023706 
0.008160 -0.024277 
0.004651 -0.025174 
0.002815 -0.026317 
0.000041 -0.027418 
-0.002570 -0.028071 
-0.005304 -0.028847 
-0.007548 -0.030723 
-0.010282 -0.032029 
-0.013342 -0.032355 
-0.015178 -0.034028 
-0.017585 -0.034640 
-0.019503 -0.034926 
-0.021380 -0.034681 
-0.022441 -0.035048 
-0.023787 -0.036395 
-0.024726 -0.035416 
-0.025623 -0.035252 
-0.027418 -0.035171 
-0.027500 -0.034192 
-0.027623 -0.033457 
-0.028316 -0.031539 
-0.028806 -0.030275 
-0.028969 -0.029989 
-0.028969 -0.028112 
-0.029418 -0.025990 
-0.030479 -0.023869 
-0.030968 -0.021870 
-0.031784 -0.019829 
-0.032804 -0.018197 
-0.033049 -0.016769 
-0.034355 -0.015913 
-0.034804 -0.015178 
-0.035497 -0.012648 
-0.035946 -0.011588 
-0.036028 -0.011139 
-0.036721 -0.011057 
-0.035538 -0.011057 
-0.035008 -0.010812 
-0.033906 -0.010608 
-0.032070 -0.010568 
-0.031254 -0.010853 
-0.028479 -0.010200 
-0.026235 -0.011588 
-0.024970 -0.011180 
-0.021870 -0.011302 
-0.020033 -0.012689 
-0.018524 -0.011996 
-0.016361 -0.012200 
-0.015015 -0.011139 
-0.013301 -0.010119 
-0.012812 -0.009344 
-0.012200 -0.008119 
-0.011180 -0.006732 
-0.010527 -0.003672 
-0.010404 -0.001387 
-0.011261 0.000612 
-0.010527 0.003019 
-0.010486 0.004855 
-0.010527 0.007671 
-0.009303 0.009833 
-0.009956 0.011139 
-0.009956 0.012852 
-0.009507 0.014321 
-0.009996 0.015015 
-0.009507 0.014811 
-0.008895 0.014852 
-0.008772 0.014525 
-0.008731 0.015301 
-0.008405 0.015178 
-0.006936 0.014444 
-0.005875 0.013709 
-0.005263 0.012404 
-0.004080 0.013056 
-0.002203 0.013179 
0.000000 0.013301 
0.000898 0.013424 
0.003264 0.014158 
0.005631 0.014688 
0.007099 0.015668 
0.010078 0.017259 
0.011996 0.017381 
0.013342 0.019911 
0.014892 0.021502 
0.017055 0.022074 
0.018279 0.023461 
0.017871 0.024807 
0.018320 0.026806 
0.018891 0.028643 
0.018442 0.030234 
0.017749 0.031907 
0.017137 0.033620 
0.016484 0.034763 
0.016321 0.035987 
0.015137 0.037456 
0.015056 0.038190 
0.015341 0.038149 
0.014729 0.039496 
0.015668 0.040067 
0.015831 0.039700 
0.016729 0.039863 
0.018361 0.038884 
0.020074 0.038353 
0.021176 0.037741 
0.022563 0.036028 
0.025378 0.034355 
0.027010 0.033498 
0.028847 0.032029 
0.030683 0.029336 
0.031458 0.026970 
0.033294 0.024522 
0.035987 0.021666 
0.036476 0.019340 
0.036762 0.017830 
0.038108 0.014729 
0.038884 0.011588 
0.039047 0.009629 
0.039414 0.006447 
0.039332 0.003876 
0.038027 0.001714 
0.037700 -0.001550 
0.036844 -0.003917 
0.035783 -0.006161 
0.034028 -0.008283 
0.032967 -0.010241 
0.032233 -0.012118 
0.029703 -0.013587 
0.027827 -0.015872 
0.025256 -0.018116 
0.023542 -0.019095 
0.021502 -0.018809 
0.019095 -0.019789 
0.016361 -0.021013 
0.013138 -0.021543 
0.011016 -0.022155 
0.007263 -0.022604 
0.004774 -0.024358 
0.001918 -0.025705 
-0.001795 -0.026888 
-0.004488 -0.028194 
-0.006895 -0.028643 
-0.008568 -0.029907 
-0.011384 -0.031662 
-0.013342 -0.032559 
-0.014933 -0.033049 
-0.017626 -0.033824 
-0.019748 -0.034967 
-0.021706 -0.035742 
-0.023420 -0.035620 
-0.024358 -0.035334 
-0.024807 -0.034518 
-0.025338 -0.034028 
-0.026154 -0.032967 
-0.026562 -0.031947 
-0.026929 -0.030030 
-0.028031 -0.027949 
-0.028806 -0.026562 
-0.029785 -0.024481 
-0.030642 -0.024073 
-0.030356 -0.021666 
-0.030846 -0.019870 
-0.031743 -0.019462 
-0.032519 -0.017259 
-0.033498 -0.016769 
-0.033784 -0.015831 
-0.034681 -0.015137 
-0.035497 -0.014444 
-0.035252 -0.013383 
-0.035742 -0.012730 
-0.035783 -0.012036 
-0.035456 -0.011996 
-0.034885 -0.011261 
-0.033865 -0.011302 
-0.033131 -0.010772 
-0.031172 -0.010404 
-0.029255 -0.011914 
-0.027663 -0.011628 
-0.025990 -0.011302 
-0.024154 -0.011588 
-0.022074 -0.011832 
-0.021013 -0.011955 
-0.018850 -0.011424 
-0.017585 -0.011343 
-0.016239 -0.010364 
-0.014566 -0.009425 
-0.014566 -0.008038 
-0.012893 -0.006773 
-0.012322 -0.005223 
-0.011465 -0.002734 
-0.010772 -0.000612 
-0.011384 0.002856 
-0.010200 0.004774 
-0.009384 0.007140 
-0.009180 0.009221 
-0.009792 0.010323 
-0.010282 0.013342 
-0.010323 0.014403 
-0.010404 0.015423 
-0.009833 0.015749 
-0.009956 0.014321 
-0.009792 0.014199 
-0.009466 0.014974 
-0.009507 0.014240 
-0.009017 0.013220 
-0.008283 0.012567 
-0.006855 0.011384 
-0.005467 0.010812 
-0.003795 0.010119 
-0.001224 0.011343 
0.001183 0.011669 
0.003631 0.011261 
0.005263 0.011792 
0.007385 0.012485 
0.009915 0.015260 
0.011506 0.016117 
0.013097 0.016647 
0.014729 0.018850 
0.016076 0.020890 
0.016280 0.022563 
0.016729 0.024114 
0.016361 0.025582 
0.016157 0.026970 
0.016729 0.029051 
0.016157 0.030356 
0.015953 0.031784 
0.015790 0.032763 
0.015545 0.033580 
0.015382 0.034763 
0.015545 0.035497 
0.016157 0.036354 
0.016402 0.036925 
0.016443 0.036762 
0.016933 0.036476 
0.017871 0.037007 
0.018891 0.037415 
0.019993 0.037007 
0.021298 0.036068 
0.022482 0.035048 
0.024236 0.034110 
0.025950 0.033416 
0.026643 0.031703 
0.029295 0.029581 
0.030723 0.028235 
0.031417 0.025215 
0.033947 0.022563 
0.035375 0.020686 
0.036517 0.017545 
0.037170 0.014974 
0.038231 0.012322 
0.038802 0.008976 
0.038843 0.006447 
0.038680 0.004162 
0.037700 0.001428 
0.037741 -0.001102 
0.036966 -0.003917 
0.035824 -0.006610 
0.034640 -0.008568 
0.032886 -0.010731 
0.031621 -0.012485 
0.030356 -0.013750 
0.028765 -0.014811 
0.026684 -0.015872 
0.024318 -0.017096 
0.021788 -0.017259 
0.018687 -0.018809 
0.016117 -0.020360 
0.013872 -0.020401 
0.011180 -0.021706 
0.008731 -0.023298 
0.005753 -0.024481 
0.002734 -0.024481 
0.000326 -0.025990 
-0.002570 -0.028235 
-0.005059 -0.029132 
-0.007303 -0.030356 
-0.010119 -0.031662 
-0.013016 -0.033212 
-0.014852 -0.033335 
-0.016647 -0.034681 
-0.019095 -0.036354 
-0.020156 -0.036068 
-0.021706 -0.036272 
-0.023257 -0.036191 
-0.024154 -0.036028 
-0.025052 -0.035456 
-0.025378 -0.034273 
-0.026643 -0.032886 
-0.026766 -0.032192 
-0.026806 -0.031131 
-0.027663 -0.029091 
-0.027745 -0.027990 
-0.028969 -0.026684 
-0.030071 -0.025623 
-0.030315 -0.023910 
-0.031539 -0.021462 
-0.032967 -0.020768 
-0.032927 -0.020033 
-0.033865 -0.018442 
-0.035334 -0.016525 
-0.035375 -0.014770 
-0.035824 -0.014280 
-0.036191 -0.013464 
-0.035293 -0.012893 
-0.035008 -0.012159 
-0.034926 -0.012404 
-0.033784 -0.013097 
-0.032396 -0.012118 
-0.030723 -0.012771 
-0.029581 -0.012404 
-0.028153 -0.011996 
-0.026439 -0.013791 
-0.024726 -0.014199 
-0.023298 -0.014076 
-0.021502 -0.013750 
-0.019707 -0.013505 
-0.017830 -0.012975 
-0.015790 -0.011873 
-0.016076 -0.010731 
-0.013383 -0.009058 
-0.012240 -0.007589 
-0.012485 -0.005875 
-0.009874 -0.003835 
-0.010078 -0.001346 
-0.010160 0.000449 
-0.009466 0.001510 
-0.008935 0.004447 
-0.009180 0.007140 
-0.009548 0.008364 
-0.009425 0.009507 
-0.010037 0.011098 
-0.011098 0.011955 
-0.010976 0.012893 
-0.009874 0.013709 
-0.009833 0.013179 
-0.009588 0.013505 
-0.009507 0.013138 
-0.008935 0.013505 
-0.008119 0.013016 
-0.006691 0.011139 
-0.004815 0.011506 
-0.002652 0.011424 
-0.000367 0.011628 
0.001306 0.011506 
0.003835 0.011588 
0.005957 0.013097 
0.007589 0.013546 
0.009221 0.013587 
0.012036 0.015056 
0.013587 0.016361 
0.014240 0.017749 
0.015994 0.019381 
0.016933 0.020401 
0.017953 0.022278 
0.017912 0.023338 
0.017626 0.025378 
0.017708 0.027541 
0.017259 0.029173 
0.016239 0.030519 
0.015545 0.031458 
0.015464 0.033620 
0.014688 0.034600 
0.014444 0.035456 
0.014403 0.036395 
0.014648 0.037333 
0.015096 0.037333 
0.015341 0.037292 
0.015872 0.036925 
0.016892 0.036803 
0.019258 0.037292 
0.021135 0.035946 
0.022359 0.035416 
0.023787 0.034232 
0.025664 0.033416 
0.028275 0.031988 
0.029459 0.030275 
0.030846 0.028561 
0.032315 0.026358 
0.034559 0.025093 
0.036640 0.022237 
0.036558 0.020523 
0.037741 0.018238 
0.038720 0.015301 
0.039251 0.012608 
0.039700 0.009425 
0.040393 0.006732 
0.040557 0.003550 
0.039781 0.001183 
0.039904 -0.001754 
0.039455 -0.004611 
0.038639 -0.007426 
0.037211 -0.010241 
0.036068 -0.011343 
0.034844 -0.012404 
0.032559 -0.014607 
0.030030 -0.015994 
0.028439 -0.016443 
0.025868 -0.017626 
0.023175 -0.018238 
0.021053 -0.019136 
0.017585 -0.019993 
0.014852 -0.020809 
0.011506 -0.021951 
0.009058 -0.022726 
0.005916 -0.023991 
0.002856 -0.024807 
0.000898 -0.026439 
-0.002326 -0.027786 
-0.004611 -0.028887 
-0.007956 -0.030275 
-0.009874 -0.032070 
-0.011751 -0.034355 
-0.014811 -0.034396 
-0.016076 -0.035008 
-0.017259 -0.035293 
-0.018850 -0.035334 
-0.020115 -0.035579 
-0.021298 -0.033947 
-0.022155 -0.033906 
-0.022318 -0.032886 
-0.023094 -0.032111 
-0.023706 -0.030723 
-0.024277 -0.028316 
-0.025174 -0.028153 
-0.026317 -0.027133 
-0.027418 -0.025623 
-0.028071 -0.023828 
-0.028847 -0.022971 
-0.030723 -0.021543 
-0.032029 -0.019625 
-0.032355 -0.018483 
-0.034028 -0.016933 
-0.034640 -0.016525 
-0.034926 -0.015015 
-0.034681 -0.013546 
-0.035048 -0.013056 
-0.036395 -0.012404 
-0.035416 -0.012363 
-0.035252 -0.011384 
-0.035171 -0.010812 
-0.034192 -0.011873 
-0.033457 -0.011996 
-0.031539 -0.011873 
-0.030275 -0.012567 
-0.029989 -0.013342 
-0.028112 -0.013138 
-0.025990 -0.013464 
-0.023869 -0.013913 
-0.021870 -0.013872 
-0.019829 -0.013138 
-0.018197 -0.010772 
-0.016769 -0.010241 
-0.015913 -0.008935 
-0.015178 -0.007630 
-0.012648 -0.005590 
-0.011588 -0.002530 
-0.011139 -0.000938 
-0.011057 0.002530 
-0.011057 0.003713 
-0.010812 0.006039 
-0.010608 0.008650 
-0.010568 0.010200 
-0.010853 0.012363 
-0.010200 0.012812 
-0.011588 0.014280 
-0.011180 0.013954 
-0.011302 0.015137 
-0.012689 0.015913 
-0.011996 0.014403 
-0.012200 0.014607 
-0.011139 0.013628 
-0.010119 0.013260 
-0.009344 0.013668 
-0.008119 0.013056 
-0.006732 0.012404 
-0.003672 0.012322 
-0.001387 0.012526 
0.000612 0.012444 
0.003019 0.013016 
0.004855 0.013791 
0.007671 0.014362 
0.009833 0.015749 
0.011139 0.017177 
0.012852 0.018483 
0.014321 0.019503 
0.015015 0.021380 
0.014811 0.022890 
0.014852 0.023950 
0.014525 0.026113 
0.015301 0.026970 
0.015178 0.028969 
0.014444 0.030887 
0.013709 0.031907 
0.012404 0.033131 
0.013056 0.034069 
0.013179 0.036028 
0.013301 0.036966 
0.013424 0.037823 
0.014158 0.037782 
0.014688 0.037864 
0.015668 0.038720 
0.017259 0.038149 
0.017381 0.038394 
0.019911 0.038108 
0.021502 0.037537 
0.022074 0.036803 
0.023461 0.035864 
0.024807 0.034763 
0.026806 0.032763 
0.028643 0.031621 
0.030234 0.029867 
0.031907 0.027745 
0.033620 0.025134 
0.034763 0.022359 
0.035987 0.019462 
0.037456 0.016239 
0.038190 0.013750 
0.038149 0.009629 
0.039496 0.007793 
0.040067 0.005875 
0.039700 0.001918 
0.039863 0.000204 
0.038884 -0.002856 
0.038353 -0.005304 
0.037741 -0.007059 
0.036028 -0.009711 
0.034355 -0.010935 
0.033498 -0.012159 
0.032029 -0.013301 
0.029336 -0.014280 
0.026970 -0.015913 
0.024522 -0.017218 
0.021666 -0.017953 
0.019340 -0.018728 
0.017830 -0.020360 
0.014729 -0.021910 
0.011588 -0.022604 
0.009629 -0.024848 
0.006447 -0.025990 
0.003876 -0.027337 
0.001714 -0.028806 
-0.001550 -0.029377 
-0.003917 -0.032111 
-0.006161 -0.033375 
-0.008283 -0.034192 
-0.010241 -0.035334 
-0.012118 -0.036068 
-0.013587 -0.036109 
-0.015872 -0.035905 
-0.018116 -0.036599 
-0.019095 -0.037374 
-0.018809 -0.036762 
-0.019789 -0.035212 
-0.021013 -0.034722 
-0.021543 -0.033784 
-0.022155 -0.033416 
-0.022604 -0.031621 
-0.024358 -0.029907 
-0.025705 -0.028806 
-0.026888 -0.026602 
-0.028194 -0.025174 
-0.028643 -0.022767 
-0.029907 -0.021462 
-0.031662 -0.020115 
-0.032559 -0.018605 
-0.033049 -0.017912 
-0.033824 -0.016402 
-0.034967 -0.014362 
-0.035742 -0.013383 
-0.035620 -0.013505 
-0.035334 -0.013179 
-0.034518 -0.013383 
-0.034028 -0.012934 
-0.032967 -0.012934 
-0.031947 -0.013505 
-0.030030 -0.013505 
-0.027949 -0.013546 
-0.026562 -0.014933 
-0.024481 -0.015423 
-0.024073 -0.014444 
-0.021666 -0.014444 
-0.019870 -0.014770 
-0.019462 -0.014117 
-0.017259 -0.011384 
-0.016769 -0.010404 
-0.015831 -0.009548 
-0.015137 -0.008038 
-0.014444 -0.006610 
-0.013383 -0.003305 
-0.012730 -0.001183 
-0.012036 0.001224 
-0.011996 0.003468 
-0.011261 0.004692 
-0.011302 0.007059 
-0.010772 0.008446 
-0.010404 0.009384 
-0.011914 0.011384 
-0.011628 0.011996 
-0.011302 0.013056 
-0.011588 0.013709 
-0.011832 0.012893 
-0.011955 0.013260 
-0.011424 0.013301 
-0.011343 0.012404 
-0.010364 0.012363 
-0.009425 0.013260 
-0.008038 0.012567 
-0.006773 0.012608 
-0.005223 0.012812 
-0.002734 0.013301 
-0.000612 0.014117 
0.002856 0.013097 
0.004774 0.014117 
0.007140 0.014770 
0.009221 0.015137 
0.010323 0.016729 
0.013342 0.018401 
0.014403 0.019421 
0.015423 0.020686 
0.015749 0.022278 
0.014321 0.023542 
0.014199 0.026766 
0.014974 0.028194 
0.014240 0.029459 
0.013220 0.031825 
0.012567 0.032682 
0.011384 0.033416 
0.010812 0.035048 
0.010119 0.036558 
0.011343 0.036436 
0.011669 0.037252 
0.011261 0.037904 
0.011792 0.039169 
0.012485 0.040312 
0.015260 0.039210 
0.016117 0.039332 
0.016647 0.038924 
0.018850 0.038190 
0.020890 0.037741 
0.022563 0.037537 
0.024114 0.037292 
0.025582 0.034885 
0.026970 0.034028 
0.029051 0.033008 
0.030356 0.029907 
0.031784 0.027786 
0.032763 0.024726 
0.033580 0.022318 
0.034763 0.019625 
0.035497 0.016361 
0.036354 0.013505 
0.036925 0.009833 
0.036762 0.007303 
0.036476 0.003917 
0.037007 0.001020 
0.037415 -0.000938 
0.037007 -0.003101 
0.036068 -0.004937 
0.035048 -0.006936 
0.034110 -0.008691 
0.033416 -0.010486 
0.031703 -0.011343 
0.029581 -0.012689 
0.028235 -0.013791 
0.025215 -0.014688 
0.022563 -0.015872 
0.020686 -0.017096 
0.017545 -0.018361 
0.014974 -0.019177 
0.012322 -0.021094 
0.008976 -0.022441 
0.006447 -0.024154 
0.004162 -0.026031 
0.001428 -0.028071 
-0.001102 -0.029622 
-0.003917 -0.030642 
-0.006610 -0.032559 
-0.008568 -0.033212 
-0.010731 -0.034763 
-0.012485 -0.035905 
-0.013750 -0.036191 
-0.014811 -0.036762 
-0.015872 -0.037129 
-0.017096 -0.037700 
-0.017259 -0.037211 
-0.018809 -0.036109 
-0.020360 -0.035660 
-0.020401 -0.035048 
-0.021706 -0.033947 
-0.023298 -0.033498 
-0.024481 -0.031947 
-0.024481 -0.030479 
-0.025990 -0.029459 
-0.028235 -0.027786 
-0.029132 -0.026031 
-0.030356 -0.024032 
-0.031662 -0.023094 
-0.033212 -0.021053 
-0.033335 -0.019258 
-0.034681 -0.019054 
-0.036354 -0.018320 
-0.036068 -0.016933 
-0.036272 -0.015872 
-0.036191 -0.015464 
-0.036028 -0.015260 
-0.035456 -0.015137 
-0.034273 -0.015056 
-0.032886 -0.015056 
-0.032192 -0.015627 
-0.031131 -0.016606 
-0.029091 -0.016769 
-0.027990 -0.016892 
-0.026684 -0.016647 
-0.025623 -0.016810 
-0.023910 -0.016810 
-0.021462 -0.015464 
-0.020768 -0.014852 
-0.020033 -0.013995 
-0.018442 -0.011628 
-0.016525 -0.009956 
-0.014770 -0.009139 
-0.014280 -0.006202 
-0.013464 -0.003387 
-0.012893 -0.001102 
-0.012159 0.001877 
-0.012404 0.003958 
-0.013097 0.005059 
-0.012118 0.006651 
-0.012771 0.009017 
-0.012404 0.009752 
-0.011996 0.011220 
-0.013791 0.011057 
-0.014199 0.010731 
-0.014076 0.012077 
-0.013750 0.011384 
-0.013505 0.010976 
-0.012975 0.010772 
-0.011873 0.010853 
-0.010731 0.010812 
-0.009058 0.010404 
-0.007589 0.009792 
-0.005875 0.010731 
-0.003835 0.011669 
-0.001346 0.010731 
0.000449 0.011628 
0.001510 0.012281 
0.004447 0.013220 
0.007140 0.014688 
0.008364 0.015668 
0.009507 0.016810 
0.011098 0.018238 
0.011955 0.019421 
0.012893 0.021053 
0.013709 0.023624 
0.013179 0.024481 
0.013505 0.025909 
0.013138 0.027990 
0.013505 0.028887 
0.013016 0.030968 
0.011139 0.032559 
0.011506 0.033294 
0.011424 0.034885 
0.011628 0.036068 
0.011506 0.037496 
0.011588 0.038027 
0.013097 0.038761 
0.013546 0.039577 
0.013587 0.039496 
0.015056 0.040353 
0.016361 0.040108 
0.017749 0.040679 
0.019381 0.040393 
0.020401 0.039169 
0.022278 0.038598 
0.023338 0.036884 
0.025378 0.035701 
0.027541 0.033580 
0.029173 0.032355 
0.030519 0.030683 
0.031458 0.026725 
0.033620 0.023910 
0.034600 0.022033 
0.035456 0.019340 
0.036395 0.016280 
0.037333 0.013220 
0.037333 0.009996 
0.037292 0.007385 
0.036925 0.004815 
0.036803 0.002652 
0.037292 0.000163 
0.035946 -0.001836 
0.035416 -0.003346 
0.034232 -0.005998 
0.033416 -0.007671 
0.031988 -0.008976 
0.030275 -0.010649 
0.028561 -0.011873 
0.026358 -0.012771 
0.025093 -0.013995 
0.022237 -0.015056 
0.020523 -0.016117 
0.018238 -0.017626 
0.015301 -0.019340 
0.012608 -0.020931 
0.009425 -0.021543 
0.006732 -0.023379 
0.003550 -0.026194 
0.001183 -0.026766 
-0.001754 -0.028398 
-0.004611 -0.029622 
-0.007426 -0.030723 
-0.010241 -0.033212 
-0.011343 -0.033212 
-0.012404 -0.034151 
-0.014607 -0.034232 
-0.015994 -0.034681 
-0.016443 -0.036272 
-0.017626 -0.035579 
-0.018238 -0.035293 
-0.019136 -0.034763 
-0.019993 -0.034681 
-0.020809 -0.034069 
-0.021951 -0.032559 
-0.022726 -0.031499 
-0.023991 -0.030397 
-0.024807 -0.029459 
-0.026439 -0.028439 
-0.027786 -0.025501 
-0.028887 -0.023624 
-0.030275 -0.022971 
-0.032070 -0.020401 
-0.034355 -0.019258 
-0.034396 -0.017871 
-0.035008 -0.017504 
-0.035293 -0.016647 
-0.035334 -0.015219 
-0.035579 -0.015423 
-0.033947 -0.014974 
-0.033906 -0.016157 
-0.032886 -0.015913 
-0.032111 -0.015913 
-0.030723 -0.017259 
-0.028316 -0.018157 
-0.028153 -0.019095 
-0.027133 -0.018973 
-0.025623 -0.018605 
-0.023828 -0.018401 
-0.022971 -0.018442 
-0.021543 -0.017259 
-0.019625 -0.015953 
-0.018483 -0.014362 
-0.016933 -0.012689 
-0.016525 -0.011384 
-0.015015 -0.008650 
-0.013546 -0.006161 
-0.013056 -0.004121 
-0.012404 -0.002570 
-0.012363 -0.001183 
-0.011384 0.001469 
-0.010812 0.003550 
-0.011873 0.004774 
-0.011996 0.006569 
-0.011873 0.008446 
-0.012567 0.009139 
-0.013342 0.009711 
-0.013138 0.010731 
-0.013464 0.010160 
-0.013913 0.011016 
-0.013872 0.011220 
-0.013138 0.009752 
-0.010772 0.011180 
-0.010241 0.010935 
-0.008935 0.010690 
-0.007630 0.011588 
-0.005590 0.010853 
-0.002530 0.011588 
-0.000938 0.011710 
0.002530 0.011261 
0.003713 0.012648 
0.006039 0.013301 
0.008650 0.014240 
0.010200 0.015505 
0.012363 0.016280 
0.012812 0.016769 
0.014280 0.018034 
0.013954 0.020441 
0.015137 0.021013 
0.015913 0.022767 
0.014403 0.024440 
0.014607 0.024848 
0.013628 0.027255 
0.013260 0.028153 
0.013668 0.029703 
0.013056 0.032070 
0.012404 0.032437 
0.012322 0.034314 
0.012526 0.035538 
0.012444 0.035130 
0.013016 0.036558 
0.013791 0.037864 
0.014362 0.038557 
0.015749 0.038312 
0.017177 0.038598 
0.018483 0.039169 
0.019503 0.037864 
0.021380 0.038108 
0.022890 0.038027 
0.023950 0.036680 
0.026113 0.035742 
0.026970 0.033947 
0.028969 0.031743 
0.030887 0.029907 
0.031907 0.027582 
0.033131 0.025134 
0.034069 0.023542 
0.036028 0.020319 
0.036966 0.017014 
0.037823 0.015382 
0.037782 0.012404 
0.037864 0.008895 
0.038720 0.005998 
0.038149 0.003223 
0.038394 0.001510 
0.038108 -0.000326 
0.037537 -0.002326 
0.036803 -0.004407 
0.035864 -0.005671 
0.034763 -0.006243 
0.032763 -0.008119 
0.031621 -0.009629 
0.029867 -0.011057 
0.027745 -0.011832 
0.025134 -0.012608 
0.022359 -0.013791 
0.019462 -0.015709 
0.016239 -0.017585 
0.013750 -0.018891 
0.009629 -0.021298 
0.007793 -0.022074 
0.005875 -0.024154 
0.001918 -0.026684 
0.000204 -0.027704 
-0.002856 -0.029214 
-0.005304 -0.030275 
-0.007059 -0.031947 
-0.009711 -0.033171 
-0.010935 -0.033743 
-0.012159 -0.034926 
-0.013301 -0.035048 
-0.014280 -0.034232 
-0.015913 -0.035048 
-0.017218 -0.034477 
-0.017953 -0.034559 
-0.018728 -0.034722 
-0.020360 -0.033702 
-0.021910 -0.033988 
-0.022604 -0.031947 
-0.024848 -0.030642 
-0.025990 -0.029336 
-0.027337 -0.028112 
-0.028806 -0.027133 
-0.029377 -0.024399 
-0.032111 -0.023298 
-0.033375 -0.021706 
-0.034192 -0.019829 
-0.035334 -0.018891 
-0.036068 -0.017789 
-0.036109 -0.016484 
-0.035905 -0.015464 
-0.036599 -0.014444 
-0.037374 -0.014240 
-0.036762 -0.014648 
-0.035212 -0.015096 
-0.034722 -0.015545 
-0.033784 -0.016280 
-0.033416 -0.017504 
-0.031621 -0.017096 
-0.029907 -0.018034 
-0.028806 -0.018809 
-0.026602 -0.018116 
-0.025174 -0.018075 
-0.022767 -0.017259 
-0.021462 -0.016525 
-0.020115 -0.015505 
-0.018605 -0.014240 
-0.017912 -0.012363 
-0.016402 -0.010119 
-0.014362 -0.007630 
-0.013383 -0.005508 
-0.013505 -0.003754 
-0.013179 -0.000938 
-0.013383 0.000775 
-0.012934 0.002774 
-0.012934 0.004733 
-0.013505 0.006120 
-0.013505 0.007956 
-0.013546 0.008323 
-0.014933 0.009139 
-0.015423 0.010364 
-0.014444 0.010241 
-0.014444 0.010200 
-0.014770 0.009915 
-0.014117 0.009262 
-0.011384 0.009548 
-0.010404 0.009874 
-0.009548 0.009629 
-0.008038 0.009262 
-0.006610 0.009711 
-0.003305 0.011180 
-0.001183 0.010853 
0.001224 0.010812 
0.003468 0.011465 
0.004692 0.011343 
0.007059 0.012975 
0.008446 0.013954 
0.009384 0.015056 
0.011384 0.016565 
0.011996 0.017137 
0.013056 0.018279 
0.013709 0.019136 
0.012893 0.020890 
0.013260 0.023094 
0.013301 0.023583 
0.012404 0.024848 
0.012363 0.026725 
0.013260 0.028153 
0.012567 0.030152 
0.012608 0.030846 
0.012812 0.031499 
0.013301 0.033620 
0.014117 0.035252 
0.013097 0.036191 
0.014117 0.036966 
0.014770 0.037129 
0.015137 0.037537 
0.016729 0.038598 
0.018401 0.038149 
0.019421 0.037823 
0.020686 0.038353 
0.022278 0.037904 
0.023542 0.036680 
0.026766 0.035620 
0.028194 0.034192 
0.029459 0.031866 
0.031825 0.030275 
0.032682 0.028887 
0.033416 0.025868 
0.035048 0.022522 
0.036558 0.020809 
0.036436 0.018320 
0.037252 0.015545 
0.037904 0.012689 
0.039169 0.010078 
0.040312 0.008568 
0.039210 0.005753 
0.039332 0.003468 
0.038924 0.001469 
0.038190 0.000286 
0.037741 -0.001224 
0.037537 -0.003305 
0.037292 -0.004162 
0.034885 -0.005549 
0.034028 -0.006651 
0.033008 -0.009017 
0.029907 -0.010568 
0.027786 -0.011424 
0.024726 -0.013750 
0.022318 -0.014892 
0.019625 -0.016484 
0.016361 -0.018361 
0.013505 -0.019177 
0.009833 -0.021502 
0.007303 -0.023910 
0.003917 -0.025256 
0.001020 -0.026439 
-0.000938 -0.027582 
-0.003101 -0.029336 
-0.004937 -0.029948 
-0.006936 -0.031131 
-0.008691 -0.032559 
-0.010486 -0.032355 
-0.011343 -0.033131 
-0.012689 -0.034722 
-0.013791 -0.035008 
-0.014688 -0.034885 
-0.015872 -0.035252 
-0.017096 -0.033743 
-0.018361 -0.033171 
-0.019177 -0.033457 
-0.021094 -0.032437 
-0.022441 -0.031825 
-0.024154 -0.030519 
-0.026031 -0.028643 
-0.028071 -0.027133 
-0.029622 -0.025786 
-0.030642 -0.023665 
-0.032559 -0.021829 
-0.033212 -0.020319 
-0.034763 -0.019177 
-0.035905 -0.018034 
-0.036191 -0.017177 
-0.036762 -0.016851 
-0.037129 -0.016280 
-0.037700 -0.016443 
-0.037211 -0.015913 
-0.036109 -0.016402 
-0.035660 -0.016973 
-0.035048 -0.016851 
-0.033947 -0.017708 
-0.033498 -0.018361 
-0.031947 -0.018809 
-0.030479 -0.018973 
-0.029459 -0.019340 
-0.027786 -0.018565 
-0.026031 -0.017585 
-0.024032 -0.017177 
-0.023094 -0.016361 
-0.021053 -0.014158 
-0.019258 -0.012077 
-0.019054 -0.010649 
-0.018320 -0.007875 
-0.016933 -0.005835 
-0.015872 -0.003754 
-0.015464 -0.001510 
-0.015260 0.000449 
-0.015137 0.002366 
-0.015056 0.003795 
-0.015056 0.005427 
-0.015627 0.006406 
-0.016606 0.008119 
-0.016769 0.009180 
-0.016892 0.009874 
-0.016647 0.010445 
-0.016810 0.009996 
-0.016810 0.010282 
-0.015464 0.010160 
-0.014852 0.011465 
-0.013995 0.011098 
-0.011628 0.009139 
-0.009956 0.010282 
-0.009139 0.009466 
-0.006202 0.008935 
-0.003387 0.009711 
-0.001102 0.009384 
0.001877 0.010037 
0.003958 0.010486 
0.005059 0.010812 
0.006651 0.011588 
0.009017 0.013913 
0.009752 0.014770 
0.011220 0.015749 
0.011057 0.018157 
0.010731 0.018483 
0.012077 0.020768 
0.011384 0.023298 
0.010976 0.024562 
0.010772 0.025827 
0.010853 0.027704 
0.010812 0.029622 
0.010404 0.030683 
0.009792 0.032233 
0.010731 0.032559 
0.011669 0.033457 
0.010731 0.035048 
0.011628 0.036599 
0.012281 0.036966 
0.013220 0.037129 
0.014688 0.038231 
0.015668 0.037782 
0.016810 0.038394 
0.018238 0.038557 
0.019421 0.039292 
0.021053 0.039659 
0.023624 0.037456 
0.024481 0.037007 
0.025909 0.036272 
0.027990 0.034314 
0.028887 0.032233 
0.030968 0.030111 
0.032559 0.027459 
0.033294 0.024440 
0.034885 0.022196 
0.036068 0.018850 
0.037496 0.016525 
0.038027 0.014444 
0.038761 0.010935 
0.039577 0.008895 
0.039496 0.006610 
0.040353 0.004121 
0.040108 0.002285 
0.040679 0.000775 
0.040393 -0.000326 
0.039169 -0.002326 
0.038598 -0.003305 
0.036884 -0.004855 
0.035701 -0.006487 
0.033580 -0.007507 
0.032355 -0.009221 
0.030683 -0.010078 
0.026725 -0.012526 
0.023910 -0.014321 
0.022033 -0.015382 
0.019340 -0.018565 
0.016280 -0.019789 
0.013220 -0.020686 
0.009996 -0.023257 
0.007385 -0.024685 
0.004815 -0.026398 
0.002652 -0.027827 
0.000163 -0.029214 
-0.001836 -0.030846 
-0.003346 -0.031131 
-0.005998 -0.032192 
-0.007671 -0.032396 
-0.008976 -0.033131 
-0.010649 -0.034192 
-0.011873 -0.034110 
-0.012771 -0.035171 
-0.013995 -0.035620 
-0.015056 -0.035497 
-0.016117 -0.035130 
-0.017626 -0.035130 
-0.019340 -0.034477 
-0.020931 -0.033498 
-0.021543 -0.032967 
-0.023379 -0.031172 
-0.026194 -0.029663 
-0.026766 -0.028520 
-0.028398 -0.026643 
-0.029622 -0.024195 
-0.030723 -0.023175 
-0.033212 -0.021788 
-0.033212 -0.019870 
-0.034151 -0.019095 
-0.034232 -0.017789 
-0.034681 -0.017463 
-0.036272 -0.017626 
-0.035579 -0.017300 
-0.035293 -0.017953 
-0.034763 -0.018646 
-0.034681 -0.019136 
-0.034069 -0.020033 
-0.032559 -0.020197 
-0.031499 -0.020441 
-0.030397 -0.020972 
-0.029459 -0.020972 
-0.028439 -0.020482 
-0.025501 -0.019707 
-0.023624 -0.019707 
-0.022971 -0.018687 
-0.020401 -0.016157 
-0.019258 -0.014076 
-0.017871 -0.012608 
-0.017504 -0.010119 
-0.016647 -0.007385 
-0.015219 -0.005059 
-0.015423 -0.002734 
-0.014974 -0.001183 
-0.016157 -0.000122 
-0.015913 0.001265 
-0.015913 0.003672 
-0.017259 0.005631 
-0.018157 0.005957 
-0.019095 0.006855 
-0.018973 0.008160 
-0.018605 0.008242 
-0.018401 0.008650 
-0.018442 0.009507 
-0.017259 0.009548 
-0.015953 0.009344 
-0.014362 0.009752 
-0.012689 0.010037 
-0.011384 0.009466 
-0.008650 0.010160 
-0.006161 0.010200 
-0.004121 0.009588 
-0.002570 0.009752 
-0.001183 0.010160 
0.001469 0.011384 
0.003550 0.012404 
0.004774 0.013383 
0.006569 0.013872 
0.008446 0.014607 
0.009139 0.015790 
0.009711 0.016973 
0.010731 0.018279 
0.010160 0.019625 
0.011016 0.021257 
0.011220 0.022114 
0.009752 0.023461 
0.011180 0.025256 
0.010935 0.025950 
0.010690 0.027337 
0.011588 0.029867 
0.010853 0.030764 
0.011588 0.031907 
0.011710 0.034192 
0.011261 0.035293 
0.012648 0.035905 
0.013301 0.037170 
0.014240 0.038312 
0.015505 0.037904 
0.016280 0.038802 
0.016769 0.040353 
0.018034 0.039659 
0.020441 0.038884 
0.021013 0.038639 
0.022767 0.038435 
0.024440 0.036599 
0.024848 0.034763 
0.027255 0.034069 
0.028153 0.031295 
0.029703 0.029540 
0.032070 0.027541 
0.032437 0.024114 
0.034314 0.022930 
0.035538 0.019829 
0.035130 0.016280 
0.036558 0.014362 
0.037864 0.011873 
0.038557 0.009507 
0.038312 0.007385 
0.038598 0.005386 
0.039169 0.003183 
0.037864 0.001428 
0.038108 0.000204 
0.038027 -0.000571 
0.036680 -0.002244 
0.035742 -0.004121 
0.033947 -0.005753 
0.031743 -0.008201 
0.029907 -0.009507 
0.027582 -0.011384 
0.025134 -0.013383 
0.023542 -0.013913 
0.020319 -0.015790 
0.017014 -0.017789 
0.015382 -0.019054 
0.012404 -0.020890 
0.008895 -0.022686 
0.005998 -0.024562 
0.003223 -0.026154 
0.001510 -0.027745 
-0.000326 -0.029091 
-0.002326 -0.029663 
-0.004407 -0.030764 
-0.005671 -0.031866 
-0.006243 -0.033294 
-0.008119 -0.035171 
-0.009629 -0.035783 
-0.011057 -0.035987 
-0.011832 -0.036436 
-0.012608 -0.036191 
-0.013791 -0.036191 
-0.015709 -0.035660 
-0.017585 -0.034477 
-0.018891 -0.033457 
-0.021298 -0.031458 
-0.022074 -0.029826 
-0.024154 -0.028235 
-0.026684 -0.026521 
-0.027704 -0.024481 
-0.029214 -0.022726 
-0.030275 -0.021053 
-0.031947 -0.019748 
-0.033171 -0.019503 
-0.033743 -0.018646 
-0.034926 -0.018034 
-0.035048 -0.017871 
-0.034232 -0.018075 
-0.035048 -0.017749 
-0.034477 -0.018524 
-0.034559 -0.019381 
-0.034722 -0.018565 
-0.033702 -0.019462 
-0.033988 -0.020033 
-0.031947 -0.020033 
-0.030642 -0.019789 
-0.029336 -0.020074 
-0.028112 -0.020237 
-0.027133 -0.018728 
-0.024399 -0.017912 
-0.023298 -0.017014 
-0.021706 -0.015056 
-0.019829 -0.013954 
-0.018891 -0.012281 
-0.017789 -0.009629 
-0.016484 -0.008242 
-0.015464 -0.005671 
-0.014444 -0.004121 
-0.014240 -0.003060 
-0.014648 -0.000653 
-0.015096 0.000408 
-0.015545 0.001958 
-0.016280 0.004039 
-0.017504 0.004815 
-0.017096 0.006079 
-0.018034 0.007793 
-0.018809 0.008160 
-0.018116 0.008691 
-0.018075 0.009384 
-0.017259 0.010160 
-0.016525 0.009466 
-0.015505 0.008854 
-0.014240 0.009099 
-0.012363 0.008691 
-0.010119 0.008772 
-0.007630 0.008323 
-0.005508 0.009344 
-0.003754 0.009711 
-0.000938 0.009792 
0.000775 0.009588 
0.002774 0.009548 
0.004733 0.011261 
0.006120 0.011424 
0.007956 0.012771 
0.008323 0.014117 
0.009139 0.015709 
0.010364 0.017300 
0.010241 0.018687 
0.010200 0.021053 
0.009915 0.021502 
0.009262 0.022726 
0.009548 0.024889 
0.009874 0.026113 
0.009629 0.027255 
0.009262 0.028561 
0.009711 0.030438 
0.011180 0.031703 
0.010853 0.032682 
0.010812 0.033906 
0.011465 0.034396 
0.011343 0.036558 
0.012975 0.037211 
0.013954 0.037660 
0.015056 0.040230 
0.016565 0.039496 
0.017137 0.039292 
0.018279 0.039618 
0.019136 0.039414 
0.020890 0.038965 
0.023094 0.037415 
0.023583 0.036844 
0.024848 0.035048 
0.026725 0.032927 
0.028153 0.030397 
0.030152 0.027500 
0.030846 0.025460 
0.031499 0.023053 
0.033620 0.020931 
0.035252 0.018769 
0.036191 0.016321 
0.036966 0.014321 
0.037129 0.012200 
0.037537 0.009956 
0.038598 0.008405 
0.038149 0.007018 
0.037823 0.005467 
0.038353 0.004529 
0.037904 0.003672 
0.036680 0.001632 
0.035620 0.000122 
0.034192 -0.001224 
0.031866 -0.003183 
0.030275 -0.004570 
0.028887 -0.006161 
0.025868 -0.008568 
