0.007446 -0.035065 
0.005188 -0.033630 
0.003540 -0.032654 
0.000763 -0.031433 
-0.002106 -0.029175 
-0.004364 -0.028503 
-0.008362 -0.027527 
-0.011078 -0.026703 
-0.015045 -0.026215 
-0.019470 -0.025604 
-0.022797 -0.025391 
-0.026825 -0.025604 
-0.030396 -0.025543 
-0.033691 -0.025177 
-0.035706 -0.025208 
-0.038483 -0.024261 
-0.040253 -0.023376 
-0.040985 -0.023315 
-0.041656 -0.022491 
-0.040314 -0.020538 
-0.038910 -0.019897 
-0.037231 -0.018585 
-0.035858 -0.016571 
-0.033783 -0.015350 
-0.031708 -0.012817 
-0.029633 -0.011017 
-0.027649 -0.008423 
-0.026642 -0.006165 
-0.025146 -0.004547 
-0.023956 -0.001099 
-0.022736 0.001343 
-0.022736 0.003571 
-0.022186 0.005676 
-0.021332 0.007538 
-0.021057 0.009277 
-0.020782 0.011536 
-0.020752 0.013855 
-0.019562 0.015320 
-0.019226 0.017487 
-0.018372 0.019257 
-0.017670 0.021118 
-0.017365 0.022919 
-0.015900 0.024261 
-0.014587 0.025757 
-0.013611 0.026489 
-0.012512 0.026154 
-0.010101 0.025513 
-0.008026 0.024872 
-0.005432 0.023712 
-0.002808 0.022461 
0.000061 0.020416 
0.002960 0.018524 
0.004974 0.016571 
0.008179 0.014923 
0.009308 0.014252 
0.011536 0.012238 
0.014648 0.011536 
0.016022 0.011688 
0.018433 0.011719 
0.019623 0.012756 
0.020569 0.013031 
0.022247 0.013824 
0.023682 0.015442 
0.024536 0.017609 
0.024994 0.020203 
0.025085 0.022125 
0.025360 0.024567 
0.025757 0.027618 
0.025085 0.030457 
0.025024 0.033478 
0.024750 0.035858 
0.023590 0.038269 
0.021942 0.040161 
0.020630 0.040680 
0.019470 0.041718 
0.018250 0.041779 
0.017090 0.040436 
0.015503 0.039185 
0.015106 0.037262 
0.014130 0.034424 
0.013977 0.031464 
0.014282 0.028046 
0.014191 0.024689 
0.015747 0.021606 
0.017181 0.018250 
0.019958 0.015106 
0.022247 0.011444 
0.024323 0.007996 
0.027618 0.004761 
0.029724 0.001801 
0.031860 -0.001495 
0.034393 -0.005402 
0.036530 -0.008484 
0.038147 -0.011658 
0.039062 -0.014160 
0.040131 -0.015961 
0.040741 -0.017975 
0.039917 -0.019531 
0.039673 -0.019775 
0.038300 -0.020569 
0.035431 -0.020996 
0.033234 -0.019409 
0.030212 -0.018494 
0.026337 -0.017273 
0.022217 -0.015503 
0.017517 -0.013733 
0.013123 -0.011505 
0.009247 -0.009277 
0.004547 -0.006989 
-0.000061 -0.004822 
-0.003448 -0.002808 
-0.006500 -0.000153 
-0.009308 0.001892 
-0.011505 0.003723 
-0.013397 0.006592 
-0.015228 0.009216 
-0.016174 0.011292 
-0.017639 0.011810 
-0.018494 0.012390 
-0.018829 0.011658 
-0.020294 0.010223 
-0.020294 0.009094 
-0.019745 0.006439 
-0.019531 0.003510 
-0.018188 0.000092 
-0.017090 -0.002716 
-0.016052 -0.006744 
-0.013947 -0.011078 
-0.011688 -0.015137 
-0.009033 -0.019196 
-0.006226 -0.022797 
-0.003235 -0.026642 
-0.000916 -0.028778 
0.001587 -0.031433 
0.004639 -0.033691 
0.006409 -0.035248 
0.007812 -0.036163 
0.008423 -0.036896 
0.009369 -0.036896 
0.009338 -0.035950 
0.008453 -0.036682 
0.007538 -0.035522 
0.005188 -0.034424 
0.003601 -0.033661 
0.001740 -0.031769 
-0.001312 -0.030823 
-0.004822 -0.030090 
-0.007690 -0.029480 
-0.011078 -0.028839 
-0.015015 -0.027863 
-0.019226 -0.027252 
-0.023834 -0.027618 
-0.027069 -0.026917 
-0.031219 -0.026337 
-0.034760 -0.026276 
-0.036591 -0.025940 
-0.038116 -0.025665 
-0.038818 -0.025116 
-0.039368 -0.024689 
-0.039215 -0.023956 
-0.038269 -0.022980 
-0.037384 -0.021729 
-0.035980 -0.020508 
-0.034119 -0.018433 
-0.033295 -0.015808 
-0.032257 -0.013916 
-0.030243 -0.011566 
-0.029114 -0.009003 
-0.028442 -0.006744 
-0.027466 -0.004028 
-0.026611 -0.001923 
-0.025116 -0.000031 
-0.024841 0.001648 
-0.024353 0.003418 
-0.023224 0.006287 
-0.022949 0.008484 
-0.021790 0.010925 
-0.021881 0.012970 
-0.020721 0.015259 
-0.019714 0.017151 
-0.020111 0.018799 
-0.018982 0.022186 
-0.018097 0.023590 
-0.017120 0.024445 
-0.015839 0.025391 
-0.014465 0.026184 
-0.013214 0.026031 
-0.010712 0.025055 
-0.008331 0.024658 
-0.006378 0.023193 
-0.003998 0.021790 
-0.002167 0.020294 
0.000549 0.018463 
0.003632 0.016846 
0.006195 0.015564 
0.008026 0.014191 
0.010620 0.013062 
0.012695 0.012024 
0.014648 0.010895 
0.016754 0.010834 
0.018433 0.010895 
0.020874 0.011475 
0.021484 0.012054 
0.022308 0.013519 
0.022705 0.016022 
0.023560 0.018311 
0.024811 0.021179 
0.024628 0.024628 
0.025543 0.027649 
0.025452 0.030640 
0.024200 0.033966 
0.023712 0.036896 
0.023254 0.039612 
0.021973 0.041595 
0.020355 0.042969 
0.018921 0.043060 
0.017029 0.042480 
0.014984 0.042023 
0.014343 0.039825 
0.013092 0.037109 
0.011932 0.035095 
0.012573 0.032532 
0.012665 0.029083 
0.013672 0.025787 
0.014771 0.022888 
0.016449 0.020203 
0.018707 0.017059 
0.020538 0.013733 
0.023499 0.010040 
0.026306 0.006317 
0.028625 0.003235 
0.030640 -0.000244 
0.033295 -0.003174 
0.036041 -0.006348 
0.038055 -0.009644 
0.039703 -0.012360 
0.040741 -0.014832 
0.041321 -0.016602 
0.041687 -0.017853 
0.040863 -0.018768 
0.039124 -0.018951 
0.037354 -0.018738 
0.034454 -0.018890 
0.031616 -0.018097 
0.027924 -0.017090 
0.023468 -0.016724 
0.019470 -0.015076 
0.014526 -0.012726 
0.010071 -0.010406 
0.005981 -0.007904 
0.002289 -0.005829 
-0.000793 -0.003021 
-0.004211 0.000153 
-0.006775 0.002686 
-0.009521 0.005524 
-0.011505 0.007874 
-0.012421 0.009705 
-0.014709 0.011871 
-0.016418 0.013489 
-0.017609 0.013336 
-0.018402 0.012451 
-0.019135 0.011353 
-0.020233 0.009369 
-0.019714 0.007263 
-0.019196 0.004150 
-0.018890 0.000610 
-0.017822 -0.002960 
-0.015808 -0.007172 
-0.014404 -0.010712 
-0.012634 -0.014435 
-0.009460 -0.018433 
-0.007385 -0.021240 
-0.004547 -0.024567 
-0.001740 -0.028046 
0.000153 -0.030121 
0.002533 -0.031616 
0.004700 -0.033539 
0.006134 -0.035004 
0.007568 -0.034821 
0.008636 -0.035278 
0.009125 -0.035126 
0.009308 -0.035004 
0.008698 -0.034912 
0.008484 -0.033142 
0.007080 -0.032806 
0.005127 -0.032837 
0.002472 -0.031769 
-0.001282 -0.030334 
-0.004791 -0.030029 
-0.008942 -0.029053 
-0.013275 -0.027863 
-0.017731 -0.027985 
-0.021759 -0.027252 
-0.026550 -0.027313 
-0.030029 -0.026703 
-0.032837 -0.025818 
-0.035339 -0.026642 
-0.036224 -0.026703 
-0.037476 -0.025604 
-0.036743 -0.025360 
-0.036804 -0.025208 
-0.036926 -0.024323 
-0.035767 -0.022888 
-0.034546 -0.020966 
-0.033569 -0.019623 
-0.033295 -0.017456 
-0.031433 -0.015594 
-0.030212 -0.013306 
-0.028809 -0.011414 
-0.028137 -0.010101 
-0.027405 -0.006775 
-0.026245 -0.004486 
-0.026215 -0.002655 
-0.024628 -0.000244 
-0.024353 0.002441 
-0.024628 0.005585 
-0.024078 0.008118 
-0.023804 0.010773 
-0.023193 0.013580 
-0.022369 0.015808 
-0.022247 0.018066 
-0.021637 0.020508 
-0.020569 0.022491 
-0.019409 0.023773 
-0.017639 0.024567 
-0.016785 0.025146 
-0.014923 0.025787 
-0.013947 0.025482 
-0.012543 0.023834 
-0.009521 0.023804 
-0.007751 0.023315 
-0.005066 0.021759 
-0.002869 0.021027 
-0.001312 0.019592 
0.001526 0.017853 
0.004517 0.016205 
0.006134 0.014832 
0.008820 0.013580 
0.011292 0.011993 
0.012787 0.010284 
0.015472 0.009796 
0.017212 0.009796 
0.018646 0.009766 
0.019775 0.011047 
0.021667 0.012054 
0.023438 0.013611 
0.024628 0.016510 
0.025543 0.019135 
0.026062 0.022644 
0.026550 0.026672 
0.025574 0.029266 
0.025269 0.032623 
0.023529 0.036011 
0.022034 0.038483 
0.021088 0.040314 
0.018921 0.040863 
0.017303 0.042053 
0.015137 0.042419 
0.013885 0.041199 
0.012482 0.039856 
0.012482 0.038849 
0.012665 0.036316 
0.012177 0.033722 
0.013184 0.031799 
0.013916 0.028961 
0.015442 0.026215 
0.017181 0.022400 
0.018311 0.019348 
0.019836 0.015167 
0.022797 0.010895 
0.024811 0.008026 
0.026886 0.003693 
0.029999 0.000427 
0.031830 -0.002747 
0.034698 -0.005707 
0.036865 -0.008575 
0.038666 -0.011139 
0.040558 -0.013000 
0.040985 -0.015137 
0.041229 -0.016113 
0.040710 -0.017029 
0.039398 -0.017578 
0.037201 -0.018646 
0.035187 -0.019196 
0.031891 -0.018188 
0.027863 -0.018066 
0.024628 -0.016876 
0.020294 -0.015533 
0.016205 -0.014679 
0.012634 -0.012024 
0.008789 -0.009033 
0.004913 -0.006866 
0.001831 -0.004211 
-0.001434 -0.000183 
-0.004822 0.003235 
-0.006989 0.005524 
-0.009369 0.007782 
-0.011932 0.010254 
-0.014099 0.012299 
-0.016052 0.013397 
-0.018097 0.013977 
-0.019073 0.013763 
-0.019775 0.012970 
-0.020660 0.011139 
-0.020355 0.008514 
-0.019379 0.005219 
-0.017822 0.001862 
-0.016846 -0.001892 
-0.014832 -0.006073 
-0.012421 -0.009430 
-0.010773 -0.013580 
-0.008179 -0.017639 
-0.006073 -0.020966 
-0.003876 -0.023834 
-0.002136 -0.026672 
-0.000519 -0.028900 
0.002167 -0.030243 
0.003387 -0.031830 
0.004333 -0.032532 
0.006805 -0.033356 
0.008484 -0.034302 
0.009186 -0.034241 
0.009644 -0.033630 
0.009583 -0.033783 
0.009247 -0.033356 
0.007904 -0.032867 
0.005951 -0.032410 
0.003143 -0.031616 
-0.000427 -0.031158 
-0.003906 -0.029480 
-0.008484 -0.029388 
-0.013733 -0.028900 
-0.017578 -0.028442 
-0.020630 -0.028595 
-0.025024 -0.027710 
-0.029083 -0.028259 
-0.031464 -0.028168 
-0.033539 -0.028137 
-0.035706 -0.027649 
-0.036957 -0.027344 
-0.037048 -0.026917 
-0.037170 -0.025696 
-0.037598 -0.024567 
-0.036896 -0.022675 
-0.035461 -0.021667 
-0.035065 -0.019714 
-0.033630 -0.018066 
-0.032654 -0.017120 
-0.031433 -0.015350 
-0.029175 -0.013794 
-0.028503 -0.011963 
-0.027527 -0.010223 
-0.026703 -0.008179 
-0.026215 -0.005341 
-0.025604 -0.002960 
-0.025391 -0.000305 
-0.025604 0.002899 
-0.025543 0.005737 
-0.025177 0.009644 
-0.025208 0.012299 
-0.024261 0.014465 
-0.023376 0.017578 
-0.023315 0.019989 
-0.022491 0.022308 
-0.020538 0.023346 
-0.019897 0.024170 
-0.018585 0.024872 
-0.016571 0.025574 
-0.015350 0.025726 
-0.012817 0.024506 
-0.011017 0.024170 
-0.008423 0.023590 
-0.006165 0.022247 
-0.004547 0.020996 
-0.001099 0.019318 
0.001343 0.017700 
0.003571 0.016205 
0.005676 0.014526 
0.007538 0.012665 
0.009277 0.011047 
0.011536 0.010559 
0.013855 0.010254 
0.015320 0.009674 
0.017487 0.010162 
0.019257 0.010986 
0.021118 0.012512 
0.022919 0.015228 
0.024261 0.016876 
0.025757 0.019562 
0.026489 0.023071 
0.026154 0.026154 
0.025513 0.029724 
0.024872 0.032013 
0.023712 0.034760 
0.022461 0.036682 
0.020416 0.037994 
0.018524 0.039520 
0.016571 0.040131 
0.014923 0.040894 
0.014252 0.039734 
0.012238 0.039429 
0.011536 0.039215 
0.011688 0.037781 
0.011719 0.036530 
0.012756 0.033783 
0.013031 0.031555 
0.013824 0.028564 
0.015442 0.024750 
0.017609 0.021667 
0.020203 0.017731 
0.022125 0.013397 
0.024567 0.009613 
0.027618 0.005615 
0.030457 0.001892 
0.033478 -0.001343 
0.035858 -0.004883 
0.038269 -0.007568 
0.040161 -0.010376 
0.040680 -0.013062 
0.041718 -0.013702 
0.041779 -0.015015 
0.040436 -0.017181 
0.039185 -0.017944 
0.037262 -0.018402 
0.034424 -0.018066 
0.031464 -0.018707 
0.028046 -0.018616 
0.024689 -0.016754 
0.021606 -0.016510 
0.018250 -0.014587 
0.015106 -0.011841 
0.011444 -0.009125 
0.007996 -0.005707 
0.004761 -0.003235 
0.001801 -0.000092 
-0.001495 0.003265 
-0.005402 0.006134 
-0.008484 0.008850 
-0.011658 0.011078 
-0.014160 0.013458 
-0.015961 0.014740 
-0.017975 0.014740 
-0.019531 0.015137 
-0.019775 0.014099 
-0.020569 0.011993 
-0.020996 0.010071 
-0.019409 0.007599 
-0.018494 0.004242 
-0.017273 0.000458 
-0.015503 -0.002869 
-0.013733 -0.006836 
-0.011505 -0.010590 
-0.009277 -0.014587 
-0.006989 -0.018280 
-0.004822 -0.021454 
-0.002808 -0.024323 
-0.000153 -0.026337 
0.001892 -0.029114 
0.003723 -0.031036 
0.006592 -0.032257 
0.009216 -0.033173 
0.011292 -0.033569 
0.011810 -0.033875 
0.012390 -0.033478 
0.011658 -0.033051 
0.010223 -0.033020 
0.009094 -0.032166 
0.006439 -0.031067 
0.003510 -0.030609 
0.000092 -0.029419 
-0.002716 -0.029053 
-0.006744 -0.029633 
-0.011078 -0.029236 
-0.015137 -0.028931 
-0.019196 -0.030273 
-0.022797 -0.030487 
-0.026642 -0.030304 
-0.028778 -0.031067 
-0.031433 -0.029907 
-0.033691 -0.029083 
-0.035248 -0.028015 
-0.036163 -0.026489 
-0.036896 -0.025787 
-0.036896 -0.025055 
-0.035950 -0.023224 
-0.036682 -0.021362 
-0.035522 -0.020447 
-0.034424 -0.018158 
-0.033661 -0.017120 
-0.031769 -0.016479 
-0.030823 -0.014801 
-0.030090 -0.013855 
-0.029480 -0.011627 
-0.028839 -0.008850 
-0.027863 -0.006714 
-0.027252 -0.004089 
-0.027618 -0.001129 
-0.026917 0.001862 
-0.026337 0.005096 
-0.026276 0.007874 
-0.025940 0.010529 
-0.025665 0.013763 
-0.025116 0.016113 
-0.024689 0.018372 
-0.023956 0.020844 
-0.022980 0.022491 
-0.021729 0.024323 
-0.020508 0.025208 
-0.018433 0.025360 
-0.015808 0.026154 
-0.013916 0.026215 
-0.011566 0.025635 
-0.009003 0.024902 
-0.006744 0.023529 
-0.004028 0.021423 
-0.001923 0.019867 
-0.000031 0.017670 
0.001648 0.015320 
0.003418 0.013641 
0.006287 0.011261 
0.008484 0.009796 
0.010925 0.008942 
0.012970 0.008209 
0.015259 0.007843 
0.017151 0.008331 
0.018799 0.009430 
0.022186 0.011627 
0.023590 0.015106 
0.024445 0.017578 
0.025391 0.020538 
0.026184 0.024017 
0.026031 0.027313 
0.025055 0.030518 
0.024658 0.032715 
0.023193 0.034851 
0.021790 0.036774 
0.020294 0.037659 
0.018463 0.039124 
0.016846 0.040405 
0.015564 0.040253 
0.014191 0.040466 
0.013062 0.040314 
0.012024 0.039307 
0.010895 0.038300 
0.010834 0.037262 
0.010895 0.034729 
0.011475 0.031586 
0.012054 0.029297 
0.013519 0.026428 
0.016022 0.022919 
0.018311 0.019531 
0.021179 0.015930 
0.024628 0.012177 
0.027649 0.008728 
0.030640 0.004547 
0.033966 0.000885 
0.036896 -0.002106 
0.039612 -0.005493 
0.041595 -0.008759 
0.042969 -0.011292 
0.043060 -0.012939 
0.042480 -0.015106 
0.042023 -0.016602 
0.039825 -0.018433 
0.037109 -0.019806 
0.035095 -0.019684 
0.032532 -0.019470 
0.029083 -0.018921 
0.025787 -0.018616 
0.022888 -0.017029 
0.020203 -0.014984 
0.017059 -0.012787 
0.013733 -0.010345 
0.010040 -0.007660 
0.006317 -0.003693 
0.003235 -0.000366 
-0.000244 0.002625 
-0.003174 0.005829 
-0.006348 0.008453 
-0.009644 0.011078 
-0.012360 0.013672 
-0.014832 0.014496 
-0.016602 0.014404 
-0.017853 0.014709 
-0.018768 0.014099 
-0.018951 0.012421 
-0.018738 0.010254 
-0.018890 0.007965 
-0.018097 0.004944 
-0.017090 0.001678 
-0.016724 -0.001953 
-0.015076 -0.005432 
-0.012726 -0.008911 
-0.010406 -0.013092 
-0.007904 -0.016541 
-0.005829 -0.019287 
-0.003021 -0.021942 
0.000153 -0.024872 
0.002686 -0.027405 
0.005524 -0.029175 
0.007874 -0.030487 
0.009705 -0.031555 
0.011871 -0.032654 
0.013489 -0.033142 
0.013336 -0.033112 
0.012451 -0.032379 
0.011353 -0.031738 
0.009369 -0.031342 
0.007263 -0.030273 
0.004150 -0.030579 
0.000610 -0.030670 
-0.002960 -0.029907 
-0.007172 -0.029999 
-0.010712 -0.030426 
-0.014435 -0.031158 
-0.018433 -0.031128 
-0.021240 -0.030884 
-0.024567 -0.031067 
-0.028046 -0.031097 
-0.030121 -0.030609 
-0.031616 -0.030701 
-0.033539 -0.030182 
-0.035004 -0.028259 
-0.034821 -0.027985 
-0.035278 -0.027069 
-0.035126 -0.026245 
-0.035004 -0.025879 
-0.034912 -0.023865 
-0.033142 -0.022369 
-0.032806 -0.021240 
-0.032837 -0.019623 
-0.031769 -0.017090 
-0.030334 -0.015137 
-0.030029 -0.013153 
-0.029053 -0.010437 
-0.027863 -0.007996 
-0.027985 -0.005676 
-0.027252 -0.002838 
-0.027313 0.000366 
-0.026703 0.003052 
-0.025818 0.005615 
-0.026642 0.008331 
-0.026703 0.010956 
-0.025604 0.013184 
-0.025360 0.015472 
-0.025208 0.017426 
-0.024323 0.019714 
-0.022888 0.021423 
-0.020966 0.022675 
-0.019623 0.024048 
-0.017456 0.024536 
-0.015594 0.025269 
-0.013306 0.024445 
-0.011414 0.023712 
-0.010101 0.022827 
-0.006775 0.021271 
-0.004486 0.019470 
-0.002655 0.016937 
-0.000244 0.015106 
0.002441 0.011993 
0.005585 0.010040 
0.008118 0.008545 
0.010773 0.007568 
0.013580 0.006775 
0.015808 0.006439 
0.018066 0.008972 
0.020508 0.009644 
0.022491 0.011292 
0.023773 0.013672 
0.024567 0.016113 
0.025146 0.020172 
0.025787 0.022858 
0.025482 0.025726 
0.023834 0.028137 
0.023804 0.030609 
0.023315 0.033539 
0.021759 0.035675 
0.021027 0.037506 
0.019592 0.039001 
0.017853 0.040527 
0.016205 0.041138 
0.014832 0.041779 
0.013580 0.041962 
0.011993 0.040741 
0.010284 0.039673 
0.009796 0.037872 
0.009796 0.035706 
0.009766 0.033325 
0.011047 0.030243 
0.012054 0.026886 
0.013611 0.023132 
0.016510 0.019958 
0.019135 0.016327 
0.022644 0.012604 
0.026672 0.009857 
0.029266 0.006226 
0.032623 0.002289 
0.036011 -0.000519 
0.038483 -0.003174 
0.040314 -0.006287 
0.040863 -0.009430 
0.042053 -0.011810 
0.042419 -0.013641 
0.041199 -0.016266 
0.039856 -0.018585 
0.038849 -0.019775 
0.036316 -0.020081 
0.033722 -0.020325 
0.031799 -0.020203 
0.028961 -0.019104 
0.026215 -0.017639 
0.022400 -0.015564 
0.019348 -0.013184 
0.015167 -0.010254 
0.010895 -0.006927 
0.008026 -0.003326 
0.003693 0.000824 
0.000427 0.004883 
-0.002747 0.007812 
-0.005707 0.009918 
-0.008575 0.012360 
-0.011139 0.014130 
-0.013000 0.015228 
-0.015137 0.015808 
-0.016113 0.015198 
-0.017029 0.013794 
-0.017578 0.012695 
-0.018646 0.010864 
-0.019196 0.008331 
-0.018188 0.005798 
-0.018066 0.002960 
-0.016876 0.000031 
-0.015533 -0.004242 
-0.014679 -0.007324 
-0.012024 -0.010651 
-0.009033 -0.014709 
-0.006866 -0.017578 
-0.004211 -0.021332 
-0.000183 -0.024384 
0.003235 -0.026367 
0.005524 -0.027954 
0.007782 -0.029449 
0.010254 -0.030701 
0.012299 -0.031067 
0.013397 -0.031097 
0.013977 -0.030884 
0.013763 -0.030243 
0.012970 -0.029755 
0.011139 -0.030212 
0.008514 -0.030090 
0.005219 -0.029205 
0.001862 -0.028931 
-0.001892 -0.029907 
-0.006073 -0.029846 
-0.009430 -0.029694 
-0.013580 -0.031067 
-0.017639 -0.030579 
-0.020966 -0.029846 
-0.023834 -0.029816 
-0.026672 -0.029633 
-0.028900 -0.029510 
-0.030243 -0.028839 
-0.031830 -0.028168 
-0.032532 -0.027435 
-0.033356 -0.027039 
-0.034302 -0.026764 
-0.034241 -0.026245 
-0.033630 -0.025757 
-0.033783 -0.025146 
-0.033356 -0.024017 
-0.032867 -0.022583 
-0.032410 -0.021423 
-0.031616 -0.019562 
-0.031158 -0.017426 
-0.029480 -0.015778 
-0.029388 -0.013275 
-0.028900 -0.010132 
-0.028442 -0.007538 
-0.028595 -0.004517 
-0.027710 -0.001404 
-0.028259 0.001282 
-0.028168 0.004303 
-0.028137 0.007019 
-0.027649 0.010010 
-0.027344 0.012512 
-0.026917 0.014099 
-0.025696 0.017242 
-0.024567 0.019318 
-0.022675 0.020630 
-0.021667 0.022858 
-0.019714 0.023438 
-0.018066 0.024200 
-0.017120 0.024811 
-0.015350 0.024292 
-0.013794 0.023865 
-0.011963 0.022522 
-0.010223 0.020752 
-0.008179 0.019196 
-0.005341 0.017029 
-0.002960 0.014282 
-0.000305 0.012146 
0.002899 0.010101 
0.005737 0.008423 
0.009644 0.007935 
0.012299 0.007782 
0.014465 0.007904 
0.017578 0.008789 
0.019989 0.010529 
0.022308 0.011871 
0.023346 0.013672 
0.024170 0.016052 
0.024872 0.018646 
0.025574 0.021606 
0.025726 0.023865 
0.024506 0.026917 
0.024170 0.029541 
0.023590 0.032196 
0.022247 0.034851 
0.020996 0.036469 
0.019318 0.039337 
0.017700 0.040558 
0.016205 0.041199 
0.014526 0.041870 
0.012665 0.041809 
0.011047 0.041351 
0.010559 0.039856 
0.010254 0.038910 
0.009674 0.036499 
0.010162 0.034454 
0.010986 0.031921 
0.012512 0.028717 
0.015228 0.025970 
0.016876 0.021820 
0.019562 0.018646 
0.023071 0.015015 
0.026154 0.012085 
0.029724 0.009033 
0.032013 0.005157 
0.034760 0.001953 
0.036682 -0.001740 
0.037994 -0.004150 
0.039520 -0.007477 
0.040131 -0.010742 
0.040894 -0.012756 
0.039734 -0.015320 
0.039429 -0.017212 
0.039215 -0.018829 
0.037781 -0.020294 
0.036530 -0.020355 
0.033783 -0.020630 
0.031555 -0.020599 
0.028564 -0.018463 
0.024750 -0.016174 
0.021667 -0.013580 
0.017731 -0.010681 
0.013397 -0.007477 
0.009613 -0.004028 
0.005615 -0.000916 
0.001892 0.002472 
-0.001343 0.005371 
-0.004883 0.008575 
-0.007568 0.011261 
-0.010376 0.013000 
-0.013062 0.014282 
-0.013702 0.014282 
-0.015015 0.013885 
-0.017181 0.013519 
-0.017944 0.013092 
-0.018402 0.011810 
-0.018066 0.009064 
-0.018707 0.005920 
-0.018616 0.002838 
-0.016754 -0.000244 
-0.016510 -0.003601 
-0.014587 -0.007477 
-0.011841 -0.010620 
-0.009125 -0.013916 
-0.005707 -0.017303 
-0.003235 -0.019684 
-0.000092 -0.021912 
0.003265 -0.023773 
0.006134 -0.025116 
0.008850 -0.026550 
0.011078 -0.027344 
0.013458 -0.027313 
0.014740 -0.027832 
0.014740 -0.027802 
0.015137 -0.027863 
0.014099 -0.028015 
0.011993 -0.028351 
0.010071 -0.029175 
0.007599 -0.028839 
0.004242 -0.029327 
0.000458 -0.030548 
-0.002869 -0.030701 
-0.006836 -0.030609 
-0.010590 -0.031097 
-0.014587 -0.031158 
-0.018280 -0.030823 
-0.021454 -0.030304 
-0.024323 -0.029724 
-0.026337 -0.030060 
-0.029114 -0.029785 
-0.031036 -0.029694 
-0.032257 -0.029053 
-0.033173 -0.028259 
-0.033569 -0.028351 
-0.033875 -0.027588 
-0.033478 -0.027191 
-0.033051 -0.026581 
-0.033020 -0.025513 
-0.032166 -0.024414 
-0.031067 -0.022888 
-0.030609 -0.021393 
-0.029419 -0.019196 
-0.029053 -0.016998 
-0.029633 -0.014954 
-0.029236 -0.011688 
-0.028931 -0.008789 
-0.030273 -0.006470 
-0.030487 -0.003479 
-0.030304 0.000061 
-0.031067 0.003357 
-0.029907 0.006104 
-0.029083 0.009705 
-0.028015 0.012299 
-0.026489 0.015015 
-0.025787 0.017914 
-0.025055 0.019531 
-0.023224 0.022614 
-0.021362 0.024628 
-0.020447 0.024628 
-0.018158 0.025543 
-0.017120 0.026184 
-0.016479 0.024780 
-0.014801 0.023163 
-0.013855 0.021698 
-0.011627 0.020111 
-0.008850 0.017639 
-0.006714 0.014160 
-0.004089 0.012665 
-0.001129 0.010864 
0.001862 0.008606 
0.005096 0.007721 
0.007874 0.007507 
0.010529 0.007202 
0.013763 0.007263 
0.016113 0.008514 
0.018372 0.009094 
0.020844 0.010529 
0.022491 0.012665 
0.024323 0.014343 
0.025208 0.016235 
0.025360 0.018890 
0.026154 0.022064 
0.026215 0.025146 
0.025635 0.028107 
0.024902 0.030060 
0.023529 0.033020 
0.021423 0.036499 
0.019867 0.038055 
0.017670 0.039093 
0.015320 0.040497 
0.013641 0.041595 
0.011261 0.042114 
0.009796 0.041687 
0.008942 0.040894 
0.008209 0.039642 
0.007843 0.037415 
0.008331 0.035675 
0.009430 0.033325 
0.011627 0.030670 
0.015106 0.027618 
0.017578 0.023987 
0.020538 0.021393 
0.024017 0.017517 
0.027313 0.013733 
0.030518 0.010925 
0.032715 0.007568 
0.034851 0.004150 
0.036774 0.000122 
0.037659 -0.003082 
0.039124 -0.005585 
0.040405 -0.009033 
0.040253 -0.011749 
0.040466 -0.014252 
0.040314 -0.016663 
0.039307 -0.018768 
0.038300 -0.020721 
0.037262 -0.021942 
0.034729 -0.021973 
0.031586 -0.020599 
0.029297 -0.019592 
0.026428 -0.017853 
0.022919 -0.014709 
0.019531 -0.011688 
0.015930 -0.008881 
0.012177 -0.005524 
0.008728 -0.001587 
0.004547 0.001190 
0.000885 0.004730 
-0.002106 0.007935 
-0.005493 0.010162 
-0.008759 0.012299 
-0.011292 0.012939 
-0.012939 0.014343 
-0.015106 0.014984 
-0.016602 0.014343 
-0.018433 0.014160 
-0.019806 0.012726 
-0.019684 0.010284 
-0.019470 0.007690 
-0.018921 0.004944 
-0.018616 0.001740 
-0.017029 -0.002289 
-0.014984 -0.006622 
-0.012787 -0.009796 
-0.010345 -0.012939 
-0.007660 -0.016327 
-0.003693 -0.019073 
-0.000366 -0.021027 
0.002625 -0.022522 
0.005829 -0.024689 
0.008453 -0.025391 
0.011078 -0.026489 
0.013672 -0.027466 
0.014496 -0.027100 
0.014404 -0.027832 
0.014709 -0.027679 
0.014099 -0.028442 
0.012421 -0.028992 
0.010254 -0.028839 
0.007965 -0.029633 
0.004944 -0.029205 
0.001678 -0.029755 
-0.001953 -0.030182 
-0.005432 -0.030273 
-0.008911 -0.031006 
-0.013092 -0.031128 
-0.016541 -0.031586 
-0.019287 -0.031799 
-0.021942 -0.031708 
-0.024872 -0.031342 
-0.027405 -0.030731 
-0.029175 -0.030701 
-0.030487 -0.030640 
-0.031555 -0.029968 
-0.032654 -0.029602 
-0.033142 -0.029144 
-0.033112 -0.028046 
-0.032379 -0.027374 
-0.031738 -0.026184 
-0.031342 -0.024719 
-0.030273 -0.023468 
-0.030579 -0.021790 
-0.030670 -0.020416 
-0.029907 -0.018188 
-0.029999 -0.015381 
-0.030426 -0.013489 
-0.031158 -0.011230 
-0.031128 -0.007935 
-0.030884 -0.005035 
-0.031067 -0.002411 
-0.031097 0.000214 
-0.030609 0.003326 
-0.030701 0.007050 
-0.030182 0.010101 
-0.028259 0.013611 
-0.027985 0.016754 
-0.027069 0.019379 
-0.026245 0.022064 
-0.025879 0.023865 
-0.023865 0.024994 
-0.022369 0.025452 
-0.021240 0.025757 
-0.019623 0.024750 
-0.017090 0.022614 
-0.015137 0.020477 
-0.013153 0.018494 
-0.010437 0.016663 
-0.007996 0.014465 
-0.005676 0.012390 
-0.002838 0.010559 
0.000366 0.009308 
0.003052 0.007782 
0.005615 0.006989 
0.008331 0.006378 
0.010956 0.006104 
0.013184 0.007324 
0.015472 0.007538 
0.017426 0.008911 
0.019714 0.011292 
0.021423 0.013153 
0.022675 0.015839 
0.024048 0.018463 
0.024536 0.021027 
0.025269 0.024231 
0.024445 0.026825 
0.023712 0.029480 
0.022827 0.032684 
0.021271 0.034790 
0.019470 0.037109 
0.016937 0.039368 
0.015106 0.041107 
0.011993 0.041504 
0.010040 0.041290 
0.008545 0.041992 
0.007568 0.040771 
0.006775 0.039825 
0.006439 0.038300 
0.008972 0.035980 
0.009644 0.034302 
0.011292 0.031281 
0.013672 0.028900 
0.016113 0.026398 
0.020172 0.022797 
0.022858 0.019409 
0.025726 0.016205 
0.028137 0.012665 
0.030609 0.009064 
0.033539 0.005280 
0.035675 0.001617 
0.037506 -0.002197 
0.039001 -0.006714 
0.040527 -0.010132 
0.041138 -0.013275 
0.041779 -0.016846 
0.041962 -0.019531 
0.040741 -0.020569 
0.039673 -0.021179 
0.037872 -0.021759 
0.035706 -0.021149 
0.033325 -0.020264 
0.030243 -0.019073 
0.026886 -0.017273 
0.023132 -0.014374 
0.019958 -0.011505 
0.016327 -0.009003 
0.012604 -0.005157 
0.009857 -0.002167 
0.006226 0.000488 
0.002289 0.004211 
-0.000519 0.007019 
-0.003174 0.009521 
-0.006287 0.011597 
-0.009430 0.013123 
-0.011810 0.014648 
-0.013641 0.015533 
-0.016266 0.016022 
-0.018585 0.014648 
-0.019775 0.013031 
-0.020081 0.011322 
-0.020325 0.007843 
-0.020203 0.004944 
-0.019104 0.001465 
-0.017639 -0.002045 
-0.015564 -0.005219 
-0.013184 -0.008179 
-0.010254 -0.011597 
-0.006927 -0.015533 
-0.003326 -0.017273 
0.000824 -0.019501 
0.004883 -0.021729 
0.007812 -0.023010 
0.009918 -0.024689 
0.012360 -0.025909 
0.014130 -0.026672 
0.015228 -0.026855 
0.015808 -0.027466 
0.015198 -0.028107 
0.013794 -0.028534 
0.012695 -0.029449 
0.010864 -0.029968 
0.008331 -0.029785 
0.005798 -0.029907 
0.002960 -0.030334 
0.000031 -0.030212 
-0.004242 -0.030090 
-0.007324 -0.030273 
-0.010651 -0.029694 
-0.014709 -0.029358 
-0.017578 -0.030090 
-0.021332 -0.029938 
-0.024384 -0.029907 
-0.026367 -0.030518 
-0.027954 -0.030670 
-0.029449 -0.031128 
-0.030701 -0.030731 
-0.031067 -0.030060 
-0.031097 -0.029694 
-0.030884 -0.028748 
-0.030243 -0.027802 
-0.029755 -0.026947 
-0.030212 -0.025238 
-0.030090 -0.023407 
-0.029205 -0.022034 
-0.028931 -0.020813 
-0.029907 -0.018768 
-0.029846 -0.015808 
-0.029694 -0.014252 
-0.031067 -0.012177 
-0.030579 -0.009644 
-0.029846 -0.007446 
-0.029816 -0.004608 
-0.029633 -0.001526 
-0.029510 0.002747 
-0.028839 0.006073 
-0.028168 0.009491 
-0.027435 0.012970 
-0.027039 0.015991 
-0.026764 0.019287 
-0.026245 0.021271 
-0.025757 0.023376 
-0.025146 0.023926 
-0.024017 0.024414 
-0.022583 0.024628 
-0.021423 0.023376 
-0.019562 0.022491 
-0.017426 0.020142 
-0.015778 0.018494 
-0.013275 0.016846 
-0.010132 0.014618 
-0.007538 0.013123 
-0.004517 0.011719 
-0.001404 0.010193 
0.001282 0.008453 
0.004303 0.007812 
0.007019 0.006805 
0.010010 0.006256 
0.012512 0.006927 
0.014099 0.007874 
0.017242 0.008942 
0.019318 0.010162 
0.020630 0.012177 
0.022858 0.014526 
0.023438 0.016907 
0.024200 0.019745 
0.024811 0.023499 
0.024292 0.026459 
0.023865 0.029419 
0.022522 0.032135 
0.020752 0.034210 
0.019196 0.036987 
0.017029 0.038055 
0.014282 0.039642 
0.012146 0.040802 
0.010101 0.040497 
0.008423 0.041107 
0.007935 0.040558 
0.007782 0.038971 
0.007904 0.037933 
0.008789 0.037018 
0.010529 0.034790 
0.011871 0.032715 
0.013672 0.030914 
0.016052 0.028198 
0.018646 0.025238 
0.021606 0.022980 
0.023865 0.020508 
0.026917 0.016113 
0.029541 0.012421 
0.032196 0.008667 
0.034851 0.003845 
0.036469 -0.000183 
0.039337 -0.003876 
0.040558 -0.008057 
0.041199 -0.011932 
0.041870 -0.014160 
0.041809 -0.016968 
0.041351 -0.019073 
0.039856 -0.020050 
0.038910 -0.021179 
0.036499 -0.020996 
0.034454 -0.020721 
0.031921 -0.019287 
0.028717 -0.016907 
0.025970 -0.014618 
0.021820 -0.011841 
0.018646 -0.009033 
0.015015 -0.006042 
0.012085 -0.002869 
0.009033 0.000305 
0.005157 0.003235 
0.001953 0.006531 
-0.001740 0.009399 
-0.004150 0.011169 
-0.007477 0.012726 
-0.010742 0.014282 
-0.012756 0.015228 
-0.015320 0.014160 
-0.017212 0.013153 
-0.018829 0.011536 
-0.020294 0.008850 
-0.020355 0.006775 
-0.020630 0.004059 
-0.020599 0.001007 
-0.018463 -0.002380 
-0.016174 -0.005188 
-0.013580 -0.007660 
-0.010681 -0.010406 
-0.007477 -0.012939 
-0.004028 -0.015442 
-0.000916 -0.017273 
0.002472 -0.019104 
0.005371 -0.020355 
0.008575 -0.022461 
0.011261 -0.023987 
0.013000 -0.024506 
0.014282 -0.026276 
0.014282 -0.027130 
0.013885 -0.028168 
0.013519 -0.028931 
0.013092 -0.029297 
0.011810 -0.030090 
0.009064 -0.030731 
0.005920 -0.031219 
0.002838 -0.030884 
-0.000244 -0.030762 
-0.003601 -0.031036 
-0.007477 -0.031342 
-0.010620 -0.031189 
-0.013916 -0.030914 
-0.017303 -0.031128 
-0.019684 -0.031616 
-0.021912 -0.032288 
-0.023773 -0.032318 
-0.025116 -0.032135 
-0.026550 -0.032043 
-0.027344 -0.032074 
-0.027313 -0.031860 
-0.027832 -0.031036 
-0.027802 -0.030273 
-0.027863 -0.029572 
-0.028015 -0.028259 
-0.028351 -0.027252 
-0.029175 -0.026154 
-0.028839 -0.024872 
-0.029327 -0.023743 
-0.030548 -0.021698 
-0.030701 -0.020386 
-0.030609 -0.018707 
-0.031097 -0.016144 
-0.031158 -0.013458 
-0.030823 -0.009888 
-0.030304 -0.006378 
-0.029724 -0.002380 
-0.030060 0.001587 
-0.029785 0.005676 
-0.029694 0.009888 
-0.029053 0.013519 
-0.028259 0.017120 
-0.028351 0.020355 
-0.027588 0.021759 
-0.027191 0.022522 
-0.026581 0.023987 
-0.025513 0.024139 
-0.024414 0.023468 
-0.022888 0.022827 
-0.021393 0.021698 
-0.019196 0.020416 
-0.016998 0.019135 
-0.014954 0.017120 
-0.011688 0.015198 
-0.008789 0.013611 
-0.006470 0.011566 
-0.003479 0.009827 
0.000061 0.008606 
0.003357 0.007721 
0.006104 0.006439 
0.009705 0.006195 
0.012299 0.006287 
0.015015 0.006165 
0.017914 0.007202 
0.019531 0.008820 
0.022614 0.011230 
0.024628 0.013672 
0.024628 0.015961 
0.025543 0.018494 
0.026184 0.022430 
0.024780 0.026154 
0.023163 0.029022 
0.021698 0.032257 
0.020111 0.034668 
0.017639 0.036560 
0.014160 0.038269 
0.012665 0.040100 
0.010864 0.040558 
0.008606 0.041077 
0.007721 0.041168 
0.007507 0.040588 
0.007202 0.040680 
0.007263 0.039337 
0.008514 0.038269 
0.009094 0.036652 
0.010529 0.035004 
0.012665 0.033295 
0.014343 0.030762 
0.016235 0.027893 
0.018890 0.024780 
0.022064 0.021881 
0.025146 0.017761 
0.028107 0.014069 
0.030060 0.009674 
0.033020 0.005035 
0.036499 0.000763 
0.038055 -0.003174 
0.039093 -0.006470 
0.040497 -0.010406 
0.041595 -0.013245 
0.042114 -0.015961 
0.041687 -0.018219 
0.040894 -0.019562 
0.039642 -0.020355 
0.037415 -0.020966 
0.035675 -0.020355 
0.033325 -0.019104 
0.030670 -0.018250 
0.027618 -0.015625 
0.023987 -0.013489 
0.021393 -0.010437 
0.017517 -0.006866 
0.013733 -0.003784 
0.010925 -0.000031 
0.007568 0.003143 
0.004150 0.006805 
0.000122 0.009979 
-0.003082 0.012543 
-0.005585 0.014282 
-0.009033 0.015137 
-0.011749 0.015167 
-0.014252 0.015045 
-0.016663 0.014862 
-0.018768 0.012787 
-0.020721 0.010864 
-0.021942 0.009003 
-0.021973 0.005493 
-0.020599 0.002319 
-0.019592 -0.000397 
-0.017853 -0.003296 
-0.014709 -0.005829 
-0.011688 -0.008636 
-0.008881 -0.010956 
-0.005524 -0.013458 
-0.001587 -0.015442 
0.001190 -0.017029 
0.004730 -0.019440 
0.007935 -0.020386 
0.010162 -0.022278 
0.012299 -0.024475 
0.012939 -0.025665 
0.014343 -0.026489 
0.014984 -0.027130 
0.014343 -0.028564 
0.014160 -0.029114 
0.012726 -0.029449 
0.010284 -0.030334 
0.007690 -0.030792 
0.004944 -0.030487 
0.001740 -0.031158 
-0.002289 -0.031311 
-0.006622 -0.030823 
-0.009796 -0.031982 
-0.012939 -0.032684 
-0.016327 -0.032776 
-0.019073 -0.032898 
-0.021027 -0.033630 
-0.022522 -0.033936 
-0.024689 -0.033600 
-0.025391 -0.033020 
-0.026489 -0.032715 
-0.027466 -0.032227 
-0.027100 -0.030884 
-0.027832 -0.030457 
-0.027679 -0.029297 
-0.028442 -0.028534 
-0.028992 -0.027954 
-0.028839 -0.027435 
-0.029633 -0.027039 
-0.029205 -0.025360 
-0.029755 -0.024200 
-0.030182 -0.022339 
-0.030273 -0.020721 
-0.031006 -0.018127 
-0.031128 -0.014435 
-0.031586 -0.011444 
-0.031799 -0.007507 
-0.031708 -0.003998 
-0.031342 0.000061 
-0.030731 0.004578 
-0.030701 0.008575 
-0.030640 0.012512 
-0.029968 0.015320 
-0.029602 0.017853 
-0.029144 0.019897 
-0.028046 0.020996 
-0.027374 0.022003 
-0.026184 0.022766 
-0.024719 0.023254 
-0.023468 0.022644 
-0.021790 0.021729 
-0.020416 0.020264 
-0.018188 0.018372 
-0.015381 0.017059 
-0.013489 0.014923 
-0.011230 0.013458 
-0.007935 0.011719 
-0.005035 0.009705 
-0.002411 0.008759 
0.000214 0.007233 
0.003326 0.006226 
0.007050 0.006226 
0.010101 0.006714 
0.013611 0.007385 
0.016754 0.008545 
0.019379 0.009888 
0.022064 0.011353 
0.023865 0.013733 
0.024994 0.016815 
0.025452 0.020233 
0.025757 0.022888 
0.024750 0.026062 
0.022614 0.029205 
0.020477 0.031891 
0.018494 0.034576 
0.016663 0.036713 
0.014465 0.038391 
0.012390 0.039429 
0.010559 0.040955 
0.009308 0.041595 
0.007782 0.041779 
0.006989 0.041870 
0.006378 0.041199 
0.006104 0.040985 
0.007324 0.040497 
0.007538 0.039062 
0.008911 0.037292 
0.011292 0.036072 
0.013153 0.033356 
0.015839 0.029755 
0.018463 0.027161 
0.021027 0.023224 
0.024231 0.018799 
0.026825 0.015106 
0.029480 0.011230 
0.032684 0.007080 
0.034790 0.002441 
0.037109 -0.001312 
0.039368 -0.004669 
0.041107 -0.008942 
0.041504 -0.012085 
0.041290 -0.014465 
0.041992 -0.016785 
0.040771 -0.018127 
0.039825 -0.018433 
0.038300 -0.019501 
0.035980 -0.019806 
0.034302 -0.018463 
0.031281 -0.017670 
0.028900 -0.015472 
0.026398 -0.012848 
0.022797 -0.009491 
0.019409 -0.005768 
0.016205 -0.002930 
0.012665 0.001160 
0.009064 0.004608 
0.005280 0.007568 
0.001617 0.009949 
-0.002197 0.012909 
-0.006714 0.015015 
-0.010132 0.015442 
-0.013275 0.016724 
-0.016846 0.016144 
-0.019531 0.014862 
-0.020569 0.013519 
-0.021179 0.011932 
-0.021759 0.009705 
-0.021149 0.006683 
-0.020264 0.004395 
-0.019073 0.001984 
-0.017273 -0.000702 
-0.014374 -0.004028 
-0.011505 -0.006866 
-0.009003 -0.009125 
-0.005157 -0.011383 
-0.002167 -0.014069 
0.000488 -0.016296 
0.004211 -0.018188 
0.007019 -0.020355 
0.009521 -0.021881 
0.011597 -0.023834 
0.013123 -0.024750 
0.014648 -0.025665 
0.015533 -0.026642 
0.016022 -0.027008 
0.014648 -0.027374 
0.013031 -0.027710 
0.011322 -0.028595 
0.007843 -0.028290 
0.004944 -0.029297 
0.001465 -0.029785 
-0.002045 -0.029602 
-0.005219 -0.031067 
-0.008179 -0.031891 
-0.011597 -0.032990 
-0.015533 -0.032928 
-0.017273 -0.033356 
-0.019501 -0.034241 
-0.021729 -0.033600 
-0.023010 -0.033600 
-0.024689 -0.033691 
-0.025909 -0.032654 
-0.026672 -0.032257 
-0.026855 -0.033020 
-0.027466 -0.032104 
-0.028107 -0.031738 
-0.028534 -0.031738 
-0.029449 -0.030884 
-0.029968 -0.030792 
-0.029785 -0.030182 
-0.029907 -0.029083 
-0.030334 -0.027466 
-0.030212 -0.026093 
-0.030090 -0.023926 
-0.030273 -0.020599 
-0.029694 -0.017303 
-0.029358 -0.013519 
-0.030090 -0.009918 
-0.029938 -0.005798 
-0.029907 -0.001587 
-0.030518 0.002563 
-0.030670 0.006927 
-0.031128 0.010681 
-0.030731 0.014343 
-0.030060 0.017059 
-0.029694 0.018738 
-0.028748 0.021210 
-0.027802 0.022766 
-0.026947 0.023010 
-0.025238 0.023743 
-0.023407 0.023041 
-0.022034 0.022156 
-0.020813 0.021088 
-0.018768 0.019012 
-0.015808 0.017548 
-0.014252 0.015533 
-0.012177 0.013550 
-0.009644 0.011841 
-0.007446 0.010071 
-0.004608 0.008026 
-0.001526 0.006927 
0.002747 0.006744 
0.006073 0.005371 
0.009491 0.005249 
0.012970 0.005585 
0.015991 0.006744 
0.019287 0.009094 
0.021271 0.010681 
0.023376 0.013702 
0.023926 0.015839 
