0.011800 -0.020024 
0.011800 -0.018102 
0.010414 -0.014169 
0.008761 -0.010906 
0.007956 -0.007598 
0.005453 -0.001922 
0.002369 0.001788 
-0.001117 0.005855 
-0.005230 0.009699 
-0.008448 0.013275 
-0.012426 0.016627 
-0.016359 0.018639 
-0.018907 0.020605 
-0.021052 0.021812 
-0.024047 0.023421 
-0.026818 0.023421 
-0.027533 0.023332 
-0.027220 0.024002 
-0.027444 0.023734 
-0.027578 0.023332 
-0.025298 0.023064 
-0.022617 0.023108 
-0.020739 0.023779 
-0.017387 0.024673 
-0.014482 0.024717 
-0.010638 0.026192 
-0.005811 0.028070 
-0.001609 0.030081 
0.003084 0.034059 
0.006436 0.037322 
0.010280 0.040406 
0.013811 0.043445 
0.017387 0.046351 
0.021186 0.050775 
0.023600 0.053994 
0.025432 0.056094 
0.026416 0.058776 
0.029142 0.059625 
0.029947 0.059223 
0.029410 0.058687 
0.029187 0.056899 
0.029366 0.054128 
0.029500 0.050016 
0.028382 0.044607 
0.028204 0.040227 
0.027757 0.034640 
0.029500 0.028293 
0.030349 0.021499 
0.031288 0.013767 
0.032718 0.008403 
0.033657 0.003084 
0.036428 -0.003710 
0.038797 -0.010236 
0.042373 -0.014392 
0.044518 -0.018460 
0.047781 -0.021901 
0.050820 -0.024315 
0.052653 -0.027444 
0.055200 -0.028159 
0.056228 -0.030215 
0.056899 -0.031288 
0.056139 -0.030349 
0.055379 -0.030841 
0.053457 -0.031020 
0.050060 -0.030260 
0.045367 -0.029410 
0.041523 -0.029053 
0.037054 -0.028874 
0.029098 -0.030215 
0.022527 -0.031109 
0.015420 -0.032629 
0.008403 -0.033746 
0.002861 -0.034506 
-0.004693 -0.036830 
-0.011845 -0.039244 
-0.016493 -0.041479 
-0.021589 -0.043132 
-0.026773 -0.045501 
-0.031020 -0.047155 
-0.033523 -0.049435 
-0.035176 -0.050641 
-0.036830 -0.052027 
-0.036920 -0.053055 
-0.036428 -0.052385 
-0.035668 -0.052474 
-0.035713 -0.051088 
-0.034193 -0.050418 
-0.033165 -0.047289 
-0.033925 -0.043624 
-0.032807 -0.040898 
-0.032137 -0.036651 
-0.032137 -0.032182 
-0.032941 -0.026952 
-0.033835 -0.021723 
-0.034193 -0.015510 
-0.035176 -0.009699 
-0.037545 -0.004157 
-0.039020 0.001252 
-0.040451 0.005811 
-0.043043 0.010191 
-0.044786 0.014169 
-0.046976 0.016717 
-0.047379 0.018594 
-0.048496 0.019532 
-0.049792 0.019801 
-0.049390 0.020695 
-0.048988 0.018594 
-0.047781 0.018192 
-0.046440 0.017789 
-0.043490 0.014661 
-0.041434 0.013409 
-0.038707 0.012202 
-0.033925 0.010906 
-0.029589 0.009923 
-0.024985 0.009252 
-0.019711 0.007911 
-0.014482 0.007241 
-0.009029 0.008403 
-0.003084 0.010012 
0.001430 0.011040 
0.006079 0.011398 
0.010057 0.012828 
0.014214 0.014258 
0.018192 0.014973 
0.020516 0.015733 
0.022706 0.016538 
0.022974 0.017164 
0.024494 0.016851 
0.024092 0.015554 
0.023019 0.013856 
0.022393 0.011442 
0.019577 0.009386 
0.018907 0.007733 
0.016538 0.004470 
0.014392 0.001296 
0.013275 -0.001698 
0.011219 -0.005721 
0.009342 -0.008984 
0.007911 -0.012783 
0.008180 -0.016627 
0.007464 -0.018773 
0.007062 -0.021767 
0.008045 -0.023466 
0.008761 -0.024494 
0.009297 -0.026729 
0.010593 -0.026729 
0.011576 -0.026550 
0.012426 -0.026237 
0.013051 -0.024583 
0.012694 -0.022974 
0.012649 -0.020605 
0.011934 -0.016895 
0.011040 -0.012962 
0.008582 -0.009431 
0.006839 -0.005319 
0.004827 -0.000715 
0.000939 0.003799 
-0.002592 0.007688 
-0.006660 0.010727 
-0.009744 0.014035 
-0.013811 0.016895 
-0.017298 0.018951 
-0.019979 0.020695 
-0.022572 0.021097 
-0.024539 0.021589 
-0.025879 0.022125 
-0.026595 0.022125 
-0.027757 0.021678 
-0.027444 0.019577 
-0.026639 0.019488 
-0.024136 0.020248 
-0.021857 0.020024 
-0.019890 0.021231 
-0.017074 0.022304 
-0.014214 0.022438 
-0.009252 0.023689 
-0.005230 0.027444 
-0.001698 0.031466 
0.002950 0.033657 
0.007688 0.037143 
0.010995 0.041032 
0.014392 0.044384 
0.018147 0.049122 
0.021052 0.051446 
0.023510 0.054217 
0.024941 0.057435 
0.027042 0.058419 
0.027757 0.059223 
0.027846 0.058776 
0.028561 0.058061 
0.028025 0.055335 
0.027712 0.051535 
0.027623 0.047870 
0.027757 0.043177 
0.027846 0.037590 
0.027712 0.031466 
0.029053 0.025656 
0.029947 0.019086 
0.030707 0.012962 
0.032897 0.006436 
0.034953 0.000045 
0.037366 -0.005811 
0.041300 -0.010548 
0.044831 -0.013990 
0.046976 -0.018773 
0.049882 -0.021544 
0.052832 -0.023064 
0.055737 -0.025075 
0.057346 -0.026505 
0.058329 -0.027310 
0.059491 -0.027667 
0.057391 -0.027801 
0.055916 -0.027757 
0.053279 -0.028606 
0.049703 -0.028517 
0.045635 -0.028338 
0.039601 -0.028695 
0.034059 -0.028472 
0.027444 -0.030081 
0.021678 -0.031064 
0.014482 -0.031869 
0.007867 -0.034685 
0.000983 -0.036115 
-0.006794 -0.038663 
-0.011755 -0.041076 
-0.017923 -0.042373 
-0.022348 -0.045412 
-0.025835 -0.047423 
-0.028919 -0.049747 
-0.030751 -0.051535 
-0.032941 -0.053279 
-0.033835 -0.055290 
-0.033523 -0.055066 
-0.033835 -0.054798 
-0.034327 -0.053949 
-0.033388 -0.052519 
-0.033210 -0.050820 
-0.031913 -0.048183 
-0.031958 -0.044876 
-0.032048 -0.040808 
-0.031332 -0.035445 
-0.032584 -0.029947 
-0.032941 -0.025477 
-0.034908 -0.019667 
-0.036204 -0.014035 
-0.037456 -0.009029 
-0.039110 -0.003129 
-0.041300 0.002235 
-0.044429 0.006436 
-0.045233 0.010101 
-0.046932 0.013767 
-0.047915 0.015644 
-0.048630 0.016448 
-0.050105 0.017879 
-0.050820 0.018370 
-0.050552 0.018057 
-0.049613 0.017164 
-0.048451 0.016091 
-0.045904 0.014437 
-0.043401 0.013051 
-0.040048 0.012962 
-0.037188 0.011487 
-0.033791 0.010101 
-0.028829 0.009342 
-0.023957 0.008984 
-0.018460 0.008984 
-0.013230 0.009520 
-0.007911 0.011129 
-0.002235 0.012023 
0.002548 0.012873 
0.006794 0.014169 
0.011934 0.015331 
0.015197 0.015912 
0.017655 0.016851 
0.020605 0.017074 
0.022751 0.016895 
0.023913 0.016672 
0.023689 0.015644 
0.024092 0.015778 
0.022482 0.014079 
0.021052 0.011353 
0.019756 0.009252 
0.017298 0.006436 
0.015107 0.003531 
0.012515 -0.000536 
0.011487 -0.004917 
0.009342 -0.008090 
0.008001 -0.010548 
0.007151 -0.014884 
0.007286 -0.018773 
0.008582 -0.021007 
0.008492 -0.024494 
0.009744 -0.026729 
0.011174 -0.027176 
0.012381 -0.027578 
0.013364 -0.027578 
0.014661 -0.027444 
0.015733 -0.026103 
0.015152 -0.023957 
0.014303 -0.021544 
0.014169 -0.017700 
0.012739 -0.014169 
0.010325 -0.010280 
0.008984 -0.006973 
0.005855 -0.003576 
0.002056 0.001520 
-0.001520 0.004917 
-0.004738 0.008135 
-0.008403 0.011487 
-0.012873 0.013454 
-0.015152 0.015152 
-0.018639 0.016538 
-0.021901 0.017655 
-0.022840 0.018460 
-0.025656 0.018683 
-0.027354 0.018951 
-0.027399 0.018773 
-0.027399 0.017611 
-0.026684 0.017879 
-0.026326 0.018236 
-0.024628 0.018817 
-0.022125 0.020114 
-0.018862 0.020248 
-0.015867 0.021320 
-0.012113 0.023913 
-0.007822 0.026103 
-0.004336 0.028382 
0.000313 0.032495 
0.003710 0.035668 
0.008403 0.038976 
0.012873 0.043937 
0.016493 0.048272 
0.020248 0.051982 
0.022214 0.053949 
0.024136 0.056273 
0.025656 0.059268 
0.027399 0.060162 
0.026729 0.059447 
0.026460 0.058508 
0.027086 0.056363 
0.026371 0.053055 
0.026103 0.049435 
0.025790 0.045278 
0.026013 0.040540 
0.026282 0.034729 
0.026684 0.028874 
0.027131 0.021946 
0.028919 0.016180 
0.031198 0.010906 
0.033925 0.004470 
0.036383 -0.000268 
0.038573 -0.006079 
0.042373 -0.010683 
0.046485 -0.014079 
0.050239 -0.017879 
0.052608 -0.020158 
0.055379 -0.022572 
0.057391 -0.023913 
0.059402 -0.024941 
0.060206 -0.026416 
0.058597 -0.026505 
0.057748 -0.025567 
0.055737 -0.025835 
0.051848 -0.027176 
0.047289 -0.026639 
0.042596 -0.026907 
0.037590 -0.027846 
0.032226 -0.027980 
0.024717 -0.029098 
0.017476 -0.029589 
0.010817 -0.030573 
0.003889 -0.032852 
-0.001564 -0.035176 
-0.007688 -0.037724 
-0.012739 -0.040138 
-0.017566 -0.041970 
-0.021767 -0.043937 
-0.025432 -0.047110 
-0.027891 -0.048898 
-0.029276 -0.050865 
-0.031422 -0.052563 
-0.031109 -0.052385 
-0.032092 -0.054262 
-0.032629 -0.055603 
-0.031869 -0.054128 
-0.032450 -0.052295 
-0.031556 -0.050373 
-0.030617 -0.046753 
-0.030707 -0.043847 
-0.030930 -0.039959 
-0.031422 -0.034327 
-0.032271 -0.029902 
-0.033657 -0.023153 
-0.034863 -0.017923 
-0.035891 -0.012873 
-0.038216 -0.005855 
-0.040272 -0.001609 
-0.041657 0.002414 
-0.043669 0.006839 
-0.045144 0.011129 
-0.046842 0.013498 
-0.048541 0.014616 
-0.050463 0.015867 
-0.051446 0.016672 
-0.050641 0.017387 
-0.050954 0.016493 
-0.050105 0.015107 
-0.048183 0.013677 
-0.046753 0.012426 
-0.044473 0.011264 
-0.041881 0.009699 
-0.037322 0.009073 
-0.032360 0.009565 
-0.027578 0.009565 
-0.022348 0.008716 
-0.016314 0.010101 
-0.010861 0.011085 
-0.005587 0.011129 
0.000805 0.013454 
0.005095 0.014437 
0.009252 0.015599 
0.012068 0.017655 
0.015152 0.018370 
0.019532 0.019041 
0.021365 0.019354 
0.022170 0.019532 
0.022617 0.018728 
0.022572 0.017655 
0.021097 0.016091 
0.020382 0.013767 
0.018817 0.012336 
0.015823 0.009744 
0.014750 0.006302 
0.013588 0.003039 
0.010906 -0.000045 
0.008984 -0.003665 
0.008269 -0.007822 
0.008045 -0.011755 
0.008045 -0.015554 
0.007956 -0.017834 
0.009252 -0.020605 
0.009699 -0.022929 
0.010906 -0.024181 
0.011889 -0.026058 
0.012292 -0.026416 
0.014348 -0.026416 
0.015554 -0.025701 
0.015599 -0.023376 
0.015107 -0.021633 
0.016761 -0.018907 
0.015018 -0.015465 
0.012336 -0.011845 
0.011264 -0.008090 
0.007241 -0.004514 
0.004827 0.000000 
0.002011 0.002905 
-0.001252 0.006213 
-0.005140 0.009654 
-0.009073 0.011174 
-0.011889 0.013811 
-0.015242 0.015376 
-0.018370 0.016538 
-0.021991 0.017476 
-0.023689 0.016493 
-0.025209 0.016672 
-0.026818 0.017521 
-0.026729 0.017164 
-0.027220 0.017119 
-0.026907 0.016448 
-0.025030 0.015420 
-0.022527 0.016806 
-0.020024 0.017566 
-0.018102 0.017968 
-0.014169 0.019711 
-0.010906 0.023019 
-0.007598 0.025745 
-0.001922 0.028561 
0.001788 0.034104 
0.005855 0.037635 
0.009699 0.041613 
0.013275 0.045948 
0.016627 0.049435 
0.018639 0.053234 
0.020605 0.055335 
0.021812 0.057748 
0.023421 0.058955 
0.023421 0.059536 
0.023332 0.059760 
0.024002 0.058821 
0.023734 0.056139 
0.023332 0.051759 
0.023064 0.048362 
0.023108 0.043892 
0.023779 0.039378 
0.024673 0.033880 
0.024717 0.027623 
0.026192 0.021946 
0.028070 0.015107 
0.030081 0.010101 
0.034059 0.004872 
0.037322 -0.001252 
0.040406 -0.005989 
0.043445 -0.009431 
0.046351 -0.012649 
0.050775 -0.016404 
0.053994 -0.018594 
0.056094 -0.020158 
0.058776 -0.022572 
0.059625 -0.023287 
0.059223 -0.023287 
0.058687 -0.024941 
0.056899 -0.024941 
0.054128 -0.023913 
0.050016 -0.024002 
0.044607 -0.024985 
0.040227 -0.026013 
0.034640 -0.026058 
0.028293 -0.027444 
0.021499 -0.028338 
0.013767 -0.029410 
0.008403 -0.032092 
0.003084 -0.034908 
-0.003710 -0.037232 
-0.010236 -0.038573 
-0.014392 -0.041434 
-0.018460 -0.044876 
-0.021901 -0.046529 
-0.024315 -0.048451 
-0.027444 -0.051357 
-0.028159 -0.052474 
-0.030215 -0.053949 
-0.031288 -0.054843 
-0.030349 -0.055513 
-0.030841 -0.056363 
-0.031020 -0.054843 
-0.030260 -0.053547 
-0.029410 -0.050239 
-0.029053 -0.046708 
-0.028874 -0.042775 
-0.030215 -0.037232 
-0.031109 -0.032763 
-0.032629 -0.026818 
-0.033746 -0.020784 
-0.034506 -0.015465 
-0.036830 -0.010727 
-0.039244 -0.006615 
-0.041479 -0.001252 
-0.043132 0.003755 
-0.045501 0.006481 
-0.047155 0.010370 
-0.049435 0.012068 
-0.050641 0.012247 
-0.052027 0.014616 
-0.053055 0.014571 
-0.052385 0.014750 
-0.052474 0.013633 
-0.051088 0.012739 
-0.050418 0.011845 
-0.047289 0.010459 
-0.043624 0.010548 
-0.040898 0.008761 
-0.036651 0.008358 
-0.032182 0.008761 
-0.026952 0.009252 
-0.021723 0.009654 
-0.015510 0.010683 
-0.009699 0.011845 
-0.004157 0.012694 
0.001252 0.014214 
0.005811 0.014482 
0.010191 0.016538 
0.014169 0.017879 
0.016717 0.018326 
0.018594 0.019577 
0.019532 0.020248 
0.019801 0.020024 
0.020695 0.018907 
0.018594 0.018057 
0.018192 0.015733 
0.017789 0.013498 
0.014661 0.011308 
0.013409 0.007286 
0.012202 0.004693 
0.010906 0.000894 
0.009923 -0.003218 
0.009252 -0.005095 
0.007911 -0.009744 
0.007241 -0.012962 
0.008403 -0.015778 
0.010012 -0.019935 
0.011040 -0.021812 
0.011398 -0.024494 
0.012828 -0.025656 
0.014258 -0.026103 
0.014973 -0.026460 
0.015733 -0.025879 
0.016538 -0.024226 
0.017164 -0.022035 
0.016851 -0.020248 
0.015554 -0.017298 
0.013856 -0.014303 
0.011442 -0.011085 
0.009386 -0.008269 
0.007733 -0.004246 
0.004470 -0.000626 
0.001296 0.003263 
-0.001698 0.006839 
-0.005721 0.008224 
-0.008984 0.010906 
-0.012783 0.012426 
-0.016627 0.013990 
-0.018773 0.015376 
-0.021767 0.015152 
-0.023466 0.014392 
-0.024494 0.015197 
-0.026729 0.015331 
-0.026729 0.013901 
-0.026550 0.014214 
-0.026237 0.013230 
-0.024583 0.012426 
-0.022974 0.012873 
-0.020605 0.014929 
-0.016895 0.016359 
-0.012962 0.018415 
-0.009431 0.022482 
-0.005319 0.025075 
-0.000715 0.029723 
0.003799 0.033791 
0.007688 0.037992 
0.010727 0.042998 
0.014035 0.047334 
0.016895 0.050910 
0.018951 0.053860 
0.020695 0.057882 
0.021097 0.058240 
0.021589 0.058732 
0.022125 0.061235 
0.022125 0.059804 
0.021678 0.056854 
0.019577 0.054753 
0.019488 0.050954 
0.020248 0.046261 
0.020024 0.042417 
0.021231 0.037054 
0.022304 0.030841 
0.022438 0.024717 
0.023689 0.019130 
0.027444 0.014437 
0.031466 0.008671 
0.033657 0.002682 
0.037143 -0.000983 
0.041032 -0.005230 
0.044384 -0.010191 
0.049122 -0.012604 
0.051446 -0.014795 
0.054217 -0.017029 
0.057435 -0.019354 
0.058419 -0.020873 
0.059223 -0.021633 
0.058776 -0.022527 
0.058061 -0.021767 
0.055335 -0.022393 
0.051535 -0.023153 
0.047870 -0.023198 
0.043177 -0.024136 
0.037590 -0.025209 
0.031466 -0.026282 
0.025656 -0.025969 
0.019086 -0.027310 
0.012962 -0.029947 
0.006436 -0.031466 
0.000045 -0.033523 
-0.005811 -0.036383 
-0.010548 -0.039244 
-0.013990 -0.041657 
-0.018773 -0.044607 
-0.021544 -0.047826 
-0.023064 -0.050865 
-0.025075 -0.052385 
-0.026505 -0.054083 
-0.027310 -0.056407 
-0.027667 -0.057435 
-0.027801 -0.057346 
-0.027757 -0.056899 
-0.028606 -0.055469 
-0.028517 -0.052608 
-0.028338 -0.050060 
-0.028695 -0.045680 
-0.028472 -0.041613 
-0.030081 -0.036964 
-0.031064 -0.030260 
-0.031869 -0.024539 
-0.034685 -0.018996 
-0.036115 -0.013945 
-0.038663 -0.007733 
-0.041076 -0.002414 
-0.042373 0.002056 
-0.045412 0.005542 
-0.047423 0.007911 
-0.049747 0.010727 
-0.051535 0.011219 
-0.053279 0.011621 
-0.055290 0.011711 
-0.055066 0.012649 
-0.054798 0.012917 
-0.053949 0.011219 
-0.052519 0.010861 
-0.050820 0.010191 
-0.048183 0.009610 
-0.044876 0.008716 
-0.040808 0.008090 
-0.035445 0.008537 
-0.029947 0.008761 
-0.025477 0.009163 
-0.019667 0.009923 
-0.014035 0.010906 
-0.009029 0.012560 
-0.003129 0.014437 
0.002235 0.015018 
0.006436 0.016538 
0.010101 0.018460 
0.013767 0.018907 
0.015644 0.020203 
0.016448 0.021142 
0.017879 0.021097 
0.018370 0.021276 
0.018057 0.019845 
0.017164 0.018236 
0.016091 0.016627 
0.014437 0.013722 
0.013051 0.010772 
0.012962 0.007464 
0.011487 0.004648 
0.010101 0.001252 
0.009342 -0.002816 
0.008984 -0.007107 
0.008984 -0.011442 
0.009520 -0.014035 
0.011129 -0.018013 
0.012023 -0.020829 
0.012873 -0.022348 
0.014169 -0.025611 
0.015331 -0.025701 
0.015912 -0.026282 
0.016851 -0.026729 
0.017074 -0.025343 
0.016895 -0.024762 
0.016672 -0.021499 
0.015644 -0.018415 
0.015778 -0.016046 
0.014079 -0.012739 
0.011353 -0.008984 
0.009252 -0.005051 
0.006436 -0.002056 
0.003531 0.001698 
-0.000536 0.004738 
-0.004917 0.007375 
-0.008090 0.009431 
-0.010548 0.011174 
-0.014884 0.012515 
-0.018773 0.012560 
-0.021007 0.013856 
-0.024494 0.013633 
-0.026729 0.013409 
-0.027176 0.012649 
-0.027578 0.010906 
-0.027578 0.011129 
-0.027444 0.010325 
-0.026103 0.011085 
-0.023957 0.011800 
-0.021544 0.012336 
-0.017700 0.014705 
-0.014169 0.016717 
-0.010280 0.019845 
-0.006973 0.023153 
-0.003576 0.027042 
0.001520 0.031154 
0.004917 0.035757 
0.008135 0.040629 
0.011487 0.044116 
0.013454 0.048228 
0.015152 0.052563 
0.016538 0.056050 
0.017655 0.057480 
0.018460 0.058374 
0.018683 0.059938 
0.018951 0.059134 
0.018773 0.056944 
0.017611 0.055022 
0.017879 0.052742 
0.018236 0.049211 
0.018817 0.045099 
0.020114 0.040048 
0.020248 0.034461 
0.021320 0.030170 
0.023913 0.024226 
0.026103 0.018236 
0.028382 0.014079 
0.032495 0.008716 
0.035668 0.004425 
0.038976 0.000000 
0.043937 -0.004693 
0.048272 -0.006883 
0.051982 -0.010370 
0.053949 -0.013901 
0.056273 -0.015018 
0.059268 -0.017208 
0.060162 -0.018862 
0.059447 -0.019354 
0.058508 -0.021007 
0.056363 -0.021276 
0.053055 -0.021946 
0.049435 -0.023153 
0.045278 -0.023108 
0.040540 -0.024449 
0.034729 -0.024941 
0.028874 -0.024985 
0.021946 -0.026192 
0.016180 -0.028785 
0.010906 -0.030885 
0.004470 -0.031601 
-0.000268 -0.034819 
-0.006079 -0.037545 
-0.010683 -0.040719 
-0.014079 -0.044116 
-0.017879 -0.045322 
-0.020158 -0.048943 
-0.022572 -0.052250 
-0.023913 -0.053547 
-0.024941 -0.055424 
-0.026416 -0.056497 
-0.026505 -0.056944 
-0.025567 -0.057435 
-0.025835 -0.056720 
-0.027176 -0.054351 
-0.026639 -0.051848 
-0.026907 -0.048675 
-0.027846 -0.045054 
-0.027980 -0.039735 
-0.029098 -0.033523 
-0.029589 -0.029321 
-0.030573 -0.023510 
-0.032852 -0.017700 
-0.035176 -0.012113 
-0.037724 -0.006213 
-0.040138 -0.002727 
-0.041970 0.001073 
-0.043937 0.003933 
-0.047110 0.006392 
-0.048898 0.008582 
-0.050865 0.008850 
-0.052563 0.010236 
-0.052385 0.011353 
-0.054262 0.010236 
-0.055603 0.010459 
-0.054128 0.010101 
-0.052295 0.009386 
-0.050373 0.009520 
-0.046753 0.007867 
-0.043847 0.007822 
-0.039959 0.008269 
-0.034327 0.009565 
-0.029902 0.010280 
-0.023153 0.009699 
-0.017923 0.012023 
-0.012873 0.014124 
-0.005855 0.014929 
-0.001609 0.016270 
0.002414 0.018102 
0.006839 0.018862 
0.011129 0.020337 
0.013498 0.021365 
0.014616 0.021231 
0.015867 0.021901 
0.016672 0.022080 
0.017387 0.021544 
0.016493 0.019801 
0.015107 0.018639 
0.013677 0.016091 
0.012426 0.013945 
0.011264 0.010414 
0.009699 0.005676 
0.009073 0.003397 
0.009565 -0.000983 
0.009565 -0.004470 
0.008716 -0.008984 
0.010101 -0.012515 
0.011085 -0.015063 
0.011129 -0.019398 
0.013454 -0.020963 
0.014437 -0.022885 
0.015599 -0.025388 
0.017655 -0.026595 
0.018370 -0.025835 
0.019041 -0.025745 
0.019354 -0.025120 
0.019532 -0.022170 
0.018728 -0.019711 
0.017655 -0.017029 
0.016091 -0.013722 
0.013767 -0.009520 
0.012336 -0.006526 
0.009744 -0.003576 
0.006302 0.000268 
0.003039 0.003352 
-0.000045 0.007017 
-0.003665 0.009297 
-0.007822 0.010280 
-0.011755 0.011711 
-0.015554 0.012158 
-0.017834 0.011979 
-0.020605 0.012381 
-0.022929 0.011889 
-0.024181 0.010683 
-0.026058 0.010012 
-0.026416 0.008582 
-0.026416 0.008761 
-0.025701 0.009386 
-0.023376 0.008716 
-0.021633 0.010593 
-0.018907 0.011979 
-0.015465 0.013454 
-0.011845 0.016940 
-0.008090 0.020069 
-0.004514 0.024717 
0.000000 0.029366 
0.002905 0.032941 
0.006213 0.037411 
0.009654 0.042283 
0.011174 0.046708 
0.013811 0.050865 
0.015376 0.053457 
0.016538 0.056228 
0.017476 0.058463 
0.016493 0.058910 
0.016672 0.059313 
0.017521 0.057659 
0.017164 0.056541 
0.017119 0.054038 
0.016448 0.050105 
0.015420 0.047289 
0.016806 0.042730 
0.017566 0.037501 
0.017968 0.032450 
0.019711 0.027354 
0.023019 0.021544 
0.025745 0.016806 
0.028561 0.012247 
0.034104 0.006123 
0.037635 0.002101 
0.041613 -0.000894 
0.045948 -0.004693 
0.049435 -0.007733 
0.053234 -0.010504 
0.055335 -0.012247 
0.057748 -0.014214 
0.058955 -0.016627 
0.059536 -0.017298 
0.059760 -0.019041 
0.058821 -0.019756 
0.056139 -0.018996 
0.051759 -0.019130 
0.048362 -0.019711 
0.043892 -0.020784 
0.039378 -0.021454 
0.033880 -0.022348 
0.027623 -0.022706 
0.021946 -0.024583 
0.015107 -0.027488 
0.010101 -0.028785 
0.004872 -0.031020 
-0.001252 -0.034551 
-0.005989 -0.037277 
-0.009431 -0.040808 
-0.012649 -0.043579 
-0.016404 -0.045904 
-0.018594 -0.050194 
-0.020158 -0.052742 
-0.022572 -0.055424 
-0.023287 -0.057257 
-0.023287 -0.058016 
-0.024941 -0.059357 
-0.024941 -0.058374 
-0.023913 -0.056050 
-0.024002 -0.053591 
-0.024985 -0.050999 
-0.026013 -0.046038 
-0.026058 -0.040987 
-0.027444 -0.036473 
-0.028338 -0.031869 
-0.029410 -0.027176 
-0.032092 -0.021052 
-0.034908 -0.016136 
-0.037232 -0.010772 
-0.038573 -0.006570 
-0.041434 -0.003308 
-0.044876 0.000358 
-0.046529 0.002727 
-0.048451 0.005140 
-0.051357 0.006973 
-0.052474 0.008358 
-0.053949 0.008358 
-0.054843 0.008224 
-0.055513 0.008045 
-0.056363 0.007733 
-0.054843 0.008135 
-0.053547 0.007643 
-0.050239 0.006928 
-0.046708 0.006302 
-0.042775 0.007643 
-0.037232 0.009208 
-0.032763 0.009208 
-0.026818 0.009878 
-0.020784 0.011264 
-0.015465 0.012694 
-0.010727 0.013275 
-0.006615 0.015152 
-0.001252 0.017253 
0.003755 0.018370 
0.006481 0.020248 
0.010370 0.021365 
0.012068 0.021991 
0.012247 0.023868 
0.014616 0.025075 
0.014571 0.023510 
0.014750 0.022438 
0.013633 0.021499 
0.012739 0.018773 
0.011845 0.015867 
0.010459 0.013007 
0.010548 0.009654 
0.008761 0.005989 
0.008358 0.002145 
0.008761 -0.001698 
0.009252 -0.005632 
0.009654 -0.009967 
0.010683 -0.013320 
0.011845 -0.016448 
0.012694 -0.019086 
0.014214 -0.021723 
0.014482 -0.024360 
0.016538 -0.024896 
0.017879 -0.024985 
0.018326 -0.024717 
0.019577 -0.024896 
0.020248 -0.022929 
0.020024 -0.020248 
0.018907 -0.018013 
0.018057 -0.014616 
0.015733 -0.011621 
0.013498 -0.008135 
0.011308 -0.005185 
0.007286 -0.001028 
0.004693 0.002727 
0.000894 0.004604 
-0.003218 0.005989 
-0.005095 0.007688 
-0.009744 0.009520 
-0.012962 0.010012 
-0.015778 0.010772 
-0.019935 0.010548 
-0.021812 0.009342 
-0.024494 0.008895 
-0.025656 0.008582 
-0.026103 0.007330 
-0.026460 0.006481 
-0.025879 0.006123 
-0.024226 0.007107 
-0.022035 0.008358 
-0.020248 0.009073 
-0.017298 0.011755 
-0.014303 0.014079 
-0.011085 0.018013 
-0.008269 0.021812 
-0.004246 0.025790 
-0.000626 0.030930 
0.003263 0.034551 
0.006839 0.039423 
0.008224 0.043937 
0.010906 0.048407 
0.012426 0.051982 
0.013990 0.054530 
0.015376 0.057659 
0.015152 0.059357 
0.014392 0.060028 
0.015197 0.059670 
0.015331 0.057480 
0.013901 0.056184 
0.014214 0.053725 
0.013230 0.049077 
0.012426 0.045725 
0.012873 0.041434 
0.014929 0.036338 
0.016359 0.030975 
0.018415 0.025835 
0.022482 0.021097 
0.025075 0.016761 
0.029723 0.011845 
0.033791 0.007196 
0.037992 0.003173 
0.042998 -0.001654 
0.047334 -0.003576 
0.050910 -0.006213 
0.053860 -0.008805 
0.057882 -0.010772 
0.058240 -0.013186 
0.058732 -0.014795 
0.061235 -0.016582 
0.059804 -0.016359 
0.056854 -0.017476 
0.054753 -0.017834 
0.050954 -0.018639 
0.046261 -0.019622 
0.042417 -0.019577 
0.037054 -0.020873 
0.030841 -0.022170 
0.024717 -0.024315 
0.019130 -0.024762 
0.014437 -0.026595 
0.008671 -0.029321 
0.002682 -0.032405 
-0.000983 -0.035713 
-0.005230 -0.038082 
-0.010191 -0.041791 
-0.012604 -0.045725 
-0.014795 -0.049524 
-0.017029 -0.051714 
-0.019354 -0.054396 
-0.020873 -0.056631 
-0.021633 -0.058106 
-0.022527 -0.058687 
-0.021767 -0.057525 
-0.022393 -0.056631 
-0.023153 -0.054843 
-0.023198 -0.052161 
-0.024136 -0.047691 
-0.025209 -0.043758 
-0.026282 -0.039333 
-0.025969 -0.034372 
-0.027310 -0.029634 
-0.029947 -0.022929 
-0.031466 -0.018549 
-0.033523 -0.013186 
-0.036383 -0.008090 
-0.039244 -0.005006 
-0.041657 -0.001162 
-0.044607 0.001252 
-0.047826 0.003531 
-0.050865 0.005676 
-0.052385 0.006481 
-0.054083 0.007241 
-0.056407 0.007956 
-0.057435 0.007330 
-0.057346 0.007867 
-0.056899 0.007017 
-0.055469 0.006392 
-0.052608 0.007822 
-0.050060 0.006749 
-0.045680 0.007062 
-0.041613 0.007867 
-0.036964 0.009073 
-0.030260 0.010638 
-0.024539 0.011845 
-0.018996 0.013275 
-0.013945 0.014661 
-0.007733 0.016761 
-0.002414 0.017968 
0.002056 0.019801 
0.005542 0.020560 
0.007911 0.022170 
0.010727 0.024404 
0.011219 0.024762 
0.011621 0.025388 
0.011711 0.025343 
0.012649 0.024181 
0.012917 0.022259 
0.011219 0.020337 
0.010861 0.017164 
0.010191 0.015152 
0.009610 0.011800 
0.008716 0.007151 
0.008090 0.004201 
0.008537 0.000089 
0.008761 -0.002682 
0.009163 -0.006436 
0.009923 -0.011085 
0.010906 -0.014482 
0.012560 -0.017700 
0.014437 -0.020739 
0.015018 -0.022929 
0.016538 -0.024136 
0.018460 -0.024941 
0.018907 -0.024404 
0.020203 -0.023913 
0.021142 -0.022706 
0.021097 -0.020873 
0.021276 -0.018594 
0.019845 -0.015510 
0.018236 -0.011755 
0.016627 -0.007420 
0.013722 -0.004693 
0.010772 -0.001922 
0.007464 0.001698 
0.004648 0.004917 
0.001252 0.007107 
-0.002816 0.008001 
-0.007107 0.009073 
-0.011442 0.010057 
-0.014035 0.009431 
-0.018013 0.009431 
-0.020829 0.010280 
-0.022348 0.008314 
-0.025611 0.006705 
-0.025701 0.006794 
-0.026282 0.005766 
-0.026729 0.005230 
-0.025343 0.005364 
-0.024762 0.006436 
-0.021499 0.008448 
-0.018415 0.010057 
-0.016046 0.013051 
-0.012739 0.016359 
-0.008984 0.019711 
-0.005051 0.024226 
-0.002056 0.028293 
0.001698 0.032226 
0.004738 0.037322 
0.007375 0.041926 
0.009431 0.045725 
0.011174 0.049703 
0.012515 0.052519 
0.012560 0.055066 
0.013856 0.056541 
0.013633 0.057346 
0.013409 0.057480 
0.012649 0.056050 
0.010906 0.054530 
0.011129 0.052787 
0.010325 0.050507 
0.011085 0.046351 
0.011800 0.041970 
0.012336 0.038082 
0.014705 0.033701 
0.016717 0.028963 
0.019845 0.023779 
0.023153 0.018326 
0.027042 0.013230 
0.031154 0.009073 
0.035757 0.005006 
0.040629 0.001386 
0.044116 -0.002145 
0.048228 -0.004872 
0.052563 -0.007777 
0.056050 -0.009967 
0.057480 -0.011085 
0.058374 -0.013051 
0.059938 -0.014437 
0.059134 -0.015599 
0.056944 -0.015689 
0.055022 -0.015912 
0.052742 -0.016359 
0.049211 -0.016180 
0.045099 -0.016538 
0.040048 -0.017208 
0.034461 -0.018013 
0.030170 -0.019264 
0.024226 -0.021276 
0.018236 -0.023287 
0.014079 -0.025745 
0.008716 -0.029187 
0.004425 -0.032360 
0.000000 -0.035802 
-0.004693 -0.040138 
-0.006883 -0.043847 
-0.010370 -0.047691 
-0.013901 -0.050999 
-0.015018 -0.054128 
-0.017208 -0.056675 
-0.018862 -0.058285 
-0.019354 -0.059760 
-0.021007 -0.059223 
-0.021276 -0.058240 
-0.021946 -0.056452 
-0.023153 -0.054307 
-0.023108 -0.051044 
-0.024449 -0.047066 
-0.024941 -0.042819 
-0.024985 -0.038037 
-0.026192 -0.033791 
-0.028785 -0.027980 
-0.030885 -0.023689 
-0.031601 -0.018639 
-0.034819 -0.013901 
-0.037545 -0.010057 
-0.040719 -0.005945 
-0.044116 -0.003844 
-0.045322 -0.001207 
-0.048943 0.000894 
-0.052250 0.003129 
-0.053547 0.003442 
-0.055424 0.003352 
-0.056497 0.004246 
-0.056944 0.005140 
-0.057435 0.005587 
-0.056720 0.004514 
-0.054351 0.004738 
-0.051848 0.004827 
-0.048675 0.005230 
-0.045054 0.005542 
-0.039735 0.006258 
-0.033523 0.007330 
-0.029321 0.008582 
-0.023510 0.010548 
-0.017700 0.012202 
-0.012113 0.014705 
-0.006213 0.016225 
-0.002727 0.018862 
0.001073 0.020918 
0.003933 0.022393 
0.006392 0.024092 
0.008582 0.024628 
0.008850 0.026148 
0.010236 0.026595 
0.011353 0.027086 
0.010236 0.025745 
0.010459 0.023510 
0.010101 0.021589 
0.009386 0.018639 
0.009520 0.016270 
0.007867 0.012560 
0.007822 0.008358 
0.008269 0.003710 
0.009565 -0.000670 
0.010280 -0.003710 
0.009699 -0.007822 
0.012023 -0.012113 
0.014124 -0.014839 
0.014929 -0.018057 
0.016270 -0.020650 
0.018102 -0.021723 
0.018862 -0.023421 
0.020337 -0.023332 
0.021365 -0.023689 
0.021231 -0.022751 
0.021901 -0.019979 
0.022080 -0.018683 
0.021544 -0.016493 
0.019801 -0.013990 
0.018639 -0.010146 
0.016091 -0.006660 
0.013945 -0.003352 
0.010414 -0.000760 
0.005676 0.000492 
0.003397 0.002458 
-0.000983 0.005006 
-0.004470 0.006705 
-0.008984 0.006079 
-0.012515 0.006123 
-0.015063 0.005811 
-0.019398 0.006347 
-0.020963 0.006168 
-0.022885 0.003799 
-0.025388 0.003620 
-0.026595 0.003442 
-0.025835 0.002861 
-0.025745 0.003308 
-0.025120 0.003486 
-0.022170 0.004872 
-0.019711 0.007286 
-0.017029 0.008761 
-0.013722 0.012068 
-0.009520 0.015733 
-0.006526 0.019979 
-0.003576 0.025209 
0.000268 0.028695 
0.003352 0.033433 
0.007017 0.038394 
0.009297 0.042149 
0.010280 0.045501 
0.011711 0.049926 
0.012158 0.052832 
0.011979 0.054262 
0.012381 0.056228 
0.011889 0.057122 
0.010683 0.056854 
0.010012 0.056094 
0.008582 0.054798 
0.008761 0.052697 
0.009386 0.049747 
0.008716 0.045233 
0.010593 0.042373 
0.011979 0.037992 
0.013454 0.033388 
0.016940 0.029232 
0.020069 0.022393 
0.024717 0.019622 
0.029366 0.015778 
0.032941 0.010638 
0.037411 0.007464 
0.042283 0.003308 
0.046708 -0.000447 
0.050865 -0.003486 
0.053457 -0.005766 
0.056228 -0.008448 
0.058463 -0.011085 
0.058910 -0.011576 
0.059313 -0.012470 
0.057659 -0.013945 
0.056541 -0.014303 
0.054038 -0.015331 
0.050105 -0.015242 
0.047289 -0.016091 
0.042730 -0.015957 
0.037501 -0.016448 
0.032450 -0.019309 
0.027354 -0.020114 
0.021544 -0.023064 
0.016806 -0.025522 
0.012247 -0.027801 
0.006123 -0.030930 
0.002101 -0.033701 
-0.000894 -0.037903 
-0.004693 -0.043266 
-0.007733 -0.048004 
-0.010504 -0.050105 
-0.012247 -0.052966 
-0.014214 -0.056273 
-0.016627 -0.058687 
-0.017298 -0.059491 
-0.019041 -0.060117 
-0.019756 -0.059894 
-0.018996 -0.058016 
-0.019130 -0.056675 
-0.019711 -0.053815 
-0.020784 -0.049882 
-0.021454 -0.045904 
-0.022348 -0.041210 
-0.022706 -0.036249 
-0.024583 -0.031288 
-0.027488 -0.025477 
-0.028785 -0.020560 
-0.031020 -0.016225 
-0.034551 -0.012470 
-0.037277 -0.009073 
-0.040808 -0.005453 
-0.043579 -0.003486 
-0.045904 -0.001833 
-0.050194 0.000894 
-0.052742 0.002414 
-0.055424 0.002816 
-0.057257 0.004470 
-0.058016 0.003844 
-0.059357 0.003844 
-0.058374 0.004380 
-0.056050 0.004246 
-0.053591 0.005006 
-0.050999 0.004112 
-0.046038 0.005900 
-0.040987 0.006705 
-0.036473 0.008001 
-0.031869 0.009431 
-0.027176 0.010593 
-0.021052 0.013856 
-0.016136 0.014661 
-0.010772 0.017655 
-0.006570 0.019041 
-0.003308 0.020069 
0.000358 0.023242 
0.002727 0.024136 
0.005140 0.025298 
0.006973 0.026103 
0.008358 0.026729 
0.008358 0.026505 
0.008224 0.025254 
0.008045 0.024762 
0.007733 0.023108 
0.008135 0.019354 
0.007643 0.016761 
0.006928 0.014035 
0.006302 0.009833 
0.007643 0.007062 
0.009208 0.003173 
0.009208 -0.001252 
0.009878 -0.005364 
0.011264 -0.010236 
0.012694 -0.013677 
0.013275 -0.016806 
0.015152 -0.019935 
0.017253 -0.022214 
0.018370 -0.023153 
0.020248 -0.023510 
0.021365 -0.023868 
0.021991 -0.022393 
0.023868 -0.020784 
0.025075 -0.018773 
0.023510 -0.015912 
0.022438 -0.013007 
0.021499 -0.010146 
0.018773 -0.007151 
0.015867 -0.003978 
0.013007 -0.001788 
0.009654 0.000179 
0.005989 0.002548 
0.002145 0.004872 
-0.001698 0.005140 
-0.005632 0.006258 
-0.009967 0.007062 
-0.013320 0.005453 
-0.016448 0.005364 
-0.019086 0.005006 
-0.021723 0.004246 
-0.024360 0.003308 
-0.024896 0.002235 
-0.024985 0.001788 
-0.024717 0.001698 
-0.024896 0.002324 
-0.022929 0.003576 
-0.020248 0.005274 
-0.018013 0.006928 
-0.014616 0.009789 
-0.011621 0.013186 
-0.008135 0.016582 
-0.005185 0.021544 
-0.001028 0.027176 
0.002727 0.030349 
0.004604 0.034908 
0.005989 0.040495 
0.007688 0.043669 
0.009520 0.048094 
0.010012 0.051401 
0.010772 0.053144 
0.010548 0.055424 
0.009342 0.056228 
0.008895 0.056631 
0.008582 0.056497 
0.007330 0.054172 
0.006481 0.052161 
0.006123 0.049524 
0.007107 0.046753 
0.008358 0.043803 
0.009073 0.039467 
0.011755 0.035534 
0.014079 0.030438 
0.018013 0.025969 
0.021812 0.020784 
0.025790 0.016448 
0.030930 0.013141 
0.034551 0.008403 
0.039423 0.004783 
0.043937 0.000715 
0.048407 -0.002101 
0.051982 -0.004112 
0.054530 -0.006570 
0.057659 -0.008984 
0.059357 -0.010548 
0.060028 -0.011040 
0.059670 -0.011442 
0.057480 -0.011576 
0.056184 -0.012023 
0.053725 -0.012023 
0.049077 -0.012649 
0.045725 -0.013096 
0.041434 -0.014079 
0.036338 -0.015867 
0.030975 -0.016940 
0.025835 -0.018281 
0.021097 -0.021410 
0.016761 -0.024717 
0.011845 -0.027444 
0.007196 -0.031332 
0.003173 -0.034998 
-0.001654 -0.039020 
-0.003576 -0.043266 
-0.006213 -0.047647 
-0.008805 -0.051669 
-0.010772 -0.054172 
-0.013186 -0.056854 
-0.014795 -0.057927 
-0.016582 -0.058553 
-0.016359 -0.060206 
-0.017476 -0.059357 
-0.017834 -0.057122 
-0.018639 -0.054575 
-0.019622 -0.050820 
-0.019577 -0.047110 
-0.020873 -0.042373 
-0.022170 -0.038350 
-0.024315 -0.034014 
-0.024762 -0.029142 
-0.026595 -0.025164 
-0.029321 -0.019935 
-0.032405 -0.016136 
-0.035713 -0.012604 
-0.038082 -0.009342 
-0.041791 -0.006436 
-0.045725 -0.003665 
-0.049524 -0.002101 
-0.051714 0.000223 
-0.054396 0.001564 
-0.056631 0.001922 
-0.058106 0.001877 
-0.058687 0.001698 
-0.057525 0.002369 
-0.056631 0.002458 
-0.054843 0.002101 
-0.052161 0.002503 
-0.047691 0.003755 
-0.043758 0.004604 
-0.039333 0.004783 
-0.034372 0.006794 
-0.029634 0.008761 
-0.022929 0.009833 
-0.018549 0.012068 
-0.013186 0.013767 
-0.008090 0.016046 
-0.005006 0.018862 
-0.001162 0.020739 
0.001252 0.022795 
0.003531 0.024762 
0.005676 0.026371 
0.006481 0.027176 
0.007241 0.026684 
0.007956 0.026863 
0.007330 0.026907 
0.007867 0.025835 
0.007017 0.023466 
0.006392 0.019443 
0.007822 0.016895 
0.006749 0.013051 
0.007062 0.008448 
0.007867 0.005319 
0.009073 0.001028 
0.010638 -0.003710 
0.011845 -0.007733 
0.013275 -0.010638 
0.014661 -0.014616 
0.016761 -0.018102 
0.017968 -0.019845 
0.019801 -0.021276 
0.020560 -0.022170 
0.022170 -0.022304 
0.024404 -0.021812 
0.024762 -0.021320 
0.025388 -0.019667 
0.025343 -0.016895 
0.024181 -0.014437 
0.022259 -0.011532 
0.020337 -0.008135 
0.017164 -0.005185 
0.015152 -0.002011 
0.011800 0.000581 
0.007151 0.002771 
0.004201 0.004201 
0.000089 0.004917 
-0.002682 0.005051 
-0.006436 0.004336 
-0.011085 0.005319 
-0.014482 0.004783 
-0.017700 0.002861 
-0.020739 0.002592 
-0.022929 0.001520 
-0.024136 0.000045 
-0.024941 -0.000089 
-0.024404 -0.000447 
-0.023913 -0.000402 
-0.022706 0.000760 
-0.020873 0.001698 
-0.018594 0.004201 
-0.015510 0.006839 
-0.011755 0.010101 
-0.007420 0.014169 
-0.004693 0.017968 
-0.001922 0.023064 
0.001698 0.027578 
0.004917 0.032048 
0.007107 0.037277 
0.008001 0.040763 
0.009073 0.044071 
0.010057 0.047915 
0.009431 0.050329 
0.009431 0.052832 
0.010280 0.054083 
0.008314 0.054664 
0.006705 0.055513 
0.006794 0.054396 
0.005766 0.052653 
0.005230 0.050641 
0.005364 0.048630 
0.006436 0.046842 
0.008448 0.043490 
0.010057 0.039154 
0.013051 0.035445 
0.016359 0.030573 
0.019711 0.026416 
0.024226 0.022527 
0.028293 0.017655 
0.032226 0.012917 
0.037322 0.009073 
0.041926 0.006347 
0.045725 0.002682 
0.049703 -0.000134 
0.052519 -0.003084 
0.055066 -0.004783 
0.056541 -0.006749 
0.057346 -0.008314 
0.057480 -0.008090 
0.056050 -0.009654 
0.054530 -0.008939 
0.052787 -0.009342 
0.050507 -0.009833 
0.046351 -0.009476 
0.041970 -0.010593 
0.038082 -0.011979 
0.033701 -0.013141 
0.028963 -0.013901 
0.023779 -0.017208 
0.018326 -0.020918 
0.013230 -0.025030 
0.009073 -0.028561 
0.005006 -0.032226 
0.001386 -0.037188 
-0.002145 -0.041121 
-0.004872 -0.045278 
-0.007777 -0.049747 
-0.009967 -0.053323 
-0.011085 -0.055558 
-0.013051 -0.058285 
-0.014437 -0.059268 
-0.015599 -0.059491 
-0.015689 -0.059223 
-0.015912 -0.057569 
-0.016359 -0.055335 
-0.016180 -0.051804 
-0.016538 -0.049122 
-0.017208 -0.045501 
-0.018013 -0.041479 
-0.019264 -0.037277 
-0.021276 -0.031913 
-0.023287 -0.027533 
-0.025745 -0.023510 
-0.029187 -0.019041 
-0.032360 -0.014750 
-0.035802 -0.011353 
-0.040138 -0.008135 
-0.043847 -0.006123 
-0.047691 -0.005319 
-0.050999 -0.003397 
-0.054128 -0.001698 
-0.056675 -0.000760 
-0.058285 -0.000268 
-0.059760 0.000089 
-0.059223 0.000849 
-0.058240 0.000715 
-0.056452 0.001252 
-0.054307 0.001341 
-0.051044 0.001788 
-0.047066 0.003397 
-0.042819 0.004291 
-0.038037 0.005453 
-0.033791 0.007107 
-0.027980 0.009208 
-0.023689 0.010325 
-0.018639 0.013722 
-0.013901 0.017208 
-0.010057 0.019086 
-0.005945 0.021052 
-0.003844 0.022929 
-0.001207 0.025835 
0.000894 0.026282 
0.003129 0.027310 
0.003442 0.028651 
0.003352 0.028963 
0.004246 0.028829 
0.005140 0.027667 
0.005587 0.025567 
0.004514 0.022125 
0.004738 0.020024 
0.004827 0.016761 
0.005230 0.012783 
0.005542 0.008403 
0.006258 0.003710 
0.007330 -0.000536 
0.008582 -0.005319 
0.010548 -0.009208 
0.012202 -0.013230 
0.014705 -0.015778 
0.016225 -0.017789 
0.018862 -0.020650 
0.020918 -0.021052 
0.022393 -0.021052 
0.024092 -0.021767 
0.024628 -0.020560 
0.026148 -0.018773 
0.026595 -0.016493 
0.027086 -0.014526 
0.025745 -0.012113 
0.023510 -0.008716 
0.021589 -0.006213 
0.018639 -0.003084 
0.016270 -0.001117 
0.012560 0.000849 
0.008358 0.002056 
0.003710 0.002861 
-0.000670 0.003933 
-0.003710 0.003352 
-0.007822 0.003710 
-0.012113 0.003710 
-0.014839 0.002190 
-0.018057 0.000358 
-0.020650 -0.000536 
-0.021723 -0.001475 
-0.023421 -0.002369 
-0.023332 -0.002771 
-0.023689 -0.002503 
-0.022751 -0.001520 
-0.019979 -0.000760 
-0.018683 0.001922 
-0.016493 0.004246 
-0.013990 0.006526 
-0.010146 0.010638 
-0.006660 0.014750 
-0.003352 0.018817 
-0.000760 0.023645 
0.000492 0.029187 
0.002458 0.033478 
0.005006 0.037143 
0.006705 0.041166 
0.006079 0.044876 
0.006123 0.047960 
0.005811 0.051044 
0.006347 0.052653 
0.006168 0.054038 
0.003799 0.055469 
0.003620 0.054843 
0.003442 0.054441 
0.002861 0.052742 
0.003308 0.050463 
0.003486 0.048630 
0.004872 0.045278 
0.007286 0.042149 
0.008761 0.038394 
0.012068 0.033344 
0.015733 0.028963 
0.019979 0.023913 
0.025209 0.019488 
0.028695 0.015689 
0.033433 0.011487 
0.038394 0.008671 
0.042149 0.004470 
0.045501 0.000939 
0.049926 -0.001564 
0.052832 -0.004336 
0.054262 -0.005095 
0.056228 -0.006392 
0.057122 -0.007286 
0.056854 -0.007196 
0.056094 -0.007822 
0.054798 -0.008358 
0.052697 -0.008671 
0.049747 -0.008314 
0.045233 -0.008448 
0.042373 -0.009744 
0.037992 -0.011219 
0.033388 -0.013677 
0.029232 -0.015107 
0.022393 -0.017923 
0.019622 -0.022840 
0.015778 -0.024762 
0.010638 -0.029008 
0.007464 -0.034506 
0.003308 -0.038305 
-0.000447 -0.042909 
-0.003486 -0.046440 
-0.005766 -0.050686 
-0.008448 -0.054083 
-0.011085 -0.056184 
-0.011576 -0.058508 
-0.012470 -0.059804 
-0.013945 -0.060117 
-0.014303 -0.059715 
-0.015331 -0.058329 
-0.015242 -0.054575 
-0.016091 -0.051714 
-0.015957 -0.049122 
-0.016448 -0.044473 
-0.019309 -0.040451 
-0.020114 -0.036026 
-0.023064 -0.031064 
-0.025522 -0.026639 
-0.027801 -0.022348 
-0.030930 -0.018728 
-0.033701 -0.015465 
-0.037903 -0.011755 
-0.043266 -0.009208 
-0.048004 -0.007554 
-0.050105 -0.005587 
-0.052966 -0.004425 
-0.056273 -0.003486 
-0.058687 -0.003084 
-0.059491 -0.002771 
-0.060117 -0.001654 
-0.059894 -0.001609 
-0.058016 -0.001073 
-0.056675 0.000268 
-0.053815 0.000000 
-0.049882 0.000581 
-0.045904 0.001922 
-0.041210 0.003531 
-0.036249 0.005587 
-0.031288 0.007286 
-0.025477 0.009386 
-0.020560 0.011129 
-0.016225 0.014079 
-0.012470 0.017119 
-0.009073 0.018639 
-0.005453 0.021678 
-0.003486 0.024136 
-0.001833 0.025879 
0.000894 0.028472 
0.002414 0.029187 
0.002816 0.029232 
0.004470 0.029232 
0.003844 0.028606 
0.003844 0.027310 
0.004380 0.024985 
0.004246 0.023019 
0.005006 0.019756 
0.004112 0.016582 
0.005900 0.012292 
0.006705 0.007286 
0.008001 0.004380 
0.009431 -0.000492 
0.010593 -0.005676 
0.013856 -0.010101 
0.014661 -0.013186 
0.017655 -0.015733 
0.019041 -0.018013 
0.020069 -0.018773 
0.023242 -0.020918 
0.024136 -0.019935 
0.025298 -0.019086 
0.026103 -0.019175 
0.026729 -0.015867 
0.026505 -0.014124 
0.025254 -0.011979 
0.024762 -0.008582 
0.023108 -0.006123 
0.019354 -0.004201 
0.016761 -0.002458 
0.014035 -0.000402 
0.009833 0.000715 
0.007062 0.001386 
0.003173 0.001743 
-0.001252 0.002145 
-0.005364 0.002682 
-0.010236 0.001698 
-0.013677 0.001028 
-0.016806 0.000223 
-0.019935 -0.001564 
-0.022214 -0.002592 
-0.023153 -0.003576 
-0.023510 -0.003620 
-0.023868 -0.002771 
-0.022393 -0.002548 
-0.020784 -0.002101 
-0.018773 0.000179 
-0.015912 0.003486 
-0.013007 0.005364 
-0.010146 0.008448 
-0.007151 0.013320 
-0.003978 0.017566 
-0.001788 0.021678 
0.000179 0.025254 
0.002548 0.030483 
0.004872 0.035221 
0.005140 0.038037 
0.006258 0.041791 
0.007062 0.044429 
0.005453 0.047379 
0.005364 0.050105 
0.005006 0.051580 
0.004246 0.052697 
0.003308 0.052921 
0.002235 0.053234 
0.001788 0.051669 
0.001698 0.050865 
0.002324 0.049390 
0.003576 0.045904 
0.005274 0.043311 
0.006928 0.039512 
0.009789 0.035936 
0.013186 0.032182 
0.016582 0.027623 
0.021544 0.023198 
0.027176 0.019041 
0.030349 0.015242 
0.034908 0.010325 
0.040495 0.006168 
0.043669 0.003486 
0.048094 0.001028 
0.051401 -0.001520 
0.053144 -0.003218 
0.055424 -0.003755 
0.056228 -0.005006 
0.056631 -0.005542 
0.056497 -0.005051 
0.054172 -0.006213 
0.052161 -0.006213 
0.049524 -0.006034 
0.046753 -0.006973 
0.043803 -0.007241 
0.039467 -0.008805 
0.035534 -0.010951 
0.030438 -0.013230 
0.025969 -0.016493 
0.020784 -0.019443 
0.016448 -0.023153 
0.013141 -0.028204 
0.008403 -0.032048 
0.004783 -0.035981 
0.000715 -0.041255 
-0.002101 -0.045278 
-0.004112 -0.049211 
-0.006570 -0.052340 
-0.008984 -0.054172 
-0.010548 -0.057078 
-0.011040 -0.058508 
-0.011442 -0.058866 
-0.011576 -0.059000 
-0.012023 -0.057525 
-0.012023 -0.056139 
-0.012649 -0.053189 
-0.013096 -0.049882 
-0.014079 -0.046663 
-0.015867 -0.042373 
-0.016940 -0.039020 
-0.018281 -0.033970 
-0.021410 -0.029768 
-0.024717 -0.025745 
-0.027444 -0.021589 
-0.031332 -0.018817 
-0.034998 -0.015644 
-0.039020 -0.014035 
-0.043266 -0.011174 
-0.047647 -0.009029 
-0.051669 -0.008224 
-0.054172 -0.006928 
-0.056854 -0.004872 
-0.057927 -0.003978 
-0.058553 -0.005185 
-0.060206 -0.002905 
-0.059357 -0.002101 
-0.057122 -0.002145 
-0.054575 -0.001564 
-0.050820 -0.000939 
-0.047110 0.001520 
-0.042373 0.002056 
-0.038350 0.002682 
-0.034014 0.004872 
-0.029142 0.008269 
-0.025164 0.010280 
-0.019935 0.013051 
-0.016136 0.016761 
-0.012604 0.018281 
-0.009342 0.021231 
-0.006436 0.023779 
-0.003665 0.025477 
-0.002101 0.027712 
0.000223 0.029634 
0.001564 0.030483 
0.001922 0.031109 
0.001877 0.030930 
0.001698 0.028919 
0.002369 0.027712 
0.002458 0.025388 
0.002101 0.022125 
0.002503 0.018057 
0.003755 0.013633 
0.004604 0.009923 
0.004783 0.004872 
0.006794 0.000089 
0.008761 -0.003442 
0.009833 -0.007509 
0.012068 -0.012202 
0.013767 -0.015107 
0.016046 -0.016806 
0.018862 -0.017968 
0.020739 -0.018683 
0.022795 -0.019175 
0.024762 -0.019175 
0.026371 -0.017655 
0.027176 -0.015510 
0.026684 -0.014482 
0.026863 -0.011755 
0.026907 -0.009520 
0.025835 -0.006302 
0.023466 -0.003173 
0.019443 -0.002503 
0.016895 0.000179 
0.013051 0.000760 
0.008448 0.001386 
0.005319 0.002503 
0.001028 0.001609 
-0.003710 0.001386 
-0.007733 0.000983 
-0.010638 -0.000045 
-0.014616 -0.001877 
-0.018102 -0.003352 
-0.019845 -0.004067 
-0.021276 -0.004961 
-0.022170 -0.005632 
-0.022304 -0.005408 
-0.021812 -0.004470 
-0.021320 -0.003397 
-0.019667 -0.002056 
-0.016895 -0.000134 
-0.014437 0.002637 
-0.011532 0.006213 
-0.008135 0.009386 
-0.005185 0.012694 
-0.002011 0.017834 
0.000581 0.021812 
0.002771 0.025477 
0.004201 0.029768 
0.004917 0.033880 
0.005051 0.038260 
0.004336 0.041702 
0.005319 0.045725 
0.004783 0.048541 
0.002861 0.049926 
0.002592 0.052027 
0.001520 0.053144 
0.000045 0.052876 
-0.000089 0.052742 
-0.000447 0.051893 
-0.000402 0.050194 
0.000760 0.048004 
0.001698 0.045367 
0.004201 0.041970 
0.006839 0.037813 
0.010101 0.035400 
0.014169 0.030617 
0.017968 0.025969 
0.023064 0.022393 
0.027578 0.016806 
0.032048 0.013722 
0.037277 0.010012 
0.040763 0.006079 
0.044071 0.003755 
0.047915 0.001564 
0.050329 0.000045 
0.052832 -0.000849 
0.054083 -0.001609 
0.054664 -0.002816 
0.055513 -0.002548 
0.054396 -0.002324 
0.052653 -0.003084 
0.050641 -0.002861 
0.048630 -0.002995 
0.046842 -0.004559 
0.043490 -0.005453 
0.039154 -0.006660 
0.035445 -0.009610 
0.030573 -0.012560 
0.026416 -0.015733 
0.022527 -0.019935 
0.017655 -0.024047 
0.012917 -0.028561 
0.009073 -0.033880 
0.006347 -0.039020 
0.002682 -0.043177 
-0.000134 -0.046708 
-0.003084 -0.050463 
-0.004783 -0.052742 
-0.006749 -0.055871 
-0.008314 -0.058732 
-0.008090 -0.058866 
-0.009654 -0.059223 
-0.008939 -0.057659 
-0.009342 -0.056944 
-0.009833 -0.055111 
-0.009476 -0.051401 
-0.010593 -0.048407 
-0.011979 -0.043713 
-0.013141 -0.040585 
-0.013901 -0.037679 
-0.017208 -0.033612 
-0.020918 -0.029142 
-0.025030 -0.024896 
-0.028561 -0.021678 
-0.032226 -0.018236 
-0.037188 -0.015018 
-0.041121 -0.013320 
-0.045278 -0.012336 
-0.049747 -0.009699 
-0.053323 -0.008358 
-0.055558 -0.007643 
-0.058285 -0.006392 
-0.059268 -0.005945 
-0.059491 -0.005051 
-0.059223 -0.004380 
-0.057569 -0.003665 
-0.055335 -0.002950 
-0.051804 -0.001833 
-0.049122 -0.000313 
-0.045501 0.000134 
-0.041479 0.002235 
-0.037277 0.004783 
-0.031913 0.006570 
-0.027533 0.008761 
-0.023510 0.010906 
-0.019041 0.014348 
-0.014750 0.017745 
-0.011353 0.020158 
-0.008135 0.022751 
-0.006123 0.025477 
-0.005319 0.028382 
-0.003397 0.030438 
-0.001698 0.030930 
-0.000760 0.031154 
-0.000268 0.031243 
0.000089 0.030349 
0.000849 0.029232 
0.000715 0.027131 
0.001252 0.024226 
0.001341 0.020516 
0.001788 0.015957 
0.003397 0.011264 
0.004291 0.006436 
0.005453 0.002861 
0.007107 -0.001386 
0.009208 -0.006034 
0.010325 -0.010101 
0.013722 -0.013141 
0.017208 -0.015420 
0.019086 -0.017834 
0.021052 -0.018996 
0.022929 -0.019309 
0.025835 -0.018951 
0.026282 -0.018192 
0.027310 -0.016136 
0.028651 -0.014839 
0.028963 -0.012336 
0.028829 -0.008984 
0.027667 -0.007643 
0.025567 -0.005095 
0.022125 -0.003755 
0.020024 -0.001564 
0.016761 0.000983 
0.012783 0.000849 
0.008403 0.001475 
0.003710 0.002145 
-0.000536 0.001117 
-0.005319 0.000089 
-0.009208 -0.001073 
-0.013230 -0.002682 
-0.015778 -0.003486 
-0.017789 -0.004872 
-0.020650 -0.005542 
-0.021052 -0.006794 
-0.021052 -0.006973 
-0.021767 -0.005542 
-0.020560 -0.005766 
-0.018773 -0.003710 
-0.016493 -0.001386 
-0.014526 0.000849 
-0.012113 0.004112 
-0.008716 0.007196 
-0.006213 0.011308 
-0.003084 0.014571 
-0.001117 0.018549 
0.000849 0.023868 
0.002056 0.027578 
0.002861 0.031422 
0.003933 0.035266 
0.003352 0.039199 
0.003710 0.043222 
0.003710 0.045993 
0.002190 0.048809 
0.000358 0.050418 
-0.000536 0.052519 
-0.001475 0.053860 
-0.002369 0.053457 
-0.002771 0.052787 
-0.002503 0.051982 
-0.001520 0.051446 
-0.000760 0.048496 
0.001922 0.045680 
0.004246 0.042104 
0.006526 0.037903 
0.010638 0.034461 
0.014750 0.029008 
0.018817 0.024494 
0.023645 0.020695 
0.029187 0.016001 
0.033478 0.012694 
0.037143 0.009923 
0.041166 0.005989 
0.044876 0.003978 
0.047960 0.002905 
0.051044 0.001162 
0.052653 0.000223 
0.054038 -0.000402 
0.055469 -0.000313 
0.054843 -0.000760 
0.054441 -0.000805 
0.052742 -0.000805 
0.050463 -0.002324 
0.048630 -0.002950 
0.045278 -0.002950 
0.042149 -0.005185 
0.038394 -0.007375 
0.033344 -0.009565 
0.028963 -0.013767 
0.023913 -0.017074 
0.019488 -0.020784 
0.015689 -0.025656 
0.011487 -0.030126 
0.008671 -0.034729 
0.004470 -0.039735 
0.000939 -0.044116 
-0.001564 -0.047736 
-0.004336 -0.051178 
-0.005095 -0.054664 
-0.006392 -0.056899 
-0.007286 -0.057659 
-0.007196 -0.058508 
-0.007822 -0.057793 
-0.008358 -0.056720 
-0.008671 -0.055245 
-0.008314 -0.052832 
-0.008448 -0.049613 
-0.009744 -0.045993 
-0.011219 -0.043132 
-0.013677 -0.038484 
-0.015107 -0.033970 
-0.017923 -0.030483 
-0.022840 -0.026997 
-0.024762 -0.024002 
-0.029008 -0.021320 
-0.034506 -0.017611 
-0.038305 -0.014839 
-0.042909 -0.013096 
-0.046440 -0.010638 
-0.050686 -0.009565 
-0.054083 -0.008671 
-0.056184 -0.008135 
-0.058508 -0.007643 
-0.059804 -0.006705 
-0.060117 -0.006168 
-0.059715 -0.004917 
-0.058329 -0.004246 
-0.054575 -0.004514 
-0.051714 -0.002503 
-0.049122 -0.000313 
-0.044473 -0.000223 
-0.040451 0.002145 
-0.036026 0.005095 
-0.031064 0.007643 
-0.026639 0.009163 
-0.022348 0.011889 
-0.018728 0.016314 
-0.015465 0.018370 
-0.011755 0.021946 
-0.009208 0.024673 
-0.007554 0.026460 
-0.005587 0.029768 
-0.004425 0.031422 
-0.003486 0.032182 
-0.003084 0.032986 
-0.002771 0.031869 
-0.001654 0.029768 
-0.001609 0.028159 
-0.001073 0.025790 
0.000268 0.022929 
0.000000 0.018817 
0.000581 0.014035 
0.001922 0.009252 
0.003531 0.004693 
0.005587 0.000268 
0.007286 -0.004201 
0.009386 -0.007241 
0.011129 -0.010772 
0.014079 -0.013543 
0.017119 -0.014795 
0.018639 -0.016761 
0.021678 -0.017789 
0.024136 -0.017074 
0.025879 -0.016761 
0.028472 -0.015018 
0.029187 -0.012470 
0.029232 -0.010995 
0.029232 -0.009208 
0.028606 -0.007196 
0.027310 -0.004559 
0.024985 -0.001967 
0.023019 -0.000805 
0.019756 0.000402 
0.016582 0.002280 
0.012292 0.002101 
0.007286 0.002011 
0.004380 0.001922 
-0.000492 0.000223 
-0.005676 -0.000492 
-0.010101 -0.001698 
-0.013186 -0.003084 
-0.015733 -0.004067 
-0.018013 -0.004917 
-0.018773 -0.006302 
-0.020918 -0.006615 
-0.019935 -0.006749 
-0.019086 -0.006615 
-0.019175 -0.004514 
-0.015867 -0.003799 
-0.014124 -0.001654 
-0.011979 0.001341 
-0.008582 0.004514 
-0.006123 0.007956 
-0.004201 0.011353 
-0.002458 0.015465 
-0.000402 0.018951 
0.000715 0.023421 
0.001386 0.028025 
0.001743 0.032360 
0.002145 0.036026 
0.002682 0.040048 
0.001698 0.043043 
0.001028 0.045904 
0.000223 0.048675 
-0.001564 0.049792 
-0.002592 0.052385 
-0.003576 0.052966 
-0.003620 0.053055 
-0.002771 0.052608 
-0.002548 0.050954 
-0.002101 0.049390 
0.000179 0.045904 
0.003486 0.042149 
0.005364 0.039110 
0.008448 0.035891 
0.013320 0.030304 
0.017566 0.026550 
0.021678 0.023064 
0.025254 0.017789 
0.030483 0.014035 
0.035221 0.010414 
0.038037 0.008045 
0.041791 0.005989 
0.044429 0.004783 
0.047379 0.003531 
0.050105 0.002190 
0.051580 0.001654 
0.052697 0.001564 
0.052921 0.002280 
0.053234 0.001833 
0.051669 0.002548 
0.050865 0.002011 
0.049390 0.001252 
0.045904 0.000939 
0.043311 -0.001609 
0.039512 -0.003755 
0.035936 -0.006973 
0.032182 -0.009699 
0.027623 -0.012560 
0.023198 -0.016851 
0.019041 -0.021901 
0.015242 -0.027488 
0.010325 -0.031422 
0.006168 -0.036383 
0.003486 -0.040898 
0.001028 -0.044429 
-0.001520 -0.048228 
-0.003218 -0.051535 
-0.003755 -0.054307 
-0.005006 -0.055245 
-0.005542 -0.056586 
-0.005051 -0.057480 
-0.006213 -0.056139 
-0.006213 -0.055022 
-0.006034 -0.053457 
-0.006973 -0.050999 
-0.007241 -0.048451 
-0.008805 -0.044741 
-0.010951 -0.040763 
-0.013230 -0.037411 
-0.016493 -0.033970 
-0.019443 -0.031020 
-0.023153 -0.027533 
-0.028204 -0.023868 
-0.032048 -0.020829 
-0.035981 -0.018326 
-0.041255 -0.017029 
-0.045278 -0.014616 
-0.049211 -0.012247 
-0.052340 -0.010861 
-0.054172 -0.009878 
-0.057078 -0.010459 
-0.058508 -0.009208 
-0.058866 -0.008358 
-0.059000 -0.008582 
-0.057525 -0.007509 
-0.056139 -0.008135 
-0.053189 -0.006213 
-0.049882 -0.004067 
-0.046663 -0.003442 
-0.042373 -0.000760 
-0.039020 0.001162 
-0.033970 0.003576 
-0.029768 0.006481 
-0.025745 0.009431 
-0.021589 0.012962 
-0.018817 0.016448 
-0.015644 0.020292 
-0.014035 0.023287 
-0.011174 0.025611 
-0.009029 0.028114 
-0.008224 0.030394 
-0.006928 0.031779 
-0.004872 0.032897 
-0.003978 0.032450 
-0.005185 0.031913 
-0.002905 0.030975 
-0.002101 0.027488 
-0.002145 0.023913 
-0.001564 0.020739 
-0.000939 0.016717 
0.001520 0.011666 
0.002056 0.008269 
0.002682 0.004201 
0.004872 -0.001386 
0.008269 -0.004917 
0.010280 -0.007598 
0.013051 -0.010548 
0.016761 -0.013320 
0.018281 -0.015197 
0.021231 -0.015912 
0.023779 -0.016001 
0.025477 -0.016001 
0.027712 -0.014750 
0.029634 -0.012694 
0.030483 -0.011532 
0.031109 -0.010057 
0.030930 -0.007062 
0.028919 -0.004470 
0.027712 -0.003352 
0.025388 -0.001341 
0.022125 -0.000134 
0.018057 0.000581 
0.013633 0.001207 
0.009923 0.001207 
0.004872 0.001252 
0.000089 -0.000089 
-0.003442 -0.001475 
-0.007509 -0.003039 
-0.012202 -0.004380 
-0.015107 -0.005185 
-0.016806 -0.006660 
-0.017968 -0.007867 
-0.018683 -0.008180 
-0.019175 -0.008761 
-0.019175 -0.008626 
-0.017655 -0.006436 
-0.015510 -0.005408 
-0.014482 -0.004246 
-0.011755 -0.001833 
-0.009520 0.001430 
-0.006302 0.005140 
-0.003173 0.007554 
-0.002503 0.011174 
0.000179 0.014839 
0.000760 0.019264 
0.001386 0.024181 
0.002503 0.028114 
0.001609 0.032003 
0.001386 0.035668 
0.000983 0.039959 
-0.000045 0.042775 
-0.001877 0.045635 
-0.003352 0.047870 
-0.004067 0.050329 
-0.004961 0.052206 
-0.005632 0.052027 
-0.005408 0.053100 
-0.004470 0.051446 
-0.003397 0.049345 
-0.002056 0.046842 
-0.000134 0.043445 
0.002637 0.041210 
0.006213 0.036964 
0.009386 0.032897 
0.012694 0.029142 
0.017834 0.024941 
0.021812 0.021097 
0.025477 0.018192 
0.029768 0.014482 
0.033880 0.010951 
0.038260 0.009610 
0.041702 0.007822 
0.045725 0.006570 
0.048541 0.006079 
0.049926 0.005051 
0.052027 0.005051 
0.053144 0.005095 
0.052876 0.004514 
0.052742 0.005498 
0.051893 0.004648 
0.050194 0.003308 
0.048004 0.003173 
0.045367 0.000492 
0.041970 -0.001520 
0.037813 -0.003665 
0.035400 -0.006883 
0.030617 -0.010459 
0.025969 -0.014884 
0.022393 -0.018728 
0.016806 -0.022885 
0.013722 -0.028204 
0.010012 -0.033120 
0.006079 -0.037098 
0.003755 -0.041836 
0.001564 -0.045635 
0.000045 -0.049300 
-0.000849 -0.053100 
-0.001609 -0.054619 
-0.002816 -0.055960 
-0.002548 -0.057212 
-0.002324 -0.057033 
-0.003084 -0.055871 
-0.002861 -0.053636 
-0.002995 -0.052027 
-0.004559 -0.049479 
-0.005453 -0.045814 
-0.006660 -0.043356 
-0.009610 -0.039020 
-0.012560 -0.035623 
-0.015733 -0.033120 
-0.019935 -0.028427 
-0.024047 -0.025432 
-0.028561 -0.023153 
-0.033880 -0.020963 
-0.039020 -0.019264 
-0.043177 -0.016851 
-0.046708 -0.015152 
-0.050463 -0.014169 
-0.052742 -0.013007 
-0.055871 -0.012113 
-0.058732 -0.010772 
-0.058866 -0.011040 
-0.059223 -0.010191 
-0.057659 -0.008761 
-0.056944 -0.008939 
-0.055111 -0.007151 
-0.051401 -0.006973 
-0.048407 -0.004648 
-0.043713 -0.001609 
-0.040585 -0.000402 
-0.037679 0.002637 
-0.033612 0.006079 
-0.029142 0.009789 
-0.024896 0.012202 
-0.021678 0.016314 
-0.018236 0.020337 
-0.015018 0.023734 
-0.013320 0.027444 
-0.012336 0.029545 
-0.009699 0.032271 
-0.008358 0.033567 
-0.007643 0.034104 
-0.006392 0.034819 
-0.005945 0.033835 
-0.005051 0.030885 
-0.004380 0.029768 
-0.003665 0.027086 
-0.002950 0.022393 
-0.001833 0.019890 
-0.000313 0.015733 
0.000134 0.011264 
0.002235 0.006213 
0.004783 0.001609 
0.006570 -0.001162 
0.008761 -0.005453 
0.010906 -0.009878 
0.014348 -0.012113 
0.017745 -0.013901 
0.020158 -0.015197 
0.022751 -0.015197 
0.025477 -0.014839 
0.028382 -0.013096 
0.030438 -0.012426 
0.030930 -0.011353 
0.031154 -0.008895 
0.031243 -0.006883 
0.030349 -0.004157 
0.029232 -0.002950 
0.027131 -0.002011 
0.024226 0.000089 
0.020516 0.000268 
0.015957 0.000894 
0.011264 0.001386 
0.006436 -0.000939 
0.002861 -0.001162 
-0.001386 -0.001788 
-0.006034 -0.003352 
-0.010101 -0.004648 
-0.013141 -0.006123 
-0.015420 -0.006526 
-0.017834 -0.007911 
-0.018996 -0.007509 
-0.019309 -0.008626 
-0.018951 -0.009073 
-0.018192 -0.006973 
-0.016136 -0.006570 
-0.014839 -0.005364 
-0.012336 -0.003352 
-0.008984 -0.000492 
-0.007643 0.002145 
-0.005095 0.005855 
-0.003755 0.009208 
-0.001564 0.012158 
0.000983 0.017029 
0.000849 0.020918 
0.001475 0.025611 
0.002145 0.030304 
0.001117 0.033567 
0.000089 0.036785 
-0.001073 0.041121 
-0.002682 0.044160 
-0.003486 0.046976 
-0.004872 0.049569 
-0.005542 0.049926 
-0.006794 0.051357 
-0.006973 0.051714 
-0.005542 0.051491 
-0.005766 0.050954 
-0.003710 0.048407 
-0.001386 0.044920 
0.000849 0.041613 
0.004112 0.038439 
0.007196 0.034059 
0.011308 0.030617 
0.014571 0.026148 
0.018549 0.021678 
0.023868 0.018236 
0.027578 0.015107 
0.031422 0.012694 
0.035266 0.009252 
0.039199 0.008269 
0.043222 0.007464 
0.045993 0.006570 
0.048809 0.006660 
0.050418 0.005453 
0.052519 0.005498 
0.053860 0.006347 
0.053457 0.006213 
0.052787 0.005587 
0.051982 0.005051 
0.051446 0.003710 
0.048496 0.002592 
0.045680 0.001117 
0.042104 -0.001073 
0.037903 -0.004112 
0.034461 -0.007598 
0.029008 -0.010548 
0.024494 -0.016672 
0.020695 -0.021186 
0.016001 -0.025254 
0.012694 -0.030930 
0.009923 -0.034774 
0.005989 -0.039825 
0.003978 -0.044026 
0.002905 -0.047513 
0.001162 -0.050463 
0.000223 -0.052787 
-0.000402 -0.055156 
-0.000313 -0.056184 
-0.000760 -0.057033 
-0.000805 -0.056675 
-0.000805 -0.054575 
-0.002324 -0.052876 
-0.002950 -0.050150 
-0.002950 -0.046797 
-0.005185 -0.044563 
-0.007375 -0.041032 
-0.009565 -0.037769 
-0.013767 -0.033791 
-0.017074 -0.030617 
-0.020784 -0.029321 
-0.025656 -0.025388 
-0.030126 -0.022348 
-0.034729 -0.021052 
-0.039735 -0.018147 
-0.044116 -0.016270 
-0.047736 -0.015778 
-0.051178 -0.014035 
-0.054664 -0.013364 
-0.056899 -0.012426 
-0.057659 -0.011979 
-0.058508 -0.011845 
-0.057793 -0.010504 
-0.056720 -0.011264 
-0.055245 -0.009744 
-0.052832 -0.008135 
-0.049613 -0.007107 
-0.045993 -0.005140 
-0.043132 -0.004112 
-0.038484 -0.000760 
-0.033970 0.001967 
-0.030483 0.005051 
-0.026997 0.008895 
-0.024002 0.011621 
-0.021320 0.015778 
-0.017611 0.019979 
-0.014839 0.023868 
-0.013096 0.027042 
-0.010638 0.029187 
-0.009565 0.031824 
-0.008671 0.033299 
-0.008135 0.033612 
-0.007643 0.033433 
-0.006705 0.032897 
-0.006168 0.031511 
-0.004917 0.028159 
-0.004246 0.025522 
-0.004514 0.021723 
-0.002503 0.017029 
-0.000313 0.012649 
-0.000223 0.008180 
0.002145 0.005051 
0.005095 -0.000089 
0.007643 -0.004380 
0.009163 -0.006883 
0.011889 -0.010951 
0.016314 -0.013364 
0.018370 -0.013588 
0.021946 -0.014035 
0.024673 -0.013543 
0.026460 -0.013364 
0.029768 -0.012292 
0.031422 -0.009789 
0.032182 -0.008850 
0.032986 -0.006526 
0.031869 -0.004648 
0.029768 -0.003755 
0.028159 -0.001788 
0.025790 0.000179 
0.022929 0.001028 
0.018817 0.001117 
0.014035 0.002011 
0.009252 0.001341 
0.004693 -0.000581 
0.000268 -0.002771 
-0.004201 -0.003173 
-0.007241 -0.004023 
-0.010772 -0.005274 
-0.013543 -0.005453 
-0.014795 -0.007464 
-0.016761 -0.008403 
-0.017789 -0.008358 
-0.017074 -0.009163 
-0.016761 -0.009520 
-0.015018 -0.007822 
-0.012470 -0.007017 
-0.010995 -0.005230 
-0.009208 -0.002816 
-0.007196 -0.000760 
-0.004559 0.002503 
-0.001967 0.004067 
-0.000805 0.008626 
0.000402 0.012158 
0.002280 0.015912 
0.002101 0.021320 
0.002011 0.024270 
0.001922 0.028472 
0.000223 0.032629 
-0.000492 0.036741 
-0.001698 0.039914 
-0.003084 0.043177 
-0.004067 0.045680 
-0.004917 0.047960 
-0.006302 0.049971 
-0.006615 0.050194 
-0.006749 0.050194 
-0.006615 0.048675 
-0.004514 0.047781 
-0.003799 0.045188 
-0.001654 0.042104 
0.001341 0.039154 
0.004514 0.035042 
0.007956 0.032137 
0.011353 0.028517 
0.015465 0.024449 
0.018951 0.020829 
0.023421 0.018013 
0.028025 0.015063 
0.032360 0.013275 
0.036026 0.012336 
0.040048 0.010772 
0.043043 0.010727 
0.045904 0.010191 
0.048675 0.009163 
0.049792 0.009789 
0.052385 0.009342 
0.052966 0.008671 
0.053055 0.008671 
0.052608 0.008090 
0.050954 0.007643 
0.049390 0.005766 
0.045904 0.004201 
0.042149 0.002190 
0.039110 -0.000849 
0.035891 -0.003531 
0.030304 -0.008492 
0.026550 -0.013141 
0.023064 -0.016895 
0.017789 -0.021723 
0.014035 -0.027220 
0.010414 -0.031511 
0.008045 -0.035310 
0.005989 -0.040316 
0.004783 -0.043982 
0.003531 -0.046976 
0.002190 -0.050641 
0.001654 -0.053055 
0.001564 -0.053368 
0.002280 -0.054351 
0.001833 -0.055290 
0.002548 -0.054307 
0.002011 -0.052519 
0.001252 -0.050775 
0.000939 -0.049435 
-0.001609 -0.046797 
-0.003755 -0.042998 
-0.006973 -0.040004 
-0.009699 -0.037545 
-0.012560 -0.034595 
-0.016851 -0.031645 
-0.021901 -0.029321 
-0.027488 -0.026550 
-0.031422 -0.023868 
-0.036383 -0.021767 
-0.040898 -0.019845 
-0.044429 -0.018102 
-0.048228 -0.016895 
-0.051535 -0.015957 
-0.054307 -0.015197 
-0.055245 -0.015063 
-0.056586 -0.015107 
-0.057480 -0.014705 
-0.056139 -0.014124 
-0.055022 -0.013007 
-0.053457 -0.011621 
-0.050999 -0.010504 
-0.048451 -0.008403 
-0.044741 -0.006123 
-0.040763 -0.003129 
-0.037411 -0.000134 
-0.033970 0.003218 
-0.031020 0.007241 
-0.027533 0.010459 
-0.023868 0.014795 
-0.020829 0.018862 
-0.018326 0.022617 
-0.017029 0.025790 
-0.014616 0.028874 
-0.012247 0.032003 
-0.010861 0.033120 
-0.009878 0.035534 
-0.010459 0.035668 
-0.009208 0.034327 
-0.008358 0.033210 
-0.008582 0.030215 
-0.007509 0.028070 
-0.008135 0.023153 
-0.006213 0.018728 
-0.004067 0.015331 
-0.003442 0.010504 
-0.000760 0.006839 
0.001162 0.002235 
0.003576 -0.001833 
0.006481 -0.006168 
0.009431 -0.008984 
0.012962 -0.009833 
0.016448 -0.011353 
0.020292 -0.011711 
0.023287 -0.011845 
0.025611 -0.011219 
0.028114 -0.010504 
0.030394 -0.009073 
0.031779 -0.007464 
0.032897 -0.006034 
0.032450 -0.004067 
0.031913 -0.002861 
0.030975 -0.000715 
0.027488 0.000313 
0.023913 0.000715 
0.020739 0.000939 
0.016717 0.000715 
0.011666 0.000447 
0.008269 -0.000447 
0.004201 -0.000536 
-0.001386 -0.002548 
-0.004917 -0.003755 
-0.007598 -0.004470 
-0.010548 -0.007107 
-0.013320 -0.007241 
-0.015197 -0.008135 
-0.015912 -0.009967 
-0.016001 -0.009297 
-0.016001 -0.009923 
-0.014750 -0.010057 
-0.012694 -0.008090 
-0.011532 -0.006973 
-0.010057 -0.005632 
-0.007062 -0.003397 
-0.004470 -0.000670 
-0.003352 0.002414 
-0.001341 0.005811 
-0.000134 0.008582 
0.000581 0.012694 
0.001207 0.017566 
0.001207 0.021767 
0.001252 0.027444 
-0.000089 0.031466 
-0.001475 0.035087 
-0.003039 0.039154 
-0.004380 0.042685 
-0.005185 0.045457 
-0.006660 0.047647 
-0.007867 0.050865 
-0.008180 0.051491 
-0.008761 0.050552 
-0.008626 0.050150 
-0.006436 0.050060 
-0.005408 0.047736 
-0.004246 0.043758 
-0.001833 0.041434 
0.001430 0.037903 
0.005140 0.033880 
0.007554 0.029857 
0.011174 0.026460 
0.014839 0.022974 
0.019264 0.019756 
0.024181 0.017879 
0.028114 0.014526 
0.032003 0.013722 
0.035668 0.013096 
0.039959 0.011264 
0.042775 0.010548 
0.045635 0.009610 
0.047870 0.009967 
0.050329 0.009699 
0.052206 0.010146 
0.052027 0.010057 
0.053100 0.009520 
0.051446 0.008984 
0.049345 0.007822 
0.046842 0.006660 
0.043445 0.003263 
0.041210 0.001430 
0.036964 -0.001654 
0.032897 -0.005989 
0.029142 -0.009789 
0.024941 -0.014571 
0.021097 -0.018773 
0.018192 -0.024315 
0.014482 -0.028606 
0.010951 -0.033433 
0.009610 -0.037858 
0.007822 -0.041166 
0.006570 -0.045993 
0.006079 -0.049122 
0.005051 -0.051491 
0.005051 -0.053055 
0.005095 -0.053413 
0.004514 -0.053725 
0.005498 -0.053457 
0.004648 -0.052429 
0.003308 -0.051535 
0.003173 -0.050150 
0.000492 -0.047468 
-0.001520 -0.044965 
-0.003665 -0.041702 
-0.006883 -0.038663 
-0.010459 -0.036294 
-0.014884 -0.032450 
-0.018728 -0.029813 
-0.022885 -0.028114 
-0.028204 -0.024628 
-0.033120 -0.022438 
-0.037098 -0.020963 
-0.041836 -0.018951 
-0.045635 -0.018236 
-0.049300 -0.017789 
-0.053100 -0.016270 
-0.054619 -0.015510 
-0.055960 -0.015510 
-0.057212 -0.015286 
-0.057033 -0.015107 
-0.055871 -0.014079 
-0.053636 -0.013275 
-0.052027 -0.011666 
-0.049479 -0.009208 
-0.045814 -0.007509 
-0.043356 -0.005408 
-0.039020 -0.002280 
-0.035623 0.000983 
-0.033120 0.005408 
-0.028427 0.010504 
-0.025432 0.013275 
-0.023153 0.017298 
-0.020963 0.021276 
-0.019264 0.025030 
-0.016851 0.029142 
-0.015152 0.030483 
-0.014169 0.033120 
-0.013007 0.035221 
-0.012113 0.034908 
-0.010772 0.034774 
-0.011040 0.034059 
-0.010191 0.032495 
-0.008761 0.029545 
-0.008939 0.025388 
-0.007151 0.021857 
-0.006973 0.017834 
-0.004648 0.013096 
-0.001609 0.009342 
-0.000402 0.004693 
0.002637 0.000268 
0.006079 -0.002548 
0.009789 -0.005408 
0.012202 -0.008180 
0.016314 -0.008492 
0.020337 -0.009342 
0.023734 -0.010683 
0.027444 -0.010236 
0.029545 -0.009163 
0.032271 -0.007464 
0.033567 -0.006660 
0.034104 -0.005274 
0.034819 -0.004380 
0.033835 -0.002995 
0.030885 -0.001117 
0.029768 -0.000492 
0.027086 -0.000626 
0.022393 -0.000626 
0.019890 0.000492 
0.015733 -0.000626 
0.011264 -0.001162 
0.006213 -0.001564 
0.001609 -0.002727 
-0.001162 -0.003263 
-0.005453 -0.004380 
-0.009878 -0.005989 
-0.012113 -0.007196 
-0.013901 -0.007956 
-0.015197 -0.009610 
-0.015197 -0.009654 
-0.014839 -0.009029 
-0.013096 -0.008626 
-0.012426 -0.008939 
-0.011353 -0.007554 
-0.008895 -0.005632 
-0.006883 -0.005364 
-0.004157 -0.003218 
-0.002950 -0.000626 
-0.002011 0.002458 
0.000089 0.005542 
0.000268 0.009431 
0.000894 0.013677 
0.001386 0.017879 
-0.000939 0.022214 
-0.001162 0.026326 
-0.001788 0.031332 
-0.003352 0.035400 
-0.004648 0.039065 
-0.006123 0.042104 
-0.006526 0.045993 
-0.007911 0.047781 
-0.007509 0.048228 
-0.008626 0.049166 
-0.009073 0.048585 
-0.006973 0.047691 
-0.006570 0.045054 
-0.005364 0.042775 
-0.003352 0.040004 
-0.000492 0.036741 
0.002145 0.033880 
0.005855 0.030215 
0.009208 0.026595 
0.012158 0.023198 
0.017029 0.021052 
0.020918 0.017968 
0.025611 0.014750 
0.030304 0.012962 
0.033567 0.011487 
0.036785 0.010772 
0.041121 0.010727 
0.044160 0.010325 
0.046976 0.010325 
0.049569 0.010683 
0.049926 0.010951 
0.051357 0.010325 
0.051714 0.009923 
0.051491 0.009878 
0.050954 0.008001 
0.048407 0.006615 
0.044920 0.005408 
0.041613 0.003084 
0.038439 -0.000313 
0.034059 -0.004514 
0.030617 -0.007464 
0.026148 -0.011085 
0.021678 -0.016493 
0.018236 -0.021097 
0.015107 -0.024762 
0.012694 -0.029545 
0.009252 -0.034819 
0.008269 -0.039288 
0.007464 -0.042507 
0.006570 -0.045725 
0.006660 -0.047557 
0.005453 -0.049524 
0.005498 -0.052295 
0.006347 -0.052116 
0.006213 -0.052474 
0.005587 -0.052295 
0.005051 -0.051222 
0.003710 -0.049971 
0.002592 -0.048004 
0.001117 -0.046261 
-0.001073 -0.043311 
-0.004112 -0.040540 
-0.007598 -0.036964 
-0.010548 -0.034148 
-0.016672 -0.032137 
-0.021186 -0.029455 
-0.025254 -0.027488 
-0.030930 -0.025790 
-0.034774 -0.024270 
-0.039825 -0.022974 
-0.044026 -0.022035 
-0.047513 -0.020829 
-0.050463 -0.020784 
-0.052787 -0.020695 
-0.055156 -0.019354 
-0.056184 -0.019086 
-0.057033 -0.019041 
-0.056675 -0.018281 
-0.054575 -0.017298 
-0.052876 -0.015957 
-0.050150 -0.014169 
-0.046797 -0.011532 
-0.044563 -0.009520 
-0.041032 -0.007241 
-0.037769 -0.003129 
-0.033791 0.000715 
-0.030617 0.004738 
-0.029321 0.008939 
-0.025388 0.013275 
-0.022348 0.018594 
-0.021052 0.023019 
-0.018147 0.026505 
-0.016270 0.029500 
-0.015778 0.032629 
-0.014035 0.033880 
-0.013364 0.034327 
-0.012426 0.035579 
-0.011979 0.033791 
-0.011845 0.031332 
-0.010504 0.029276 
-0.011264 0.026237 
-0.009744 0.022482 
-0.008135 0.018236 
-0.007107 0.014392 
-0.005140 0.010772 
-0.004112 0.006615 
-0.000760 0.002816 
0.001967 0.000849 
0.005051 -0.002369 
0.008895 -0.004827 
0.011621 -0.005900 
0.015778 -0.007420 
0.019979 -0.006392 
0.023868 -0.007062 
0.027042 -0.007554 
0.029187 -0.005721 
0.031824 -0.005319 
0.033299 -0.003710 
0.033612 -0.002771 
0.033433 -0.001833 
0.032897 -0.000134 
0.031511 0.000000 
0.028159 0.000536 
0.025522 0.000581 
0.021723 0.001073 
0.017029 0.001162 
0.012649 0.000581 
0.008180 -0.000268 
0.005051 -0.003129 
-0.000089 -0.004157 
-0.004380 -0.004738 
-0.006883 -0.005587 
-0.010951 -0.006570 
-0.013364 -0.008180 
-0.013588 -0.008582 
-0.014035 -0.009431 
-0.013543 -0.010548 
-0.013364 -0.010683 
-0.012292 -0.010683 
-0.009789 -0.011308 
-0.008850 -0.009252 
-0.006526 -0.007375 
-0.004648 -0.006794 
-0.003755 -0.004157 
-0.001788 -0.001475 
0.000179 0.002190 
0.001028 0.005676 
0.001117 0.009789 
0.002011 0.014124 
0.001341 0.018460 
-0.000581 0.023913 
-0.002771 0.028293 
-0.003173 0.032897 
-0.004023 0.037322 
-0.005274 0.041255 
-0.005453 0.043669 
-0.007464 0.046351 
-0.008403 0.048541 
-0.008358 0.048585 
-0.009163 0.048988 
-0.009520 0.048675 
-0.007822 0.047826 
-0.007017 0.045367 
-0.005230 0.041657 
-0.002816 0.038394 
-0.000760 0.035713 
0.002503 0.032182 
0.004067 0.028740 
0.008626 0.026148 
0.012158 0.022572 
0.015912 0.019979 
0.021320 0.017923 
0.024270 0.016180 
0.028472 0.014526 
0.032629 0.013364 
0.036741 0.013588 
0.039914 0.013230 
0.043177 0.012783 
0.045680 0.013320 
0.047960 0.013275 
0.049971 0.012828 
0.050194 0.013364 
0.050194 0.013096 
0.048675 0.012158 
0.047781 0.010772 
0.045188 0.008895 
0.042104 0.007017 
0.039154 0.003442 
0.035042 0.000000 
0.032137 -0.004023 
0.028517 -0.008716 
0.024449 -0.011889 
0.020829 -0.017700 
0.018013 -0.022795 
0.015063 -0.026282 
0.013275 -0.031779 
0.012336 -0.035936 
0.010772 -0.039423 
0.010727 -0.043356 
0.010191 -0.046440 
0.009163 -0.048451 
0.009789 -0.050641 
0.009342 -0.051982 
0.008671 -0.052697 
0.008671 -0.052921 
0.008090 -0.051580 
0.007643 -0.050507 
0.005766 -0.048407 
0.004201 -0.047066 
0.002190 -0.044786 
-0.000849 -0.042104 
-0.003531 -0.040674 
-0.008492 -0.036920 
-0.013141 -0.034953 
-0.016895 -0.032897 
-0.021723 -0.029455 
-0.027220 -0.027801 
-0.031511 -0.025835 
-0.035310 -0.024673 
-0.040316 -0.024002 
-0.043982 -0.023019 
-0.046976 -0.022259 
-0.050641 -0.021857 
-0.053055 -0.022393 
-0.053368 -0.021052 
-0.054351 -0.019845 
-0.055290 -0.020292 
-0.054307 -0.019220 
-0.052519 -0.017834 
-0.050775 -0.016493 
-0.049435 -0.014169 
-0.046797 -0.010906 
-0.042998 -0.008045 
-0.040004 -0.004336 
-0.037545 -0.000536 
-0.034595 0.003397 
-0.031645 0.008180 
-0.029321 0.012426 
-0.026550 0.017655 
-0.023868 0.021499 
-0.021767 0.025254 
-0.019845 0.029276 
-0.018102 0.031824 
-0.016895 0.033746 
-0.015957 0.035445 
-0.015197 0.035668 
-0.015063 0.033657 
-0.015107 0.033165 
-0.014705 0.030841 
-0.014124 0.027578 
-0.013007 0.024762 
-0.011621 0.020471 
-0.010504 0.016493 
-0.008403 0.012515 
-0.006123 0.008805 
-0.003129 0.004604 
-0.000134 0.001564 
0.003218 -0.001117 
0.007241 -0.004246 
0.010459 -0.005811 
0.014795 -0.006705 
0.018862 -0.007598 
0.022617 -0.006839 
0.025790 -0.006392 
0.028874 -0.007464 
0.032003 -0.005230 
0.033120 -0.004246 
0.035534 -0.005498 
0.035668 -0.003710 
0.034327 -0.002056 
0.033210 -0.001430 
0.030215 -0.001207 
0.028070 -0.000313 
0.023153 0.000805 
0.018728 -0.000179 
0.015331 -0.000089 
0.010504 -0.000492 
0.006839 -0.002324 
0.002235 -0.002816 
-0.001833 -0.003486 
-0.006168 -0.004023 
-0.008984 -0.005319 
-0.009833 -0.007062 
-0.011353 -0.008090 
-0.011711 -0.008671 
-0.011845 -0.009967 
-0.011219 -0.010995 
-0.010504 -0.010772 
-0.009073 -0.011666 
-0.007464 -0.010638 
-0.006034 -0.009118 
-0.004067 -0.008001 
-0.002861 -0.005811 
-0.000715 -0.003486 
0.000313 0.000089 
0.000715 0.003486 
0.000939 0.007464 
0.000715 0.012202 
0.000447 0.016493 
-0.000447 0.021007 
-0.000536 0.026818 
-0.002548 0.031556 
-0.003755 0.035266 
-0.004470 0.038394 
-0.007107 0.040808 
-0.007241 0.044563 
-0.008135 0.047289 
-0.009967 0.047960 
-0.009297 0.047870 
-0.009923 0.047334 
-0.010057 0.046038 
-0.008090 0.044473 
-0.006973 0.041791 
-0.005632 0.038618 
-0.003397 0.035891 
-0.000670 0.032539 
0.002414 0.029545 
0.005811 0.026103 
0.008582 0.022661 
0.012694 0.020114 
0.017566 0.017923 
0.021767 0.015867 
0.027444 0.014705 
0.031466 0.013811 
0.035087 0.013633 
0.039154 0.014079 
0.042685 0.014035 
0.045457 0.014705 
0.047647 0.014392 
0.050865 0.014839 
0.051491 0.015823 
0.050552 0.015689 
0.050150 0.015242 
0.050060 0.013677 
0.047736 0.011800 
0.043758 0.009923 
0.041434 0.007420 
0.037903 0.004604 
0.033880 0.001296 
0.029857 -0.004023 
0.026460 -0.008761 
0.022974 -0.012470 
0.019756 -0.017700 
0.017879 -0.023421 
0.014526 -0.028159 
0.013722 -0.031645 
0.013096 -0.035757 
0.011264 -0.040763 
0.010548 -0.044652 
0.009610 -0.046887 
0.009967 -0.049569 
0.009699 -0.051535 
0.010146 -0.052340 
0.010057 -0.052653 
0.009520 -0.052697 
0.008984 -0.051625 
0.007822 -0.049524 
0.006660 -0.049524 
0.003263 -0.047155 
0.001430 -0.043803 
-0.001654 -0.041836 
-0.005989 -0.038171 
-0.009789 -0.036428 
-0.014571 -0.034461 
-0.018773 -0.032271 
-0.024315 -0.030438 
-0.028606 -0.027846 
-0.033433 -0.026997 
-0.037858 -0.025969 
-0.041166 -0.024539 
-0.045993 -0.022348 
-0.049122 -0.022393 
-0.051491 -0.022706 
-0.053055 -0.020963 
-0.053413 -0.022393 
-0.053725 -0.021857 
-0.053457 -0.020382 
-0.052429 -0.020516 
-0.051535 -0.018817 
-0.050150 -0.016582 
-0.047468 -0.014526 
-0.044965 -0.011129 
-0.041702 -0.007151 
-0.038663 -0.004336 
-0.036294 0.000089 
-0.032450 0.004604 
-0.029813 0.009833 
-0.028114 0.014661 
-0.024628 0.018370 
-0.022438 0.023064 
-0.020963 0.026192 
-0.018951 0.029187 
-0.018236 0.031511 
-0.017789 0.032807 
-0.016270 0.033254 
-0.015510 0.033254 
-0.015510 0.032137 
-0.015286 0.029455 
-0.015107 0.027623 
-0.014079 0.024494 
-0.013275 0.020069 
-0.011666 0.016851 
-0.009208 0.014079 
-0.007509 0.009833 
-0.005408 0.006258 
-0.002280 0.003397 
0.000983 0.000000 
0.005408 -0.002995 
0.010504 -0.004514 
0.013275 -0.004514 
0.017298 -0.005051 
0.021276 -0.006615 
0.025030 -0.007286 
0.029142 -0.005632 
0.030483 -0.004604 
0.033120 -0.004470 
0.035221 -0.003755 
0.034908 -0.002056 
0.034774 -0.000849 
0.034059 -0.000447 
0.032495 0.000536 
0.029545 0.000447 
0.025388 0.000179 
0.021857 0.000358 
0.017834 0.000089 
0.013096 -0.000760 
0.009342 -0.000805 
0.004693 -0.001341 
0.000268 -0.001922 
-0.002548 -0.002503 
-0.005408 -0.004336 
-0.008180 -0.005498 
-0.008492 -0.006436 
-0.009342 -0.007151 
-0.010683 -0.009520 
-0.010236 -0.009744 
-0.009163 -0.009610 
-0.007464 -0.011040 
-0.006660 -0.010459 
-0.005274 -0.011353 
-0.004380 -0.010012 
-0.002995 -0.007911 
-0.001117 -0.007286 
-0.000492 -0.003665 
-0.000626 0.000089 
-0.000626 0.004470 
0.000492 0.009118 
-0.000626 0.012292 
-0.001162 0.017342 
-0.001564 0.021052 
-0.002727 0.025030 
-0.003263 0.031198 
-0.004380 0.035266 
-0.005989 0.038841 
-0.007196 0.041926 
-0.007956 0.044697 
-0.009610 0.046172 
-0.009654 0.045948 
-0.009029 0.046038 
-0.008626 0.045814 
-0.008939 0.044205 
-0.007554 0.041926 
-0.005632 0.039423 
-0.005364 0.036517 
-0.003218 0.033567 
-0.000626 0.029410 
0.002458 0.026997 
0.005542 0.025432 
0.009431 0.022035 
0.013677 0.020024 
0.017879 0.018147 
0.022214 0.016180 
0.026326 0.015823 
0.031332 0.014795 
0.035400 0.014884 
0.039065 0.015689 
0.042104 0.015644 
0.045993 0.016940 
0.047781 0.017342 
0.048228 0.017923 
0.049166 0.018102 
0.048585 0.016985 
0.047691 0.015912 
0.045054 0.014348 
0.042775 0.012917 
0.040004 0.009073 
0.036741 0.005811 
0.033880 0.003263 
0.030215 -0.001028 
0.026595 -0.005319 
0.023198 -0.010280 
0.021052 -0.015331 
0.017968 -0.019264 
0.014750 -0.023957 
0.012962 -0.029410 
0.011487 -0.033746 
0.010772 -0.037813 
0.010727 -0.041389 
0.010325 -0.043937 
0.010325 -0.046663 
0.010683 -0.048854 
0.010951 -0.049524 
0.010325 -0.050239 
0.009923 -0.050016 
0.009878 -0.049479 
0.008001 -0.049122 
0.006615 -0.047781 
0.005408 -0.045635 
0.003084 -0.043490 
-0.000313 -0.042238 
-0.004514 -0.039735 
-0.007464 -0.036875 
-0.011085 -0.034819 
-0.016493 -0.033210 
-0.021097 -0.031377 
-0.024762 -0.029142 
-0.029545 -0.027578 
-0.034819 -0.026595 
-0.039288 -0.025879 
-0.042507 -0.025790 
-0.045725 -0.025701 
-0.047557 -0.024494 
-0.049524 -0.024717 
-0.052295 -0.024404 
-0.052116 -0.023868 
-0.052474 -0.024136 
-0.052295 -0.022795 
-0.051222 -0.020784 
-0.049971 -0.018773 
-0.048004 -0.016895 
-0.046261 -0.014839 
-0.043311 -0.011308 
-0.040540 -0.006347 
-0.036964 -0.003039 
-0.034148 0.001833 
-0.032137 0.007330 
-0.029455 0.012158 
-0.027488 0.016761 
-0.025790 0.020784 
-0.024270 0.025075 
-0.022974 0.027578 
-0.022035 0.030796 
-0.020829 0.032316 
-0.020784 0.032807 
-0.020695 0.033165 
-0.019354 0.032986 
-0.019086 0.031824 
-0.019041 0.029321 
-0.018281 0.027623 
-0.017298 0.023600 
-0.015957 0.020650 
-0.014169 0.017789 
-0.011532 0.013856 
-0.009520 0.010772 
-0.007241 0.007911 
-0.003129 0.005185 
0.000715 0.002548 
0.004738 0.000581 
0.008939 -0.001028 
0.013275 -0.001386 
0.018594 -0.001877 
0.023019 -0.001877 
0.026505 -0.001877 
0.029500 -0.002011 
0.032629 -0.001654 
0.033880 -0.001162 
0.034327 -0.000402 
0.035579 0.000000 
0.033791 -0.000358 
0.031332 0.000849 
0.029276 0.001564 
0.026237 0.000581 
0.022482 0.001654 
0.018236 0.000983 
0.014392 0.000849 
0.010772 0.000626 
0.006615 -0.000313 
0.002816 -0.001475 
0.000849 -0.002995 
-0.002369 -0.002905 
-0.004827 -0.006123 
-0.005900 -0.007733 
-0.007420 -0.008895 
-0.006392 -0.010772 
-0.007062 -0.011845 
-0.007554 -0.012828 
-0.005721 -0.012962 
-0.005319 -0.013901 
-0.003710 -0.012739 
-0.002771 -0.012202 
-0.001833 -0.010504 
-0.000134 -0.008045 
0.000000 -0.005498 
0.000536 -0.001654 
0.000581 0.001386 
0.001073 0.005945 
0.001162 0.009565 
0.000581 0.013633 
-0.000268 0.018549 
-0.003129 0.023108 
-0.004157 0.028338 
-0.004738 0.032852 
-0.005587 0.036383 
-0.006570 0.039199 
-0.008180 0.042238 
-0.008582 0.044250 
-0.009431 0.045591 
-0.010548 0.046351 
-0.010683 0.045010 
-0.010683 0.044071 
-0.011308 0.043043 
-0.009252 0.040585 
-0.007375 0.038082 
-0.006794 0.035355 
-0.004157 0.032182 
-0.001475 0.029142 
0.002190 0.026282 
0.005676 0.024136 
0.009789 0.021857 
0.014124 0.019845 
0.018460 0.019130 
0.023913 0.018281 
0.028293 0.018192 
0.032897 0.018192 
0.037322 0.018147 
0.041255 0.017923 
0.043669 0.018147 
0.046351 0.019175 
0.048541 0.018639 
0.048585 0.018594 
0.048988 0.018013 
0.048675 0.016717 
0.047826 0.015510 
0.045367 0.012739 
0.041657 0.010146 
0.038394 0.007688 
0.035713 0.003844 
0.032182 -0.000268 
0.028740 -0.004380 
0.026148 -0.008180 
0.022572 -0.012426 
0.019979 -0.017521 
0.017923 -0.021678 
0.016180 -0.026773 
0.014526 -0.032316 
0.013364 -0.035445 
0.013588 -0.038171 
0.013230 -0.042819 
0.012783 -0.044786 
0.013320 -0.045591 
0.013275 -0.048138 
0.012828 -0.048451 
0.013364 -0.048719 
0.013096 -0.048764 
0.012158 -0.047781 
0.010772 -0.046887 
0.008895 -0.046082 
0.007017 -0.043266 
0.003442 -0.040898 
0.000000 -0.038841 
-0.004023 -0.036383 
-0.008716 -0.034953 
-0.011889 -0.031735 
-0.017700 -0.030483 
-0.022795 -0.028517 
-0.026282 -0.027667 
-0.031779 -0.026952 
-0.035936 -0.025611 
-0.039423 -0.026684 
-0.043356 -0.026013 
-0.046440 -0.026326 
-0.048451 -0.025522 
-0.050641 -0.026148 
-0.051982 -0.026863 
-0.052697 -0.025745 
-0.052921 -0.025254 
-0.051580 -0.024628 
-0.050507 -0.023779 
-0.048407 -0.021589 
-0.047066 -0.018951 
-0.044786 -0.014839 
-0.042104 -0.010817 
-0.040674 -0.006079 
-0.036920 -0.001743 
-0.034953 0.002995 
-0.032897 0.007777 
-0.029455 0.012515 
-0.027801 0.018460 
-0.025835 0.022170 
-0.024673 0.026729 
-0.024002 0.029723 
-0.023019 0.030394 
-0.022259 0.032271 
-0.021857 0.033254 
-0.022393 0.031779 
-0.021052 0.030975 
-0.019845 0.029902 
-0.020292 0.027042 
-0.019220 0.023645 
-0.017834 0.020203 
-0.016493 0.017387 
-0.014169 0.013767 
-0.010906 0.011308 
-0.008045 0.008448 
-0.004336 0.005900 
-0.000536 0.003173 
0.003397 0.000939 
0.008180 -0.000134 
0.012426 -0.001654 
0.017655 -0.002369 
0.021499 -0.002682 
0.025254 -0.001788 
0.029276 -0.002414 
0.031824 -0.002145 
0.033746 -0.001296 
0.035445 -0.001162 
0.035668 -0.000402 
0.033657 0.000670 
0.033165 0.001207 
0.030841 0.000805 
0.027578 0.001967 
0.024762 0.001698 
0.020471 0.001743 
0.016493 0.002011 
0.012515 0.001028 
0.008805 0.000358 
0.004604 -0.000715 
0.001564 -0.002056 
-0.001117 -0.003173 
-0.004246 -0.004604 
-0.005811 -0.006660 
-0.006705 -0.007733 
-0.007598 -0.009431 
-0.006839 -0.011174 
-0.006392 -0.013051 
-0.007464 -0.013856 
-0.005230 -0.014705 
-0.004246 -0.016046 
-0.005498 -0.014839 
-0.003710 -0.014079 
-0.002056 -0.012515 
-0.001430 -0.010772 
-0.001207 -0.008180 
-0.000313 -0.003710 
0.000805 0.000626 
-0.000179 0.004648 
-0.000089 0.009163 
-0.000492 0.014214 
-0.002324 0.018683 
-0.002816 0.024181 
-0.003486 0.028651 
-0.004023 0.033299 
-0.005319 0.037232 
-0.007062 0.040227 
-0.008090 0.043266 
-0.008671 0.044294 
-0.009967 0.045144 
-0.010995 0.045501 
-0.010772 0.045814 
-0.011666 0.043803 
-0.010638 0.041344 
-0.009118 0.039691 
-0.008001 0.036741 
-0.005811 0.034416 
-0.003486 0.030707 
0.000089 0.028651 
0.003486 0.026460 
