-0.003547 -0.000489 
-0.002528 0.001916 
0.000693 0.003384 
0.003017 0.004117 
0.005585 0.003954 
0.007216 0.002976 
0.009865 0.001060 
0.011333 -0.001957 
0.011374 -0.005381 
0.012230 -0.009336 
0.011618 -0.014105 
0.011741 -0.017733 
0.008846 -0.021117 
0.005340 -0.024256 
0.003873 -0.025520 
0.001141 -0.026743 
-0.001712 -0.025764 
-0.004566 -0.023971 
-0.006686 -0.022381 
-0.007868 -0.019649 
-0.009295 -0.016429 
-0.010355 -0.012719 
-0.009865 -0.009254 
-0.009458 -0.004362 
-0.009254 -0.002161 
-0.008194 -0.000938 
-0.006441 0.001264 
-0.004280 0.001508 
-0.003424 0.000978 
-0.003587 -0.001141 
-0.003506 -0.003628 
-0.003587 -0.008520 
-0.004321 -0.014635 
-0.006156 -0.020016 
-0.009172 -0.025683 
-0.012515 -0.030249 
-0.015654 -0.034855 
-0.019201 -0.038361 
-0.022014 -0.040114 
-0.025071 -0.039584 
-0.027477 -0.036812 
-0.028536 -0.033062 
-0.029230 -0.028007 
-0.027803 -0.020872 
-0.025642 -0.013045 
-0.022299 -0.004525 
-0.017815 0.005463 
-0.014635 0.014594 
-0.010477 0.022870 
-0.006319 0.030738 
-0.003221 0.037138 
-0.001712 0.041337 
-0.001305 0.044476 
-0.000897 0.046311 
-0.002935 0.046474 
-0.005422 0.044965 
-0.008276 0.042030 
-0.013371 0.039706 
-0.017733 0.035874 
-0.021199 0.031594 
-0.024664 0.027313 
-0.027477 0.024256 
-0.029637 0.022258 
-0.029841 0.019527 
-0.028700 0.019119 
-0.027028 0.018834 
-0.023196 0.019935 
-0.018019 0.022381 
-0.010925 0.023645 
-0.002283 0.025561 
0.006074 0.026947 
0.015450 0.028170 
0.024052 0.027843 
0.032287 0.026580 
0.040807 0.024868 
0.047248 0.022503 
0.052752 0.019690 
0.055728 0.014472 
0.056747 0.009947 
0.057195 0.006360 
0.054872 0.002528 
0.050550 -0.000734 
0.045577 -0.002976 
0.039829 -0.003914 
0.033918 -0.004321 
0.028047 -0.003832 
0.023074 -0.002528 
0.018875 0.000204 
0.014391 0.001753 
0.011985 0.004321 
0.010966 0.008357 
0.010355 0.009376 
0.011211 0.010681 
0.011781 0.011659 
0.012760 0.011129 
0.015573 0.009336 
0.017693 0.005952 
0.018671 0.003302 
0.019568 0.000041 
0.019935 -0.004810 
0.019649 -0.009295 
0.016755 -0.013371 
0.013616 -0.018304 
0.011048 -0.021525 
0.005952 -0.024501 
0.002772 -0.027191 
0.000082 -0.027110 
-0.004158 -0.026620 
-0.006482 -0.025479 
-0.008194 -0.023848 
-0.008520 -0.021525 
-0.007909 -0.018916 
-0.007419 -0.016103 
-0.005626 -0.012352 
-0.002731 -0.009417 
-0.000489 -0.006074 
0.002201 -0.002854 
0.005055 -0.000285 
0.005096 0.001712 
0.006156 0.002201 
0.006196 0.001916 
0.003832 0.002038 
0.002528 0.001468 
-0.001590 -0.000326 
-0.006278 -0.001875 
-0.010640 -0.003424 
-0.015695 -0.004933 
-0.020179 -0.006237 
-0.024011 -0.006360 
-0.026824 -0.006726 
-0.029230 -0.006319 
-0.030086 -0.004974 
-0.029923 -0.003791 
-0.028944 -0.000408 
-0.026620 0.000775 
-0.022544 0.002609 
-0.018508 0.006523 
-0.014554 0.007786 
-0.009376 0.010232 
-0.004688 0.012475 
-0.000530 0.012923 
0.002324 0.013086 
0.005463 0.012067 
0.008316 0.010803 
0.009417 0.009499 
0.009376 0.006278 
0.008846 0.003098 
0.007990 0.001223 
0.005177 -0.001834 
0.002731 -0.004647 
0.001019 -0.006767 
-0.001223 -0.008479 
-0.003343 -0.008683 
-0.005340 -0.008276 
-0.005952 -0.006115 
-0.005870 -0.003384 
-0.006115 -0.002242 
-0.004240 0.000245 
-0.002405 0.003221 
-0.000693 0.004444 
0.002487 0.006115 
0.004240 0.006971 
0.006726 0.005300 
0.009254 0.004036 
0.010069 0.001631 
0.011863 -0.002161 
0.013371 -0.004607 
0.013168 -0.008765 
0.012271 -0.013208 
0.010966 -0.016755 
0.008806 -0.020628 
0.006645 -0.022707 
0.003506 -0.024134 
0.000367 -0.025479 
-0.001875 -0.025805 
-0.005259 -0.024174 
-0.007256 -0.021728 
-0.007909 -0.018997 
-0.009458 -0.015817 
-0.009865 -0.012230 
-0.009295 -0.007297 
-0.008357 -0.002813 
-0.007053 0.000122 
-0.005381 0.002242 
-0.003873 0.004484 
-0.002528 0.004444 
-0.001223 0.002691 
-0.000734 0.000367 
-0.000082 -0.004036 
-0.000489 -0.007909 
-0.002120 -0.013453 
-0.004240 -0.020261 
-0.007419 -0.025234 
-0.011496 -0.030493 
-0.016714 -0.035344 
-0.019853 -0.038280 
-0.022666 -0.039706 
-0.026172 -0.039706 
-0.027803 -0.037627 
-0.029026 -0.034448 
-0.028455 -0.028863 
-0.026009 -0.021484 
-0.023441 -0.014635 
-0.019568 -0.005830 
-0.016021 0.002528 
-0.012108 0.011455 
-0.007664 0.020628 
-0.004688 0.026172 
-0.001875 0.032042 
-0.000775 0.037097 
-0.000285 0.040726 
-0.001386 0.042560 
-0.003139 0.042112 
-0.005340 0.041582 
-0.010232 0.038687 
-0.013983 0.035385 
-0.018182 0.032246 
-0.022014 0.028659 
-0.026376 0.026213 
-0.030330 0.023685 
-0.032776 0.021892 
-0.035018 0.021158 
-0.033958 0.021158 
-0.032042 0.021851 
-0.027925 0.022625 
-0.022707 0.025316 
-0.016021 0.028088 
-0.007542 0.028496 
0.000856 0.030208 
0.010966 0.030412 
0.020342 0.028944 
0.029311 0.028170 
0.037016 0.025071 
0.042927 0.021851 
0.048267 0.018019 
0.051651 0.013983 
0.053282 0.010395 
0.053282 0.005830 
0.050632 0.002161 
0.047167 0.000204 
0.043579 -0.000611 
0.038891 -0.002242 
0.034081 -0.001712 
0.029189 -0.000734 
0.024786 -0.000204 
0.020791 0.003017 
0.017366 0.005952 
0.015410 0.008520 
0.015124 0.009662 
0.014757 0.011863 
0.014961 0.013534 
0.016959 0.012352 
0.019079 0.012434 
0.020587 0.010681 
0.021525 0.007746 
0.022788 0.003914 
0.022911 -0.000245 
0.022829 -0.004077 
0.021362 -0.009172 
0.018304 -0.014105 
0.015858 -0.018345 
0.012719 -0.020669 
0.008887 -0.024011 
0.004607 -0.026987 
0.001305 -0.027313 
-0.001712 -0.027150 
-0.004199 -0.026091 
-0.005626 -0.024378 
-0.005993 -0.022666 
-0.005667 -0.020709 
-0.004199 -0.017285 
-0.001590 -0.013168 
0.000408 -0.010232 
0.003098 -0.007623 
0.005340 -0.004974 
0.006849 -0.003302 
0.007542 -0.001141 
0.008316 0.000367 
0.007216 0.000163 
0.004851 -0.000571 
0.002324 -0.001794 
-0.002242 -0.002894 
-0.006115 -0.004158 
-0.011007 -0.005137 
-0.015736 -0.006319 
-0.019772 -0.006930 
-0.023685 -0.007990 
-0.027273 -0.008153 
-0.029311 -0.006808 
-0.029148 -0.005993 
-0.028944 -0.003751 
-0.027721 -0.001508 
-0.026417 0.000978 
-0.022625 0.003221 
-0.018671 0.005667 
-0.015614 0.008276 
-0.011007 0.010966 
-0.006523 0.013331 
-0.002405 0.013901 
0.000734 0.014227 
0.003424 0.012801 
0.005096 0.011374 
0.006400 0.008072 
0.007093 0.004403 
0.006645 0.001427 
0.005544 -0.002405 
0.003017 -0.004770 
0.001549 -0.007868 
0.000775 -0.008724 
-0.002324 -0.008887 
-0.004280 -0.009417 
-0.004403 -0.008561 
-0.005340 -0.006523 
-0.005381 -0.004525 
-0.004770 -0.002609 
-0.004280 0.000775 
-0.002894 0.002405 
0.000000 0.003424 
0.002364 0.003873 
0.004892 0.004321 
0.006930 0.003832 
0.008520 0.001671 
0.011822 -0.000163 
0.012678 -0.002813 
0.011985 -0.006523 
0.012108 -0.011088 
0.011088 -0.014798 
0.008520 -0.018753 
0.006930 -0.022462 
0.003954 -0.024501 
0.000611 -0.025846 
-0.001345 -0.027517 
-0.005218 -0.026987 
-0.007297 -0.024582 
-0.008969 -0.023278 
-0.010681 -0.019772 
-0.011007 -0.015491 
-0.011048 -0.011088 
-0.010273 -0.006196 
-0.009580 -0.002364 
-0.007827 0.001060 
-0.005014 0.003995 
-0.002650 0.004770 
-0.000978 0.004403 
0.000530 0.003506 
0.001345 0.000163 
0.001101 -0.003506 
-0.000734 -0.008846 
-0.002772 -0.014676 
-0.005748 -0.020261 
-0.008928 -0.026254 
-0.012475 -0.031553 
-0.017611 -0.036690 
-0.020220 -0.039747 
-0.023522 -0.042152 
-0.026254 -0.042234 
-0.026784 -0.039666 
-0.026213 -0.036078 
-0.025112 -0.030575 
-0.023889 -0.024868 
-0.019935 -0.018060 
-0.017000 -0.009213 
-0.013127 -0.000734 
-0.009009 0.006971 
-0.005667 0.015614 
-0.001631 0.022299 
0.000408 0.027721 
0.001916 0.032532 
0.001916 0.035385 
0.000693 0.036975 
-0.000775 0.036445 
-0.003954 0.035548 
-0.007786 0.033918 
-0.011863 0.031309 
-0.017326 0.028455 
-0.022585 0.025601 
-0.027477 0.024215 
-0.031798 0.022585 
-0.034488 0.021728 
-0.036323 0.021565 
-0.036567 0.022095 
-0.034040 0.024827 
-0.030697 0.026131 
-0.026172 0.028822 
-0.018141 0.031553 
-0.010355 0.031146 
-0.001549 0.032287 
0.008113 0.032124 
0.016592 0.031023 
0.025927 0.029800 
0.033428 0.026498 
0.040155 0.022707 
0.044232 0.018386 
0.047208 0.013901 
0.049653 0.010558 
0.047941 0.007297 
0.046596 0.002609 
0.043702 0.000978 
0.039340 0.000245 
0.035263 -0.000856 
0.030616 0.000000 
0.027477 0.000775 
0.023074 0.003384 
0.019935 0.006319 
0.018304 0.008520 
0.016470 0.010925 
0.016877 0.013412 
0.016877 0.014880 
0.017774 0.015287 
0.019853 0.015980 
0.021076 0.014880 
0.022911 0.012597 
0.024582 0.009743 
0.025479 0.005300 
0.025357 0.001508 
0.024378 -0.002731 
0.022788 -0.007949 
0.019935 -0.012108 
0.015940 -0.016837 
0.011945 -0.019690 
0.008113 -0.022503 
0.004403 -0.026498 
0.000734 -0.026824 
-0.001141 -0.027477 
-0.002935 -0.027069 
-0.005055 -0.024623 
-0.004321 -0.023318 
-0.003995 -0.020954 
-0.002201 -0.017937 
0.000652 -0.014187 
0.002854 -0.010558 
0.005381 -0.008479 
0.007012 -0.006115 
0.009091 -0.004158 
0.009539 -0.003057 
0.009050 -0.002568 
0.008276 -0.002242 
0.005422 -0.001468 
0.001957 -0.002609 
-0.001794 -0.003343 
-0.006849 -0.004729 
-0.010722 -0.007297 
-0.014635 -0.007542 
-0.018916 -0.008194 
-0.022625 -0.008235 
-0.026417 -0.008153 
-0.027110 -0.007093 
-0.028659 -0.005422 
-0.028781 -0.003832 
-0.027110 0.000041 
-0.025561 0.002528 
-0.022258 0.005585 
-0.019242 0.008276 
-0.014594 0.010762 
-0.011374 0.013412 
-0.007623 0.013616 
-0.003832 0.014472 
-0.001427 0.013412 
0.001427 0.011537 
0.002813 0.009825 
0.003832 0.006033 
0.003914 0.002650 
0.003995 -0.000163 
0.003017 -0.002650 
0.001712 -0.004647 
0.000082 -0.006482 
-0.001753 -0.008113 
-0.002854 -0.008072 
-0.004647 -0.007256 
-0.005259 -0.006237 
-0.005707 -0.004280 
-0.005585 -0.002405 
-0.004974 -0.000285 
-0.003873 0.002079 
-0.000938 0.004362 
0.002038 0.005340 
0.003914 0.006400 
0.006482 0.007053 
0.009132 0.005707 
0.010844 0.003954 
0.012597 0.000775 
0.013698 -0.001753 
0.014105 -0.005503 
0.013412 -0.011088 
0.011741 -0.014880 
0.010681 -0.019201 
0.009417 -0.022136 
0.005830 -0.024786 
0.002650 -0.027599 
0.000326 -0.027517 
-0.002691 -0.027436 
-0.005259 -0.026050 
-0.007909 -0.023074 
-0.008561 -0.018630 
-0.008520 -0.014024 
-0.008153 -0.010232 
-0.006319 -0.004688 
-0.004933 0.000122 
-0.003139 0.003384 
-0.000489 0.005463 
0.001916 0.006726 
0.003384 0.005952 
0.004117 0.003180 
0.003954 0.001060 
0.002976 -0.003384 
0.001060 -0.009009 
-0.001957 -0.015043 
-0.005381 -0.021362 
-0.009336 -0.026906 
-0.014105 -0.032898 
-0.017733 -0.037587 
-0.021117 -0.041215 
-0.024256 -0.042356 
-0.025520 -0.042764 
-0.026743 -0.041337 
-0.025764 -0.037342 
-0.023971 -0.033428 
-0.022381 -0.026661 
-0.019649 -0.019853 
-0.016429 -0.012148 
-0.012719 -0.003710 
-0.009254 0.004036 
-0.004362 0.012393 
-0.002161 0.018467 
-0.000938 0.023848 
0.001264 0.027477 
0.001508 0.029963 
0.000978 0.032165 
-0.001141 0.031879 
-0.003628 0.030371 
-0.008520 0.028944 
-0.014635 0.027395 
-0.020016 0.024297 
-0.025683 0.023645 
-0.030249 0.023278 
-0.034855 0.021647 
-0.038361 0.022951 
-0.040114 0.023359 
-0.039584 0.023767 
-0.036812 0.026335 
-0.033062 0.028496 
-0.028007 0.030412 
-0.020872 0.032124 
-0.013045 0.033102 
-0.004525 0.033551 
0.005463 0.032165 
0.014594 0.029963 
0.022870 0.027599 
0.030738 0.024174 
0.037138 0.021158 
0.041337 0.016062 
0.044476 0.012515 
0.046311 0.009865 
0.046474 0.004403 
0.044965 0.002446 
0.042030 0.000652 
0.039706 -0.001019 
0.035874 -0.000938 
0.031594 0.000122 
0.027313 0.002405 
0.024256 0.003587 
0.022258 0.006156 
0.019527 0.008602 
0.019119 0.010966 
0.018834 0.012964 
0.019935 0.014431 
0.022381 0.015369 
0.023645 0.015165 
0.025561 0.014880 
0.026947 0.012393 
0.028170 0.009621 
0.027843 0.005993 
0.026580 0.001753 
0.024868 -0.002528 
0.022503 -0.006645 
0.019690 -0.011170 
0.014472 -0.015450 
0.009947 -0.018549 
0.006360 -0.021647 
0.002528 -0.022951 
-0.000734 -0.024501 
-0.002976 -0.024704 
-0.003914 -0.024134 
-0.004321 -0.022544 
-0.003832 -0.020546 
-0.002528 -0.019079 
0.000204 -0.014798 
0.001753 -0.012964 
0.004321 -0.010395 
0.008357 -0.007297 
0.009376 -0.005585 
0.010681 -0.003751 
0.011659 -0.002894 
0.011129 -0.002324 
0.009336 -0.002405 
0.005952 -0.002446 
0.003302 -0.004321 
0.000041 -0.005667 
-0.004810 -0.007256 
-0.009295 -0.008479 
-0.013371 -0.009580 
-0.018304 -0.011211 
-0.021525 -0.010966 
-0.024501 -0.011415 
-0.027191 -0.009295 
-0.027110 -0.006808 
-0.026620 -0.004810 
-0.025479 -0.001508 
-0.023848 0.001671 
-0.021525 0.005055 
-0.018916 0.007542 
-0.016103 0.009539 
-0.012352 0.010762 
-0.009417 0.011537 
-0.006074 0.011333 
-0.002854 0.009865 
-0.000285 0.007827 
0.001712 0.005218 
0.002201 0.002364 
0.001916 0.000448 
0.002038 -0.002079 
0.001468 -0.004444 
-0.000326 -0.005381 
-0.001875 -0.006604 
-0.003424 -0.006645 
-0.004933 -0.007053 
-0.006237 -0.005830 
-0.006360 -0.004036 
-0.006726 -0.002161 
-0.006319 0.000775 
-0.004974 0.002894 
-0.003791 0.005952 
-0.000408 0.007705 
0.000775 0.009621 
0.002609 0.009988 
0.006523 0.009132 
0.007786 0.009458 
0.010232 0.006686 
0.012475 0.003180 
0.012923 0.000163 
0.013086 -0.004566 
0.012067 -0.009376 
0.010803 -0.013575 
0.009499 -0.018141 
0.006278 -0.021892 
0.003098 -0.024419 
0.001223 -0.025724 
-0.001834 -0.026131 
-0.004647 -0.025357 
-0.006767 -0.023033 
-0.008479 -0.019486 
-0.008683 -0.015614 
-0.008276 -0.011700 
-0.006115 -0.006645 
-0.003384 -0.001508 
-0.002242 0.002691 
0.000245 0.005340 
0.003221 0.008113 
0.004444 0.009621 
0.006115 0.008561 
0.006971 0.005503 
0.005300 0.001468 
0.004036 -0.002854 
0.001631 -0.009172 
-0.002161 -0.014757 
-0.004607 -0.021402 
-0.008765 -0.027640 
-0.013208 -0.033062 
-0.016755 -0.039054 
-0.020628 -0.042071 
-0.022707 -0.043661 
-0.024134 -0.044313 
-0.025479 -0.043661 
-0.025805 -0.039870 
-0.024174 -0.034692 
-0.021728 -0.028536 
-0.018997 -0.020995 
-0.015817 -0.013861 
-0.012230 -0.005993 
-0.007297 0.001345 
-0.002813 0.008153 
0.000122 0.014187 
0.002242 0.019486 
0.004484 0.022992 
0.004444 0.025275 
0.002691 0.026335 
0.000367 0.026498 
-0.004036 0.025764 
-0.007909 0.024093 
-0.013453 0.023074 
-0.020261 0.021484 
-0.025234 0.021728 
-0.030493 0.022177 
-0.035344 0.022422 
-0.038280 0.022707 
-0.039706 0.023441 
-0.039706 0.025927 
-0.037627 0.028170 
-0.034448 0.031268 
-0.028863 0.033592 
-0.021484 0.035304 
-0.014635 0.035671 
-0.005830 0.034692 
0.002528 0.033551 
0.011455 0.031675 
0.020628 0.029393 
0.026172 0.025764 
0.032042 0.021117 
0.037097 0.016592 
0.040726 0.013127 
0.042560 0.009172 
0.042112 0.005789 
0.041582 0.003302 
0.038687 0.001875 
0.035385 0.001141 
0.032246 0.000082 
0.028659 0.001345 
0.026213 0.003424 
0.023685 0.004851 
0.021892 0.007175 
0.021158 0.011007 
0.021158 0.013004 
0.021851 0.013494 
0.022625 0.015817 
0.025316 0.017244 
0.028088 0.016837 
0.028496 0.016347 
0.030208 0.014431 
0.030412 0.011129 
0.028944 0.008194 
0.028170 0.003628 
0.025071 -0.001060 
0.021851 -0.005218 
0.018019 -0.009499 
0.013983 -0.013045 
0.010395 -0.017000 
0.005830 -0.019283 
0.002161 -0.021321 
0.000204 -0.023074 
-0.000611 -0.023400 
-0.002242 -0.023115 
-0.001712 -0.022381 
-0.000734 -0.021932 
-0.000204 -0.019283 
0.003017 -0.016103 
0.005952 -0.014309 
0.008520 -0.011700 
0.009662 -0.008520 
0.011863 -0.005789 
0.013534 -0.004484 
0.012352 -0.004199 
0.012434 -0.003995 
0.010681 -0.004688 
0.007746 -0.005014 
0.003914 -0.005707 
-0.000245 -0.007949 
-0.004077 -0.009743 
-0.009172 -0.011659 
-0.014105 -0.013127 
-0.018345 -0.013616 
-0.020669 -0.012475 
-0.024011 -0.010762 
-0.026987 -0.009621 
-0.027313 -0.007053 
-0.027150 -0.003669 
-0.026091 0.000204 
-0.024378 0.003873 
-0.022666 0.006074 
-0.020709 0.008439 
-0.017285 0.010925 
-0.013168 0.012067 
-0.010232 0.011904 
-0.007623 0.010314 
-0.004974 0.008887 
-0.003302 0.006930 
-0.001141 0.004240 
0.000367 0.001794 
0.000163 -0.000897 
-0.000571 -0.003384 
-0.001794 -0.006360 
-0.002894 -0.007542 
-0.004158 -0.007949 
-0.005137 -0.008235 
-0.006319 -0.007419 
-0.006930 -0.006278 
-0.007990 -0.003710 
-0.008153 -0.002242 
-0.006808 0.000897 
-0.005993 0.004321 
-0.003751 0.006604 
-0.001508 0.010110 
0.000978 0.011129 
0.003221 0.011741 
0.005667 0.011945 
0.008276 0.010110 
0.010966 0.006930 
0.013331 0.003465 
0.013901 -0.000082 
0.014227 -0.005381 
0.012801 -0.010314 
0.011374 -0.014961 
0.008072 -0.020302 
0.004403 -0.023563 
0.001427 -0.025846 
-0.002405 -0.027884 
-0.004770 -0.027843 
-0.007868 -0.026824 
-0.008724 -0.023971 
-0.008887 -0.020220 
-0.009417 -0.016103 
-0.008561 -0.011048 
-0.006523 -0.005911 
-0.004525 -0.001712 
-0.002609 0.001427 
0.000775 0.006156 
0.002405 0.008398 
0.003424 0.008276 
0.003873 0.008561 
0.004321 0.006278 
0.003832 0.002609 
0.001671 -0.001998 
-0.000163 -0.007664 
-0.002813 -0.014350 
-0.006523 -0.020750 
-0.011088 -0.027803 
-0.014798 -0.034244 
-0.018753 -0.037954 
-0.022462 -0.042071 
-0.024501 -0.043865 
-0.025846 -0.044232 
-0.027517 -0.043620 
-0.026987 -0.039503 
-0.024582 -0.034651 
-0.023278 -0.028903 
-0.019772 -0.022136 
-0.015491 -0.014880 
-0.011088 -0.008316 
-0.006196 -0.001794 
-0.002364 0.005218 
0.001060 0.009906 
0.003995 0.014064 
0.004770 0.017448 
0.004403 0.019446 
0.003506 0.020913 
0.000163 0.019976 
-0.003506 0.019160 
-0.008846 0.019609 
-0.014676 0.018875 
-0.020261 0.017937 
-0.026254 0.017978 
-0.031553 0.018712 
-0.036690 0.020506 
-0.039747 0.023278 
-0.042152 0.025683 
-0.042234 0.027966 
-0.039666 0.030656 
-0.036078 0.032939 
-0.030575 0.035508 
-0.024868 0.036323 
-0.018060 0.036445 
-0.009213 0.036445 
-0.000734 0.034121 
0.006971 0.032246 
0.015614 0.029515 
0.022299 0.026254 
0.027721 0.023033 
0.032532 0.018141 
0.035385 0.014880 
0.036975 0.012271 
0.036445 0.008887 
0.035548 0.005463 
0.033918 0.003710 
0.031309 0.003832 
0.028455 0.003914 
0.025601 0.004729 
0.024215 0.006523 
0.022585 0.008398 
0.021728 0.010640 
0.021565 0.013412 
0.022095 0.015817 
0.024827 0.018141 
0.026131 0.018997 
0.028822 0.019731 
0.031553 0.019649 
0.031146 0.017285 
0.032287 0.015328 
0.032124 0.012434 
0.031023 0.009865 
0.029800 0.005830 
0.026498 0.001468 
0.022707 -0.001998 
0.018386 -0.006930 
0.013901 -0.010069 
0.010558 -0.014105 
0.007297 -0.017326 
0.002609 -0.019568 
0.000978 -0.022340 
0.000245 -0.022707 
-0.000856 -0.022829 
0.000000 -0.022707 
0.000775 -0.020913 
0.003384 -0.018630 
0.006319 -0.016225 
0.008520 -0.013698 
0.010925 -0.011415 
0.013412 -0.008398 
0.014880 -0.006849 
0.015287 -0.005544 
0.015980 -0.005014 
0.014880 -0.005952 
0.012597 -0.005952 
0.009743 -0.007623 
0.005300 -0.008887 
0.001508 -0.010355 
-0.002731 -0.012393 
-0.007949 -0.013290 
-0.012108 -0.013616 
-0.016837 -0.013290 
-0.019690 -0.011741 
-0.022503 -0.009539 
-0.026498 -0.007501 
-0.026824 -0.003628 
-0.027477 -0.001834 
-0.027069 0.001264 
-0.024623 0.006033 
-0.023318 0.007501 
-0.020954 0.008765 
-0.017937 0.010558 
-0.014187 0.011618 
-0.010558 0.011415 
-0.008479 0.011129 
-0.006115 0.009417 
-0.004158 0.006930 
-0.003057 0.003710 
-0.002568 0.001427 
-0.002242 -0.000734 
-0.001468 -0.003791 
-0.002609 -0.005340 
-0.003343 -0.007786 
-0.004729 -0.008031 
-0.007297 -0.007827 
-0.007542 -0.007175 
-0.008194 -0.005137 
-0.008235 -0.003506 
-0.008153 -0.000367 
-0.007093 0.002405 
-0.005422 0.006033 
-0.003832 0.009539 
0.000041 0.011700 
0.002528 0.013208 
0.005585 0.013575 
0.008276 0.012597 
0.010762 0.011129 
0.013412 0.007868 
0.013616 0.003751 
0.014472 -0.000652 
0.013412 -0.006237 
0.011537 -0.011170 
0.009825 -0.016592 
0.006033 -0.020261 
0.002650 -0.024134 
-0.000163 -0.026824 
-0.002650 -0.027436 
-0.004647 -0.028414 
-0.006482 -0.026335 
-0.008113 -0.023115 
-0.008072 -0.019079 
-0.007256 -0.014187 
-0.006237 -0.009499 
-0.004280 -0.005218 
-0.002405 0.001141 
-0.000285 0.005585 
0.002079 0.007501 
0.004362 0.011129 
0.005340 0.011211 
0.006400 0.010681 
0.007053 0.008031 
0.005707 0.003914 
0.003954 -0.000571 
0.000775 -0.007256 
-0.001753 -0.013086 
-0.005503 -0.019609 
-0.011088 -0.026213 
-0.014880 -0.032654 
-0.019201 -0.037220 
-0.022136 -0.041052 
-0.024786 -0.042968 
-0.027599 -0.043009 
-0.027517 -0.041663 
-0.027436 -0.038117 
-0.026050 -0.034407 
-0.023074 -0.027640 
-0.018630 -0.020872 
-0.014024 -0.014268 
-0.010232 -0.007990 
-0.004688 -0.002813 
0.000122 0.002487 
0.003384 0.006890 
0.005463 0.010110 
0.006726 0.012311 
0.005952 0.014391 
0.003180 0.014554 
0.001060 0.015043 
-0.003384 0.015410 
-0.009009 0.015124 
-0.015043 0.014717 
-0.021362 0.014717 
-0.026906 0.016877 
-0.032898 0.018671 
-0.037587 0.020628 
-0.041215 0.022625 
-0.042356 0.024786 
-0.042764 0.027069 
-0.041337 0.030086 
-0.037342 0.032735 
-0.033428 0.034570 
-0.026661 0.036241 
-0.019853 0.036160 
-0.012148 0.035793 
-0.003710 0.033755 
0.004036 0.032002 
0.012393 0.029148 
0.018467 0.024868 
0.023848 0.021810 
0.027477 0.017203 
0.029963 0.013738 
0.032165 0.011374 
0.031879 0.007827 
0.030371 0.005096 
0.028944 0.004280 
0.027395 0.003954 
0.024297 0.005096 
0.023645 0.006319 
0.023278 0.007297 
0.021647 0.010681 
0.022951 0.013086 
0.023359 0.014676 
0.023767 0.017081 
0.026335 0.019242 
0.028496 0.019649 
0.030412 0.020342 
0.032124 0.020709 
0.033102 0.018875 
0.033551 0.017163 
0.032165 0.013575 
0.029963 0.010640 
0.027599 0.008357 
0.024174 0.003710 
0.021158 -0.001182 
0.016062 -0.005707 
0.012515 -0.009213 
0.009865 -0.013208 
0.004403 -0.016755 
0.002446 -0.018712 
0.000652 -0.020587 
-0.001019 -0.021851 
-0.000938 -0.021892 
0.000122 -0.020546 
0.002405 -0.018753 
0.003587 -0.016184 
0.006156 -0.014187 
0.008602 -0.012515 
0.010966 -0.009702 
0.012964 -0.007705 
0.014431 -0.006930 
0.015369 -0.006360 
0.015165 -0.005870 
0.014880 -0.007909 
0.012393 -0.009499 
0.009621 -0.010477 
0.005993 -0.013331 
0.001753 -0.013738 
-0.002528 -0.013779 
-0.006645 -0.014717 
-0.011170 -0.015206 
-0.015450 -0.014757 
-0.018549 -0.012597 
-0.021647 -0.010803 
-0.022951 -0.008642 
-0.024501 -0.005218 
-0.024704 -0.002364 
-0.024134 0.000571 
-0.022544 0.004240 
-0.020546 0.006115 
-0.019079 0.008276 
-0.014798 0.010599 
-0.012964 0.010069 
-0.010395 0.009539 
-0.007297 0.009009 
-0.005585 0.007256 
-0.003751 0.004810 
-0.002894 0.001875 
-0.002324 -0.000897 
-0.002405 -0.003547 
-0.002446 -0.006115 
-0.004321 -0.008113 
-0.005667 -0.009376 
-0.007256 -0.009702 
-0.008479 -0.009499 
-0.009580 -0.008520 
-0.011211 -0.005503 
-0.010966 -0.002813 
-0.011415 0.000530 
-0.009295 0.004974 
-0.006808 0.007909 
-0.004810 0.011088 
-0.001508 0.013045 
0.001671 0.014146 
0.005055 0.015247 
0.007542 0.013657 
0.009539 0.011129 
0.010762 0.007949 
0.011537 0.003751 
0.011333 -0.000652 
0.009865 -0.005870 
0.007827 -0.010681 
0.005218 -0.015328 
0.002364 -0.019935 
0.000448 -0.023237 
-0.002079 -0.025927 
-0.004444 -0.026702 
-0.005381 -0.026906 
-0.006604 -0.025561 
-0.006645 -0.021525 
-0.007053 -0.017366 
-0.005830 -0.012352 
-0.004036 -0.007338 
-0.002161 -0.002568 
0.000775 0.002731 
0.002894 0.007909 
0.005952 0.010925 
0.007705 0.012352 
0.009621 0.013738 
0.009988 0.011985 
0.009132 0.009458 
0.009458 0.005544 
0.006686 -0.000571 
0.003180 -0.006196 
0.000163 -0.013290 
-0.004566 -0.020628 
-0.009376 -0.027395 
-0.013575 -0.032939 
-0.018141 -0.037546 
-0.021892 -0.041419 
-0.024419 -0.042723 
-0.025724 -0.043049 
-0.026131 -0.041337 
-0.025357 -0.037057 
-0.023033 -0.032654 
-0.019486 -0.028047 
-0.015614 -0.022422 
-0.011700 -0.016266 
-0.006645 -0.009947 
-0.001508 -0.005014 
0.002691 -0.001019 
0.005340 0.003261 
0.008113 0.005952 
0.009621 0.008316 
0.008561 0.009865 
0.005503 0.010314 
0.001468 0.011129 
-0.002854 0.012148 
-0.009172 0.012597 
-0.014757 0.013657 
-0.021402 0.015532 
-0.027640 0.015736 
-0.033062 0.017937 
-0.039054 0.021484 
-0.042071 0.024786 
-0.043661 0.028292 
-0.044313 0.030575 
-0.043661 0.033510 
-0.039870 0.035793 
-0.034692 0.038280 
-0.028536 0.039340 
-0.020995 0.038198 
-0.013861 0.037831 
-0.005993 0.036038 
0.001345 0.033265 
0.008153 0.030004 
0.014187 0.025805 
0.019486 0.021035 
0.022992 0.017122 
0.025275 0.013901 
0.026335 0.010966 
0.026498 0.008928 
0.025764 0.006808 
0.024093 0.006237 
0.023074 0.006360 
0.021484 0.007093 
0.021728 0.007909 
0.022177 0.008846 
0.022422 0.011863 
0.022707 0.013494 
0.023441 0.015043 
0.025927 0.016837 
0.028170 0.018019 
0.031268 0.020465 
0.033592 0.021525 
0.035304 0.021199 
0.035671 0.020791 
0.034692 0.019446 
0.033551 0.016714 
0.031675 0.013738 
0.029393 0.010151 
0.025764 0.005422 
0.021117 0.000571 
0.016592 -0.003628 
0.013127 -0.007623 
0.009172 -0.011863 
0.005789 -0.015124 
0.003302 -0.017163 
0.001875 -0.017815 
0.001141 -0.018304 
0.000082 -0.018060 
0.001345 -0.017244 
0.003424 -0.016551 
0.004851 -0.013331 
0.007175 -0.011170 
0.011007 -0.010232 
0.013004 -0.007786 
0.013494 -0.007134 
0.015817 -0.007419 
0.017244 -0.006278 
0.016837 -0.006849 
0.016347 -0.008642 
0.014431 -0.010314 
0.011129 -0.012148 
0.008194 -0.013127 
0.003628 -0.014554 
-0.001060 -0.015287 
-0.005218 -0.015980 
-0.009499 -0.016184 
-0.013045 -0.014676 
-0.017000 -0.013412 
-0.019283 -0.010722 
-0.021321 -0.007705 
-0.023074 -0.005544 
-0.023400 -0.002731 
-0.023115 0.001427 
-0.022381 0.004240 
-0.021932 0.006400 
-0.019283 0.008806 
-0.016103 0.009254 
-0.014309 0.009376 
-0.011700 0.009091 
-0.008520 0.008561 
-0.005789 0.005870 
-0.004484 0.002609 
-0.004199 -0.000082 
-0.003995 -0.003221 
-0.004688 -0.005870 
-0.005014 -0.008561 
-0.005707 -0.009417 
-0.007949 -0.011170 
-0.009743 -0.010966 
-0.011659 -0.008887 
-0.013127 -0.007379 
-0.013616 -0.004362 
-0.012475 -0.001427 
-0.010762 0.003139 
-0.009621 0.007053 
-0.007053 0.010762 
-0.003669 0.013820 
0.000204 0.014635 
0.003873 0.015695 
0.006074 0.015817 
0.008439 0.015287 
0.010925 0.012026 
0.012067 0.008113 
0.011904 0.004892 
0.010314 0.000448 
0.008887 -0.004117 
0.006930 -0.009662 
0.004240 -0.014880 
0.001794 -0.019772 
-0.000897 -0.023767 
-0.003384 -0.025031 
-0.006360 -0.025683 
-0.007542 -0.026131 
-0.007949 -0.024378 
-0.008235 -0.021321 
-0.007419 -0.017448 
-0.006278 -0.012108 
-0.003710 -0.006523 
-0.002242 -0.000734 
0.000897 0.003547 
0.004321 0.007623 
0.006604 0.011863 
0.010110 0.012801 
0.011129 0.014064 
0.011741 0.013086 
0.011945 0.009376 
0.010110 0.005096 
0.006930 -0.001386 
0.003465 -0.006645 
-0.000082 -0.013698 
-0.005381 -0.021158 
-0.010314 -0.026784 
-0.014961 -0.032695 
-0.020302 -0.036527 
-0.023563 -0.039706 
-0.025846 -0.040929 
-0.027884 -0.041174 
-0.027843 -0.040277 
-0.026824 -0.036119 
-0.023971 -0.032002 
-0.020220 -0.027843 
-0.016103 -0.022870 
-0.011048 -0.017815 
-0.005911 -0.013453 
-0.001712 -0.009091 
0.001427 -0.004729 
0.006156 -0.001060 
0.008398 0.000775 
0.008276 0.002405 
0.008561 0.004403 
0.006278 0.004280 
0.002609 0.005789 
-0.001998 0.007379 
-0.007664 0.008316 
-0.014350 0.010722 
-0.020750 0.012515 
-0.027803 0.015002 
-0.034244 0.017856 
-0.037954 0.021117 
-0.042071 0.024378 
-0.043865 0.027517 
-0.044232 0.031431 
-0.043620 0.033795 
-0.039503 0.035874 
-0.034651 0.038239 
-0.028903 0.038973 
-0.022136 0.038850 
-0.014880 0.037750 
-0.008316 0.035344 
-0.001794 0.032287 
0.005218 0.028700 
0.009906 0.025357 
0.014064 0.020913 
0.017448 0.016959 
0.019446 0.013738 
0.020913 0.009865 
0.019976 0.008357 
0.019160 0.006930 
0.019609 0.005993 
0.018875 0.006074 
0.017937 0.005463 
0.017978 0.007542 
0.018712 0.009702 
0.020506 0.010640 
0.023278 0.012923 
0.025683 0.015450 
0.027966 0.018100 
0.030656 0.019976 
0.032939 0.022258 
0.035508 0.023237 
0.036323 0.022258 
0.036445 0.022666 
0.036445 0.020465 
0.034121 0.017203 
0.032246 0.014024 
0.029515 0.010069 
0.026254 0.006767 
0.023033 0.001998 
0.018141 -0.002650 
0.014880 -0.006278 
0.012271 -0.009336 
0.008887 -0.012556 
0.005463 -0.014717 
0.003710 -0.015614 
0.003832 -0.016388 
0.003914 -0.016307 
0.004729 -0.015450 
0.006523 -0.013861 
0.008398 -0.012230 
0.010640 -0.010681 
0.013412 -0.009539 
0.015817 -0.008235 
0.018141 -0.007460 
0.018997 -0.007705 
0.019731 -0.008357 
0.019649 -0.008602 
0.017285 -0.009743 
0.015328 -0.013004 
0.012434 -0.013861 
0.009865 -0.014961 
0.005830 -0.016429 
0.001468 -0.017530 
-0.001998 -0.018263 
-0.006930 -0.016755 
-0.010069 -0.016143 
-0.014105 -0.014472 
-0.017326 -0.012026 
-0.019568 -0.009539 
-0.022340 -0.006645 
-0.022707 -0.003587 
-0.022829 0.000163 
-0.022707 0.003628 
-0.020913 0.006482 
-0.018630 0.008520 
-0.016225 0.009825 
-0.013698 0.009499 
-0.011415 0.008276 
-0.008398 0.006604 
-0.006849 0.004729 
-0.005544 0.002364 
-0.005014 -0.000897 
-0.005952 -0.004484 
-0.005952 -0.007542 
-0.007623 -0.009254 
-0.008887 -0.009988 
-0.010355 -0.010314 
-0.012393 -0.009988 
-0.013290 -0.008357 
-0.013616 -0.006726 
-0.013290 -0.003221 
-0.011741 0.000734 
-0.009539 0.004892 
-0.007501 0.009662 
-0.003628 0.011822 
-0.001834 0.014391 
0.001264 0.016592 
0.006033 0.017040 
0.007501 0.018304 
0.008765 0.017081 
0.010558 0.013494 
0.011618 0.010966 
0.011415 0.005667 
0.011129 -0.000326 
0.009417 -0.005177 
0.006930 -0.010314 
0.003710 -0.015573 
0.001427 -0.020832 
-0.000734 -0.023808 
-0.003791 -0.026865 
-0.005340 -0.027721 
-0.007786 -0.026702 
-0.008031 -0.024623 
-0.007827 -0.020628 
-0.007175 -0.016470 
-0.005137 -0.011211 
-0.003506 -0.005626 
-0.000367 0.000775 
0.002405 0.005503 
0.006033 0.009458 
0.009539 0.012923 
0.011700 0.015328 
0.013208 0.015777 
0.013575 0.013738 
0.012597 0.010966 
0.011129 0.006278 
0.007868 0.000734 
0.003751 -0.005667 
-0.000652 -0.011578 
-0.006237 -0.019283 
-0.011170 -0.025357 
-0.016592 -0.029474 
-0.020261 -0.033795 
-0.024134 -0.035834 
-0.026824 -0.037994 
-0.027436 -0.037668 
-0.028414 -0.036404 
-0.026335 -0.033551 
-0.023115 -0.030534 
-0.019079 -0.027313 
-0.014187 -0.022503 
-0.009499 -0.019568 
-0.005218 -0.015573 
0.001141 -0.011741 
0.005585 -0.008561 
0.007501 -0.006278 
0.011129 -0.004851 
0.011211 -0.003139 
0.010681 -0.001386 
0.008031 -0.000204 
0.003914 0.000489 
-0.000571 0.002201 
-0.007256 0.003547 
-0.013086 0.005300 
-0.019609 0.008357 
-0.026213 0.011088 
-0.032654 0.014472 
-0.037220 0.019527 
-0.041052 0.023074 
-0.042968 0.026824 
-0.043009 0.030860 
-0.041663 0.034121 
-0.038117 0.037383 
-0.034407 0.038076 
-0.027640 0.038524 
-0.020872 0.038076 
-0.014268 0.036608 
-0.007990 0.034774 
-0.002813 0.032491 
0.002487 0.029066 
0.006890 0.024378 
0.010110 0.021484 
0.012311 0.017693 
0.014391 0.014798 
0.014554 0.012678 
0.015043 0.009417 
0.015410 0.008357 
0.015124 0.007542 
0.014717 0.006645 
0.014717 0.007542 
0.016877 0.008683 
0.018671 0.009947 
0.020628 0.012719 
0.022625 0.015940 
0.024786 0.018712 
0.027069 0.021402 
0.030086 0.023400 
0.032735 0.025234 
0.034570 0.026784 
0.036241 0.026702 
0.036160 0.025927 
0.035793 0.023767 
0.033755 0.020628 
0.032002 0.016633 
0.029148 0.012475 
0.024868 0.008561 
0.021810 0.003098 
0.017203 -0.000734 
0.013738 -0.004321 
0.011374 -0.008276 
0.007827 -0.010355 
0.005096 -0.012230 
0.004280 -0.013331 
0.003954 -0.013249 
0.005096 -0.013453 
0.006319 -0.012719 
0.007297 -0.010151 
0.010681 -0.008969 
0.013086 -0.007705 
0.014676 -0.006767 
0.017081 -0.007012 
0.019242 -0.006441 
0.019649 -0.007216 
0.020342 -0.007990 
0.020709 -0.008969 
0.018875 -0.010762 
0.017163 -0.012597 
0.013575 -0.014635 
0.010640 -0.016388 
0.008357 -0.017815 
0.003710 -0.019160 
-0.001182 -0.020139 
-0.005707 -0.019323 
-0.009213 -0.017489 
-0.013208 -0.015206 
-0.016755 -0.012067 
-0.018712 -0.008642 
-0.020587 -0.004647 
-0.021851 -0.001590 
-0.021892 0.001508 
-0.020546 0.005014 
-0.018753 0.007868 
-0.016184 0.010885 
-0.014187 0.011822 
-0.012515 0.010681 
-0.009702 0.009539 
-0.007705 0.008072 
-0.006930 0.005340 
-0.006360 0.002242 
-0.005870 -0.001101 
-0.007909 -0.004647 
-0.009499 -0.007216 
-0.010477 -0.009213 
-0.013331 -0.009906 
-0.013738 -0.010314 
-0.013779 -0.010355 
-0.014717 -0.008316 
-0.015206 -0.005218 
-0.014757 -0.002079 
-0.012597 0.001305 
-0.010803 0.005177 
-0.008642 0.009172 
-0.005218 0.013086 
-0.002364 0.015369 
0.000571 0.018060 
0.004240 0.019731 
0.006115 0.018671 
0.008276 0.017530 
0.010599 0.014676 
0.010069 0.011170 
0.009539 0.006237 
0.009009 -0.000245 
0.007256 -0.005381 
0.004810 -0.011292 
0.001875 -0.017652 
-0.000897 -0.022625 
-0.003547 -0.027150 
-0.006115 -0.029107 
-0.008113 -0.029474 
-0.009376 -0.029393 
-0.009702 -0.026050 
-0.009499 -0.021688 
-0.008520 -0.016959 
-0.005503 -0.011088 
-0.002813 -0.004158 
0.000530 0.002650 
0.004974 0.008479 
0.007909 0.013290 
0.011088 0.016184 
0.013045 0.017530 
0.014146 0.016225 
0.015247 0.014554 
0.013657 0.011618 
0.011129 0.005707 
0.007949 -0.000041 
0.003751 -0.005463 
-0.000652 -0.011904 
-0.005870 -0.018956 
-0.010681 -0.025112 
-0.015328 -0.029433 
-0.019935 -0.032369 
-0.023237 -0.035508 
-0.025927 -0.036567 
-0.026702 -0.036119 
-0.026906 -0.035222 
-0.025561 -0.032572 
-0.021525 -0.029311 
-0.017366 -0.026009 
-0.012352 -0.022625 
-0.007338 -0.018916 
-0.002568 -0.015736 
0.002731 -0.012719 
0.007909 -0.010722 
0.010925 -0.009009 
0.012352 -0.007338 
0.013738 -0.006767 
0.011985 -0.005993 
0.009458 -0.005830 
0.005544 -0.004974 
-0.000571 -0.003506 
-0.006196 -0.001305 
-0.013290 0.001305 
-0.020628 0.004240 
-0.027395 0.008765 
-0.032939 0.012597 
-0.037546 0.017203 
-0.041419 0.022992 
-0.042723 0.026091 
-0.043049 0.029719 
-0.041337 0.034121 
-0.037057 0.036853 
-0.032654 0.038687 
-0.028047 0.038850 
-0.022422 0.039095 
-0.016266 0.037505 
-0.009947 0.035344 
-0.005014 0.033225 
-0.001019 0.029393 
0.003261 0.026050 
0.005952 0.022095 
0.008316 0.018793 
0.009865 0.015165 
0.010314 0.010844 
0.011129 0.007460 
0.012148 0.005748 
0.012597 0.004770 
0.013657 0.004688 
0.015532 0.006156 
0.015736 0.007093 
0.017937 0.009254 
0.021484 0.012230 
0.024786 0.015614 
0.028292 0.018589 
0.030575 0.021362 
0.033510 0.024378 
0.035793 0.026661 
0.038280 0.028088 
0.039340 0.026906 
0.038198 0.026131 
0.037831 0.024704 
0.036038 0.022014 
0.033265 0.018386 
0.030004 0.012964 
0.025805 0.008683 
0.021035 0.004444 
0.017122 0.000326 
0.013901 -0.003628 
0.010966 -0.007256 
0.008928 -0.008806 
0.006808 -0.010395 
0.006237 -0.011822 
0.006360 -0.011659 
0.007093 -0.010844 
0.007909 -0.009539 
0.008846 -0.008316 
0.011863 -0.007012 
0.013494 -0.005544 
0.015043 -0.004892 
0.016837 -0.004199 
0.018019 -0.004280 
0.020465 -0.006400 
0.021525 -0.007297 
0.021199 -0.008602 
0.020791 -0.011170 
0.019446 -0.013494 
0.016714 -0.016470 
0.013738 -0.017896 
0.010151 -0.019690 
0.005422 -0.020628 
