0.013773 -0.021237 
0.013196 -0.018006 
0.011273 -0.015774 
0.009426 -0.010888 
0.007002 -0.006194 
0.004578 -0.002693 
0.002655 0.002078 
-0.001539 0.006694 
-0.004809 0.011350 
-0.007041 0.015697 
-0.010349 0.019891 
-0.014197 0.023584 
-0.016890 0.027470 
-0.019006 0.030625 
-0.021737 0.033164 
-0.024315 0.035742 
-0.026277 0.037973 
-0.027316 0.039666 
-0.028163 0.040243 
-0.029086 0.040589 
-0.028740 0.040743 
-0.027970 0.041013 
-0.027778 0.039974 
-0.026046 0.038473 
-0.023853 0.037088 
-0.021122 0.035203 
-0.017929 0.033356 
-0.014428 0.031279 
-0.010080 0.028970 
-0.005925 0.026239 
-0.001693 0.024546 
0.002578 0.021584 
0.007502 0.018929 
0.011388 0.017082 
0.016005 0.013773 
0.021314 0.011927 
0.024815 0.009272 
0.029009 0.007156 
0.032087 0.006040 
0.034472 0.003616 
0.038089 0.001885 
0.039628 0.000885 
0.040320 -0.000693 
0.042590 -0.002732 
0.043244 -0.004424 
0.042436 -0.006002 
0.042051 -0.006810 
0.041821 -0.007849 
0.040859 -0.008733 
0.038666 -0.009580 
0.035165 -0.010657 
0.032895 -0.010888 
0.031279 -0.011734 
0.028163 -0.012542 
0.026085 -0.013927 
0.022507 -0.013697 
0.019737 -0.013773 
0.017775 -0.015466 
0.014158 -0.015813 
0.011965 -0.018506 
0.009388 -0.019737 
0.006233 -0.020429 
0.003347 -0.022892 
0.001885 -0.023546 
-0.000231 -0.025046 
-0.002193 -0.026893 
-0.003886 -0.028124 
-0.005963 -0.029163 
-0.007233 -0.028932 
-0.008541 -0.029548 
-0.008887 -0.030163 
-0.010696 -0.028509 
-0.011427 -0.027201 
-0.011619 -0.026046 
-0.013350 -0.024546 
-0.014658 -0.021468 
-0.014658 -0.017775 
-0.014774 -0.015005 
-0.017005 -0.010542 
-0.017929 -0.006771 
-0.018275 -0.003424 
-0.018890 0.000885 
-0.019391 0.005117 
-0.020314 0.007695 
-0.021122 0.010272 
-0.022045 0.013004 
-0.022699 0.013850 
-0.023584 0.014966 
-0.024200 0.014966 
-0.024892 0.014658 
-0.026547 0.012581 
-0.027701 0.009965 
-0.027970 0.008041 
-0.028086 0.004655 
-0.027816 0.001193 
-0.028470 -0.002886 
-0.028663 -0.005502 
-0.028124 -0.009311 
-0.027124 -0.013158 
-0.025277 -0.015890 
-0.024007 -0.018890 
-0.021468 -0.020352 
-0.018313 -0.022276 
-0.014697 -0.023738 
-0.011542 -0.024084 
-0.007964 -0.023238 
-0.003540 -0.023046 
-0.000539 -0.021661 
0.003309 -0.019198 
0.006425 -0.018198 
0.009195 -0.015466 
0.012004 -0.012581 
0.013081 -0.008810 
0.013812 -0.005194 
0.014620 -0.004040 
0.014312 -0.000846 
0.012966 0.002847 
0.012311 0.004848 
0.009503 0.006502 
0.005309 0.008426 
0.002616 0.010580 
-0.001154 0.010619 
-0.004771 0.011465 
-0.009041 0.012773 
-0.012966 0.013581 
-0.015235 0.014658 
-0.018852 0.014081 
-0.020891 0.015351 
-0.022853 0.016120 
-0.025469 0.016505 
-0.025854 0.018429 
-0.025315 0.018236 
-0.024661 0.018506 
-0.023584 0.020314 
-0.021276 0.021237 
-0.018544 0.022122 
-0.015505 0.023276 
-0.012158 0.023353 
-0.008926 0.023238 
-0.005348 0.022776 
-0.001654 0.022969 
0.001308 0.022430 
0.004848 0.021006 
0.008079 0.020545 
0.009426 0.018159 
0.011734 0.015620 
0.013581 0.013312 
0.015159 0.010734 
0.016236 0.008041 
0.016159 0.004309 
0.016736 0.000923 
0.016774 -0.002924 
0.016544 -0.006964 
0.016890 -0.010272 
0.016890 -0.014235 
0.016082 -0.017775 
0.016813 -0.019583 
0.016736 -0.022699 
0.016082 -0.025085 
0.017005 -0.026854 
0.017159 -0.029740 
0.017198 -0.030125 
0.018390 -0.030548 
0.019275 -0.031125 
0.018967 -0.030471 
0.019275 -0.030355 
0.018544 -0.028932 
0.017929 -0.026893 
0.017428 -0.024354 
0.015659 -0.020660 
0.014620 -0.017659 
0.012158 -0.014235 
0.009041 -0.009503 
0.006848 -0.004963 
0.004386 -0.000423 
0.001270 0.003732 
-0.001847 0.008041 
-0.005194 0.013543 
-0.008926 0.017236 
-0.012004 0.020006 
-0.015005 0.024815 
-0.018352 0.028278 
-0.021584 0.030740 
-0.023623 0.033703 
-0.025777 0.035819 
-0.027701 0.037512 
-0.028047 0.038435 
-0.029163 0.039012 
-0.029855 0.039935 
-0.029432 0.039820 
-0.028316 0.038704 
-0.026431 0.037781 
-0.024854 0.036280 
-0.022276 0.034472 
-0.018929 0.032664 
-0.015697 0.030125 
-0.011927 0.028701 
-0.008272 0.026777 
-0.004271 0.023661 
0.001039 0.022276 
0.005656 0.019737 
0.009464 0.017198 
0.014004 0.015851 
0.018852 0.013427 
0.023700 0.011696 
0.027393 0.009464 
0.031125 0.007041 
0.034741 0.004963 
0.036857 0.003193 
0.038974 0.002308 
0.041205 -0.000038 
0.042859 -0.001924 
0.043052 -0.002886 
0.042859 -0.004578 
0.042244 -0.005502 
0.041359 -0.006656 
0.039858 -0.007887 
0.038666 -0.007579 
0.037550 -0.008541 
0.034818 -0.009580 
0.032625 -0.009695 
0.029701 -0.010580 
0.026739 -0.011003 
0.023853 -0.012004 
0.021237 -0.012889 
0.018352 -0.013927 
0.015312 -0.015851 
0.013658 -0.016813 
0.010118 -0.018275 
0.007425 -0.020429 
0.005886 -0.022776 
0.003770 -0.024777 
0.001424 -0.025854 
-0.000500 -0.027162 
-0.001885 -0.028624 
-0.003616 -0.029509 
-0.005040 -0.030702 
-0.006848 -0.031548 
-0.007733 -0.031741 
-0.008195 -0.031240 
-0.009195 -0.029740 
-0.010234 -0.028547 
-0.011003 -0.026162 
-0.011580 -0.022661 
-0.012812 -0.019275 
-0.013735 -0.015813 
-0.014543 -0.011850 
-0.015351 -0.007849 
-0.015966 -0.003847 
-0.017121 0.001154 
-0.018044 0.004424 
-0.018929 0.007271 
-0.019506 0.010311 
-0.019275 0.012081 
-0.021507 0.014004 
-0.023007 0.015159 
-0.023584 0.014466 
-0.025354 0.013158 
-0.026277 0.012042 
-0.027701 0.010426 
-0.028663 0.008041 
-0.029086 0.004578 
-0.028817 0.001193 
-0.029432 -0.002693 
-0.029778 -0.005925 
-0.028547 -0.009349 
-0.027508 -0.013620 
-0.025546 -0.016274 
-0.023853 -0.019814 
-0.021122 -0.021699 
-0.017775 -0.022276 
-0.014735 -0.023507 
-0.011388 -0.023853 
-0.007079 -0.023738 
-0.003155 -0.022661 
0.000269 -0.021199 
0.004232 -0.019583 
0.007310 -0.017467 
0.010272 -0.014274 
0.011696 -0.011696 
0.013466 -0.008618 
0.015505 -0.006117 
0.015005 -0.003578 
0.014043 -0.000654 
0.013273 0.001039 
0.011388 0.003347 
0.008772 0.005232 
0.005463 0.007271 
0.001808 0.007772 
-0.001577 0.008926 
-0.005733 0.010811 
-0.009618 0.011350 
-0.013773 0.012273 
-0.017428 0.012966 
-0.020237 0.014197 
-0.022661 0.014966 
-0.024007 0.016428 
-0.025239 0.017390 
-0.026123 0.018313 
-0.025893 0.019198 
-0.024238 0.019968 
-0.023122 0.021430 
-0.021814 0.021814 
-0.019544 0.022699 
-0.016582 0.023623 
-0.012927 0.023892 
-0.009080 0.023584 
-0.005540 0.024546 
-0.003193 0.023546 
-0.000346 0.022122 
0.002539 0.022315 
0.005694 0.020506 
0.008580 0.019006 
0.010696 0.016967 
0.012235 0.014812 
0.013081 0.011196 
0.014351 0.008387 
0.015235 0.005925 
0.015159 0.002155 
0.015351 -0.000693 
0.016043 -0.005232 
0.016159 -0.008772 
0.016620 -0.011773 
0.016390 -0.014389 
0.016620 -0.017698 
0.017736 -0.021391 
0.017544 -0.023046 
0.017775 -0.025739 
0.018775 -0.028163 
0.019275 -0.029624 
0.020045 -0.031010 
0.020699 -0.031510 
0.019852 -0.030971 
0.020352 -0.030471 
0.020122 -0.029317 
0.018429 -0.027393 
0.017929 -0.024777 
0.016659 -0.021314 
0.014620 -0.017890 
0.012658 -0.014312 
0.010696 -0.011003 
0.007233 -0.006887 
0.004771 -0.002039 
0.002231 0.002770 
-0.001347 0.007156 
-0.004424 0.011234 
-0.008118 0.015043 
-0.011465 0.018852 
-0.014389 0.023199 
-0.017082 0.026662 
-0.021006 0.029778 
-0.023892 0.032625 
-0.025585 0.035011 
-0.027393 0.037242 
-0.028624 0.038820 
-0.029009 0.039551 
-0.029471 0.039666 
-0.029932 0.039243 
-0.028624 0.038820 
-0.027701 0.038050 
-0.025585 0.036357 
-0.023238 0.035126 
-0.020237 0.033472 
-0.017082 0.031279 
-0.013889 0.028817 
-0.009388 0.026624 
-0.005617 0.024738 
-0.000500 0.022699 
0.002809 0.020506 
0.007195 0.017929 
0.012427 0.016697 
0.016428 0.014274 
0.020930 0.011811 
0.024661 0.010349 
0.029124 0.008272 
0.031817 0.006271 
0.034280 0.004001 
0.036665 0.002962 
0.038550 0.000731 
0.039705 -0.001424 
0.040859 -0.002385 
0.041628 -0.003540 
0.040974 -0.004809 
0.041051 -0.006117 
0.039166 -0.005771 
0.038127 -0.006733 
0.036473 -0.006387 
0.034126 -0.005733 
0.032664 -0.007464 
0.029894 -0.007502 
0.028047 -0.008349 
0.024661 -0.009234 
0.021584 -0.010272 
0.019429 -0.011888 
0.016467 -0.012504 
0.014312 -0.014812 
0.012158 -0.016890 
0.009695 -0.019044 
0.006887 -0.021814 
0.004655 -0.023122 
0.002809 -0.025777 
0.000731 -0.028124 
-0.000616 -0.029278 
-0.002193 -0.030663 
-0.003693 -0.031971 
-0.004809 -0.032125 
-0.006156 -0.031971 
-0.007425 -0.032702 
-0.008310 -0.030663 
-0.008964 -0.028432 
-0.010272 -0.026162 
-0.010773 -0.023276 
-0.011080 -0.020045 
-0.012696 -0.014851 
-0.013543 -0.011773 
-0.014043 -0.007656 
-0.014658 -0.003540 
-0.015312 0.000539 
-0.016313 0.005386 
-0.017313 0.007425 
-0.017428 0.009734 
-0.018236 0.012004 
-0.019968 0.013927 
-0.021545 0.014658 
-0.023007 0.014543 
-0.024200 0.013773 
-0.026316 0.012158 
-0.027508 0.010696 
-0.028740 0.007502 
-0.029278 0.004617 
-0.029278 0.002193 
-0.030202 -0.002308 
-0.030086 -0.006387 
-0.029740 -0.009464 
-0.028278 -0.012465 
-0.026585 -0.014620 
-0.024123 -0.017967 
-0.021584 -0.020622 
-0.018698 -0.022276 
-0.014235 -0.023238 
-0.010965 -0.022430 
-0.007041 -0.023084 
-0.003155 -0.022930 
0.000462 -0.021199 
0.004155 -0.018813 
0.007271 -0.016582 
0.010080 -0.014620 
0.011965 -0.012388 
0.012966 -0.010465 
0.013697 -0.008310 
0.014774 -0.005809 
0.014120 -0.002809 
0.012465 -0.001039 
0.011311 0.000500 
0.008618 0.002578 
0.005809 0.004463 
0.002962 0.005694 
-0.001770 0.006271 
-0.005886 0.007887 
-0.009234 0.009234 
-0.012735 0.010195 
-0.015736 0.011273 
-0.018775 0.012812 
-0.021545 0.013889 
-0.024046 0.014966 
-0.024315 0.016544 
-0.024546 0.016813 
-0.024854 0.017621 
-0.023815 0.019314 
-0.023392 0.020545 
-0.021237 0.022045 
-0.019083 0.022930 
-0.017005 0.023546 
-0.013581 0.024392 
-0.009926 0.024200 
-0.006502 0.024777 
-0.004117 0.025085 
-0.000500 0.024007 
0.002924 0.023238 
0.005002 0.022007 
0.007733 0.020506 
0.009041 0.018198 
0.009926 0.014889 
0.012311 0.012658 
0.013042 0.010465 
0.013889 0.006617 
0.014581 0.004117 
0.014235 0.000539 
0.015697 -0.004194 
0.015851 -0.007541 
0.016467 -0.011504 
0.017621 -0.014658 
0.017544 -0.018121 
0.018390 -0.021391 
0.019121 -0.024200 
0.020122 -0.026816 
0.020776 -0.028163 
0.021776 -0.030125 
0.022468 -0.030779 
0.022584 -0.030933 
0.022430 -0.032318 
0.021622 -0.031471 
0.021391 -0.029932 
0.020545 -0.028316 
0.019814 -0.025931 
0.018390 -0.024277 
0.016351 -0.020776 
0.014274 -0.016851 
0.012081 -0.012812 
0.009272 -0.008657 
0.005348 -0.004655 
0.002424 0.000269 
-0.000423 0.004386 
-0.003847 0.009003 
-0.006771 0.012658 
-0.010349 0.016505 
-0.014351 0.020699 
-0.017351 0.024508 
-0.020583 0.028047 
-0.023199 0.030702 
-0.024815 0.033049 
-0.027162 0.034818 
-0.028701 0.036357 
-0.029201 0.037165 
-0.029278 0.038935 
-0.029278 0.038820 
-0.028740 0.037396 
-0.027816 0.037165 
-0.025662 0.036203 
-0.023584 0.034741 
-0.021237 0.033010 
-0.018006 0.031048 
-0.015774 0.029586 
-0.010888 0.028547 
-0.006194 0.025508 
-0.002693 0.023430 
0.002078 0.021353 
0.006694 0.019121 
0.011350 0.017005 
0.015697 0.013927 
0.019891 0.012812 
0.023584 0.010349 
0.027470 0.007810 
0.030625 0.006194 
0.033164 0.004271 
0.035742 0.002155 
0.037973 0.000923 
0.039666 -0.000231 
0.040243 -0.001539 
0.040589 -0.002578 
0.040743 -0.004309 
0.041013 -0.004848 
0.039974 -0.005271 
0.038473 -0.005155 
0.037088 -0.006387 
0.035203 -0.007118 
0.033356 -0.007002 
0.031279 -0.008310 
0.028970 -0.008464 
0.026239 -0.008926 
0.024546 -0.010311 
0.021584 -0.012158 
0.018929 -0.013273 
0.017082 -0.015274 
0.013773 -0.017121 
0.011927 -0.018890 
0.009272 -0.022084 
0.007156 -0.024084 
0.006040 -0.025854 
0.003616 -0.027855 
0.001885 -0.029355 
0.000885 -0.030817 
-0.000693 -0.032664 
-0.002732 -0.032972 
-0.004424 -0.032625 
-0.006002 -0.031933 
-0.006810 -0.030009 
-0.007849 -0.028355 
-0.008733 -0.025893 
-0.009580 -0.022507 
-0.010657 -0.019121 
-0.010888 -0.015697 
-0.011734 -0.011850 
-0.012542 -0.007271 
-0.013927 -0.003039 
-0.013697 0.000154 
-0.013773 0.004424 
-0.015466 0.008195 
-0.015813 0.010195 
-0.018506 0.012504 
-0.019737 0.014274 
-0.020429 0.015043 
-0.022892 0.015466 
-0.023546 0.014428 
-0.025046 0.012504 
-0.026893 0.010503 
-0.028124 0.007387 
-0.029163 0.005271 
-0.028932 0.001962 
-0.029548 -0.002116 
-0.030163 -0.005348 
-0.028509 -0.009195 
-0.027201 -0.012504 
-0.026046 -0.015159 
-0.024546 -0.017198 
-0.021468 -0.020237 
-0.017775 -0.021391 
-0.015005 -0.021699 
-0.010542 -0.021661 
-0.006771 -0.021930 
-0.003424 -0.022507 
0.000885 -0.019698 
0.005117 -0.018890 
0.007695 -0.017544 
0.010272 -0.015005 
0.013004 -0.013312 
0.013850 -0.010734 
0.014966 -0.008733 
0.014966 -0.007387 
0.014658 -0.005309 
0.012581 -0.002809 
0.009965 -0.001808 
0.008041 0.000231 
0.004655 0.002116 
0.001193 0.003270 
-0.002886 0.004732 
-0.005502 0.005733 
-0.009311 0.006925 
-0.013158 0.008079 
-0.015890 0.009234 
-0.018890 0.010580 
-0.020352 0.012504 
-0.022276 0.013812 
-0.023738 0.015043 
-0.024084 0.016544 
-0.023238 0.018275 
-0.023046 0.019544 
-0.021661 0.020814 
-0.019198 0.022430 
-0.018198 0.023777 
-0.015466 0.025315 
-0.012581 0.025931 
-0.008810 0.026624 
-0.005194 0.026893 
-0.004040 0.026585 
-0.000846 0.025662 
0.002847 0.024508 
0.004848 0.024007 
0.006502 0.022276 
0.008426 0.019929 
0.010580 0.017428 
0.010619 0.015120 
0.011465 0.012311 
0.012773 0.008964 
0.013581 0.006002 
0.014658 0.002385 
0.014081 -0.001000 
0.015351 -0.005656 
0.016120 -0.010619 
0.016505 -0.013427 
0.018429 -0.016774 
0.018236 -0.020083 
0.018506 -0.023700 
0.020314 -0.026701 
0.021237 -0.028509 
0.022122 -0.030548 
0.023276 -0.031048 
0.023353 -0.032164 
0.023238 -0.032972 
0.022776 -0.031625 
0.022969 -0.030355 
0.022430 -0.029624 
0.021006 -0.027739 
0.020545 -0.024892 
0.018159 -0.021814 
0.015620 -0.017967 
0.013312 -0.014697 
0.010734 -0.010580 
0.008041 -0.006502 
0.004309 -0.002270 
0.000923 0.002539 
-0.002924 0.006810 
-0.006964 0.011157 
-0.010272 0.015543 
-0.014235 0.019737 
-0.017775 0.022853 
-0.019583 0.026470 
-0.022699 0.029432 
-0.025085 0.031894 
-0.026854 0.033664 
-0.029740 0.034741 
-0.030125 0.035934 
-0.030548 0.035934 
-0.031125 0.036781 
-0.030471 0.036588 
-0.030355 0.036088 
-0.028932 0.035588 
-0.026893 0.033972 
-0.024354 0.033087 
-0.020660 0.031933 
-0.017659 0.030817 
-0.014235 0.029240 
-0.009503 0.027316 
-0.004963 0.025623 
-0.000423 0.023584 
0.003732 0.021545 
0.008041 0.019083 
0.013543 0.017428 
0.017236 0.015082 
0.020006 0.011811 
0.024815 0.010272 
0.028278 0.007772 
0.030740 0.005656 
0.033703 0.004309 
0.035819 0.002693 
0.037512 0.001924 
0.038435 0.000269 
0.039012 -0.000885 
0.039935 -0.001500 
0.039820 -0.001924 
0.038704 -0.002655 
0.037781 -0.003347 
0.036280 -0.003809 
0.034472 -0.004232 
0.032664 -0.004155 
0.030125 -0.005617 
0.028701 -0.006579 
0.026777 -0.007271 
0.023661 -0.008733 
0.022276 -0.010696 
0.019737 -0.013158 
0.017198 -0.015774 
0.015851 -0.017698 
0.013427 -0.019737 
0.011696 -0.022622 
0.009464 -0.024661 
0.007041 -0.027470 
0.004963 -0.029509 
0.003193 -0.030894 
0.002308 -0.032202 
-0.000038 -0.032933 
-0.001924 -0.033818 
-0.002886 -0.033934 
-0.004578 -0.032818 
-0.005502 -0.030663 
-0.006656 -0.028855 
-0.007887 -0.026624 
-0.007579 -0.023700 
-0.008541 -0.019929 
-0.009580 -0.015928 
-0.009695 -0.012081 
-0.010580 -0.008272 
-0.011003 -0.004194 
-0.012004 0.000192 
-0.012889 0.003809 
-0.013927 0.006887 
-0.015851 0.009118 
-0.016813 0.012042 
-0.018275 0.013927 
-0.020429 0.014735 
-0.022776 0.014158 
-0.024777 0.013235 
-0.025854 0.012196 
-0.027162 0.009695 
-0.028624 0.007964 
-0.029509 0.004617 
-0.030702 0.001000 
-0.031548 -0.002308 
-0.031741 -0.005848 
-0.031240 -0.009234 
-0.029740 -0.011965 
-0.028547 -0.015043 
-0.026162 -0.017505 
-0.022661 -0.018082 
-0.019275 -0.019737 
-0.015813 -0.020314 
-0.011850 -0.020891 
-0.007849 -0.020776 
-0.003847 -0.020622 
0.001154 -0.019891 
0.004424 -0.017621 
0.007271 -0.016313 
0.010311 -0.014389 
0.012081 -0.013889 
0.014004 -0.011504 
0.015159 -0.008887 
0.014466 -0.007695 
0.013158 -0.004578 
0.012042 -0.003001 
0.010426 -0.002155 
0.008041 -0.000038 
0.004578 0.001500 
0.001193 0.003424 
-0.002693 0.004886 
-0.005925 0.004809 
-0.009349 0.006156 
-0.013620 0.007156 
-0.016274 0.008464 
-0.019814 0.010157 
-0.021699 0.011427 
-0.022276 0.012850 
-0.023507 0.014081 
-0.023853 0.015890 
-0.023738 0.016544 
-0.022661 0.018660 
-0.021199 0.020853 
-0.019583 0.021584 
-0.017467 0.022161 
-0.014274 0.023584 
-0.011696 0.025239 
-0.008618 0.024584 
-0.006117 0.025431 
-0.003578 0.025469 
-0.000654 0.024431 
0.001039 0.024777 
0.003347 0.024046 
0.005232 0.021968 
0.007271 0.019814 
0.007772 0.017544 
0.008926 0.014851 
0.010811 0.012196 
0.011350 0.008503 
0.012273 0.005078 
0.012966 0.001000 
0.014197 -0.003270 
0.014966 -0.006579 
0.016428 -0.010773 
0.017390 -0.014235 
0.018313 -0.017775 
0.019198 -0.021045 
0.019968 -0.023930 
0.021430 -0.027162 
0.021814 -0.029509 
0.022699 -0.031587 
0.023623 -0.032702 
0.023892 -0.033126 
0.023584 -0.033626 
0.024546 -0.033395 
0.023546 -0.032625 
0.022122 -0.031240 
0.022315 -0.029278 
0.020506 -0.026931 
0.019006 -0.024200 
0.016967 -0.020545 
0.014812 -0.016236 
0.011196 -0.012311 
0.008387 -0.007964 
0.005925 -0.003232 
0.002155 0.001616 
-0.000693 0.006425 
-0.005232 0.010926 
-0.008772 0.014466 
-0.011773 0.018082 
-0.014389 0.023353 
-0.017698 0.026431 
-0.021391 0.028470 
-0.023046 0.031356 
-0.025739 0.033164 
-0.028163 0.034857 
-0.029624 0.035165 
-0.031010 0.035973 
-0.031510 0.037242 
-0.030971 0.036781 
-0.030471 0.036627 
-0.029317 0.036050 
-0.027393 0.034741 
-0.024777 0.033857 
-0.021314 0.032241 
-0.017890 0.030394 
-0.014312 0.029201 
-0.011003 0.027355 
-0.006887 0.025315 
-0.002039 0.023315 
0.002770 0.020891 
0.007156 0.018621 
0.011234 0.016582 
0.015043 0.014235 
0.018852 0.011619 
0.023199 0.009388 
0.026662 0.007733 
0.029778 0.005502 
0.032625 0.004040 
0.035011 0.002732 
0.037242 0.000385 
0.038820 0.000000 
0.039551 -0.001116 
0.039666 -0.002578 
0.039243 -0.002039 
0.038820 -0.002308 
0.038050 -0.002616 
0.036357 -0.003309 
0.035126 -0.004463 
0.033472 -0.004078 
0.031279 -0.004040 
0.028817 -0.005155 
0.026624 -0.005848 
0.024738 -0.007579 
0.022699 -0.009272 
0.020506 -0.011273 
0.017929 -0.013658 
0.016697 -0.015505 
0.014274 -0.018775 
0.011811 -0.021468 
0.010349 -0.023507 
0.008272 -0.025508 
0.006271 -0.028663 
0.004001 -0.030740 
0.002962 -0.031125 
0.000731 -0.032125 
-0.001424 -0.032395 
-0.002385 -0.032818 
-0.003540 -0.031356 
-0.004809 -0.029894 
-0.006117 -0.028009 
-0.005771 -0.025008 
-0.006733 -0.023122 
-0.006387 -0.018737 
-0.005733 -0.013927 
-0.007464 -0.010003 
-0.007502 -0.005963 
-0.008349 -0.001847 
-0.009234 0.001847 
-0.010272 0.005386 
-0.011888 0.008079 
-0.012504 0.010118 
-0.014812 0.013427 
-0.016890 0.015005 
-0.019044 0.015428 
-0.021814 0.015351 
-0.023122 0.014158 
-0.025777 0.012004 
-0.028124 0.008887 
-0.029278 0.005963 
-0.030663 0.003540 
-0.031971 0.000423 
-0.032125 -0.003616 
-0.031971 -0.006810 
-0.032702 -0.009734 
-0.030663 -0.012581 
-0.028432 -0.014966 
-0.026162 -0.016890 
-0.023276 -0.018967 
-0.020045 -0.020468 
-0.014851 -0.020583 
-0.011773 -0.021776 
-0.007656 -0.022584 
-0.003540 -0.022122 
0.000539 -0.021122 
0.005386 -0.019698 
0.007425 -0.018660 
0.009734 -0.017275 
0.012004 -0.015620 
0.013927 -0.014504 
0.014658 -0.012465 
0.014543 -0.009926 
0.013773 -0.008695 
0.012158 -0.006964 
0.010696 -0.005617 
0.007502 -0.004617 
0.004617 -0.002924 
0.002193 -0.001808 
-0.002308 -0.000616 
-0.006387 0.001500 
-0.009464 0.003078 
-0.012465 0.004271 
-0.014620 0.006810 
-0.017967 0.007310 
-0.020622 0.008964 
-0.022276 0.012004 
-0.023238 0.012658 
-0.022430 0.015082 
-0.023084 0.017044 
-0.022930 0.018275 
-0.021199 0.020083 
-0.018813 0.021160 
-0.016582 0.022776 
-0.014620 0.023815 
-0.012388 0.024623 
-0.010465 0.025585 
-0.008310 0.026931 
-0.005809 0.026470 
-0.002809 0.024854 
-0.001039 0.025354 
0.000500 0.024892 
0.002578 0.023122 
0.004463 0.021584 
0.005694 0.019506 
0.006271 0.016967 
0.007887 0.013850 
0.009234 0.010619 
0.010195 0.006925 
0.011273 0.003155 
0.012812 -0.000808 
0.013889 -0.005117 
0.014966 -0.008810 
0.016544 -0.012735 
0.016813 -0.016236 
0.017621 -0.019737 
0.019314 -0.022622 
0.020545 -0.024931 
0.022045 -0.028047 
0.022930 -0.029932 
0.023546 -0.031510 
0.024392 -0.032395 
0.024200 -0.032818 
0.024777 -0.032818 
0.025085 -0.032087 
0.024007 -0.030894 
0.023238 -0.028740 
0.022007 -0.027278 
0.020506 -0.024738 
0.018198 -0.021276 
0.014889 -0.016774 
0.012658 -0.013273 
0.010465 -0.009464 
0.006617 -0.004463 
0.004117 -0.001039 
0.000539 0.004194 
-0.004194 0.007810 
-0.007541 0.011696 
-0.011504 0.016082 
-0.014658 0.019006 
-0.018121 0.022699 
-0.021391 0.025162 
-0.024200 0.028740 
-0.026816 0.030432 
-0.028163 0.031779 
-0.030125 0.033587 
-0.030779 0.033934 
-0.030933 0.034972 
-0.032318 0.035280 
-0.031471 0.035665 
-0.029932 0.035049 
-0.028316 0.034703 
-0.025931 0.034588 
-0.024277 0.033318 
-0.020776 0.032048 
-0.016851 0.030625 
-0.012812 0.028894 
-0.008657 0.026777 
-0.004655 0.024815 
0.000269 0.022776 
0.004386 0.020468 
0.009003 0.017659 
0.012658 0.015274 
0.016505 0.012542 
0.020699 0.009965 
0.024508 0.008349 
0.028047 0.006040 
0.030702 0.004347 
0.033049 0.003155 
0.034818 0.001693 
0.036357 0.000346 
0.037165 -0.000269 
0.038935 -0.000846 
0.038820 -0.001270 
0.037396 -0.000577 
0.037165 -0.000693 
0.036203 -0.001308 
0.034741 -0.001770 
0.033010 -0.002193 
0.031048 -0.002116 
0.029586 -0.002732 
0.028547 -0.004386 
0.025508 -0.006233 
0.023430 -0.007887 
0.021353 -0.009849 
0.019121 -0.011773 
0.017005 -0.014004 
0.013927 -0.017044 
0.012812 -0.019275 
0.010349 -0.022353 
0.007810 -0.025008 
0.006194 -0.026701 
0.004271 -0.029624 
0.002155 -0.030933 
0.000923 -0.031702 
-0.000231 -0.032472 
-0.001539 -0.031856 
-0.002578 -0.030894 
-0.004309 -0.029932 
-0.004848 -0.028124 
-0.005271 -0.025431 
-0.005155 -0.022084 
-0.006387 -0.017967 
-0.007118 -0.014889 
-0.007002 -0.010926 
-0.008310 -0.006540 
-0.008464 -0.002616 
-0.008926 0.001693 
-0.010311 0.004963 
-0.012158 0.007733 
-0.013273 0.010195 
-0.015274 0.012196 
-0.017121 0.013389 
-0.018890 0.012927 
-0.022084 0.011927 
-0.024084 0.011504 
-0.025854 0.010195 
-0.027855 0.008041 
-0.029355 0.005271 
-0.030817 0.002347 
-0.032664 -0.001077 
-0.032972 -0.004386 
-0.032625 -0.007156 
-0.031933 -0.010426 
-0.030009 -0.012311 
-0.028355 -0.014928 
-0.025893 -0.017659 
-0.022507 -0.019660 
-0.019121 -0.020275 
-0.015697 -0.020622 
-0.011850 -0.022161 
-0.007271 -0.021160 
-0.003039 -0.021160 
0.000154 -0.020583 
0.004424 -0.018967 
0.008195 -0.018583 
0.010195 -0.016928 
0.012504 -0.015813 
0.014274 -0.014735 
0.015043 -0.013004 
0.015466 -0.011696 
0.014428 -0.010542 
0.012504 -0.008695 
0.010503 -0.006925 
0.007387 -0.005771 
0.005271 -0.004271 
0.001962 -0.002539 
-0.002116 -0.000962 
-0.005348 0.000539 
-0.009195 0.002039 
-0.012504 0.003886 
-0.015159 0.005155 
-0.017198 0.007079 
-0.020237 0.009272 
-0.021391 0.010234 
-0.021699 0.012850 
-0.021661 0.014312 
-0.021930 0.015428 
-0.022507 0.017852 
-0.019698 0.019044 
-0.018890 0.021122 
-0.017544 0.022276 
-0.015005 0.024315 
-0.013312 0.025931 
-0.010734 0.026277 
-0.008733 0.027547 
-0.007387 0.026777 
-0.005309 0.026931 
-0.002809 0.026970 
-0.001808 0.025200 
0.000231 0.024584 
0.002116 0.022776 
0.003270 0.019929 
0.004732 0.017505 
0.005733 0.014389 
0.006925 0.011542 
0.008079 0.008079 
0.009234 0.004578 
0.010580 0.001616 
0.012504 -0.003039 
0.013812 -0.007156 
0.015043 -0.010234 
0.016544 -0.014312 
0.018275 -0.018890 
0.019544 -0.022045 
0.020814 -0.024623 
0.022430 -0.027547 
0.023777 -0.030163 
0.025315 -0.031894 
0.025931 -0.033318 
0.026624 -0.034588 
0.026893 -0.033857 
0.026585 -0.033126 
0.025662 -0.032933 
0.024508 -0.031971 
0.024007 -0.029201 
0.022276 -0.025931 
0.019929 -0.023469 
0.017428 -0.019698 
0.015120 -0.016313 
0.012311 -0.012388 
0.008964 -0.007849 
0.006002 -0.004078 
0.002385 0.000346 
-0.001000 0.004694 
-0.005656 0.008772 
-0.010619 0.012735 
-0.013427 0.016236 
-0.016774 0.019391 
-0.020083 0.022622 
-0.023700 0.025392 
-0.026701 0.027432 
-0.028509 0.029471 
-0.030548 0.030779 
-0.031048 0.030817 
-0.032164 0.033241 
-0.032972 0.035011 
-0.031625 0.034087 
-0.030355 0.034126 
-0.029624 0.034434 
-0.027739 0.034511 
-0.024892 0.032741 
-0.021814 0.031125 
-0.017967 0.030086 
-0.014697 0.028509 
-0.010580 0.027278 
-0.006502 0.025546 
-0.002270 0.023507 
0.002539 0.020622 
0.006810 0.018275 
0.011157 0.016313 
0.015543 0.013850 
0.019737 0.011234 
0.022853 0.009888 
0.026470 0.008195 
0.029432 0.006079 
0.031894 0.005579 
0.033664 0.003924 
0.034741 0.003116 
0.035934 0.003463 
0.035934 0.002886 
0.036781 0.002539 
0.036588 0.002539 
0.036088 0.001885 
0.035588 0.001847 
0.033972 0.001962 
0.033087 0.000731 
0.031933 -0.000115 
0.030817 -0.001347 
0.029240 -0.002616 
0.027316 -0.004463 
0.025623 -0.005963 
0.023584 -0.007464 
0.021545 -0.010926 
0.019083 -0.013889 
0.017428 -0.016582 
0.015082 -0.019468 
0.011811 -0.022507 
0.010272 -0.024431 
0.007772 -0.026701 
0.005656 -0.029586 
0.004309 -0.031317 
0.002693 -0.033472 
0.001924 -0.034087 
0.000269 -0.032664 
-0.000885 -0.032164 
-0.001500 -0.031625 
-0.001924 -0.029124 
-0.002655 -0.025816 
-0.003347 -0.022776 
-0.003809 -0.019583 
-0.004232 -0.015274 
-0.004155 -0.010349 
-0.005617 -0.005886 
-0.006579 -0.002270 
-0.007271 0.001270 
-0.008733 0.004963 
-0.010696 0.007772 
-0.013158 0.010734 
-0.015774 0.012158 
-0.017698 0.012350 
-0.019737 0.012966 
-0.022622 0.012273 
-0.024661 0.010849 
-0.027470 0.009157 
-0.029509 0.007387 
-0.030894 0.005617 
-0.032202 0.002809 
-0.032933 -0.000423 
-0.033818 -0.004001 
-0.033934 -0.007425 
-0.032818 -0.009234 
-0.030663 -0.011965 
-0.028855 -0.015197 
-0.026624 -0.017005 
-0.023700 -0.018621 
-0.019929 -0.019468 
-0.015928 -0.019352 
-0.012081 -0.018929 
-0.008272 -0.019852 
-0.004194 -0.019698 
0.000192 -0.018506 
0.003809 -0.017736 
0.006887 -0.016659 
0.009118 -0.015966 
0.012042 -0.014620 
0.013927 -0.014158 
0.014735 -0.012773 
0.014158 -0.011003 
0.013235 -0.010157 
0.012196 -0.008310 
0.009695 -0.007502 
0.007964 -0.006502 
0.004617 -0.004732 
0.001000 -0.003963 
-0.002308 -0.002886 
-0.005848 -0.001424 
-0.009234 -0.000577 
-0.011965 0.001231 
-0.015043 0.003155 
-0.017505 0.005078 
-0.018082 0.006502 
-0.019737 0.007387 
-0.020314 0.010272 
-0.020891 0.011965 
-0.020776 0.013735 
-0.020622 0.016120 
-0.019891 0.018198 
-0.017621 0.020352 
-0.016313 0.021891 
-0.014389 0.023738 
-0.013889 0.024738 
-0.011504 0.026585 
-0.008887 0.027624 
-0.007695 0.028239 
-0.004578 0.029086 
-0.003001 0.027585 
-0.002155 0.026662 
-0.000038 0.026162 
0.001500 0.024431 
0.003424 0.021814 
0.004886 0.019698 
0.004809 0.016774 
0.006156 0.013427 
0.007156 0.010734 
0.008464 0.006540 
0.010157 0.003078 
0.011427 -0.000577 
0.012850 -0.004963 
0.014081 -0.008195 
0.015890 -0.012004 
0.016544 -0.016082 
0.018660 -0.019852 
0.020853 -0.023122 
0.021584 -0.025662 
0.022161 -0.028817 
0.023584 -0.031664 
0.025239 -0.033010 
0.024584 -0.032702 
0.025431 -0.032895 
0.025469 -0.033433 
0.024431 -0.032664 
0.024777 -0.031356 
0.024046 -0.028663 
0.021968 -0.026239 
0.019814 -0.023238 
0.017544 -0.018929 
0.014851 -0.016390 
0.012196 -0.012619 
0.008503 -0.008233 
0.005078 -0.004386 
0.001000 0.000423 
-0.003270 0.004655 
-0.006579 0.008349 
-0.010773 0.011773 
-0.014235 0.015428 
-0.017775 0.018506 
-0.021045 0.020891 
-0.023930 0.023777 
-0.027162 0.025662 
-0.029509 0.027816 
-0.031587 0.030202 
-0.032702 0.030933 
-0.033126 0.032587 
-0.033626 0.033279 
-0.033395 0.033164 
-0.032625 0.034511 
-0.031240 0.034126 
-0.029278 0.032972 
-0.026931 0.032087 
-0.024200 0.031163 
-0.020545 0.030317 
-0.016236 0.028701 
-0.012311 0.026970 
-0.007964 0.025123 
-0.003232 0.022699 
0.001616 0.020083 
0.006425 0.018275 
0.010926 0.016197 
0.014466 0.013773 
0.018082 0.011850 
0.023353 0.010272 
0.026431 0.008618 
0.028470 0.007041 
0.031356 0.006002 
0.033164 0.005656 
0.034857 0.005848 
0.035165 0.004694 
0.035973 0.004117 
0.037242 0.004655 
0.036781 0.004732 
0.036627 0.004809 
0.036050 0.004578 
0.034741 0.003963 
0.033857 0.003270 
0.032241 0.002270 
0.030394 0.000923 
0.029201 0.000269 
0.027355 -0.002270 
0.025315 -0.004309 
0.023315 -0.006540 
0.020891 -0.010657 
0.018621 -0.012850 
0.016582 -0.016236 
0.014235 -0.019468 
0.011619 -0.022238 
0.009388 -0.025239 
0.007733 -0.028355 
0.005502 -0.031202 
0.004040 -0.032164 
0.002732 -0.033510 
0.000385 -0.034741 
0.000000 -0.035126 
-0.001116 -0.033741 
-0.002578 -0.032395 
-0.002039 -0.030202 
-0.002308 -0.028047 
-0.002616 -0.024892 
-0.003309 -0.019660 
-0.004463 -0.017275 
-0.004078 -0.012311 
-0.004040 -0.007425 
-0.005155 -0.004347 
-0.005848 0.000000 
-0.007579 0.003424 
-0.009272 0.006425 
-0.011273 0.008464 
-0.013658 0.009772 
-0.015505 0.011003 
-0.018775 0.011734 
-0.021468 0.010580 
-0.023507 0.010426 
-0.025508 0.008887 
-0.028663 0.005809 
-0.030740 0.004501 
-0.031125 0.001193 
-0.032125 -0.001577 
-0.032395 -0.004155 
-0.032818 -0.007425 
-0.031356 -0.009965 
-0.029894 -0.012619 
-0.028009 -0.014928 
-0.025008 -0.016890 
-0.023122 -0.018159 
-0.018737 -0.019006 
-0.013927 -0.020122 
-0.010003 -0.020160 
-0.005963 -0.019698 
-0.001847 -0.020314 
0.001847 -0.019583 
0.005386 -0.019083 
0.008079 -0.018390 
0.010118 -0.017082 
0.013427 -0.016274 
0.015005 -0.014928 
0.015428 -0.014235 
0.015351 -0.012773 
0.014158 -0.011465 
0.012004 -0.010349 
0.008887 -0.009541 
0.005963 -0.008233 
0.003540 -0.006733 
0.000423 -0.006387 
-0.003616 -0.004963 
-0.006810 -0.003309 
-0.009734 -0.002078 
-0.012581 -0.000616 
-0.014966 0.002001 
-0.016890 0.003770 
-0.018967 0.004925 
-0.020468 0.006579 
-0.020583 0.008849 
-0.021776 0.011350 
-0.022584 0.012927 
-0.022122 0.015582 
-0.021122 0.018159 
-0.019698 0.020045 
-0.018660 0.021430 
-0.017275 0.023430 
-0.015620 0.025162 
-0.014504 0.026585 
-0.012465 0.027816 
-0.009926 0.027932 
-0.008695 0.028586 
-0.006964 0.028124 
-0.005617 0.027855 
-0.004617 0.027201 
-0.002924 0.026046 
-0.001808 0.024354 
-0.000616 0.021468 
0.001500 0.019044 
0.003078 0.015312 
0.004271 0.012119 
0.006810 0.009311 
0.007310 0.004540 
0.008964 0.000385 
0.012004 -0.003540 
0.012658 -0.008233 
0.015082 -0.011696 
0.017044 -0.015774 
0.018275 -0.020160 
0.020083 -0.023392 
0.021160 -0.026701 
0.022776 -0.029124 
0.023815 -0.031317 
0.024623 -0.033087 
0.025585 -0.033549 
0.026931 -0.033741 
0.026470 -0.033818 
0.024854 -0.032625 
0.025354 -0.031817 
0.024892 -0.030086 
0.023122 -0.026854 
0.021584 -0.024200 
0.019506 -0.020237 
0.016967 -0.016620 
0.013850 -0.013620 
0.010619 -0.009618 
0.006925 -0.005540 
0.003155 -0.001770 
-0.000808 0.001962 
-0.005117 0.005848 
-0.008810 0.009426 
-0.012735 0.012735 
-0.016236 0.016159 
-0.019737 0.019352 
-0.022622 0.022353 
-0.024931 0.025162 
-0.028047 0.026893 
-0.029932 0.028817 
-0.031510 0.030856 
-0.032395 0.032779 
-0.032818 0.033934 
-0.032818 0.034164 
-0.032087 0.035511 
-0.030894 0.035588 
-0.028740 0.034895 
-0.027278 0.035126 
-0.024738 0.034087 
-0.021276 0.032356 
-0.016774 0.030663 
-0.013273 0.028778 
-0.009464 0.027008 
-0.004463 0.025277 
-0.001039 0.023315 
0.004194 0.020545 
0.007810 0.017698 
0.011696 0.015312 
0.016082 0.013773 
0.019006 0.012196 
0.022699 0.009580 
0.025162 0.008387 
0.028740 0.007195 
0.030432 0.006425 
0.031779 0.005771 
0.033587 0.004809 
0.033934 0.005232 
0.034972 0.005117 
0.035280 0.005540 
0.035665 0.005155 
0.035049 0.004771 
0.034703 0.004655 
0.034588 0.004155 
0.033318 0.004078 
0.032048 0.001885 
0.030625 0.000346 
0.028894 -0.001808 
0.026777 -0.004463 
0.024815 -0.006310 
0.022776 -0.009464 
0.020468 -0.012158 
0.017659 -0.015736 
0.015274 -0.019006 
0.012542 -0.021430 
0.009965 -0.024969 
0.008349 -0.027085 
0.006040 -0.029355 
0.004347 -0.031548 
0.003155 -0.032895 
0.001693 -0.033664 
0.000346 -0.032587 
-0.000269 -0.031779 
-0.000846 -0.030548 
-0.001270 -0.028586 
-0.000577 -0.025046 
-0.000693 -0.021160 
-0.001308 -0.018967 
-0.001770 -0.015043 
-0.002193 -0.010234 
-0.002116 -0.006079 
-0.002732 -0.003116 
-0.004386 0.000693 
-0.006233 0.004309 
-0.007887 0.006194 
-0.009849 0.008657 
-0.011773 0.009426 
-0.014004 0.010003 
-0.017044 0.010696 
-0.019275 0.009657 
-0.022353 0.008926 
-0.025008 0.007348 
-0.026701 0.005117 
-0.029624 0.003039 
-0.030933 0.000385 
-0.031702 -0.001731 
-0.032472 -0.004501 
-0.031856 -0.007195 
-0.030894 -0.010311 
-0.029932 -0.013504 
-0.028124 -0.014658 
-0.025431 -0.017121 
-0.022084 -0.018467 
-0.017967 -0.018737 
-0.014889 -0.020006 
-0.010926 -0.020429 
-0.006540 -0.020160 
-0.002616 -0.021160 
0.001693 -0.021622 
0.004963 -0.020083 
0.007733 -0.019891 
0.010195 -0.018929 
0.012196 -0.017467 
0.013389 -0.015928 
0.012927 -0.015351 
0.011927 -0.015466 
0.011504 -0.013812 
0.010195 -0.012581 
0.008041 -0.010926 
0.005271 -0.009888 
0.002347 -0.008580 
-0.001077 -0.007541 
-0.004386 -0.006848 
-0.007156 -0.004925 
-0.010426 -0.003809 
-0.012311 -0.001270 
-0.014928 0.001270 
-0.017659 0.001885 
-0.019660 0.004078 
-0.020275 0.006002 
-0.020622 0.008310 
-0.022161 0.011042 
-0.021160 0.011734 
-0.021160 0.014851 
-0.020583 0.017659 
-0.018967 0.019737 
-0.018583 0.021814 
-0.016928 0.023353 
-0.015813 0.025739 
-0.014735 0.027355 
-0.013004 0.028817 
-0.011696 0.028086 
-0.010542 0.028855 
-0.008695 0.029471 
-0.006925 0.029086 
-0.005771 0.029009 
-0.004271 0.026893 
-0.002539 0.025469 
-0.000962 0.022930 
0.000539 0.020814 
0.002039 0.017929 
0.003886 0.014504 
0.005155 0.011542 
0.007079 0.007310 
0.009272 0.002270 
0.010234 -0.001731 
0.012850 -0.005886 
0.014312 -0.011504 
0.015428 -0.014235 
0.017852 -0.018121 
0.019044 -0.022892 
0.021122 -0.025623 
0.022276 -0.028278 
