-0.019547 0.025213 
-0.020293 0.025169 
-0.019722 0.026267 
-0.021392 0.028332 
-0.021787 0.029562 
-0.020601 0.031319 
-0.019854 0.033163 
-0.018976 0.034745 
-0.018009 0.037644 
-0.016296 0.039708 
-0.013836 0.041377 
-0.010366 0.042124 
-0.007292 0.041992 
-0.003690 0.041641 
-0.000132 0.039928 
0.004700 0.038039 
0.009312 0.035492 
0.012650 0.031363 
0.016911 0.027980 
0.020074 0.023895 
0.022490 0.019239 
0.025301 0.016648 
0.028200 0.012167 
0.029869 0.008609 
0.030967 0.006018 
0.030923 0.004041 
0.031187 0.003207 
0.031626 0.001274 
0.031099 0.001713 
0.031846 0.001054 
0.030484 0.001757 
0.030396 0.002416 
0.031406 0.000922 
0.031011 0.002636 
0.031846 0.002987 
0.032241 0.002723 
0.033603 0.002943 
0.033954 0.000879 
0.034262 -0.001098 
0.035843 -0.002592 
0.035228 -0.005622 
0.035272 -0.007687 
0.035052 -0.010278 
0.033998 -0.014320 
0.032329 -0.017131 
0.029606 -0.019151 
0.027365 -0.021392 
0.022797 -0.024993 
0.018668 -0.027629 
0.015769 -0.029649 
0.010806 -0.031319 
0.006589 -0.032329 
0.003207 -0.033032 
0.000264 -0.032724 
-0.002504 -0.032417 
-0.004964 -0.031626 
-0.005974 -0.031319 
-0.006852 -0.030221 
-0.006984 -0.028112 
-0.006457 -0.025916 
-0.005183 -0.023632 
-0.004393 -0.021875 
-0.003294 -0.019283 
-0.001933 -0.016955 
-0.002504 -0.014671 
-0.002152 -0.012782 
-0.003294 -0.010586 
-0.004788 -0.008258 
-0.006062 -0.006984 
-0.008697 -0.005666 
-0.010410 -0.004480 
-0.013090 -0.002943 
-0.015857 -0.002943 
-0.019678 -0.002240 
-0.023061 -0.001054 
-0.025301 -0.001186 
-0.028683 -0.000088 
-0.030089 0.000615 
-0.031846 0.002504 
-0.032988 0.004480 
-0.032724 0.006633 
-0.033559 0.009576 
-0.032505 0.011772 
-0.030835 0.015374 
-0.029957 0.018756 
-0.028551 0.021963 
-0.026794 0.024554 
-0.024027 0.027629 
-0.021435 0.029693 
-0.019064 0.030923 
-0.016033 0.032768 
-0.013749 0.031231 
-0.010893 0.028595 
-0.008697 0.026882 
-0.007555 0.024291 
-0.005227 0.019503 
-0.003514 0.015374 
-0.002152 0.011596 
-0.000351 0.006237 
0.001493 0.002284 
0.002108 -0.000527 
0.002372 -0.003865 
0.004129 -0.006984 
0.005491 -0.007775 
0.006237 -0.007950 
0.006237 -0.007379 
0.007160 -0.006633 
0.009444 -0.005315 
0.011069 -0.001845 
0.011464 0.000747 
0.012519 0.002943 
0.015374 0.006501 
0.016823 0.009136 
0.018229 0.009136 
0.020601 0.010015 
0.022007 0.010366 
0.023632 0.009356 
0.025257 0.008302 
0.025872 0.005051 
0.026355 0.002416 
0.025652 0.000132 
0.023456 -0.003426 
0.021435 -0.007028 
0.019678 -0.010235 
0.016033 -0.013397 
0.011333 -0.016164 
0.008521 -0.018009 
0.004744 -0.018712 
0.000220 -0.019547 
-0.003997 -0.020996 
-0.006852 -0.020952 
-0.008785 -0.020733 
-0.011508 -0.021128 
-0.012255 -0.021084 
-0.012738 -0.020293 
-0.011640 -0.019064 
-0.008829 -0.017921 
-0.006106 -0.017175 
-0.003470 -0.016472 
-0.000351 -0.015681 
0.002592 -0.014803 
0.004436 -0.013353 
0.007423 -0.013221 
0.008785 -0.013836 
0.009268 -0.013836 
0.009136 -0.013792 
0.007950 -0.015330 
0.005578 -0.017702 
0.002372 -0.019239 
-0.000571 -0.020645 
-0.004524 -0.022094 
-0.008258 -0.023632 
-0.012607 -0.025257 
-0.016033 -0.026355 
-0.019151 -0.026004 
-0.021611 -0.026355 
-0.023368 -0.026179 
-0.025828 -0.023720 
-0.025389 -0.021348 
-0.024598 -0.018668 
-0.023983 -0.016033 
-0.022709 -0.013090 
-0.022050 -0.008565 
-0.019942 -0.003514 
-0.018141 0.000176 
-0.016516 0.003778 
-0.014935 0.007423 
-0.014012 0.009971 
-0.012519 0.013353 
-0.012870 0.015637 
-0.013134 0.016516 
-0.012782 0.018361 
-0.013880 0.020162 
-0.015286 0.020513 
-0.016384 0.020821 
-0.016516 0.021963 
-0.017526 0.021743 
-0.018712 0.022007 
-0.019854 0.023500 
-0.020996 0.024993 
-0.021435 0.026619 
-0.021963 0.028727 
-0.023324 0.031143 
-0.023368 0.033427 
-0.021963 0.036634 
-0.021567 0.038610 
-0.019415 0.040367 
-0.017043 0.042300 
-0.014759 0.043530 
-0.011421 0.043881 
-0.008038 0.042563 
-0.003821 0.041949 
-0.000176 0.039796 
0.004305 0.037556 
0.008917 0.034306 
0.012650 0.030264 
0.016692 0.026575 
0.019151 0.021567 
0.022182 0.018844 
0.024774 0.015593 
0.025345 0.012738 
0.027805 0.009180 
0.028024 0.006677 
0.027849 0.006281 
0.029474 0.004436 
0.029078 0.004261 
0.028815 0.003734 
0.029298 0.004568 
0.030089 0.004568 
0.029562 0.004305 
0.030089 0.005183 
0.031231 0.004524 
0.031890 0.004700 
0.032988 0.003821 
0.034393 0.003207 
0.036150 0.001933 
0.036326 -0.000439 
0.037249 -0.002592 
0.036941 -0.004920 
0.036985 -0.007511 
0.036458 -0.010542 
0.034086 -0.013968 
0.031934 -0.016999 
0.028024 -0.019503 
0.024730 -0.022885 
0.021040 -0.024993 
0.017570 -0.027278 
0.013090 -0.029386 
0.008346 -0.030396 
0.005622 -0.031406 
0.001977 -0.032329 
-0.000747 -0.032856 
-0.002592 -0.032329 
-0.004173 -0.031934 
-0.004305 -0.031011 
-0.004788 -0.030528 
-0.004876 -0.028991 
-0.003909 -0.026092 
-0.003163 -0.023895 
-0.001889 -0.021304 
-0.000791 -0.018756 
-0.001581 -0.017043 
-0.002064 -0.014935 
-0.002504 -0.011684 
-0.004129 -0.010059 
-0.004876 -0.008258 
-0.006984 -0.006633 
-0.010015 -0.005930 
-0.012299 -0.004744 
-0.016164 -0.004656 
-0.019371 -0.004129 
-0.021743 -0.004041 
-0.024862 -0.003382 
-0.027541 -0.002284 
-0.028815 -0.002196 
-0.030748 -0.000088 
-0.032285 0.002152 
-0.033603 0.004832 
-0.033954 0.007819 
-0.032900 0.010278 
-0.033383 0.014539 
-0.031714 0.017746 
-0.029957 0.021040 
-0.028507 0.025608 
-0.026004 0.028288 
-0.024422 0.030704 
-0.021919 0.032724 
-0.019195 0.033339 
-0.016735 0.033822 
-0.013924 0.032988 
-0.011772 0.030528 
-0.009971 0.027102 
-0.007379 0.022226 
-0.005666 0.018273 
-0.003997 0.015154 
-0.002328 0.009839 
-0.000922 0.004920 
0.000220 0.001450 
0.001889 -0.002064 
0.003690 -0.004656 
0.003426 -0.006237 
0.004393 -0.007072 
0.006062 -0.006852 
0.006501 -0.005491 
0.006589 -0.003470 
0.008258 -0.001450 
0.010059 0.001493 
0.011640 0.004305 
0.013924 0.006150 
0.015813 0.008082 
0.018229 0.009136 
0.020469 0.009664 
0.023061 0.010103 
0.024422 0.009576 
0.026531 0.007950 
0.028244 0.006150 
0.027629 0.004041 
0.027892 0.001274 
0.026267 -0.001889 
0.024247 -0.005095 
0.022138 -0.007599 
0.018932 -0.010278 
0.015066 -0.013880 
0.010674 -0.016252 
0.006808 -0.016779 
0.002240 -0.018932 
-0.002240 -0.021128 
-0.005578 -0.021655 
-0.008126 -0.021567 
-0.009268 -0.021963 
-0.010015 -0.022270 
-0.010542 -0.021479 
-0.009488 -0.021260 
-0.008170 -0.019810 
-0.005842 -0.018405 
-0.002723 -0.017350 
-0.000088 -0.015681 
0.002152 -0.014847 
0.005051 -0.015286 
0.007116 -0.015506 
0.008917 -0.013924 
0.010762 -0.014012 
0.009707 -0.015330 
0.008697 -0.017438 
0.006940 -0.018009 
0.004129 -0.018888 
0.001537 -0.021304 
-0.002548 -0.022490 
-0.006545 -0.025125 
-0.009927 -0.026487 
-0.013309 -0.027629 
-0.017087 -0.028551 
-0.020425 -0.028244 
-0.022402 -0.027761 
-0.023588 -0.026531 
-0.024291 -0.025521 
-0.024203 -0.022665 
-0.023720 -0.019591 
-0.022797 -0.015901 
-0.021699 -0.011157 
-0.020601 -0.007248 
-0.018580 -0.003558 
-0.017614 -0.000527 
-0.016648 0.003470 
-0.015593 0.007687 
-0.015022 0.010454 
-0.014144 0.012431 
-0.014495 0.014100 
-0.014100 0.015813 
-0.013749 0.015418 
-0.014364 0.015550 
-0.015110 0.016604 
-0.015945 0.016692 
-0.015418 0.018317 
-0.016823 0.018668 
-0.019020 0.019810 
-0.019459 0.022007 
-0.020689 0.023192 
-0.022094 0.025477 
-0.022665 0.028947 
-0.022841 0.032373 
-0.022973 0.034306 
-0.022050 0.037161 
-0.020601 0.039225 
-0.018580 0.041465 
-0.016516 0.042915 
-0.013968 0.042915 
-0.009488 0.044057 
-0.005886 0.042036 
-0.001713 0.040192 
0.002328 0.038566 
0.006501 0.036063 
0.010893 0.032680 
0.013529 0.028727 
0.017438 0.025433 
0.020074 0.021040 
0.022709 0.018756 
0.024730 0.015813 
0.024949 0.012255 
0.026355 0.010059 
0.026531 0.008126 
0.027058 0.007643 
0.027453 0.006764 
0.027673 0.006457 
0.028463 0.007028 
0.028200 0.007072 
0.029035 0.006721 
0.029474 0.007379 
0.030616 0.007248 
0.032505 0.006633 
0.034701 0.006545 
0.036458 0.004744 
0.037205 0.004173 
0.039269 0.002548 
0.040104 0.000351 
0.040763 -0.002636 
0.041421 -0.006325 
0.040148 -0.007511 
0.037995 -0.011245 
0.035535 -0.014759 
0.032549 -0.017482 
0.028683 -0.020249 
0.025564 -0.022534 
0.021128 -0.025081 
0.016999 -0.026838 
0.013749 -0.029210 
0.009312 -0.030001 
0.006106 -0.031978 
0.003514 -0.033778 
0.002108 -0.033339 
0.000527 -0.033559 
-0.000395 -0.033251 
-0.000439 -0.032505 
-0.000879 -0.030792 
0.000307 -0.028727 
0.000483 -0.026487 
0.000483 -0.023983 
0.001406 -0.021523 
0.001186 -0.019678 
0.001274 -0.016692 
0.000747 -0.013924 
-0.001757 -0.012475 
-0.002855 -0.010586 
-0.004612 -0.009751 
-0.007687 -0.009268 
-0.008917 -0.008697 
-0.013134 -0.007819 
-0.016516 -0.007555 
-0.018317 -0.007599 
-0.022446 -0.006677 
-0.024466 -0.005315 
-0.027234 -0.004788 
-0.029474 -0.003734 
-0.030528 -0.001054 
-0.032241 0.001581 
-0.032724 0.005139 
-0.032768 0.008302 
-0.031363 0.012607 
-0.031143 0.016648 
-0.030835 0.020557 
-0.028683 0.025125 
-0.027892 0.027892 
-0.026399 0.031143 
-0.023895 0.032461 
-0.021787 0.033691 
-0.019766 0.034833 
-0.017219 0.033691 
-0.015022 0.032373 
-0.012650 0.029913 
-0.010147 0.025477 
-0.009224 0.020733 
-0.006106 0.016955 
-0.003338 0.011464 
-0.002240 0.007511 
-0.001054 0.004217 
-0.000835 -0.000527 
0.000571 -0.002679 
0.001230 -0.004524 
0.002021 -0.005447 
0.003163 -0.004920 
0.004744 -0.003470 
0.005403 -0.001537 
0.005798 -0.000395 
0.008434 0.002064 
0.009005 0.004085 
0.011552 0.005974 
0.014935 0.007599 
0.017263 0.008609 
0.019635 0.009971 
0.021348 0.009839 
0.024466 0.009620 
0.026135 0.008741 
0.028332 0.007072 
0.029298 0.005930 
0.028727 0.004261 
0.028727 0.001274 
0.027190 -0.001230 
0.024510 -0.004568 
0.020689 -0.008346 
0.017263 -0.009620 
0.013309 -0.012035 
0.008565 -0.014978 
0.004524 -0.016560 
0.000307 -0.017790 
-0.003119 -0.019766 
-0.005535 -0.020689 
-0.007863 -0.020864 
-0.008785 -0.022050 
-0.008785 -0.020996 
-0.007950 -0.020206 
-0.006677 -0.018580 
-0.005315 -0.017219 
-0.002855 -0.016823 
-0.000527 -0.014803 
0.002767 -0.013924 
0.005886 -0.012211 
0.008302 -0.012255 
0.009488 -0.013441 
0.009488 -0.012782 
0.010366 -0.013617 
0.010015 -0.014320 
0.008038 -0.015462 
0.005710 -0.018273 
0.003031 -0.019591 
-0.001186 -0.021216 
-0.004832 -0.023851 
-0.008082 -0.025169 
-0.011860 -0.026487 
-0.014188 -0.028112 
-0.016999 -0.028463 
-0.019371 -0.028068 
-0.020030 -0.027805 
-0.020908 -0.025872 
-0.021787 -0.023500 
-0.021875 -0.020952 
-0.021831 -0.017482 
-0.020821 -0.014100 
-0.019986 -0.010410 
-0.019898 -0.006369 
-0.017878 -0.001318 
-0.016604 0.002152 
-0.016779 0.004129 
-0.015901 0.007072 
-0.014891 0.009180 
-0.014320 0.010498 
-0.013836 0.011728 
-0.013353 0.012694 
-0.013792 0.013836 
-0.014759 0.013968 
-0.015022 0.014495 
-0.016033 0.015637 
-0.017658 0.015593 
-0.018800 0.017307 
-0.020557 0.020206 
-0.022138 0.022270 
-0.022490 0.024071 
-0.023588 0.027629 
-0.024949 0.031011 
-0.025081 0.033603 
-0.024774 0.037161 
-0.023851 0.039269 
-0.022358 0.041817 
-0.019678 0.043310 
-0.017263 0.043969 
-0.014232 0.045419 
-0.009971 0.044540 
-0.006545 0.042915 
-0.001801 0.040719 
0.002899 0.037820 
0.006281 0.035711 
0.010059 0.032592 
0.013529 0.028420 
0.016121 0.024642 
0.018756 0.021523 
0.021040 0.018976 
0.022358 0.015813 
0.023236 0.013661 
0.024291 0.012255 
0.025169 0.010850 
0.024598 0.009400 
0.024642 0.008302 
0.025213 0.009532 
0.025169 0.009576 
0.026267 0.009093 
0.028332 0.008961 
0.029562 0.009049 
0.031319 0.008741 
0.033163 0.007994 
0.034745 0.007204 
0.037644 0.004656 
0.039708 0.003778 
0.041377 0.002021 
0.042124 -0.000088 
0.041992 -0.002416 
0.041641 -0.005447 
0.039928 -0.007204 
0.038039 -0.010674 
0.035492 -0.013749 
0.031363 -0.016428 
0.027980 -0.019327 
0.023895 -0.022314 
0.019239 -0.025213 
0.016648 -0.027014 
0.012167 -0.028859 
0.008609 -0.030660 
0.006018 -0.032505 
0.004041 -0.033822 
0.003207 -0.034789 
0.001274 -0.034964 
0.001713 -0.033954 
0.001054 -0.032197 
0.001757 -0.030045 
0.002416 -0.028332 
0.000922 -0.026531 
0.002636 -0.023983 
0.002987 -0.021172 
0.002723 -0.019020 
0.002943 -0.017350 
0.000879 -0.015593 
-0.001098 -0.014144 
-0.002592 -0.012870 
-0.005622 -0.011728 
-0.007687 -0.011508 
-0.010278 -0.011640 
-0.014320 -0.011684 
-0.017131 -0.011948 
-0.019151 -0.011552 
-0.021392 -0.010806 
-0.024993 -0.009444 
-0.027629 -0.007599 
-0.029649 -0.006369 
-0.031319 -0.003558 
-0.032329 -0.000395 
-0.033032 0.003382 
-0.032724 0.008434 
-0.032417 0.012650 
-0.031626 0.017965 
-0.031319 0.022402 
-0.030221 0.026355 
-0.028112 0.030045 
-0.025916 0.032285 
-0.023632 0.034306 
-0.021875 0.035096 
-0.019283 0.034481 
-0.016955 0.032592 
-0.014671 0.029869 
-0.012782 0.027321 
-0.010586 0.023851 
-0.008258 0.018624 
-0.006984 0.013880 
-0.005666 0.009180 
-0.004480 0.005227 
-0.002943 0.003119 
-0.002943 0.000176 
-0.002240 -0.001537 
-0.001054 -0.002548 
-0.001186 -0.003163 
-0.000088 -0.002636 
0.000615 -0.001142 
0.002504 0.000747 
0.004480 0.001977 
0.006633 0.003865 
0.009576 0.006457 
0.011772 0.007819 
0.015374 0.007819 
0.018756 0.009444 
0.021963 0.010366 
0.024554 0.009576 
0.027629 0.009488 
0.029693 0.008829 
0.030923 0.007731 
0.032768 0.005051 
0.031231 0.002855 
0.028595 0.001098 
0.026882 -0.002592 
0.024291 -0.005535 
0.019503 -0.007819 
0.015374 -0.010937 
0.011596 -0.014100 
0.006237 -0.015945 
0.002284 -0.017614 
-0.000527 -0.019898 
-0.003865 -0.020601 
-0.006984 -0.021040 
-0.007775 -0.021260 
-0.007950 -0.020557 
-0.007379 -0.019810 
-0.006633 -0.018844 
-0.005315 -0.018141 
-0.001845 -0.016692 
0.000747 -0.015550 
0.002943 -0.014364 
0.006501 -0.013529 
0.009136 -0.012475 
0.009136 -0.011772 
0.010015 -0.013573 
0.010366 -0.013924 
0.009356 -0.014539 
0.008302 -0.016164 
0.005051 -0.018097 
0.002416 -0.020689 
0.000132 -0.022094 
-0.003426 -0.024378 
-0.007028 -0.026838 
-0.010235 -0.028507 
-0.013397 -0.029781 
-0.016164 -0.030440 
-0.018009 -0.030660 
-0.018712 -0.029825 
-0.019547 -0.028903 
-0.020996 -0.026838 
-0.020952 -0.023588 
-0.020733 -0.020952 
-0.021128 -0.017219 
-0.021084 -0.013134 
-0.020293 -0.009356 
-0.019064 -0.005007 
-0.017921 -0.002152 
-0.017175 0.000791 
-0.016472 0.003119 
-0.015681 0.004920 
-0.014803 0.007116 
-0.013353 0.008170 
-0.013221 0.008082 
-0.013836 0.008390 
-0.013836 0.009664 
-0.013792 0.010542 
-0.015330 0.011948 
-0.017702 0.012387 
-0.019239 0.013573 
-0.020645 0.015681 
-0.022094 0.018009 
-0.023632 0.021743 
-0.025257 0.024466 
-0.026355 0.028156 
-0.026004 0.032065 
-0.026355 0.035008 
-0.026179 0.037688 
-0.023720 0.040499 
-0.021348 0.042476 
-0.018668 0.043134 
-0.016033 0.043662 
-0.013090 0.043003 
-0.008565 0.042432 
-0.003514 0.041377 
0.000176 0.038874 
0.003778 0.036150 
0.007423 0.033339 
0.009971 0.030221 
0.013353 0.026706 
0.015637 0.022841 
0.016516 0.020249 
0.018361 0.018053 
0.020162 0.015681 
0.020513 0.013880 
0.020821 0.011640 
0.021963 0.011157 
0.021743 0.010981 
0.022007 0.009839 
0.023500 0.009664 
0.024993 0.009620 
0.026619 0.010235 
0.028727 0.010674 
0.031143 0.009927 
0.033427 0.009268 
0.036634 0.008653 
0.038610 0.007248 
0.040367 0.006062 
0.042300 0.004700 
0.043530 0.002284 
0.043881 0.000615 
0.042563 -0.001801 
0.041949 -0.004744 
0.039796 -0.006369 
0.037556 -0.009224 
0.034306 -0.012914 
0.030264 -0.016164 
0.026575 -0.019151 
0.021567 -0.021655 
0.018844 -0.024949 
0.015593 -0.027805 
0.012738 -0.030660 
0.009180 -0.032856 
0.006677 -0.034174 
0.006281 -0.034964 
0.004436 -0.033910 
0.004261 -0.033559 
0.003734 -0.032636 
0.004568 -0.031494 
0.004568 -0.029869 
0.004305 -0.027541 
0.005183 -0.026223 
0.004524 -0.023588 
0.004700 -0.021084 
0.003821 -0.019459 
0.003207 -0.017878 
0.001933 -0.015066 
-0.000439 -0.014320 
-0.002592 -0.015374 
-0.004920 -0.014627 
-0.007511 -0.014364 
-0.010542 -0.014144 
-0.013968 -0.014803 
-0.016999 -0.014012 
-0.019503 -0.013617 
-0.022885 -0.014627 
-0.024993 -0.013309 
-0.027278 -0.010366 
-0.029386 -0.006940 
-0.030396 -0.004832 
-0.031406 -0.000483 
-0.032329 0.004261 
-0.032856 0.008917 
-0.032329 0.014627 
-0.031934 0.019591 
-0.031011 0.024554 
-0.030528 0.028200 
-0.028991 0.031406 
-0.026092 0.032900 
-0.023895 0.033998 
-0.021304 0.033032 
-0.018756 0.031582 
-0.017043 0.030089 
-0.014935 0.025960 
-0.011684 0.023412 
-0.010059 0.019020 
-0.008258 0.014803 
-0.006633 0.011464 
-0.005930 0.007687 
-0.004744 0.005403 
-0.004656 0.002548 
-0.004129 0.001406 
-0.004041 0.000659 
-0.003382 -0.000615 
-0.002284 -0.000220 
-0.002196 0.000439 
-0.000088 0.001318 
0.002152 0.002636 
0.004832 0.004041 
0.007819 0.005798 
0.010278 0.006852 
0.014539 0.008873 
0.017746 0.010103 
0.021040 0.010147 
0.025608 0.010498 
0.028288 0.009795 
0.030704 0.009620 
0.032724 0.007994 
0.033339 0.005930 
0.033822 0.004305 
0.032988 0.002108 
0.030528 -0.000659 
0.027102 -0.003646 
0.022226 -0.005754 
0.018273 -0.008785 
0.015154 -0.012079 
0.009839 -0.014451 
0.004920 -0.016296 
0.001450 -0.018756 
-0.002064 -0.019283 
-0.004656 -0.020030 
-0.006237 -0.020952 
-0.007072 -0.019810 
-0.006852 -0.019635 
-0.005491 -0.018668 
-0.003470 -0.018449 
-0.001450 -0.017658 
0.001493 -0.015637 
0.004305 -0.013661 
0.006150 -0.012694 
0.008082 -0.012826 
0.009136 -0.012167 
0.009664 -0.012167 
0.010103 -0.013046 
0.009576 -0.014320 
0.007950 -0.015022 
0.006150 -0.016999 
0.004041 -0.019107 
0.001274 -0.021787 
-0.001889 -0.024686 
-0.005095 -0.026575 
-0.007599 -0.028727 
-0.010278 -0.030001 
-0.013880 -0.031450 
-0.016252 -0.031099 
-0.016779 -0.030396 
-0.018932 -0.029166 
-0.021128 -0.026399 
-0.021655 -0.024642 
-0.021567 -0.022094 
-0.021963 -0.017965 
-0.022270 -0.014627 
-0.021479 -0.011596 
-0.021260 -0.007204 
-0.019810 -0.003821 
-0.018405 -0.001274 
-0.017350 0.001230 
-0.015681 0.002811 
-0.014847 0.004085 
-0.015286 0.005842 
-0.015506 0.006896 
-0.013924 0.007379 
-0.014012 0.007555 
-0.015330 0.008082 
-0.017438 0.009488 
-0.018009 0.011069 
-0.018888 0.012255 
-0.021304 0.013924 
-0.022490 0.017658 
-0.025125 0.020206 
-0.026487 0.023324 
-0.027629 0.026223 
-0.028551 0.029781 
-0.028244 0.034437 
-0.027761 0.036678 
-0.026531 0.040192 
-0.025521 0.042036 
-0.022665 0.043749 
-0.019591 0.046034 
-0.015901 0.045638 
-0.011157 0.043749 
-0.007248 0.042520 
-0.003558 0.042212 
-0.000527 0.039225 
0.003470 0.036063 
0.007687 0.033603 
0.010454 0.030089 
0.012431 0.027058 
0.014100 0.024554 
0.015813 0.021084 
0.015418 0.019371 
0.015550 0.017175 
0.016604 0.015242 
0.016692 0.016033 
0.018317 0.014539 
0.018668 0.013046 
0.019810 0.013002 
0.022007 0.012563 
0.023192 0.011640 
0.025477 0.011772 
0.028947 0.011201 
0.032373 0.010191 
0.034306 0.010322 
0.037161 0.008565 
0.039225 0.007336 
0.041465 0.007423 
0.042915 0.005974 
0.042915 0.003426 
0.044057 0.001845 
0.042036 -0.000747 
0.040192 -0.002811 
0.038566 -0.005183 
0.036063 -0.009795 
0.032680 -0.013178 
0.028727 -0.016384 
0.025433 -0.020030 
0.021040 -0.023500 
0.018756 -0.026663 
0.015813 -0.029781 
0.012255 -0.031582 
0.010059 -0.032900 
0.008126 -0.034218 
0.007643 -0.035184 
0.006764 -0.035052 
0.006457 -0.033910 
0.007028 -0.032329 
0.007072 -0.030133 
0.006721 -0.029649 
0.007379 -0.027541 
0.007248 -0.024730 
0.006633 -0.022665 
0.006545 -0.020601 
0.004744 -0.019195 
0.004173 -0.017834 
0.002548 -0.016604 
0.000351 -0.016296 
-0.002636 -0.016823 
-0.006325 -0.017131 
-0.007511 -0.018361 
-0.011245 -0.017570 
-0.014759 -0.017746 
-0.017482 -0.018580 
-0.020249 -0.017526 
-0.022534 -0.016648 
-0.025081 -0.014188 
-0.026838 -0.011245 
-0.029210 -0.007204 
-0.030001 -0.003075 
-0.031978 0.001889 
-0.033778 0.007204 
-0.033339 0.011772 
-0.033559 0.016955 
-0.033251 0.022621 
-0.032505 0.027585 
-0.030792 0.029957 
-0.028727 0.032329 
-0.026487 0.033032 
-0.023983 0.031978 
-0.021523 0.031187 
-0.019678 0.030264 
-0.016692 0.027541 
-0.013924 0.024466 
-0.012475 0.021963 
-0.010586 0.018097 
-0.009751 0.014671 
-0.009268 0.010586 
-0.008697 0.007731 
-0.007819 0.005622 
-0.007555 0.003075 
-0.007599 0.002460 
-0.006677 0.001625 
-0.005315 0.001537 
-0.004788 0.002636 
-0.003734 0.002548 
-0.001054 0.002723 
0.001581 0.004349 
0.005139 0.005974 
0.008302 0.008082 
0.012607 0.009795 
0.016648 0.010322 
0.020557 0.010454 
0.025125 0.011069 
0.027892 0.012255 
0.031143 0.011728 
0.032461 0.009927 
0.033691 0.008653 
0.034833 0.007599 
0.033691 0.005403 
0.032373 0.002855 
0.029913 0.000088 
0.025477 -0.002987 
0.020733 -0.005886 
0.016955 -0.008697 
0.011464 -0.011464 
0.007511 -0.014364 
0.004217 -0.016252 
-0.000527 -0.018009 
-0.002679 -0.018756 
-0.004524 -0.019415 
-0.005447 -0.020601 
-0.004920 -0.019766 
-0.003470 -0.019151 
-0.001537 -0.018844 
-0.000395 -0.017746 
0.002064 -0.016472 
0.004085 -0.014759 
0.005974 -0.013178 
0.007599 -0.012914 
0.008609 -0.012431 
0.009971 -0.011245 
0.009839 -0.012343 
0.009620 -0.013221 
0.008741 -0.015022 
0.007072 -0.017307 
0.005930 -0.018317 
0.004261 -0.022007 
0.001274 -0.024642 
-0.001230 -0.026399 
-0.004568 -0.028815 
-0.008346 -0.030308 
-0.009620 -0.031494 
-0.012035 -0.032285 
-0.014978 -0.032329 
-0.016560 -0.030528 
-0.017790 -0.028947 
-0.019766 -0.026267 
-0.020689 -0.023017 
-0.020864 -0.020557 
-0.022050 -0.016999 
-0.020996 -0.014451 
-0.020206 -0.011377 
-0.018580 -0.007643 
-0.017219 -0.005359 
-0.016823 -0.002548 
-0.014803 -0.001054 
-0.013924 -0.001010 
-0.012211 0.000132 
-0.012255 0.000791 
-0.013441 0.002021 
-0.012782 0.002416 
-0.013617 0.002636 
-0.014320 0.004788 
-0.015462 0.005622 
-0.018273 0.007555 
-0.019591 0.009927 
-0.021216 0.012211 
-0.023851 0.015857 
-0.025169 0.019195 
-0.026487 0.023061 
-0.028112 0.026882 
-0.028463 0.030792 
-0.028068 0.034613 
-0.027805 0.036590 
-0.025872 0.038742 
-0.023500 0.041597 
-0.020952 0.042300 
-0.017482 0.042739 
-0.014100 0.043442 
-0.010410 0.042124 
-0.006369 0.040323 
-0.001318 0.038698 
0.002152 0.037117 
0.004129 0.034349 
0.007072 0.030704 
0.009180 0.028771 
0.010498 0.027234 
0.011728 0.024335 
0.012694 0.021699 
0.013836 0.020074 
0.013968 0.018449 
0.014495 0.016955 
0.015637 0.015945 
0.015593 0.014451 
0.017307 0.013880 
0.020206 0.014188 
0.022270 0.012914 
0.024071 0.012738 
0.027629 0.013529 
0.031011 0.011904 
0.033603 0.012255 
0.037161 0.012870 
0.039269 0.010454 
0.041817 0.010015 
0.043310 0.009180 
0.043969 0.007160 
0.045419 0.006193 
0.044540 0.003909 
0.042915 0.001274 
0.040719 -0.002240 
0.037820 -0.006413 
0.035711 -0.009312 
0.032592 -0.013046 
0.028420 -0.017438 
0.024642 -0.020206 
0.021523 -0.023061 
0.018976 -0.026882 
0.015813 -0.029210 
0.013661 -0.030484 
0.012255 -0.032812 
0.010850 -0.033822 
0.009400 -0.033998 
0.008302 -0.034174 
0.009532 -0.032241 
0.009576 -0.029737 
0.009093 -0.028024 
0.008961 -0.026311 
0.009049 -0.024071 
0.008741 -0.022358 
0.007994 -0.020469 
0.007204 -0.018624 
0.004656 -0.018097 
0.003778 -0.017614 
0.002021 -0.018009 
-0.000088 -0.018580 
-0.002416 -0.019239 
-0.005447 -0.020601 
-0.007204 -0.021040 
-0.010674 -0.021479 
-0.013749 -0.022182 
-0.016428 -0.021172 
-0.019327 -0.020206 
-0.022314 -0.018273 
-0.025213 -0.013573 
-0.027014 -0.009927 
-0.028859 -0.005886 
-0.030660 -0.000264 
-0.032505 0.004964 
-0.033822 0.009356 
-0.034789 0.015813 
-0.034964 0.021875 
-0.033954 0.024554 
-0.032197 0.027673 
-0.030045 0.030748 
-0.028332 0.032109 
-0.026531 0.032065 
-0.023983 0.032329 
-0.021172 0.031055 
-0.019020 0.029210 
-0.017350 0.026487 
-0.015593 0.023544 
-0.014144 0.020952 
-0.012870 0.016472 
-0.011728 0.014715 
-0.011508 0.011596 
-0.011640 0.008565 
-0.011684 0.007248 
-0.011948 0.005315 
-0.011552 0.004217 
-0.010806 0.003163 
-0.009444 0.004393 
-0.007599 0.004305 
-0.006369 0.003821 
-0.003558 0.005535 
-0.000395 0.006325 
0.003382 0.007775 
0.008434 0.009883 
0.012650 0.010410 
0.017965 0.010630 
0.022402 0.010893 
0.026355 0.011201 
0.030045 0.011069 
0.032285 0.011025 
0.034306 0.010937 
0.035096 0.008302 
0.034481 0.006281 
0.032592 0.004173 
0.029869 0.000966 
0.027321 -0.001713 
0.023851 -0.004349 
0.018624 -0.006984 
0.013880 -0.010235 
0.009180 -0.013661 
0.005227 -0.016823 
0.003119 -0.017921 
0.000176 -0.018888 
-0.001537 -0.019854 
-0.002548 -0.020118 
-0.003163 -0.020777 
-0.002636 -0.020118 
-0.001142 -0.019503 
0.000747 -0.018580 
0.001977 -0.016560 
0.003865 -0.014715 
0.006457 -0.012826 
0.007819 -0.012167 
0.007819 -0.011860 
0.009444 -0.011772 
0.010366 -0.013309 
0.009576 -0.013880 
0.009488 -0.015110 
0.008829 -0.017087 
0.007731 -0.018712 
0.005051 -0.022050 
0.002855 -0.025608 
0.001098 -0.027541 
-0.002592 -0.029166 
-0.005535 -0.031538 
-0.007819 -0.033339 
-0.010937 -0.034613 
-0.014100 -0.034306 
-0.015945 -0.032988 
-0.017614 -0.030352 
-0.019898 -0.027717 
-0.020601 -0.025740 
-0.021040 -0.022314 
-0.021260 -0.019283 
-0.020557 -0.015637 
-0.019810 -0.013529 
-0.018844 -0.011025 
-0.018141 -0.007599 
-0.016692 -0.006237 
-0.015550 -0.004041 
-0.014364 -0.002460 
-0.013529 -0.001845 
-0.012475 -0.001801 
-0.011772 -0.001406 
-0.013573 -0.000879 
-0.013924 0.000132 
-0.014539 0.002064 
-0.016164 0.002723 
-0.018097 0.004261 
-0.020689 0.007994 
-0.022094 0.009707 
-0.024378 0.012035 
-0.026838 0.016779 
-0.028507 0.020337 
-0.029781 0.024906 
-0.030440 0.029430 
-0.030660 0.032417 
-0.029825 0.035623 
-0.028903 0.038698 
-0.026838 0.041246 
-0.023588 0.042432 
-0.020952 0.042827 
-0.017219 0.042915 
-0.013134 0.042607 
-0.009356 0.041773 
-0.005007 0.040455 
-0.002152 0.038610 
0.000791 0.037073 
0.003119 0.035492 
0.004920 0.032241 
0.007116 0.028991 
0.008170 0.027102 
0.008082 0.024862 
0.008390 0.022929 
0.009664 0.020689 
0.010542 0.019459 
0.011948 0.018273 
0.012387 0.015769 
0.013573 0.016560 
0.015681 0.014891 
0.018009 0.014144 
0.021743 0.015066 
0.024466 0.013705 
0.028156 0.014495 
0.032065 0.013880 
0.035008 0.013705 
0.037688 0.013134 
0.040499 0.011948 
0.042476 0.011508 
0.043134 0.010322 
0.043662 0.009532 
0.043003 0.006237 
0.042432 0.004041 
0.041377 0.001581 
0.038874 -0.003207 
0.036150 -0.006193 
0.033339 -0.009576 
0.030221 -0.013661 
0.026706 -0.018097 
0.022841 -0.022841 
0.020249 -0.025345 
0.018053 -0.028420 
0.015681 -0.030967 
0.013880 -0.032549 
0.011640 -0.033778 
0.011157 -0.033559 
0.010981 -0.033954 
0.009839 -0.032549 
0.009664 -0.031670 
0.009620 -0.029825 
0.010235 -0.027190 
0.010674 -0.026267 
0.009927 -0.023236 
0.009268 -0.021567 
0.008653 -0.020996 
0.007248 -0.019678 
0.006062 -0.019986 
0.004700 -0.020908 
0.002284 -0.021304 
0.000615 -0.023017 
-0.001801 -0.024203 
-0.004744 -0.023895 
-0.006369 -0.025521 
-0.009224 -0.026575 
-0.012914 -0.025740 
-0.016164 -0.024774 
-0.019151 -0.022050 
-0.021655 -0.018668 
-0.024949 -0.014671 
-0.027805 -0.009005 
-0.030660 -0.004261 
-0.032856 0.000439 
-0.034174 0.005842 
-0.034964 0.011596 
-0.033910 0.016779 
-0.033559 0.020996 
-0.032636 0.024554 
-0.031494 0.027541 
-0.029869 0.029825 
-0.027541 0.030835 
-0.026223 0.032153 
-0.023588 0.030923 
-0.021084 0.029166 
-0.019459 0.027936 
-0.017878 0.025608 
-0.015066 0.023368 
-0.014320 0.019415 
-0.015374 0.016823 
-0.014627 0.013924 
-0.014364 0.011157 
-0.014144 0.009883 
-0.014803 0.007643 
-0.014012 0.005974 
-0.013617 0.004744 
-0.014627 0.005139 
-0.013309 0.005622 
-0.010366 0.004876 
-0.006940 0.005930 
-0.004832 0.007028 
-0.000483 0.007950 
0.004261 0.010147 
0.008917 0.010278 
0.014627 0.011113 
0.019591 0.012255 
0.024554 0.012343 
0.028200 0.013046 
0.031406 0.012123 
0.032900 0.012475 
0.033998 0.011816 
0.033032 0.009707 
0.031582 0.007775 
0.030089 0.004788 
0.025960 0.001933 
0.023412 -0.001845 
0.019020 -0.004788 
0.014803 -0.007599 
0.011464 -0.011552 
0.007687 -0.014144 
0.005403 -0.016648 
0.002548 -0.017834 
0.001406 -0.018405 
0.000659 -0.020206 
-0.000615 -0.019942 
-0.000220 -0.019151 
0.000439 -0.017790 
0.001318 -0.015901 
0.002636 -0.015242 
0.004041 -0.013265 
0.005798 -0.011684 
0.006852 -0.010893 
0.008873 -0.009795 
0.010103 -0.010366 
0.010147 -0.011069 
0.010498 -0.011464 
0.009795 -0.013573 
0.009620 -0.016033 
0.007994 -0.018800 
0.005930 -0.021743 
0.004305 -0.024159 
0.002108 -0.027058 
-0.000659 -0.029737 
-0.003646 -0.031275 
-0.005754 -0.031538 
-0.008785 -0.032680 
-0.012079 -0.033032 
-0.014451 -0.032109 
-0.016296 -0.030572 
-0.018756 -0.027892 
-0.019283 -0.026179 
-0.020030 -0.023456 
-0.020952 -0.020777 
-0.019810 -0.018053 
-0.019635 -0.014144 
-0.018668 -0.011684 
-0.018449 -0.010322 
-0.017658 -0.009400 
-0.015637 -0.007423 
-0.013661 -0.005095 
-0.012694 -0.005315 
-0.012826 -0.005798 
-0.012167 -0.004261 
-0.012167 -0.004524 
-0.013046 -0.004876 
-0.014320 -0.001845 
-0.015022 -0.000176 
-0.016999 0.000659 
-0.019107 0.003338 
-0.021787 0.006413 
-0.024686 0.009839 
-0.026575 0.012870 
-0.028727 0.016516 
-0.030001 0.020469 
-0.031450 0.024159 
-0.031099 0.028683 
-0.030396 0.031626 
-0.029166 0.033954 
-0.026399 0.036985 
-0.024642 0.039093 
-0.022094 0.040675 
-0.017965 0.041114 
-0.014627 0.040719 
-0.011596 0.041465 
-0.007204 0.040631 
-0.003821 0.038830 
-0.001274 0.037776 
0.001230 0.035843 
0.002811 0.033427 
0.004085 0.030660 
0.005842 0.028815 
0.006896 0.026750 
0.007379 0.024115 
0.007555 0.022534 
0.008082 0.019942 
0.009488 0.018097 
0.011069 0.017087 
0.012255 0.015286 
0.013924 0.015506 
0.017658 0.015506 
0.020206 0.014935 
0.023324 0.015286 
0.026223 0.014364 
0.029781 0.014978 
0.034437 0.015066 
0.036678 0.014407 
0.040192 0.014978 
0.042036 0.013836 
0.043749 0.012475 
0.046034 0.010674 
0.045638 0.008785 
0.043749 0.006764 
0.042520 0.004173 
0.042212 0.001098 
0.039225 -0.002548 
0.036063 -0.006457 
0.033603 -0.011552 
0.030089 -0.015374 
0.027058 -0.019854 
0.024554 -0.024247 
0.021084 -0.026267 
0.019371 -0.029254 
0.017175 -0.032373 
0.015242 -0.033515 
0.016033 -0.033691 
0.014539 -0.034174 
0.013046 -0.032724 
0.013002 -0.030264 
0.012563 -0.028507 
0.011640 -0.026267 
0.011772 -0.024642 
0.011201 -0.022402 
0.010191 -0.021084 
0.010322 -0.020864 
0.008565 -0.020733 
0.007336 -0.021655 
0.007423 -0.022050 
0.005974 -0.023983 
0.003426 -0.025564 
0.001845 -0.026926 
-0.000747 -0.028463 
-0.002811 -0.028595 
-0.005183 -0.029649 
-0.009795 -0.029122 
-0.013178 -0.027102 
-0.016384 -0.025608 
-0.020030 -0.023632 
-0.023500 -0.019283 
-0.026663 -0.013792 
-0.029781 -0.009136 
-0.031582 -0.003250 
-0.032900 0.001933 
-0.034218 0.006150 
-0.035184 0.011816 
-0.035052 0.016779 
-0.033910 0.020162 
-0.032329 0.024466 
-0.030133 0.027234 
-0.029649 0.028859 
-0.027541 0.030484 
-0.024730 0.030001 
-0.022665 0.029298 
-0.020601 0.027892 
-0.019195 0.026267 
-0.017834 0.023895 
-0.016604 0.021216 
-0.016296 0.018844 
-0.016823 0.015769 
-0.017131 0.013397 
-0.018361 0.010806 
-0.017570 0.008521 
-0.017746 0.007116 
-0.018580 0.005447 
-0.017526 0.005535 
-0.016648 0.006325 
-0.014188 0.005095 
-0.011245 0.005183 
-0.007204 0.006413 
-0.003075 0.007555 
0.001889 0.008785 
0.007204 0.009927 
0.011772 0.011816 
0.016955 0.012123 
0.022621 0.012914 
0.027585 0.014539 
0.029957 0.014451 
0.032329 0.013485 
0.033032 0.011728 
0.031978 0.010410 
0.031187 0.009224 
0.030264 0.006237 
0.027541 0.003207 
0.024466 0.000000 
0.021963 -0.003602 
0.018097 -0.006808 
0.014671 -0.010103 
0.010586 -0.011860 
0.007731 -0.014539 
0.005622 -0.016735 
0.003075 -0.017834 
0.002460 -0.019239 
0.001625 -0.019064 
0.001537 -0.018361 
0.002636 -0.017570 
0.002548 -0.016560 
0.002723 -0.014978 
0.004349 -0.013924 
0.005974 -0.012694 
0.008082 -0.011772 
0.009795 -0.011377 
0.010322 -0.011377 
0.010454 -0.011860 
0.011069 -0.012519 
0.012255 -0.014759 
0.011728 -0.017307 
0.009927 -0.020293 
0.008653 -0.022534 
0.007599 -0.025521 
0.005403 -0.028903 
0.002855 -0.031538 
0.000088 -0.032768 
-0.002987 -0.033295 
-0.005886 -0.034525 
-0.008697 -0.033032 
-0.011464 -0.032812 
-0.014364 -0.032329 
-0.016252 -0.030440 
-0.018009 -0.027497 
-0.018756 -0.024862 
-0.019415 -0.023324 
-0.020601 -0.019986 
-0.019766 -0.017965 
-0.019151 -0.014847 
-0.018844 -0.013090 
-0.017746 -0.012387 
-0.016472 -0.010322 
-0.014759 -0.009224 
-0.013178 -0.007775 
-0.012914 -0.008126 
-0.012431 -0.008390 
-0.011245 -0.007819 
-0.012343 -0.006325 
-0.013221 -0.004612 
-0.015022 -0.004173 
-0.017307 -0.001537 
-0.018317 0.000176 
-0.022007 0.002328 
-0.024642 0.006984 
-0.026399 0.010454 
-0.028815 0.014935 
-0.030308 0.018580 
-0.031494 0.021655 
-0.032285 0.025301 
-0.032329 0.029693 
-0.030528 0.033735 
-0.028947 0.034745 
-0.026267 0.037292 
-0.023017 0.039620 
-0.020557 0.041334 
-0.016999 0.042520 
-0.014451 0.041905 
-0.011377 0.042476 
-0.007643 0.041070 
-0.005359 0.039006 
-0.002548 0.038522 
-0.001054 0.036063 
-0.001010 0.034393 
0.000132 0.032680 
0.000791 0.028727 
0.002021 0.027585 
0.002416 0.025740 
0.002636 0.023544 
0.004788 0.021963 
0.005622 0.020249 
0.007555 0.019766 
0.009927 0.018536 
0.012211 0.018053 
0.015857 0.017219 
0.019195 0.017746 
0.023061 0.017878 
0.026882 0.017878 
0.030792 0.018712 
0.034613 0.017746 
0.036590 0.017834 
0.038742 0.017790 
0.041597 0.017438 
0.042300 0.016077 
0.042739 0.014320 
0.043442 0.012211 
0.042124 0.009751 
0.040323 0.006589 
0.038698 0.002679 
0.037117 -0.002372 
