-0.000103 -0.010438 
-0.003135 -0.012609 
-0.006614 -0.015468 
-0.009164 -0.018327 
-0.011403 -0.020566 
-0.013745 -0.023495 
-0.015364 -0.026871 
-0.016260 -0.028696 
-0.017466 -0.031315 
-0.017673 -0.033347 
-0.017741 -0.034415 
-0.017363 -0.035862 
-0.017225 -0.036034 
-0.015778 -0.035862 
-0.013298 -0.035311 
-0.012643 -0.034587 
-0.011747 -0.033416 
-0.010610 -0.031659 
-0.009267 -0.029454 
-0.007613 -0.026733 
-0.006683 -0.024218 
-0.006098 -0.021875 
-0.004995 -0.020532 
-0.005202 -0.018362 
-0.006166 -0.016398 
-0.006029 -0.015709 
-0.006511 -0.015054 
-0.008406 -0.015296 
-0.010542 -0.015054 
-0.012712 -0.015296 
-0.015640 -0.015950 
-0.018224 -0.016398 
-0.021118 -0.017190 
-0.024011 -0.017397 
-0.026767 -0.017948 
-0.028938 -0.018086 
-0.031177 -0.018293 
-0.034381 -0.018465 
-0.035793 -0.016880 
-0.037447 -0.014779 
-0.038618 -0.013125 
-0.038687 -0.011506 
-0.038928 -0.009370 
-0.038480 -0.006959 
-0.037826 -0.003824 
-0.036448 -0.000689 
-0.034725 0.001895 
-0.032830 0.005581 
-0.030419 0.009474 
-0.027594 0.012333 
-0.025527 0.015778 
-0.023150 0.018947 
-0.020015 0.022289 
-0.017879 0.025630 
-0.016260 0.028007 
-0.014882 0.030453 
-0.012781 0.031900 
-0.012092 0.033967 
-0.012677 0.035483 
-0.011644 0.035070 
-0.011988 0.034518 
-0.012540 0.033278 
-0.012850 0.030936 
-0.013504 0.027628 
-0.013229 0.024459 
-0.013642 0.019946 
-0.012884 0.015227 
-0.012161 0.011058 
-0.011058 0.006235 
-0.009060 0.002377 
-0.006718 -0.001654 
-0.003548 -0.005099 
-0.001240 -0.007820 
0.002653 -0.010576 
0.006855 -0.011541 
0.011265 -0.012298 
0.014675 -0.011747 
0.018052 -0.010920 
0.022358 -0.009818 
0.024941 -0.006649 
0.028662 -0.004720 
0.030832 -0.001447 
0.032520 0.002033 
0.033967 0.005409 
0.034656 0.009990 
0.035724 0.013366 
0.035173 0.017948 
0.035104 0.022013 
0.034208 0.025837 
0.031866 0.029764 
0.029489 0.033072 
0.027043 0.036275 
0.024287 0.038480 
0.021531 0.039651 
0.017810 0.039927 
0.013814 0.040340 
0.010679 0.039341 
0.006029 0.038652 
0.002411 0.036654 
-0.001068 0.033623 
-0.004892 0.030901 
-0.007303 0.026492 
-0.009577 0.022254 
-0.011196 0.017569 
-0.012540 0.013814 
-0.012264 0.009405 
-0.010955 0.004237 
-0.009818 0.000861 
-0.007097 -0.003548 
-0.004341 -0.008199 
-0.000620 -0.012333 
0.003376 -0.015675 
0.007131 -0.018327 
0.012471 -0.021496 
0.016570 -0.023805 
0.020911 -0.025114 
0.025114 -0.026319 
0.027870 -0.026216 
0.031349 -0.025389 
0.033692 -0.024838 
0.035621 -0.023770 
0.036964 -0.021669 
0.037998 -0.019636 
0.038480 -0.017776 
0.037516 -0.014710 
0.035896 -0.011403 
0.033829 -0.008922 
0.031831 -0.005960 
0.029179 -0.002687 
0.025355 -0.000517 
0.020842 0.001619 
0.016398 0.004031 
0.011368 0.006683 
0.006821 0.008371 
0.001860 0.010197 
-0.003755 0.012953 
-0.008681 0.014331 
-0.013435 0.016536 
-0.017397 0.018327 
-0.021462 0.019602 
-0.024459 0.021152 
-0.026802 0.023150 
-0.029144 0.025630 
-0.030488 0.026492 
-0.031073 0.027491 
-0.031383 0.028662 
-0.030798 0.029351 
-0.029041 0.029041 
-0.027835 0.028696 
-0.025320 0.027939 
-0.023150 0.026423 
-0.020911 0.025045 
-0.016915 0.022082 
-0.013780 0.019774 
-0.010817 0.017500 
-0.006821 0.014021 
-0.003273 0.011024 
-0.000655 0.008268 
0.003652 0.005650 
0.007234 0.001998 
0.010094 -0.001275 
0.012677 -0.004065 
0.015020 -0.006580 
0.017638 -0.007958 
0.018672 -0.010059 
0.020532 -0.011782 
0.022082 -0.012609 
0.023253 -0.013539 
0.024356 -0.014055 
0.024735 -0.014538 
0.025389 -0.013642 
0.026251 -0.012712 
0.026595 -0.012230 
0.026044 -0.011093 
0.026733 -0.010197 
0.026802 -0.008991 
0.026285 -0.008440 
0.025458 -0.007544 
0.024873 -0.006442 
0.024459 -0.005650 
0.022564 -0.003721 
0.021014 -0.002997 
0.018603 -0.003169 
0.015881 -0.002239 
0.012712 -0.002308 
0.009680 -0.003100 
0.006959 -0.003686 
0.003100 -0.005374 
-0.000103 -0.007923 
-0.003445 -0.010197 
-0.006442 -0.012574 
-0.008888 -0.015364 
-0.011506 -0.017810 
-0.013780 -0.021152 
-0.015881 -0.025251 
-0.016501 -0.027904 
-0.017018 -0.029799 
-0.017707 -0.032245 
-0.017053 -0.034415 
-0.016777 -0.034794 
-0.016226 -0.035483 
-0.015089 -0.036654 
-0.013814 -0.035552 
-0.012057 -0.034656 
-0.010679 -0.033898 
-0.008509 -0.031556 
-0.007303 -0.029351 
-0.006063 -0.027181 
-0.004651 -0.025114 
-0.004651 -0.023012 
-0.004272 -0.021049 
-0.004616 -0.020463 
-0.004926 -0.019567 
-0.006029 -0.018224 
-0.006787 -0.017914 
-0.007338 -0.017810 
-0.009887 -0.018017 
-0.011541 -0.018706 
-0.013745 -0.019119 
-0.016467 -0.019774 
-0.018603 -0.019843 
-0.021531 -0.020291 
-0.023770 -0.020601 
-0.025803 -0.020291 
-0.028249 -0.020601 
-0.030453 -0.019567 
-0.032245 -0.018672 
-0.034243 -0.017810 
-0.035517 -0.016639 
-0.036138 -0.014641 
-0.036964 -0.011713 
-0.036344 -0.009853 
-0.035862 -0.007200 
-0.035242 -0.004306 
-0.033382 -0.001137 
-0.031280 0.002033 
-0.028490 0.005788 
-0.025906 0.009198 
-0.023460 0.012195 
-0.021221 0.016295 
-0.018672 0.019705 
-0.016777 0.023736 
-0.015054 0.027284 
-0.013263 0.030522 
-0.012436 0.032279 
-0.012677 0.034139 
-0.013056 0.036275 
-0.012609 0.035793 
-0.013642 0.035621 
-0.013883 0.034071 
-0.014469 0.031280 
-0.015606 0.028386 
-0.015123 0.025079 
-0.015675 0.021083 
-0.015468 0.016880 
-0.014365 0.012574 
-0.013608 0.008371 
-0.011782 0.004203 
-0.008854 -0.000689 
-0.006545 -0.003169 
-0.003445 -0.006373 
0.000069 -0.009026 
0.002825 -0.009956 
0.005822 -0.011162 
0.009060 -0.011368 
0.012643 -0.011437 
0.016019 -0.010128 
0.020015 -0.008854 
0.023770 -0.006821 
0.026664 -0.004065 
0.028490 -0.000758 
0.030247 0.002928 
0.031831 0.006201 
0.032761 0.010748 
0.033967 0.014572 
0.034381 0.018672 
0.034036 0.023667 
0.033003 0.026836 
0.031728 0.029282 
0.029454 0.032761 
0.026974 0.034932 
0.023460 0.036585 
0.019705 0.038032 
0.016432 0.038756 
0.011816 0.039272 
0.008302 0.038273 
0.003686 0.037378 
-0.000551 0.035070 
-0.003342 0.032279 
-0.006890 0.029317 
-0.009887 0.025424 
-0.012023 0.021979 
-0.012884 0.017569 
-0.012953 0.013229 
-0.011954 0.007958 
-0.010576 0.003342 
-0.008819 -0.001102 
-0.005546 -0.005891 
-0.002067 -0.010335 
0.001688 -0.014193 
0.006098 -0.016984 
0.009749 -0.020945 
0.014331 -0.023219 
0.018878 -0.025045 
0.021875 -0.025872 
0.025699 -0.026216 
0.029075 -0.027215 
0.031797 -0.026561 
0.034002 -0.025803 
0.036241 -0.023736 
0.037998 -0.021875 
0.037929 -0.019567 
0.037963 -0.017431 
0.037584 -0.015640 
0.036206 -0.012195 
0.034208 -0.008785 
0.030936 -0.005891 
0.027835 -0.003962 
0.024184 -0.000655 
0.019361 0.002205 
0.015123 0.002997 
0.010886 0.004995 
0.006029 0.007958 
0.000551 0.009887 
-0.003927 0.012023 
-0.008681 0.015192 
-0.013332 0.016536 
-0.016467 0.018258 
-0.020566 0.020876 
-0.023839 0.022496 
-0.025768 0.024631 
-0.027146 0.026698 
-0.028455 0.028214 
-0.029764 0.029764 
-0.030247 0.030453 
-0.029351 0.030763 
-0.028249 0.031556 
-0.026629 0.030695 
-0.024494 0.029351 
-0.022254 0.028765 
-0.018809 0.027077 
-0.016226 0.024287 
-0.013056 0.021979 
-0.010645 0.019636 
-0.007648 0.016570 
-0.003100 0.013022 
-0.000310 0.009336 
0.003238 0.006545 
0.006993 0.003824 
0.009474 0.001206 
0.011403 -0.002101 
0.014434 -0.004926 
0.016432 -0.006477 
0.017948 -0.008716 
0.019808 -0.009921 
0.021152 -0.011058 
0.023116 -0.012298 
0.023874 -0.012815 
0.024390 -0.012781 
0.024631 -0.012677 
0.026009 -0.012402 
0.027043 -0.011403 
0.027146 -0.011093 
0.028421 -0.010438 
0.028042 -0.008819 
0.026905 -0.007165 
0.026319 -0.006408 
0.025596 -0.004995 
0.024597 -0.003548 
0.023047 -0.003548 
0.020911 -0.003066 
0.018741 -0.002894 
0.015812 -0.002687 
0.013229 -0.003135 
0.010335 -0.004341 
0.006855 -0.005822 
0.003514 -0.007786 
0.000482 -0.009715 
-0.002067 -0.012505 
-0.005443 -0.015881 
-0.008061 -0.019430 
-0.010369 -0.022082 
-0.012230 -0.025355 
-0.013229 -0.028593 
-0.013883 -0.031142 
-0.014744 -0.033967 
-0.015261 -0.035621 
-0.014572 -0.037412 
-0.013918 -0.037378 
-0.013091 -0.037412 
-0.011954 -0.038067 
-0.010266 -0.036206 
-0.010025 -0.035311 
-0.008337 -0.034208 
-0.007234 -0.031452 
-0.006959 -0.028972 
-0.004513 -0.027491 
-0.004168 -0.025906 
-0.003893 -0.023460 
-0.003652 -0.022220 
-0.003617 -0.021152 
-0.003927 -0.020325 
-0.004272 -0.020635 
-0.005719 -0.019740 
-0.007613 -0.019257 
-0.008440 -0.020429 
-0.011472 -0.021290 
-0.013676 -0.021462 
-0.016088 -0.021531 
-0.019464 -0.022599 
-0.022702 -0.023150 
-0.025596 -0.022840 
-0.028490 -0.022978 
-0.031831 -0.022358 
-0.033416 -0.020739 
-0.034966 -0.019636 
-0.036654 -0.018430 
-0.037894 -0.016226 
-0.038756 -0.014503 
-0.038790 -0.011782 
-0.037550 -0.008957 
-0.036930 -0.006235 
-0.035311 -0.002618 
-0.032796 0.000241 
-0.030832 0.004823 
-0.027146 0.008888 
-0.024769 0.012230 
-0.022702 0.016846 
-0.020704 0.020497 
-0.019395 0.024873 
-0.017156 0.029179 
-0.016398 0.032865 
-0.015847 0.035862 
-0.014675 0.037343 
-0.015399 0.038790 
-0.015985 0.039272 
-0.015502 0.038515 
-0.016708 0.037550 
-0.017328 0.035380 
-0.018017 0.032555 
-0.018637 0.029248 
-0.018293 0.024631 
-0.018741 0.020291 
-0.018155 0.015985 
-0.016915 0.011403 
-0.015227 0.007613 
-0.013056 0.003721 
-0.010335 -0.000103 
-0.007200 -0.002997 
-0.004547 -0.005305 
-0.001137 -0.007028 
0.002756 -0.008819 
0.006580 -0.010852 
0.010645 -0.011196 
0.013986 -0.010645 
0.017328 -0.009577 
0.021083 -0.007889 
0.023805 -0.006166 
0.026457 -0.003617 
0.028903 -0.000276 
0.031521 0.003514 
0.033623 0.006959 
0.034553 0.010955 
0.035552 0.015054 
0.035655 0.018672 
0.035655 0.022530 
0.034828 0.025940 
0.032968 0.029282 
0.030729 0.031625 
0.028111 0.033519 
0.025148 0.035345 
0.021255 0.036103 
0.016846 0.036620 
0.012230 0.036448 
0.007992 0.035724 
0.003652 0.035173 
-0.000034 0.032727 
-0.004375 0.029558 
-0.007407 0.027663 
-0.008440 0.023632 
-0.010094 0.019602 
-0.010507 0.016226 
-0.010438 0.011024 
-0.008647 0.006063 
-0.006855 0.001412 
-0.004582 -0.002584 
-0.001481 -0.007131 
0.001206 -0.012161 
0.005305 -0.015847 
0.008612 -0.018672 
0.012505 -0.021841 
0.016157 -0.024425 
0.019774 -0.025251 
0.023288 -0.026492 
0.026113 -0.026940 
0.029661 -0.026561 
0.032107 -0.026113 
0.034277 -0.024562 
0.035862 -0.022530 
0.037068 -0.020601 
0.037791 -0.019188 
0.037584 -0.016777 
0.036689 -0.014055 
0.035001 -0.011472 
0.033278 -0.009267 
0.029523 -0.007441 
0.025079 -0.004685 
0.021634 -0.002446 
0.017225 -0.001137 
0.012677 0.001171 
0.007958 0.003342 
0.002722 0.005099 
-0.002067 0.008096 
-0.006993 0.010025 
-0.010783 0.012505 
-0.014917 0.015502 
-0.018947 0.017087 
-0.021531 0.019877 
-0.024011 0.022599 
-0.025630 0.025045 
-0.027284 0.027422 
-0.027973 0.029489 
-0.028559 0.030970 
-0.028628 0.031728 
-0.027318 0.032004 
-0.026319 0.031762 
-0.025148 0.031556 
-0.023288 0.029661 
-0.020325 0.027663 
-0.017431 0.025596 
-0.014572 0.023736 
-0.011506 0.021531 
-0.007923 0.018396 
-0.004926 0.016432 
-0.002136 0.013229 
0.001137 0.010128 
0.002894 0.007579 
0.005891 0.004857 
0.009026 0.001929 
0.010507 -0.001654 
0.012540 -0.003238 
0.014882 -0.004616 
0.016260 -0.006339 
0.017328 -0.007648 
0.019326 -0.009232 
0.020635 -0.010507 
0.022117 -0.011058 
0.024287 -0.010886 
0.025079 -0.010576 
0.026457 -0.009680 
0.027112 -0.009129 
0.027284 -0.007923 
0.028834 -0.006787 
0.028283 -0.006029 
0.027904 -0.003858 
0.027663 -0.002343 
0.026629 -0.001033 
0.025045 -0.000034 
0.021944 0.001068 
0.020084 0.001240 
0.017879 0.000241 
0.014951 0.000861 
0.011472 -0.000344 
0.008475 -0.002411 
0.005167 -0.004582 
0.001206 -0.006924 
-0.001447 -0.009095 
-0.004926 -0.013091 
-0.006821 -0.015640 
-0.008302 -0.018465 
-0.010955 -0.022564 
-0.012540 -0.025734 
-0.013470 -0.028593 
-0.014055 -0.030695 
-0.014400 -0.032107 
-0.014021 -0.033933 
-0.013711 -0.034897 
-0.013056 -0.034139 
-0.011575 -0.033933 
-0.010507 -0.033588 
-0.009853 -0.032348 
-0.008233 -0.029937 
-0.006511 -0.028214 
-0.005546 -0.026664 
-0.004478 -0.024562 
-0.003548 -0.023942 
-0.002549 -0.022185 
-0.002653 -0.021496 
-0.002859 -0.020566 
-0.002446 -0.020153 
-0.003755 -0.021083 
-0.004892 -0.020153 
-0.005925 -0.020980 
-0.008406 -0.021565 
-0.010438 -0.022013 
-0.012609 -0.022048 
-0.015468 -0.021703 
-0.018327 -0.022461 
-0.020566 -0.022633 
-0.023495 -0.023012 
-0.026871 -0.021772 
-0.028696 -0.021186 
-0.031315 -0.020911 
-0.033347 -0.020325 
-0.034415 -0.020497 
-0.035862 -0.019051 
-0.036034 -0.018017 
-0.035862 -0.016777 
-0.035311 -0.014986 
-0.034587 -0.013022 
-0.033416 -0.009990 
-0.031659 -0.005960 
-0.029454 -0.001791 
-0.026733 0.001929 
-0.024218 0.005684 
-0.021875 0.009818 
-0.020532 0.015296 
-0.018362 0.019843 
-0.016398 0.023770 
-0.015709 0.028007 
-0.015054 0.030591 
-0.015296 0.033313 
-0.015054 0.034518 
-0.015296 0.035104 
-0.015950 0.035759 
-0.016398 0.034174 
-0.017190 0.032761 
-0.017397 0.030798 
-0.017948 0.028283 
-0.018086 0.024769 
-0.018293 0.020807 
-0.018465 0.017397 
-0.016880 0.013022 
-0.014779 0.009853 
-0.013125 0.006339 
-0.011506 0.002343 
-0.009370 -0.001275 
-0.006959 -0.003858 
-0.003824 -0.005374 
-0.000689 -0.008027 
0.001895 -0.008991 
0.005581 -0.010025 
0.009474 -0.010128 
0.012333 -0.009060 
0.015778 -0.008543 
0.018947 -0.006132 
0.022289 -0.003927 
0.025630 -0.000896 
0.028007 0.002205 
0.030453 0.005546 
0.031900 0.010163 
0.033967 0.013780 
0.035483 0.017707 
0.035070 0.021359 
0.034518 0.025251 
0.033278 0.028938 
0.030936 0.031694 
0.027628 0.033829 
0.024459 0.035621 
0.019946 0.037998 
0.015227 0.037860 
0.011058 0.037722 
0.006235 0.038480 
0.002377 0.037309 
-0.001654 0.035862 
-0.005099 0.033416 
-0.007820 0.030453 
-0.010576 0.027835 
-0.011541 0.024528 
-0.012298 0.020187 
-0.011747 0.015778 
-0.010920 0.011506 
-0.009818 0.006821 
-0.006649 0.002480 
-0.004720 -0.002549 
-0.001447 -0.007165 
0.002033 -0.010748 
0.005409 -0.014021 
0.009990 -0.016639 
0.013366 -0.019671 
0.017948 -0.021634 
0.022013 -0.023150 
0.025837 -0.024700 
0.029764 -0.023942 
0.033072 -0.023460 
0.036275 -0.023012 
0.038480 -0.021428 
0.039651 -0.020256 
0.039927 -0.018499 
0.040340 -0.017707 
0.039341 -0.015227 
0.038652 -0.013160 
0.036654 -0.013056 
0.033623 -0.010404 
0.030901 -0.009577 
0.026492 -0.008165 
0.022254 -0.005891 
0.017569 -0.004272 
0.013814 -0.001757 
0.009405 -0.000551 
0.004237 0.002653 
0.000861 0.005236 
-0.003548 0.008096 
-0.008199 0.010955 
-0.012333 0.012609 
-0.015675 0.015985 
-0.018327 0.018534 
-0.021496 0.021324 
-0.023805 0.023288 
-0.025114 0.024631 
-0.026319 0.026319 
-0.026216 0.027732 
-0.025389 0.028559 
-0.024838 0.028593 
-0.023770 0.028352 
-0.021669 0.027422 
-0.019636 0.027146 
-0.017776 0.024976 
-0.014710 0.023047 
-0.011403 0.022117 
-0.008922 0.018982 
-0.005960 0.016019 
-0.002687 0.013539 
-0.000517 0.011093 
0.001619 0.007889 
0.004031 0.005409 
0.006683 0.002480 
0.008371 -0.000655 
0.010197 -0.001895 
0.012953 -0.004099 
0.014331 -0.005340 
0.016536 -0.006683 
0.018327 -0.007579 
0.019602 -0.007441 
0.021152 -0.009474 
0.023150 -0.010128 
0.025630 -0.009405 
0.026492 -0.008819 
0.027491 -0.008027 
0.028662 -0.007717 
0.029351 -0.006545 
0.029041 -0.005340 
0.028696 -0.004168 
0.027939 -0.002825 
0.026423 -0.001068 
0.025045 0.000930 
0.022082 0.001344 
0.019774 0.002205 
0.017500 0.002308 
0.014021 0.001171 
0.011024 0.001378 
0.008268 0.000172 
0.005650 -0.001550 
0.001998 -0.003342 
-0.001275 -0.006511 
-0.004065 -0.009956 
-0.006580 -0.013814 
-0.007958 -0.016674 
-0.010059 -0.019602 
-0.011782 -0.022978 
-0.012609 -0.025596 
-0.013539 -0.027663 
-0.014055 -0.029213 
-0.014538 -0.031246 
-0.013642 -0.032761 
-0.012712 -0.032624 
-0.012230 -0.031590 
-0.011093 -0.030695 
-0.010197 -0.029454 
-0.008991 -0.028524 
-0.008440 -0.027491 
-0.007544 -0.025424 
-0.006442 -0.023908 
-0.005650 -0.022323 
-0.003721 -0.021255 
-0.002997 -0.020497 
-0.003169 -0.019705 
-0.002239 -0.019361 
-0.002308 -0.019774 
-0.003100 -0.020256 
-0.003686 -0.020119 
-0.005374 -0.021186 
-0.007923 -0.021428 
-0.010197 -0.021290 
-0.012574 -0.022117 
-0.015364 -0.022737 
-0.017810 -0.023047 
-0.021152 -0.023253 
-0.025251 -0.023391 
-0.027904 -0.022737 
-0.029799 -0.024149 
-0.032245 -0.024631 
-0.034415 -0.023563 
-0.034794 -0.023874 
-0.035483 -0.022909 
-0.036654 -0.021290 
-0.035552 -0.019602 
-0.034656 -0.017156 
-0.033898 -0.013814 
-0.031556 -0.010542 
-0.029351 -0.006166 
-0.027181 -0.001516 
-0.025114 0.002722 
-0.023012 0.007476 
-0.021049 0.012333 
-0.020463 0.017776 
-0.019567 0.021841 
-0.018224 0.025183 
-0.017914 0.028145 
-0.017810 0.030453 
-0.018017 0.031969 
-0.018706 0.033037 
-0.019119 0.034243 
-0.019774 0.034139 
-0.019843 0.033485 
-0.020291 0.031452 
-0.020601 0.029248 
-0.020291 0.026044 
-0.020601 0.022461 
-0.019567 0.019740 
-0.018672 0.016019 
-0.017810 0.012230 
-0.016639 0.007682 
-0.014641 0.003996 
-0.011713 0.001068 
-0.009853 -0.002274 
-0.007200 -0.005409 
-0.004306 -0.007923 
-0.001137 -0.009611 
0.002033 -0.010886 
0.005788 -0.010542 
0.009198 -0.009646 
0.012195 -0.008854 
0.016295 -0.007269 
0.019705 -0.005133 
0.023736 -0.002618 
0.027284 0.001068 
0.030522 0.004582 
0.032279 0.007717 
0.034139 0.011644 
0.036275 0.015261 
0.035793 0.018706 
0.035621 0.021910 
0.034071 0.025079 
0.031280 0.028421 
0.028386 0.031418 
0.025079 0.033588 
0.021083 0.035552 
0.016880 0.036827 
0.012574 0.036930 
0.008371 0.037929 
0.004203 0.037894 
-0.000689 0.035793 
-0.003169 0.034518 
-0.006373 0.032624 
-0.009026 0.028869 
-0.009956 0.025837 
-0.011162 0.022254 
-0.011368 0.017741 
-0.011437 0.013091 
-0.010128 0.008027 
-0.008854 0.004134 
-0.006821 -0.000792 
-0.004065 -0.005236 
-0.000758 -0.008681 
0.002928 -0.012781 
0.006201 -0.015985 
0.010748 -0.018603 
0.014572 -0.020497 
0.018672 -0.021875 
0.023667 -0.023012 
0.026836 -0.023322 
0.029282 -0.022874 
0.032761 -0.022323 
0.034932 -0.021186 
0.036585 -0.020222 
0.038032 -0.019223 
0.038756 -0.017569 
0.039272 -0.017087 
0.038273 -0.015433 
0.037378 -0.013160 
0.035070 -0.012333 
0.032279 -0.011541 
0.029317 -0.009749 
0.025424 -0.008096 
0.021979 -0.006373 
0.017569 -0.003789 
0.013229 -0.001929 
0.007958 0.000448 
0.003342 0.002963 
-0.001102 0.005202 
-0.005891 0.008475 
-0.010335 0.011265 
-0.014193 0.014297 
-0.016984 0.017879 
-0.020945 0.020256 
-0.023219 0.022254 
-0.025045 0.024390 
-0.025872 0.026251 
-0.026216 0.027766 
-0.027215 0.028765 
-0.026561 0.029144 
-0.025803 0.028938 
-0.023736 0.029730 
-0.021875 0.028869 
-0.019567 0.026629 
-0.017431 0.024976 
-0.015640 0.022358 
-0.012195 0.021118 
-0.008785 0.018741 
-0.005891 0.015571 
-0.003962 0.014090 
-0.000655 0.011299 
0.002205 0.007751 
0.002997 0.005133 
0.004995 0.003755 
0.007958 0.001206 
0.009887 -0.001791 
0.012023 -0.003686 
0.015192 -0.005788 
0.016536 -0.006993 
0.018258 -0.007854 
0.020876 -0.008543 
0.022496 -0.009164 
0.024631 -0.009439 
0.026698 -0.008957 
0.028214 -0.008165 
0.029764 -0.006787 
0.030453 -0.005753 
0.030763 -0.003755 
0.031556 -0.001757 
0.030695 -0.000586 
0.029351 0.001033 
0.028765 0.002170 
0.027077 0.002859 
0.024287 0.003100 
0.021979 0.004203 
0.019636 0.003652 
0.016570 0.001826 
0.013022 0.001033 
0.009336 -0.001757 
0.006545 -0.004823 
0.003824 -0.007820 
0.001206 -0.011058 
-0.002101 -0.014951 
-0.004926 -0.017879 
-0.006477 -0.020532 
-0.008716 -0.024769 
-0.009921 -0.026285 
-0.011058 -0.027973 
-0.012298 -0.030074 
-0.012815 -0.031383 
-0.012781 -0.032383 
-0.012677 -0.032107 
-0.012402 -0.032141 
-0.011403 -0.031418 
-0.011093 -0.030453 
-0.010438 -0.029523 
-0.008819 -0.028834 
-0.007165 -0.028249 
-0.006408 -0.026802 
-0.004995 -0.025148 
-0.003548 -0.024356 
-0.003548 -0.023942 
-0.003066 -0.023357 
-0.002894 -0.023150 
-0.002687 -0.022461 
-0.003135 -0.022564 
-0.004341 -0.022737 
-0.005822 -0.022392 
-0.007786 -0.022323 
-0.009715 -0.022048 
-0.012505 -0.022254 
-0.015881 -0.023357 
-0.019430 -0.023805 
-0.022082 -0.024115 
-0.025355 -0.025665 
-0.028593 -0.025803 
-0.031142 -0.025493 
-0.033967 -0.025872 
-0.035621 -0.025975 
-0.037412 -0.025596 
-0.037378 -0.024321 
-0.037412 -0.022633 
-0.038067 -0.021083 
-0.036206 -0.018982 
-0.035311 -0.014986 
-0.034208 -0.011816 
-0.031452 -0.007613 
-0.028972 -0.003824 
-0.027491 -0.000276 
-0.025906 0.005822 
-0.023460 0.010059 
-0.022220 0.014710 
-0.021152 0.018672 
-0.020325 0.021875 
-0.020635 0.025630 
-0.019740 0.027732 
-0.019257 0.031039 
-0.020429 0.032968 
-0.021290 0.032314 
-0.021462 0.033313 
-0.021531 0.033657 
-0.022599 0.031315 
-0.023150 0.029661 
-0.022840 0.027387 
-0.022978 0.024287 
-0.022358 0.020360 
-0.020739 0.016226 
-0.019636 0.013676 
-0.018430 0.009646 
-0.016226 0.005650 
-0.014503 0.001654 
-0.011782 -0.002274 
-0.008957 -0.004444 
-0.006235 -0.005994 
-0.002618 -0.008061 
0.000241 -0.010232 
0.004823 -0.010886 
0.008888 -0.010473 
0.012230 -0.009439 
0.016846 -0.008957 
0.020497 -0.007028 
0.024873 -0.004582 
0.029179 -0.002549 
0.032865 0.001033 
0.035862 0.003927 
0.037343 0.007854 
0.038790 0.012057 
0.039272 0.015502 
0.038515 0.020050 
0.037550 0.023839 
0.035380 0.026285 
0.032555 0.029764 
0.029248 0.032899 
0.024631 0.034553 
0.020291 0.036516 
0.015985 0.036827 
0.011403 0.037998 
0.007613 0.038583 
0.003721 0.036792 
-0.000103 0.036000 
-0.002997 0.033898 
-0.005305 0.031728 
-0.007028 0.028490 
-0.008819 0.024218 
-0.010852 0.020773 
-0.011196 0.016467 
-0.010645 0.011506 
-0.009577 0.006442 
-0.007889 0.002584 
-0.006166 -0.001895 
-0.003617 -0.006132 
-0.000276 -0.009336 
0.003514 -0.012919 
0.006959 -0.015468 
0.010955 -0.017879 
0.015054 -0.020050 
0.018672 -0.021462 
0.022530 -0.021738 
0.025940 -0.022358 
0.029282 -0.022564 
0.031625 -0.021531 
0.033519 -0.020635 
0.035345 -0.019361 
0.036103 -0.018809 
0.036620 -0.017569 
0.036448 -0.016674 
0.035724 -0.015950 
0.035173 -0.014331 
0.032727 -0.013435 
0.029558 -0.012677 
0.027663 -0.011678 
0.023632 -0.009370 
0.019602 -0.007613 
0.016226 -0.005719 
0.011024 -0.002928 
0.006063 -0.000207 
0.001412 0.002411 
-0.002584 0.005546 
-0.007131 0.009715 
-0.012161 0.011954 
-0.015847 0.015468 
-0.018672 0.019877 
-0.021841 0.021703 
-0.024425 0.023977 
-0.025251 0.026733 
-0.026492 0.027801 
-0.026940 0.028042 
-0.026561 0.029351 
-0.026113 0.029179 
-0.024562 0.027870 
-0.022530 0.028249 
-0.020601 0.027628 
-0.019188 0.025355 
-0.016777 0.023632 
-0.014055 0.022323 
-0.011472 0.020429 
-0.009267 0.018672 
-0.007441 0.016880 
-0.004685 0.014055 
-0.002446 0.011058 
-0.001137 0.008509 
0.001171 0.005788 
0.003342 0.003479 
0.005099 0.001378 
0.008096 -0.001344 
0.010025 -0.004031 
0.012505 -0.006029 
0.015502 -0.007510 
0.017087 -0.008027 
0.019877 -0.007992 
0.022599 -0.008406 
0.025045 -0.008612 
0.027422 -0.008268 
0.029489 -0.006683 
0.030970 -0.005133 
0.031728 -0.003411 
0.032004 -0.001309 
0.031762 0.000310 
0.031556 0.002584 
0.029661 0.004031 
0.027663 0.004513 
0.025596 0.004892 
0.023736 0.005340 
0.021531 0.005305 
0.018396 0.004410 
0.016432 0.003100 
0.013229 0.000861 
0.010128 -0.002136 
0.007579 -0.005684 
0.004857 -0.008957 
0.001929 -0.012161 
-0.001654 -0.015916 
-0.003238 -0.019119 
-0.004616 -0.021634 
-0.006339 -0.024562 
-0.007648 -0.026698 
-0.009232 -0.028421 
-0.010507 -0.030006 
-0.011058 -0.030006 
-0.010886 -0.030488 
-0.010576 -0.030901 
-0.009680 -0.030040 
-0.009129 -0.029627 
-0.007923 -0.028696 
-0.006787 -0.027525 
-0.006029 -0.027525 
-0.003858 -0.026457 
-0.002343 -0.025527 
-0.001033 -0.024976 
-0.000034 -0.024425 
0.001068 -0.024080 
0.001240 -0.022496 
0.000241 -0.022909 
0.000861 -0.023081 
-0.000344 -0.022564 
-0.002411 -0.023185 
-0.004582 -0.022978 
-0.006924 -0.022909 
-0.009095 -0.023253 
-0.013091 -0.023701 
-0.015640 -0.024597 
-0.018465 -0.026182 
-0.022564 -0.026354 
-0.025734 -0.027215 
-0.028593 -0.028283 
-0.030695 -0.028386 
-0.032107 -0.028765 
-0.033933 -0.028696 
-0.034897 -0.028662 
-0.034139 -0.027112 
-0.033933 -0.025596 
-0.033588 -0.022943 
-0.032348 -0.019774 
-0.029937 -0.016605 
-0.028214 -0.012195 
-0.026664 -0.008785 
-0.024562 -0.003721 
-0.023942 0.000965 
-0.022185 0.005512 
-0.021496 0.010783 
-0.020566 0.015675 
-0.020153 0.019602 
-0.021083 0.022599 
-0.020153 0.026457 
-0.020980 0.028869 
-0.021565 0.030970 
-0.022013 0.032451 
-0.022048 0.033726 
-0.021703 0.034346 
-0.022461 0.032589 
-0.022633 0.030729 
-0.023012 0.028903 
-0.021772 0.026629 
-0.021186 0.023047 
-0.020911 0.019981 
-0.020325 0.016260 
-0.020497 0.011920 
-0.019051 0.008440 
-0.018017 0.004720 
-0.016777 0.001033 
-0.014986 -0.001826 
-0.013022 -0.003789 
-0.009990 -0.006477 
-0.005960 -0.007889 
-0.001791 -0.009267 
0.001929 -0.009267 
0.005684 -0.008337 
0.009818 -0.008337 
0.015296 -0.006477 
0.019843 -0.005202 
0.023770 -0.002239 
0.028007 0.000861 
0.030591 0.002997 
0.033313 0.007131 
0.034518 0.010989 
0.035104 0.015123 
0.035759 0.019498 
0.034174 0.022771 
0.032761 0.026595 
0.030798 0.030591 
0.028283 0.033382 
0.024769 0.036861 
0.020807 0.038721 
0.017397 0.040788 
0.013022 0.042442 
0.009853 0.041994 
0.006339 0.042683 
0.002343 0.042028 
-0.001275 0.040375 
-0.003858 0.037447 
-0.005374 0.033898 
-0.008027 0.030522 
-0.008991 0.026423 
-0.010025 0.021290 
-0.010128 0.017466 
-0.009060 0.013918 
-0.008543 0.008509 
-0.006132 0.004513 
-0.003927 -0.000344 
-0.000896 -0.003755 
0.002205 -0.006580 
0.005546 -0.009818 
0.010163 -0.011851 
0.013780 -0.014331 
0.017707 -0.015537 
0.021359 -0.016915 
0.025251 -0.017087 
0.028938 -0.017604 
0.031694 -0.018913 
0.033829 -0.019085 
0.035621 -0.019498 
0.037998 -0.020187 
0.037860 -0.019774 
0.037722 -0.019051 
0.038480 -0.019464 
0.037309 -0.018878 
0.035862 -0.018362 
0.033416 -0.017500 
0.030453 -0.015812 
0.027835 -0.014124 
0.024528 -0.011644 
0.020187 -0.008785 
0.015778 -0.006132 
0.011506 -0.003411 
0.006821 0.000138 
0.002480 0.003548 
-0.002549 0.006029 
-0.007165 0.008612 
-0.010748 0.012402 
-0.014021 0.014710 
-0.016639 0.017018 
-0.019671 0.020256 
-0.021634 0.022461 
-0.023150 0.024390 
-0.024700 0.025562 
-0.023942 0.026664 
-0.023460 0.027215 
-0.023012 0.027904 
-0.021428 0.028007 
-0.020256 0.027353 
-0.018499 0.027525 
-0.017707 0.026319 
-0.015227 0.024080 
-0.013160 0.022289 
-0.013056 0.020084 
-0.010404 0.017328 
-0.009577 0.014675 
-0.008165 0.011162 
-0.005891 0.008233 
-0.004272 0.005615 
-0.001757 0.002136 
-0.000551 0.000138 
0.002653 -0.002067 
0.005236 -0.004616 
0.008096 -0.006408 
0.010955 -0.007441 
0.012609 -0.008302 
0.015985 -0.009439 
0.018534 -0.009370 
0.021324 -0.008612 
0.023288 -0.007407 
0.024631 -0.006270 
0.026319 -0.004995 
0.027732 -0.003479 
0.028559 -0.002480 
0.028593 0.000069 
0.028352 0.001998 
0.027422 0.003273 
0.027146 0.005099 
0.024976 0.006029 
0.023047 0.006029 
0.022117 0.005271 
0.018982 0.004582 
0.016019 0.002894 
0.013539 0.000551 
0.011093 -0.001447 
0.007889 -0.003996 
0.005409 -0.007131 
0.002480 -0.010266 
-0.000655 -0.012781 
-0.001895 -0.015433 
-0.004099 -0.018155 
-0.005340 -0.020222 
-0.006683 -0.022392 
-0.007579 -0.024494 
-0.007441 -0.025906 
-0.009474 -0.026423 
-0.010128 -0.026595 
-0.009405 -0.027422 
-0.008819 -0.027353 
-0.008027 -0.027318 
-0.007717 -0.027112 
-0.006545 -0.026940 
-0.005340 -0.027043 
-0.004168 -0.025803 
-0.002825 -0.025114 
-0.001068 -0.024528 
0.000930 -0.023598 
0.001344 -0.022358 
0.002205 -0.022082 
0.002308 -0.021462 
0.001171 -0.020187 
0.001378 -0.020566 
0.000172 -0.020015 
-0.001550 -0.020325 
-0.003342 -0.021083 
-0.006511 -0.021979 
-0.009956 -0.023426 
-0.013814 -0.024218 
-0.016674 -0.025527 
-0.019602 -0.026492 
-0.022978 -0.027973 
-0.025596 -0.029317 
-0.027663 -0.029695 
-0.029213 -0.030143 
-0.031246 -0.030178 
-0.032761 -0.029489 
-0.032624 -0.028524 
-0.031590 -0.027181 
-0.030695 -0.025389 
-0.029454 -0.022185 
-0.028524 -0.019326 
-0.027491 -0.016846 
-0.025424 -0.012298 
-0.023908 -0.008475 
-0.022323 -0.003238 
-0.021255 0.001826 
-0.020497 0.005340 
-0.019705 0.011299 
-0.019361 0.015675 
-0.019774 0.019223 
-0.020256 0.023219 
-0.020119 0.026251 
-0.021186 0.029144 
-0.021428 0.030522 
-0.021290 0.032072 
-0.022117 0.032589 
-0.022737 0.031349 
-0.023047 0.030763 
-0.023253 0.029213 
-0.023391 0.026526 
-0.022737 0.023529 
-0.024149 0.020325 
-0.024631 0.016364 
-0.023563 0.011920 
-0.023874 0.008061 
-0.022909 0.004478 
-0.021290 0.001378 
-0.019602 -0.001550 
-0.017156 -0.004754 
-0.013814 -0.007028 
-0.010542 -0.008578 
-0.006166 -0.009715 
-0.001516 -0.009577 
0.002722 -0.009990 
0.007476 -0.009646 
0.012333 -0.007579 
0.017776 -0.005305 
0.021841 -0.004031 
0.025183 -0.002446 
0.028145 0.001033 
0.030453 0.003789 
0.031969 0.006752 
0.033037 0.010128 
0.034243 0.013745 
0.034139 0.017053 
0.033485 0.020842 
0.031452 0.024769 
0.029248 0.027801 
0.026044 0.031762 
0.022461 0.034415 
0.019740 0.036930 
0.016019 0.038515 
0.012230 0.039824 
0.007682 0.040513 
0.003996 0.039341 
0.001068 0.038859 
-0.002274 0.037171 
-0.005409 0.034449 
-0.007923 0.031005 
-0.009611 0.027801 
-0.010886 0.023908 
-0.010542 0.019498 
-0.009646 0.015433 
-0.008854 0.011093 
-0.007269 0.006993 
-0.005133 0.002928 
-0.002618 -0.000655 
0.001068 -0.003789 
0.004582 -0.006683 
0.007717 -0.009267 
0.011644 -0.010748 
0.015261 -0.012471 
0.018706 -0.014021 
0.021910 -0.015227 
0.025079 -0.015675 
0.028421 -0.016053 
0.031418 -0.017087 
0.033588 -0.016984 
0.035552 -0.016777 
0.036827 -0.016811 
0.036930 -0.017466 
0.037929 -0.016949 
0.037894 -0.017121 
0.035793 -0.017604 
0.034518 -0.016501 
0.032624 -0.015433 
0.028869 -0.013952 
0.025837 -0.013022 
0.022254 -0.010542 
0.017741 -0.007854 
0.013091 -0.005822 
0.008027 -0.002618 
0.004134 0.000689 
-0.000792 0.003238 
-0.005236 0.006373 
-0.008681 0.010059 
-0.012781 0.013125 
-0.015985 0.016570 
-0.018603 0.018775 
-0.020497 0.020704 
-0.021875 0.023047 
-0.023012 0.024528 
-0.023322 0.025837 
-0.022874 0.026733 
-0.022323 0.027318 
-0.021186 0.027181 
-0.020222 0.026974 
-0.019223 0.027215 
-0.017569 0.026113 
-0.017087 0.024390 
-0.015433 0.023426 
-0.013160 0.021738 
-0.012333 0.019671 
-0.011541 0.017397 
-0.009749 0.014951 
-0.008096 0.012161 
-0.006373 0.009611 
-0.003789 0.007234 
-0.001929 0.003824 
0.000448 0.000517 
0.002963 -0.002136 
0.005202 -0.004272 
0.008475 -0.006063 
0.011265 -0.007338 
0.014297 -0.008612 
0.017879 -0.008957 
0.020256 -0.008922 
0.022254 -0.008027 
0.024390 -0.006752 
0.026251 -0.005477 
0.027766 -0.002618 
0.028765 -0.000172 
0.029144 0.002343 
0.028938 0.004031 
0.029730 0.005202 
0.028869 0.006477 
0.026629 0.007028 
0.024976 0.006924 
0.022358 0.006442 
0.021118 0.005305 
0.018741 0.002928 
0.015571 0.000517 
0.014090 -0.002170 
0.011299 -0.004651 
0.007751 -0.007958 
0.005133 -0.010576 
0.003755 -0.013160 
0.001206 -0.016191 
-0.001791 -0.017845 
-0.003686 -0.019877 
-0.005788 -0.021014 
-0.006993 -0.022668 
-0.007854 -0.024287 
-0.008543 -0.025596 
-0.009164 -0.026561 
-0.009439 -0.026802 
-0.008957 -0.027491 
-0.008165 -0.027250 
-0.006787 -0.026905 
-0.005753 -0.026182 
-0.003755 -0.026457 
-0.001757 -0.025699 
-0.000586 -0.023495 
0.001033 -0.023150 
0.002170 -0.022668 
0.002859 -0.021634 
0.003100 -0.020807 
0.004203 -0.020222 
0.003652 -0.020015 
0.001826 -0.020119 
0.001033 -0.020153 
-0.001757 -0.020394 
-0.004823 -0.021083 
-0.007820 -0.021669 
-0.011058 -0.022599 
-0.014951 -0.023460 
-0.017879 -0.024528 
-0.020532 -0.026182 
-0.024769 -0.028214 
-0.026285 -0.029420 
-0.027973 -0.029730 
-0.030074 -0.031487 
-0.031383 -0.031935 
-0.032383 -0.031418 
-0.032107 -0.031349 
-0.032141 -0.029937 
-0.031418 -0.027904 
-0.030453 -0.025079 
-0.029523 -0.022461 
-0.028834 -0.019085 
-0.028249 -0.015537 
-0.026802 -0.011472 
-0.025148 -0.006201 
-0.024356 -0.001757 
-0.023942 0.003376 
-0.023357 0.008440 
-0.023150 0.013160 
-0.022461 0.017259 
-0.022564 0.021290 
-0.022737 0.025079 
-0.022392 0.026905 
-0.022323 0.029179 
-0.022048 0.030522 
-0.022254 0.030591 
-0.023357 0.030729 
-0.023805 0.030006 
-0.024115 0.028834 
-0.025665 0.027215 
-0.025803 0.024425 
-0.025493 0.021186 
-0.025872 0.018086 
-0.025975 0.014882 
-0.025596 0.011265 
-0.024321 0.007200 
-0.022633 0.004099 
-0.021083 0.001171 
-0.018982 -0.002584 
-0.014986 -0.004788 
-0.011816 -0.006821 
-0.007613 -0.008922 
-0.003824 -0.009646 
-0.000276 -0.010542 
0.005822 -0.010542 
0.010059 -0.010163 
0.014710 -0.009784 
0.018672 -0.007889 
0.021875 -0.005133 
0.025630 -0.002859 
0.027732 -0.000172 
0.031039 0.003652 
0.032968 0.007234 
0.032314 0.011506 
0.033313 0.015950 
0.033657 0.019498 
0.031315 0.023563 
0.029661 0.027491 
0.027387 0.030832 
0.024287 0.033795 
0.020360 0.036000 
0.016226 0.037688 
0.013676 0.038273 
0.009646 0.038480 
0.005650 0.038859 
0.001654 0.038067 
-0.002274 0.036516 
-0.004444 0.033898 
-0.005994 0.031039 
