0.008905 -0.019637 
0.012444 -0.024946 
0.015984 -0.026830 
0.020950 -0.027743 
0.026202 -0.029170 
0.029513 -0.029627 
0.032481 -0.029398 
0.036534 -0.028371 
0.038703 -0.026830 
0.040929 -0.025117 
0.042699 -0.021464 
0.044069 -0.018781 
0.045154 -0.015812 
0.044526 -0.013072 
0.044925 -0.009818 
0.043384 -0.006051 
0.042927 -0.003996 
0.042071 -0.001256 
0.038760 -0.001256 
0.036648 -0.000457 
0.031453 0.001085 
0.027686 -0.000913 
0.023119 -0.002398 
0.017411 -0.003539 
0.015184 -0.006850 
0.010789 -0.009305 
0.005823 -0.013072 
0.000000 -0.018381 
-0.005252 -0.021863 
-0.009076 -0.027229 
-0.014728 -0.031796 
-0.019180 -0.036248 
-0.021064 -0.042128 
-0.024261 -0.046352 
-0.028314 -0.050862 
-0.028371 -0.055543 
-0.028371 -0.059767 
-0.028542 -0.061365 
-0.027058 -0.062907 
-0.025745 -0.064619 
-0.022777 -0.063192 
-0.019865 -0.062850 
-0.016326 -0.060167 
-0.012844 -0.056114 
-0.011931 -0.053431 
-0.008448 -0.047380 
-0.004795 -0.042242 
-0.003083 -0.036534 
-0.000970 -0.028827 
0.000457 -0.022777 
0.001199 -0.014956 
0.000799 -0.008506 
0.000514 -0.003025 
-0.002968 0.003882 
-0.006622 0.008905 
-0.007992 0.012901 
-0.013929 0.015527 
-0.018838 0.019409 
-0.023290 0.022891 
-0.028885 0.022777 
-0.034079 0.024261 
-0.040416 0.024375 
-0.045154 0.024090 
-0.050177 0.025517 
-0.053145 0.024946 
-0.056856 0.023633 
-0.059824 0.022034 
-0.059425 0.021578 
-0.061822 0.020493 
-0.062222 0.019580 
-0.059596 0.019180 
-0.057027 0.018838 
-0.054687 0.018381 
-0.050919 0.018210 
-0.045211 0.018495 
-0.039673 0.017582 
-0.034022 0.018438 
-0.028827 0.018324 
-0.022662 0.018495 
-0.015926 0.019237 
-0.009305 0.019180 
-0.002968 0.019751 
0.002226 0.019466 
0.008677 0.020436 
0.013643 0.020436 
0.018267 0.019694 
0.024489 0.019294 
0.028028 0.019009 
0.031625 0.018952 
0.033737 0.018096 
0.034422 0.016840 
0.035906 0.014671 
0.035735 0.013586 
0.035792 0.012444 
0.035050 0.010960 
0.034079 0.011931 
0.033223 0.009761 
0.030883 0.007592 
0.029113 0.008962 
0.027400 0.007021 
0.025288 0.005765 
0.023804 0.003653 
0.023861 0.001770 
0.022092 0.001199 
0.020037 -0.001427 
0.020664 -0.001484 
0.020037 -0.003197 
0.019751 -0.005138 
0.020265 -0.005651 
0.021235 -0.007136 
0.022206 -0.009419 
0.023404 -0.011246 
0.024204 -0.012159 
0.023290 -0.014842 
0.024489 -0.017068 
0.024375 -0.018210 
0.023119 -0.018895 
0.023290 -0.021977 
0.020950 -0.024603 
0.019466 -0.024717 
0.017239 -0.025060 
0.014499 -0.026772 
0.014328 -0.028885 
0.010561 -0.028770 
0.008106 -0.030140 
0.006964 -0.032880 
0.003539 -0.033394 
0.002968 -0.031910 
0.001256 -0.032024 
0.000343 -0.031168 
0.000000 -0.029284 
-0.002455 -0.028028 
-0.002283 -0.026316 
-0.003254 -0.025288 
-0.004053 -0.022434 
-0.002055 -0.019237 
-0.001998 -0.016212 
-0.003539 -0.013529 
-0.004338 -0.010732 
-0.004453 -0.007364 
-0.005138 -0.004167 
-0.007250 -0.002683 
-0.008677 -0.002797 
-0.010161 -0.000628 
-0.013700 0.001713 
-0.016155 0.002968 
-0.017239 0.003368 
-0.020151 0.003368 
-0.023005 0.002112 
-0.024204 0.001713 
-0.027400 0.000400 
-0.028485 -0.002569 
-0.028485 -0.004053 
-0.031853 -0.006279 
-0.032138 -0.007250 
-0.031282 -0.010332 
-0.031910 -0.013072 
-0.032481 -0.014556 
-0.030883 -0.016954 
-0.028942 -0.016497 
-0.028371 -0.017468 
-0.025745 -0.018838 
-0.024660 -0.018324 
-0.022263 -0.017068 
-0.018039 -0.016783 
-0.016897 -0.015413 
-0.014671 -0.011702 
-0.011360 -0.010446 
-0.009818 -0.007649 
-0.005765 -0.003539 
-0.001998 0.000628 
-0.000799 0.005765 
0.002797 0.009019 
0.005366 0.013700 
0.008106 0.017810 
0.009533 0.021292 
0.010846 0.026887 
0.013072 0.031853 
0.012102 0.035906 
0.012102 0.039445 
0.009590 0.042414 
0.008106 0.044811 
0.006451 0.046923 
0.002055 0.047665 
-0.000285 0.049663 
-0.004053 0.050405 
-0.008391 0.049378 
-0.010960 0.048293 
-0.011417 0.044811 
-0.013586 0.042356 
-0.015127 0.038189 
-0.014100 0.034935 
-0.012901 0.030426 
-0.011360 0.024318 
-0.010618 0.020436 
-0.008106 0.014328 
-0.004624 0.007763 
-0.001484 0.001998 
0.001827 -0.002683 
0.005937 -0.008848 
0.009590 -0.013529 
0.013929 -0.017354 
0.017753 -0.019865 
0.019294 -0.021464 
0.022891 -0.025460 
0.027343 -0.024660 
0.031967 -0.023062 
0.036591 -0.022834 
0.040416 -0.020094 
0.044240 -0.017411 
0.047437 -0.014956 
0.049777 -0.010846 
0.051090 -0.007421 
0.052974 -0.003653 
0.054002 0.000114 
0.051547 0.002797 
0.050405 0.006736 
0.048179 0.008448 
0.043041 0.010047 
0.040872 0.010903 
0.036306 0.009019 
0.032195 0.006907 
0.028371 0.004966 
0.021064 0.002398 
0.016669 -0.002055 
0.012958 -0.005366 
0.009076 -0.009761 
0.003825 -0.015241 
0.000285 -0.019523 
-0.002055 -0.025402 
-0.006964 -0.031225 
-0.010104 -0.035107 
-0.012559 -0.038760 
-0.014499 -0.043726 
-0.016554 -0.048350 
-0.018210 -0.051262 
-0.018210 -0.054287 
-0.018324 -0.057427 
-0.018724 -0.059253 
-0.018324 -0.060680 
-0.016383 -0.060509 
-0.014328 -0.057712 
-0.011188 -0.055885 
-0.006793 -0.054173 
-0.004110 -0.050805 
-0.002797 -0.046809 
0.000799 -0.040473 
0.004338 -0.034707 
0.006850 -0.028085 
0.007935 -0.022092 
0.006850 -0.016212 
0.005651 -0.008962 
0.003710 -0.003882 
0.002455 0.002455 
-0.001484 0.007592 
-0.005823 0.013415 
-0.010789 0.017068 
-0.017753 0.020950 
-0.022320 0.024432 
-0.028999 0.024204 
-0.034422 0.027058 
-0.039673 0.027572 
-0.045039 0.029513 
-0.048008 0.029113 
-0.051947 0.028999 
-0.054344 0.029969 
-0.055771 0.027572 
-0.056799 0.028200 
-0.056685 0.026944 
-0.055315 0.025631 
-0.055600 0.023747 
-0.054287 0.023576 
-0.050976 0.024432 
-0.047779 0.022662 
-0.043213 0.021464 
-0.040244 0.020836 
-0.034593 0.021464 
-0.028999 0.021863 
-0.023005 0.022434 
-0.015127 0.023576 
-0.009362 0.024775 
-0.002512 0.024432 
0.002968 0.024375 
0.008677 0.024261 
0.014100 0.024204 
0.017468 0.023975 
0.022377 0.023005 
0.025003 0.021635 
0.027229 0.019123 
0.029684 0.018324 
0.028942 0.016155 
0.028656 0.014785 
0.028200 0.013700 
0.027343 0.011988 
0.027172 0.011074 
0.025174 0.010275 
0.024546 0.009305 
0.022948 0.007992 
0.020379 0.008163 
0.020037 0.007193 
0.018210 0.007878 
0.016897 0.008448 
0.018039 0.007706 
0.018153 0.007478 
0.016726 0.006222 
0.017468 0.004624 
0.017182 0.003596 
0.016554 0.002455 
0.017525 -0.000913 
0.017011 -0.002226 
0.017582 -0.003825 
0.018667 -0.006907 
0.018210 -0.009133 
0.017239 -0.012273 
0.018495 -0.014271 
0.018153 -0.016383 
0.016783 -0.018381 
0.018096 -0.018552 
0.016954 -0.020094 
0.016383 -0.021977 
0.014899 -0.022548 
0.011645 -0.024032 
0.010275 -0.025802 
0.007307 -0.026658 
0.004966 -0.026430 
0.003368 -0.027629 
0.001655 -0.028371 
0.000057 -0.028028 
-0.002340 -0.029227 
-0.004909 -0.029969 
-0.006336 -0.028999 
-0.005309 -0.027400 
-0.005195 -0.025574 
-0.005195 -0.023347 
-0.005423 -0.022491 
-0.007592 -0.020550 
-0.007878 -0.017468 
-0.006850 -0.014614 
-0.007535 -0.009990 
-0.008391 -0.005138 
-0.009076 -0.002512 
-0.011531 0.000114 
-0.013072 0.003425 
-0.015013 0.004909 
-0.017525 0.007078 
-0.018324 0.007706 
-0.021806 0.007136 
-0.024432 0.007592 
-0.026145 0.008334 
-0.027629 0.007250 
-0.028200 0.003939 
-0.030768 0.002968 
-0.030940 -0.000057 
-0.030483 -0.002968 
-0.031282 -0.004795 
-0.031739 -0.008163 
-0.031625 -0.010047 
-0.030768 -0.011246 
-0.031510 -0.012616 
-0.030255 -0.014671 
-0.027572 -0.016611 
-0.025688 -0.018781 
-0.024204 -0.018381 
-0.023519 -0.016611 
-0.020550 -0.016554 
-0.018609 -0.013871 
-0.016783 -0.010732 
-0.012387 -0.010161 
-0.009704 -0.007649 
-0.006222 -0.003482 
-0.001484 0.000285 
0.000913 0.004281 
0.002968 0.008506 
0.006622 0.013358 
0.009590 0.017639 
0.011131 0.021464 
0.012787 0.027058 
0.013814 0.032367 
0.014157 0.035563 
0.013186 0.039673 
0.012501 0.044354 
0.009362 0.047722 
0.004795 0.049321 
0.002283 0.051547 
-0.000457 0.053145 
-0.002569 0.053260 
-0.005594 0.054458 
-0.007763 0.052746 
-0.010618 0.050405 
-0.012901 0.047894 
-0.012216 0.043384 
-0.012844 0.040073 
-0.012045 0.034935 
-0.012501 0.030255 
-0.010846 0.025631 
-0.008106 0.018381 
-0.006508 0.013244 
-0.003254 0.007706 
-0.001713 0.001313 
0.003025 -0.002740 
0.006451 -0.007592 
0.008848 -0.011645 
0.014214 -0.015241 
0.017296 -0.017753 
0.020493 -0.017924 
0.025003 -0.018153 
0.030312 -0.017011 
0.034365 -0.016554 
0.038988 -0.015356 
0.044811 -0.012787 
0.047037 -0.010561 
0.049549 -0.007535 
0.052746 -0.003368 
0.053088 0.000000 
0.054059 0.002512 
0.054972 0.005594 
0.053773 0.007992 
0.051319 0.010446 
0.048693 0.011759 
0.045781 0.012273 
0.041843 0.012273 
0.037048 0.011246 
0.031910 0.009990 
0.026715 0.007021 
0.019409 0.003653 
0.013814 0.000856 
0.008277 -0.003882 
0.001199 -0.009133 
-0.003025 -0.012387 
-0.008163 -0.019294 
-0.012159 -0.025574 
-0.016897 -0.031282 
-0.020836 -0.038303 
-0.021920 -0.041900 
-0.023918 -0.046752 
-0.023975 -0.050291 
-0.024375 -0.052803 
-0.023233 -0.055029 
-0.021806 -0.056685 
-0.020893 -0.058169 
-0.017468 -0.056685 
-0.013986 -0.056000 
-0.010389 -0.053260 
-0.006679 -0.048350 
-0.003425 -0.044640 
-0.000685 -0.040416 
0.002683 -0.035506 
0.004795 -0.029855 
0.006051 -0.024032 
0.007592 -0.018438 
0.008506 -0.012330 
0.007078 -0.006964 
0.003882 -0.002854 
0.000913 0.003825 
-0.003539 0.009818 
-0.006622 0.014043 
-0.011188 0.019409 
-0.016269 0.023233 
-0.020950 0.026202 
-0.026430 0.027971 
-0.030883 0.029227 
-0.035792 0.030883 
-0.039388 0.031282 
-0.043441 0.032995 
-0.046980 0.032880 
-0.049321 0.031111 
-0.051204 0.030483 
-0.053716 0.030883 
-0.053887 0.030883 
-0.052517 0.028028 
-0.052803 0.027172 
-0.049492 0.026544 
-0.047494 0.025460 
-0.044583 0.026373 
-0.039731 0.025802 
-0.035621 0.024603 
-0.028371 0.025174 
-0.021349 0.026944 
-0.013814 0.026830 
-0.006222 0.027058 
0.001313 0.028028 
0.007821 0.028428 
0.013358 0.027629 
0.019123 0.026373 
0.024090 0.026259 
0.027914 0.025745 
0.030768 0.025174 
0.034593 0.023804 
0.035849 0.021863 
0.036819 0.019808 
0.038874 0.018781 
0.038532 0.018495 
0.038646 0.017924 
0.039103 0.016497 
0.038703 0.014442 
0.037733 0.014328 
0.036819 0.013586 
0.036306 0.012330 
0.035335 0.011645 
0.034764 0.009990 
0.034650 0.009876 
0.033565 0.009362 
0.033337 0.008506 
0.033565 0.009476 
0.032424 0.008563 
0.032081 0.007421 
0.031510 0.005423 
0.031453 0.003882 
0.032310 0.002797 
0.031739 0.000343 
0.030825 -0.000742 
0.031796 -0.003140 
0.032138 -0.005366 
0.031054 -0.008277 
0.031682 -0.010789 
0.030825 -0.011988 
0.030654 -0.014043 
0.030426 -0.016497 
0.028085 -0.018781 
0.028142 -0.019352 
0.026259 -0.020950 
0.023690 -0.022206 
0.023062 -0.023861 
0.021863 -0.023290 
0.019865 -0.022548 
0.018210 -0.023747 
0.016897 -0.022891 
0.016041 -0.024889 
0.015184 -0.025345 
0.012216 -0.024546 
0.011017 -0.023804 
0.010218 -0.022092 
0.008962 -0.020893 
0.008277 -0.017525 
0.007421 -0.015127 
0.006907 -0.012444 
0.004110 -0.009191 
0.002569 -0.007878 
0.001541 -0.003825 
0.001199 0.000228 
0.000856 0.001827 
-0.002226 0.005366 
-0.003368 0.007935 
-0.004795 0.010161 
-0.007706 0.011017 
-0.009590 0.010618 
-0.010732 0.011531 
-0.013814 0.010503 
-0.016326 0.009590 
-0.016269 0.008277 
-0.019694 0.006679 
-0.021920 0.004567 
-0.022605 0.000571 
-0.025174 -0.002055 
-0.026316 -0.003083 
-0.026772 -0.005195 
-0.026145 -0.007878 
-0.027058 -0.010732 
-0.027229 -0.012901 
-0.025631 -0.014100 
-0.024147 -0.016212 
-0.020722 -0.017011 
-0.018952 -0.016726 
-0.016554 -0.015984 
-0.013358 -0.015470 
-0.009933 -0.013757 
-0.006451 -0.011759 
-0.004681 -0.009704 
-0.001884 -0.005823 
0.000628 -0.002283 
0.003768 0.002968 
0.006222 0.006108 
0.008391 0.008620 
0.009704 0.013757 
0.009133 0.017354 
0.010846 0.021977 
0.010275 0.026830 
0.009305 0.030083 
0.010618 0.034308 
0.007706 0.038361 
0.005080 0.041729 
0.004624 0.044925 
0.001827 0.047665 
-0.001598 0.050976 
-0.004224 0.051033 
-0.006508 0.051661 
-0.009704 0.053088 
-0.012159 0.051204 
-0.014614 0.048065 
-0.016783 0.044354 
-0.017582 0.041043 
-0.018781 0.035164 
-0.018267 0.030597 
-0.017239 0.025859 
-0.015184 0.018781 
-0.012901 0.013358 
-0.010104 0.008334 
-0.006451 0.003254 
-0.002169 -0.002626 
0.002968 -0.007763 
0.005252 -0.011702 
0.009704 -0.015641 
0.014842 -0.019694 
0.019237 -0.020208 
0.024660 -0.021007 
0.028542 -0.022320 
0.033109 -0.020493 
0.036705 -0.019922 
0.038418 -0.017582 
0.042128 -0.015413 
0.045610 -0.012330 
0.046010 -0.009019 
0.047665 -0.006051 
0.047894 -0.001827 
0.047951 -0.000457 
0.048464 0.002398 
0.046409 0.005537 
0.044982 0.006565 
0.042242 0.008734 
0.038931 0.009533 
0.035107 0.007821 
0.030140 0.007992 
0.024889 0.008563 
0.019009 0.005823 
0.011417 0.003083 
0.004738 -0.000571 
-0.000685 -0.006279 
-0.007821 -0.011074 
-0.013586 -0.017011 
-0.019637 -0.022719 
-0.024946 -0.029284 
-0.026830 -0.036420 
-0.027743 -0.041614 
-0.029170 -0.046866 
-0.029627 -0.050405 
-0.029398 -0.054744 
-0.028371 -0.056856 
-0.026830 -0.057598 
-0.025117 -0.058740 
-0.021464 -0.057255 
-0.018781 -0.057655 
-0.015812 -0.056285 
-0.013072 -0.053716 
-0.009818 -0.051204 
-0.006051 -0.047779 
-0.003996 -0.043213 
-0.001256 -0.038189 
-0.001256 -0.034193 
-0.000457 -0.028028 
0.001085 -0.022777 
-0.000913 -0.016155 
-0.002398 -0.010047 
-0.003539 -0.006393 
-0.006850 -0.000343 
-0.009305 0.005708 
-0.013072 0.010218 
-0.018381 0.014100 
-0.021863 0.017867 
-0.027229 0.019808 
-0.031796 0.021407 
-0.036248 0.023233 
-0.042128 0.023290 
-0.046352 0.023404 
-0.050862 0.024147 
-0.055543 0.023404 
-0.059767 0.022491 
-0.061365 0.022548 
-0.062907 0.021692 
-0.064619 0.021464 
-0.063192 0.021121 
-0.062850 0.021464 
-0.060167 0.022434 
-0.056114 0.021692 
-0.053431 0.022548 
-0.047380 0.023233 
-0.042242 0.023519 
-0.036534 0.024432 
-0.028827 0.024147 
-0.022777 0.024204 
-0.014956 0.023861 
-0.008506 0.023404 
-0.003025 0.022948 
0.003882 0.023176 
0.008905 0.023747 
0.012901 0.022491 
0.015527 0.020836 
0.019409 0.019979 
0.022891 0.020265 
0.022777 0.019123 
0.024261 0.017639 
0.024375 0.016326 
0.024090 0.015812 
0.025517 0.015584 
0.024946 0.013072 
0.023633 0.013358 
0.022034 0.011988 
0.021578 0.009019 
0.020493 0.008620 
0.019580 0.008106 
0.019180 0.008049 
0.018838 0.005765 
0.018381 0.005252 
0.018210 0.006565 
0.018495 0.005423 
0.017582 0.003882 
0.018438 0.001541 
0.018324 -0.001085 
0.018495 -0.001713 
0.019237 -0.002569 
0.019180 -0.005252 
0.019751 -0.006907 
0.019466 -0.008448 
0.020436 -0.010389 
0.020436 -0.012616 
0.019694 -0.014271 
0.019294 -0.016383 
0.019009 -0.019466 
0.018952 -0.020151 
0.018096 -0.022320 
0.016840 -0.024489 
0.014671 -0.025288 
0.013586 -0.026715 
0.012444 -0.027971 
0.010960 -0.029056 
0.011931 -0.029455 
0.009761 -0.031453 
0.007592 -0.030883 
0.008962 -0.028314 
0.007021 -0.027857 
0.005765 -0.027229 
0.003653 -0.026030 
0.001770 -0.024318 
0.001199 -0.023005 
-0.001427 -0.020893 
-0.001484 -0.019352 
-0.003197 -0.016326 
-0.005138 -0.012045 
-0.005651 -0.010218 
-0.007136 -0.007364 
-0.009419 -0.004053 
-0.011246 -0.002340 
-0.012159 -0.000114 
-0.014842 0.003596 
-0.017068 0.006679 
-0.018210 0.008391 
-0.018895 0.008277 
-0.021977 0.007706 
-0.024603 0.007250 
-0.024717 0.006336 
-0.025060 0.005880 
-0.026772 0.003768 
-0.028885 0.000799 
-0.028770 -0.001256 
-0.030140 -0.003025 
-0.032880 -0.005309 
-0.033394 -0.008334 
-0.031910 -0.011074 
-0.032024 -0.012673 
-0.031168 -0.014442 
-0.029284 -0.016783 
-0.028028 -0.017468 
-0.026316 -0.017696 
-0.025288 -0.017411 
-0.022434 -0.016326 
-0.019237 -0.015070 
-0.016212 -0.013301 
-0.013529 -0.011360 
-0.010732 -0.008334 
-0.007364 -0.005994 
-0.004167 -0.003425 
-0.002683 -0.000343 
-0.002797 0.002283 
-0.000628 0.007478 
0.001713 0.011874 
0.002968 0.016554 
0.003368 0.022034 
0.003368 0.026030 
0.002112 0.030997 
0.001713 0.034308 
0.000400 0.039046 
-0.002569 0.044126 
-0.004053 0.047152 
-0.006279 0.049663 
-0.007250 0.050748 
-0.010332 0.053431 
-0.013072 0.053659 
-0.014556 0.052004 
-0.016954 0.050691 
-0.016497 0.047437 
-0.017468 0.044297 
-0.018838 0.040016 
-0.018324 0.034764 
-0.017068 0.029284 
-0.016783 0.023119 
-0.015413 0.016383 
-0.011702 0.009533 
-0.010446 0.004395 
-0.007649 0.000913 
-0.003539 -0.004681 
0.000628 -0.010104 
0.005765 -0.013757 
0.009019 -0.017982 
0.013700 -0.019294 
0.017810 -0.020208 
0.021292 -0.021349 
0.026887 -0.020094 
0.031853 -0.019580 
0.035906 -0.018895 
0.039445 -0.017239 
0.042414 -0.015413 
0.044811 -0.012159 
0.046923 -0.009933 
0.047665 -0.008163 
0.049663 -0.004395 
0.050405 -0.002283 
0.049378 -0.000343 
0.048293 0.003482 
0.044811 0.004966 
0.042356 0.005138 
0.038189 0.006165 
0.034935 0.005880 
0.030426 0.006222 
0.024318 0.004281 
0.020436 0.000343 
0.014328 -0.002455 
0.007763 -0.007649 
0.001998 -0.012216 
-0.002683 -0.018781 
-0.008848 -0.023633 
-0.013529 -0.027971 
-0.017354 -0.036306 
-0.019865 -0.040130 
-0.021464 -0.045154 
-0.025460 -0.049492 
-0.024660 -0.053659 
-0.023062 -0.057712 
-0.022834 -0.059767 
-0.020094 -0.064105 
-0.017411 -0.064391 
-0.014956 -0.065818 
-0.010846 -0.066275 
-0.007421 -0.063135 
-0.003653 -0.061365 
0.000114 -0.058740 
0.002797 -0.056228 
0.006736 -0.050519 
0.008448 -0.044526 
0.010047 -0.040130 
0.010903 -0.033052 
0.009019 -0.027343 
0.006907 -0.022377 
0.004966 -0.015755 
0.002398 -0.010903 
-0.002055 -0.005765 
-0.005366 0.000000 
-0.009761 0.003311 
-0.015241 0.007649 
-0.019523 0.010960 
-0.025402 0.011588 
-0.031225 0.014043 
-0.035107 0.016440 
-0.038760 0.016669 
-0.043726 0.017696 
-0.048350 0.019294 
-0.051262 0.019009 
-0.054287 0.018609 
-0.057427 0.019808 
-0.059253 0.019922 
-0.060680 0.019865 
-0.060509 0.021007 
-0.057712 0.022548 
-0.055885 0.023633 
-0.054173 0.021806 
-0.050805 0.021292 
-0.046809 0.021464 
-0.040473 0.020550 
-0.034707 0.021007 
-0.028085 0.021178 
-0.022092 0.020722 
-0.016212 0.019580 
-0.008962 0.020037 
-0.003882 0.019066 
0.002455 0.018324 
0.007592 0.018838 
0.013415 0.016840 
0.017068 0.017582 
0.020950 0.016954 
0.024432 0.014956 
0.024204 0.016326 
0.027058 0.015641 
0.027572 0.014556 
0.029513 0.014100 
0.029113 0.012559 
0.028999 0.013186 
0.029969 0.013301 
0.027572 0.011131 
0.028200 0.009933 
0.026944 0.009191 
0.025631 0.007592 
0.023747 0.006679 
0.023576 0.005937 
0.024432 0.004281 
0.022662 0.004281 
0.021464 0.003197 
0.020836 0.001884 
0.021464 0.000970 
0.021863 -0.000114 
0.022434 0.000057 
0.023576 -0.001256 
0.024775 -0.001541 
0.024432 -0.003254 
0.024375 -0.004053 
0.024261 -0.004567 
0.024204 -0.007364 
0.023975 -0.009362 
0.023005 -0.011588 
0.021635 -0.012958 
0.019123 -0.017182 
0.018324 -0.019466 
0.016155 -0.021806 
0.014785 -0.025060 
0.013700 -0.025631 
0.011988 -0.028142 
0.011074 -0.029398 
0.010275 -0.030198 
0.009305 -0.030483 
0.007992 -0.030997 
0.008163 -0.030597 
0.007193 -0.028999 
0.007878 -0.028942 
0.008448 -0.027343 
0.007706 -0.024546 
0.007478 -0.021749 
0.006222 -0.020950 
0.004624 -0.017924 
0.003596 -0.013643 
0.002455 -0.011074 
-0.000913 -0.006679 
-0.002226 -0.003596 
-0.003825 -0.001941 
-0.006907 0.001085 
-0.009133 0.004567 
-0.012273 0.007649 
-0.014271 0.009647 
-0.016383 0.011131 
-0.018381 0.013015 
-0.018552 0.013700 
-0.020094 0.013015 
-0.021977 0.012045 
-0.022548 0.010903 
-0.024032 0.009590 
-0.025802 0.007364 
-0.026658 0.003939 
-0.026430 0.001142 
-0.027629 -0.000913 
-0.028371 -0.002968 
-0.028028 -0.005994 
-0.029227 -0.009133 
-0.029969 -0.011074 
-0.028999 -0.013015 
-0.027400 -0.013358 
-0.025574 -0.014385 
-0.023347 -0.015698 
-0.022491 -0.014899 
-0.020550 -0.015013 
-0.017468 -0.013814 
-0.014614 -0.011531 
-0.009990 -0.009590 
-0.005138 -0.006108 
-0.002512 -0.002911 
0.000114 -0.000114 
0.003425 0.004567 
0.004909 0.007992 
0.007078 0.011246 
0.007706 0.016783 
0.007136 0.021920 
0.007592 0.026373 
0.008334 0.030255 
0.007250 0.035335 
0.003939 0.039845 
0.002968 0.043270 
-0.000057 0.047037 
-0.002968 0.050177 
-0.004795 0.051490 
-0.008163 0.052346 
-0.010047 0.054116 
-0.011246 0.053887 
-0.012616 0.052632 
-0.014671 0.049892 
-0.016611 0.046695 
-0.018781 0.043498 
-0.018381 0.038303 
-0.016611 0.032766 
-0.016554 0.027343 
-0.013871 0.021007 
-0.010732 0.014271 
-0.010161 0.009133 
-0.007649 0.003825 
-0.003482 -0.002055 
0.000285 -0.006736 
0.004281 -0.010389 
0.008506 -0.013415 
0.013358 -0.016098 
0.017639 -0.018153 
0.021464 -0.018210 
0.027058 -0.016269 
0.032367 -0.015869 
0.035563 -0.015356 
0.039673 -0.013072 
0.044354 -0.010789 
0.047722 -0.006793 
0.049321 -0.004281 
0.051547 -0.002226 
0.053145 0.002512 
0.053260 0.005366 
0.054458 0.007193 
0.052746 0.009133 
0.050405 0.012330 
0.047894 0.014328 
0.043384 0.013015 
0.040073 0.012387 
0.034935 0.010561 
0.030255 0.008563 
0.025631 0.006850 
0.018381 0.003653 
0.013244 -0.001313 
0.007706 -0.005765 
0.001313 -0.010960 
-0.002740 -0.017924 
-0.007592 -0.023347 
-0.011645 -0.028827 
-0.015241 -0.033908 
-0.017753 -0.039274 
-0.017924 -0.042984 
-0.018153 -0.046980 
-0.017011 -0.051319 
-0.016554 -0.053716 
-0.015356 -0.055315 
-0.012787 -0.055372 
-0.010561 -0.055657 
-0.007535 -0.054344 
-0.003368 -0.052574 
0.000000 -0.050519 
0.002512 -0.048693 
0.005594 -0.045382 
0.007992 -0.040073 
0.010446 -0.035849 
0.011759 -0.030255 
0.012273 -0.023975 
0.012273 -0.017753 
0.011246 -0.011816 
0.009990 -0.005708 
0.007021 -0.000343 
0.003653 0.005195 
0.000856 0.009305 
-0.003882 0.012730 
-0.009133 0.016440 
-0.012387 0.018781 
-0.019294 0.021007 
-0.025574 0.022149 
-0.031282 0.024946 
-0.038303 0.026373 
-0.041900 0.026373 
-0.046752 0.026316 
-0.050291 0.027743 
-0.052803 0.029455 
-0.055029 0.028314 
-0.056685 0.028942 
-0.058169 0.029455 
-0.056685 0.028999 
-0.056000 0.028542 
-0.053260 0.028885 
-0.048350 0.029056 
-0.044640 0.029170 
-0.040416 0.030483 
-0.035506 0.030883 
-0.029855 0.030768 
-0.024032 0.030997 
-0.018438 0.031625 
-0.012330 0.030540 
-0.006964 0.029855 
-0.002854 0.029398 
0.003825 0.028485 
0.009818 0.027286 
0.014043 0.025402 
0.019409 0.024717 
0.023233 0.024147 
0.026202 0.023290 
0.027971 0.022662 
0.029227 0.022777 
0.030883 0.023119 
0.031282 0.022491 
0.032995 0.022377 
0.032880 0.022034 
0.031111 0.020607 
0.030483 0.021464 
0.030883 0.021521 
0.030883 0.020151 
0.028028 0.020037 
0.027172 0.019180 
0.026544 0.017239 
0.025460 0.015755 
0.026373 0.015470 
0.025802 0.013871 
0.024603 0.011588 
0.025174 0.010675 
0.026944 0.010446 
0.026830 0.007992 
0.027058 0.007706 
0.028028 0.006165 
0.028428 0.003254 
0.027629 0.003539 
0.026373 -0.000571 
0.026259 -0.002740 
0.025745 -0.004738 
0.025174 -0.007706 
0.023804 -0.008905 
0.021863 -0.012330 
0.019808 -0.014614 
0.018781 -0.017411 
0.018495 -0.019694 
0.017924 -0.021920 
0.016497 -0.023176 
0.014442 -0.024090 
0.014328 -0.026772 
0.013586 -0.028028 
0.012330 -0.027286 
0.011645 -0.026487 
0.009990 -0.027971 
0.009876 -0.026715 
0.009362 -0.023404 
0.008506 -0.022320 
0.009476 -0.019294 
0.008563 -0.016611 
0.007421 -0.015241 
0.005423 -0.011816 
0.003882 -0.010047 
0.002797 -0.007592 
0.000343 -0.003596 
-0.000742 0.000285 
-0.003140 0.002683 
-0.005366 0.002626 
-0.008277 0.005594 
-0.010789 0.007535 
-0.011988 0.008163 
-0.014043 0.007992 
-0.016497 0.007935 
-0.018781 0.008791 
-0.019352 0.006279 
-0.020950 0.005994 
-0.022206 0.004966 
-0.023861 0.002112 
-0.023290 0.000343 
-0.022548 -0.003025 
-0.023747 -0.005937 
-0.022891 -0.008448 
-0.024889 -0.011246 
-0.025345 -0.013301 
-0.024546 -0.015127 
-0.023804 -0.016383 
-0.022092 -0.017239 
-0.020893 -0.018952 
-0.017525 -0.020037 
-0.015127 -0.019123 
-0.012444 -0.019123 
-0.009191 -0.018609 
-0.007878 -0.015584 
-0.003825 -0.013129 
0.000228 -0.010275 
0.001827 -0.006736 
0.005366 -0.002626 
0.007935 0.001713 
0.010161 0.004909 
0.011017 0.010503 
0.010618 0.016155 
0.011531 0.019979 
0.010503 0.024489 
0.009590 0.029170 
0.008277 0.033908 
0.006679 0.037961 
0.004567 0.041158 
0.000571 0.044583 
-0.002055 0.046695 
-0.003083 0.048693 
-0.005195 0.049777 
-0.007878 0.049149 
-0.010732 0.049549 
-0.012901 0.047152 
-0.014100 0.044297 
-0.016212 0.041614 
-0.017011 0.036191 
-0.016726 0.030883 
-0.015984 0.025631 
-0.015470 0.020664 
-0.013757 0.016041 
-0.011759 0.010846 
-0.009704 0.004338 
-0.005823 -0.000571 
-0.002283 -0.004453 
0.002968 -0.008905 
0.006108 -0.012787 
0.008620 -0.016098 
0.013757 -0.017468 
0.017354 -0.018781 
0.021977 -0.018838 
0.026830 -0.018324 
0.030083 -0.017525 
0.034308 -0.015413 
0.038361 -0.012787 
0.041729 -0.009476 
0.044925 -0.007307 
0.047665 -0.003368 
0.050976 0.000400 
0.051033 0.003539 
0.051661 0.005994 
0.053088 0.008734 
0.051204 0.012216 
0.048065 0.012559 
0.044354 0.013986 
0.041043 0.013700 
0.035164 0.012273 
0.030597 0.011131 
0.025859 0.008677 
0.018781 0.005423 
0.013358 0.000114 
0.008334 -0.003596 
0.003254 -0.008905 
-0.002626 -0.012844 
-0.007763 -0.017924 
-0.011702 -0.024775 
-0.015641 -0.028599 
-0.019694 -0.034250 
-0.020208 -0.039559 
-0.021007 -0.045325 
-0.022320 -0.050120 
-0.020493 -0.053088 
-0.019922 -0.055942 
-0.017582 -0.057655 
-0.015413 -0.057826 
-0.012330 -0.057997 
-0.009019 -0.057255 
-0.006051 -0.053945 
-0.001827 -0.052175 
-0.000457 -0.048978 
0.002398 -0.045211 
0.005537 -0.040473 
0.006565 -0.034650 
0.008734 -0.030883 
0.009533 -0.026087 
0.007821 -0.020550 
0.007992 -0.015470 
0.008563 -0.010561 
0.005823 -0.005594 
0.003083 -0.001199 
-0.000571 0.002226 
-0.006279 0.005994 
-0.011074 0.010104 
-0.017011 0.012102 
-0.022719 0.013814 
-0.029284 0.015869 
-0.036420 0.018381 
-0.041614 0.020950 
-0.046866 0.020322 
-0.050405 0.022206 
-0.054744 0.023576 
-0.056856 0.022719 
-0.057598 0.023519 
-0.058740 0.023690 
-0.057255 0.024204 
-0.057655 0.023975 
-0.056285 0.022948 
-0.053716 0.023462 
-0.051204 0.025003 
-0.047779 0.024489 
-0.043213 0.024318 
-0.038189 0.024603 
-0.034193 0.024717 
-0.028028 0.026145 
-0.022777 0.025745 
-0.016155 0.025345 
-0.010047 0.025060 
-0.006393 0.023861 
-0.000343 0.024261 
0.005708 0.024546 
0.010218 0.022719 
0.014100 0.021920 
0.017867 0.022034 
0.019808 0.022320 
0.021407 0.020779 
0.023233 0.018324 
0.023290 0.018724 
0.023404 0.018552 
0.024147 0.017582 
0.023404 0.017011 
0.022491 0.016726 
0.022548 0.016269 
0.021692 0.015527 
0.021464 0.014614 
0.021121 0.012730 
0.021464 0.011645 
0.022434 0.011131 
0.021692 0.009533 
0.022548 0.008106 
0.023233 0.006964 
0.023519 0.005765 
0.024432 0.004224 
0.024147 0.001998 
0.024204 0.000742 
0.023861 -0.001541 
0.023404 -0.003653 
0.022948 -0.004738 
0.023176 -0.006279 
0.023747 -0.008563 
0.022491 -0.011816 
0.020836 -0.013072 
0.019979 -0.015070 
0.020265 -0.018039 
0.019123 -0.020664 
0.017639 -0.022891 
0.016326 -0.025288 
0.015812 -0.027686 
0.015584 -0.028485 
0.013072 -0.031339 
0.013358 -0.032310 
0.011988 -0.032595 
0.009019 -0.035621 
0.008620 -0.035678 
0.008106 -0.034479 
0.008049 -0.033908 
0.005765 -0.033623 
0.005252 -0.033166 
0.006565 -0.030997 
0.005423 -0.027629 
0.003882 -0.024432 
0.001541 -0.020893 
-0.001085 -0.017011 
-0.001713 -0.013986 
-0.002569 -0.009476 
-0.005252 -0.005765 
-0.006907 -0.003025 
-0.008448 -0.000171 
-0.010389 0.001199 
-0.012616 0.003482 
-0.014271 0.004395 
-0.016383 0.005594 
-0.019466 0.005765 
-0.020151 0.004852 
-0.022320 0.004909 
-0.024489 0.003311 
-0.025288 0.002854 
-0.026715 -0.000856 
-0.027971 -0.002968 
-0.029056 -0.003482 
-0.029455 -0.007021 
-0.031453 -0.008334 
-0.030883 -0.010675 
-0.028314 -0.012844 
-0.027857 -0.013929 
-0.027229 -0.016041 
-0.026030 -0.017982 
-0.024318 -0.018667 
-0.023005 -0.018895 
-0.020893 -0.020265 
-0.019352 -0.021692 
-0.016326 -0.021920 
-0.012045 -0.021863 
-0.010218 -0.020265 
-0.007364 -0.016611 
-0.004053 -0.014556 
-0.002340 -0.011131 
-0.000114 -0.005823 
0.003596 -0.001028 
0.006679 0.005765 
0.008391 0.012273 
0.008277 0.016840 
0.007706 0.023404 
0.007250 0.028200 
0.006336 0.032709 
0.005880 0.038189 
0.003768 0.041158 
0.000799 0.045439 
-0.001256 0.047665 
-0.003025 0.049435 
-0.005309 0.050805 
-0.008334 0.050177 
-0.011074 0.050462 
-0.012673 0.050348 
-0.014442 0.048179 
-0.016783 0.043841 
-0.017468 0.040758 
-0.017696 0.035392 
-0.017411 0.031796 
-0.016326 0.028599 
-0.015070 0.022948 
-0.013301 0.018952 
-0.011360 0.013415 
-0.008334 0.008220 
-0.005994 0.003539 
-0.003425 -0.001713 
-0.000343 -0.006736 
0.002283 -0.009990 
0.007478 -0.013358 
0.011874 -0.015299 
0.016554 -0.016212 
0.022034 -0.016726 
0.026030 -0.016269 
0.030997 -0.015755 
0.034308 -0.013072 
0.039046 -0.011874 
0.044126 -0.008448 
0.047152 -0.005823 
0.049663 -0.003425 
0.050748 0.001655 
0.053431 0.004510 
0.053659 0.007021 
0.052004 0.008848 
0.050691 0.011417 
0.047437 0.012787 
0.044297 0.013700 
0.040016 0.013929 
0.034764 0.012673 
0.029284 0.010903 
0.023119 0.008848 
0.016383 0.006051 
0.009533 0.001884 
0.004395 -0.001256 
0.000913 -0.006336 
-0.004681 -0.012330 
-0.010104 -0.018724 
-0.013757 -0.024147 
-0.017982 -0.028999 
-0.019294 -0.034479 
-0.020208 -0.039845 
-0.021349 -0.045953 
-0.020094 -0.050063 
-0.019580 -0.052289 
-0.018895 -0.053830 
-0.017239 -0.056627 
-0.015413 -0.057255 
-0.012159 -0.057370 
-0.009933 -0.057940 
-0.008163 -0.054801 
-0.004395 -0.052860 
-0.002283 -0.050976 
-0.000343 -0.045953 
0.003482 -0.042299 
0.004966 -0.039616 
0.005138 -0.032995 
0.006165 -0.027857 
0.005880 -0.024204 
0.006222 -0.018781 
0.004281 -0.013472 
0.000343 -0.008277 
-0.002455 -0.006565 
-0.007649 -0.003254 
-0.012216 0.001655 
-0.018781 0.003768 
-0.023633 0.007193 
-0.027971 0.010218 
-0.036306 0.011874 
-0.040130 0.014043 
-0.045154 0.016098 
-0.049492 0.017867 
-0.053659 0.020037 
-0.057712 0.021064 
-0.059767 0.021007 
-0.064105 0.022948 
-0.064391 0.023290 
-0.065818 0.022491 
-0.066275 0.022548 
-0.063135 0.022491 
-0.061365 0.023576 
-0.058740 0.022948 
-0.056228 0.022377 
-0.050519 0.021578 
-0.044526 0.020550 
-0.040130 0.022434 
-0.033052 0.022948 
-0.027343 0.022434 
-0.022377 0.022719 
-0.015755 0.022662 
-0.010903 0.022320 
-0.005765 0.022377 
0.000000 0.022891 
0.003311 0.022605 
0.007649 0.021578 
0.010960 0.021121 
0.011588 0.019865 
0.014043 0.018609 
0.016440 0.018096 
0.016669 0.016497 
0.017696 0.015527 
0.019294 0.014614 
0.019009 0.013129 
0.018609 0.012102 
0.019808 0.012102 
0.019922 0.011645 
0.019865 0.010389 
0.021007 0.009362 
0.022548 0.008106 
0.023633 0.008334 
0.021806 0.008563 
0.021292 0.008791 
0.021464 0.007307 
0.020550 0.005480 
0.021007 0.004966 
0.021178 0.003083 
0.020722 0.002569 
0.019580 0.000742 
0.020037 -0.001256 
0.019066 -0.002283 
0.018324 -0.005366 
0.018838 -0.007763 
0.016840 -0.010446 
0.017582 -0.013244 
0.016954 -0.014785 
0.014956 -0.016783 
0.016326 -0.019466 
0.015641 -0.022206 
0.014556 -0.024204 
0.014100 -0.025345 
0.012559 -0.027172 
0.013186 -0.028999 
0.013301 -0.030711 
0.011131 -0.031796 
0.009933 -0.032823 
0.009191 -0.033508 
0.007592 -0.032024 
0.006679 -0.032253 
0.005937 -0.030768 
0.004281 -0.027515 
0.004281 -0.025345 
0.003197 -0.022719 
0.001884 -0.020208 
0.000970 -0.016497 
-0.000114 -0.012559 
0.000057 -0.007935 
-0.001256 -0.005309 
-0.001541 -0.002626 
-0.003254 0.001199 
-0.004053 0.003482 
-0.004567 0.006165 
-0.007364 0.007364 
-0.009362 0.008962 
-0.011588 0.010047 
-0.012958 0.010218 
-0.017182 0.010503 
-0.019466 0.009019 
-0.021806 0.007078 
-0.025060 0.005537 
-0.025631 0.003254 
-0.028142 -0.000628 
-0.029398 -0.002854 
-0.030198 -0.005765 
-0.030483 -0.008391 
-0.030997 -0.010218 
-0.030597 -0.012844 
-0.028999 -0.014442 
-0.028942 -0.017468 
-0.027343 -0.018838 
-0.024546 -0.019523 
-0.021749 -0.020893 
-0.020950 -0.020779 
-0.017924 -0.021121 
-0.013643 -0.021007 
-0.011074 -0.019979 
-0.006679 -0.017753 
-0.003596 -0.015584 
-0.001941 -0.013015 
0.001085 -0.009248 
0.004567 -0.005309 
0.007649 -0.000970 
0.009647 0.003539 
0.011131 0.008734 
0.013015 0.014785 
