0.010468 -0.022774 
0.009287 -0.027336 
0.008106 -0.029994 
0.006826 -0.033046 
0.005612 -0.035310 
0.004397 -0.036787 
0.003052 -0.036951 
0.001969 -0.036163 
0.000066 -0.034260 
-0.002592 -0.031208 
-0.004791 -0.026417 
-0.007679 -0.021724 
-0.012011 -0.017425 
-0.015489 -0.011026 
-0.019165 -0.005021 
-0.022938 0.000066 
-0.025629 0.005940 
-0.029173 0.011486 
-0.032488 0.015653 
-0.034194 0.020149 
-0.034490 0.024776 
-0.034752 0.028353 
-0.033735 0.030027 
-0.031241 0.031208 
-0.028123 0.032258 
-0.022545 0.031503 
-0.017786 0.031077 
-0.012339 0.029731 
-0.005185 0.028090 
0.000722 0.026679 
0.007220 0.023792 
0.012765 0.021035 
0.017819 0.018869 
0.022971 0.016835 
0.026745 0.014931 
0.030059 0.013914 
0.031799 0.012601 
0.033243 0.012240 
0.034457 0.012765 
0.034325 0.013520 
0.034194 0.014833 
0.033046 0.015325 
0.030847 0.016638 
0.029173 0.017360 
0.027500 0.017557 
0.024874 0.017360 
0.021855 0.016638 
0.019427 0.015555 
0.017196 0.013225 
0.014931 0.011518 
0.012798 0.008434 
0.011879 0.004430 
0.011354 -0.000066 
0.010731 -0.005480 
0.011387 -0.010370 
0.011026 -0.015358 
0.011387 -0.019854 
0.011879 -0.025039 
0.011879 -0.029173 
0.013061 -0.031438 
0.012470 -0.033571 
0.012306 -0.035015 
0.010993 -0.035277 
0.008467 -0.034522 
0.006169 -0.032553 
0.002396 -0.028845 
-0.000919 -0.026121 
-0.004627 -0.022709 
-0.009254 -0.017918 
-0.013816 -0.012864 
-0.018541 -0.007941 
-0.023398 -0.004627 
-0.027139 -0.000689 
-0.029928 0.002494 
-0.032816 0.005382 
-0.034818 0.007646 
-0.035408 0.008204 
-0.035310 0.009123 
-0.034063 0.010370 
-0.031766 0.011486 
-0.028911 0.011354 
-0.025071 0.011781 
-0.020740 0.011748 
-0.015719 0.011912 
-0.011157 0.012470 
-0.005940 0.012240 
-0.001477 0.013258 
0.002199 0.013094 
0.006366 0.012929 
0.009320 0.013028 
0.012142 0.012240 
0.013848 0.011321 
0.014997 0.009353 
0.015588 0.007121 
0.015391 0.004365 
0.014800 0.000558 
0.014373 -0.003839 
0.013356 -0.008237 
0.011650 -0.012897 
0.011059 -0.017294 
0.009845 -0.022446 
0.009057 -0.027106 
0.008401 -0.030453 
0.007515 -0.033932 
0.006137 -0.035835 
0.005185 -0.036688 
0.004200 -0.036262 
0.002396 -0.035080 
0.000328 -0.033013 
-0.002461 -0.029600 
-0.005021 -0.025859 
-0.009188 -0.020871 
-0.012733 -0.016244 
-0.016211 -0.010796 
-0.020510 -0.004627 
-0.024678 0.000131 
-0.028550 0.005513 
-0.031602 0.010895 
-0.034686 0.015719 
-0.036098 0.020149 
-0.037016 0.023792 
-0.036098 0.026647 
-0.034129 0.028812 
-0.031799 0.030289 
-0.027894 0.030978 
-0.023431 0.031602 
-0.018574 0.030552 
-0.012569 0.028812 
-0.005677 0.027467 
0.000492 0.024743 
0.006859 0.022052 
0.012667 0.019722 
0.017589 0.017950 
0.021659 0.016145 
0.025334 0.013881 
0.027959 0.012536 
0.030453 0.011945 
0.032488 0.012831 
0.032980 0.013159 
0.033538 0.012503 
0.032389 0.014012 
0.031569 0.015719 
0.030223 0.016113 
0.028517 0.017228 
0.026417 0.017819 
0.023266 0.017130 
0.021101 0.016966 
0.018180 0.016310 
0.016047 0.014406 
0.014833 0.011321 
0.012962 0.007679 
0.011682 0.003938 
0.011847 -0.000919 
0.011617 -0.006169 
0.011879 -0.010764 
0.012372 -0.015784 
0.013389 -0.021265 
0.014669 -0.025334 
0.013881 -0.028878 
0.013914 -0.032160 
0.013258 -0.033964 
0.012634 -0.034949 
0.012109 -0.035179 
0.009549 -0.033932 
0.006924 -0.031766 
0.003938 -0.029042 
-0.000263 -0.024874 
-0.004693 -0.020707 
-0.009188 -0.017557 
-0.013914 -0.013487 
-0.018049 -0.008270 
-0.022676 -0.004988 
-0.026909 -0.001739 
-0.029895 0.001969 
-0.032225 0.004430 
-0.034588 0.006629 
-0.035310 0.007449 
-0.034588 0.008795 
-0.033833 0.009746 
-0.031011 0.010042 
-0.027401 0.010271 
-0.023201 0.010173 
-0.018607 0.011157 
-0.013914 0.011486 
-0.009320 0.011945 
-0.004824 0.012306 
-0.000689 0.013192 
0.003380 0.014012 
0.007548 0.014242 
0.009976 0.014045 
0.012601 0.013455 
0.013389 0.012733 
0.013684 0.010074 
0.014898 0.008204 
0.014866 0.004594 
0.014308 0.000033 
0.013947 -0.003905 
0.013783 -0.009320 
0.012569 -0.013684 
0.012339 -0.018804 
0.012043 -0.024349 
0.011387 -0.028911 
0.011420 -0.031930 
0.010534 -0.034621 
0.009517 -0.036557 
0.008499 -0.036984 
0.006760 -0.036984 
0.004857 -0.035080 
0.002986 -0.032422 
-0.000295 -0.029141 
-0.003839 -0.025761 
-0.007646 -0.021133 
-0.011551 -0.014964 
-0.016145 -0.009517 
-0.021396 -0.003905 
-0.025039 0.001739 
-0.028845 0.006859 
-0.032094 0.011420 
-0.034260 0.017097 
-0.035769 0.021823 
-0.036524 0.024710 
-0.036130 0.027729 
-0.033538 0.029666 
-0.030683 0.031536 
-0.026679 0.032324 
-0.022019 0.030781 
-0.016736 0.029863 
-0.010632 0.028714 
-0.005152 0.025925 
0.001936 0.023234 
0.007285 0.021068 
0.011551 0.019329 
0.017294 0.017688 
0.021330 0.016277 
0.024645 0.014669 
0.027664 0.013947 
0.029994 0.014341 
0.031569 0.013520 
0.032685 0.014275 
0.032947 0.015423 
0.032389 0.015522 
0.031274 0.016900 
0.028780 0.018344 
0.027040 0.019361 
0.025104 0.019132 
0.021921 0.018672 
0.018771 0.017983 
0.016769 0.016638 
0.015030 0.015030 
0.013455 0.011748 
0.012503 0.008040 
0.011223 0.004200 
0.011715 -0.000788 
0.012175 -0.006333 
0.012601 -0.010796 
0.013028 -0.016474 
0.013126 -0.022446 
0.015030 -0.025203 
0.015719 -0.028944 
0.015292 -0.032258 
0.015128 -0.033932 
0.014275 -0.035408 
0.012076 -0.034358 
0.009484 -0.032816 
0.006662 -0.031011 
0.002855 -0.028714 
-0.001214 -0.025334 
-0.005776 -0.021330 
-0.010501 -0.017688 
-0.015686 -0.013323 
-0.020838 -0.010042 
-0.025268 -0.006301 
-0.029009 -0.002428 
-0.032357 -0.000328 
-0.034391 0.001641 
-0.035572 0.003872 
-0.036327 0.005513 
-0.034982 0.005808 
-0.033111 0.006662 
-0.030191 0.008270 
-0.026614 0.008762 
-0.022873 0.009188 
-0.018508 0.010370 
-0.013914 0.010862 
-0.009156 0.011420 
-0.005152 0.012372 
-0.000984 0.013422 
0.001903 0.014373 
0.004102 0.014636 
0.007252 0.014439 
0.009385 0.014144 
0.010501 0.013586 
0.011420 0.011486 
0.011781 0.008467 
0.011879 0.004332 
0.012109 -0.000427 
0.011387 -0.004791 
0.011650 -0.010239 
0.012076 -0.015489 
0.011092 -0.020608 
0.010993 -0.025367 
0.011059 -0.029567 
0.010534 -0.033111 
0.010600 -0.035310 
0.010140 -0.037082 
0.008729 -0.037837 
0.007548 -0.037279 
0.004988 -0.035540 
0.002035 -0.033275 
-0.000853 -0.030191 
-0.003511 -0.026581 
-0.007285 -0.022216 
-0.013290 -0.016999 
-0.017721 -0.011781 
-0.022774 -0.005776 
-0.027336 0.000000 
-0.029994 0.005382 
-0.033046 0.010173 
-0.035310 0.015423 
-0.036787 0.020215 
-0.036951 0.023168 
-0.036163 0.026089 
-0.034260 0.028123 
-0.031208 0.028451 
-0.026417 0.028812 
-0.021724 0.028812 
-0.017425 0.027533 
-0.011026 0.026482 
-0.005021 0.023857 
0.000066 0.021790 
0.005940 0.020543 
0.011486 0.017688 
0.015653 0.016375 
0.020149 0.015325 
0.024776 0.014078 
0.028353 0.013750 
0.030027 0.013848 
0.031208 0.013553 
0.032258 0.014144 
0.031503 0.015620 
0.031077 0.016506 
0.029731 0.017753 
0.028090 0.018902 
0.026679 0.019985 
0.023792 0.019460 
0.021035 0.018935 
0.018869 0.018377 
0.016835 0.016375 
0.014931 0.014275 
0.013914 0.010862 
0.012601 0.006924 
0.012240 0.002658 
0.012765 -0.001903 
0.013520 -0.007318 
0.014833 -0.012372 
0.015325 -0.016900 
0.016638 -0.021757 
0.017360 -0.026220 
0.017557 -0.029633 
0.017360 -0.031569 
0.016638 -0.033341 
0.015555 -0.033899 
0.013225 -0.033407 
0.011518 -0.031930 
0.008434 -0.029928 
0.004430 -0.026909 
-0.000066 -0.023299 
-0.005480 -0.020608 
-0.010370 -0.016178 
-0.015358 -0.012569 
-0.019854 -0.009746 
-0.025039 -0.005907 
-0.029173 -0.003347 
-0.031438 -0.000984 
-0.033571 0.001706 
-0.035015 0.003478 
-0.035277 0.004725 
-0.034522 0.005612 
-0.032553 0.006563 
-0.028845 0.007876 
-0.026121 0.008532 
-0.022709 0.009156 
-0.017918 0.010074 
-0.012864 0.011748 
-0.007941 0.013848 
-0.004627 0.014833 
-0.000689 0.015883 
0.002494 0.016605 
0.005382 0.017228 
0.007646 0.017392 
0.008204 0.016441 
0.009123 0.014931 
0.010370 0.012175 
0.011486 0.009024 
0.011354 0.005415 
0.011781 0.000427 
0.011748 -0.004299 
0.011912 -0.009353 
0.012470 -0.015161 
0.012240 -0.019690 
0.013258 -0.023857 
0.013094 -0.027401 
0.012929 -0.031044 
0.013028 -0.033932 
0.012240 -0.034457 
0.011321 -0.035966 
0.009353 -0.035868 
0.007121 -0.034260 
0.004365 -0.031897 
0.000558 -0.028255 
-0.003839 -0.025465 
-0.008237 -0.020051 
-0.012897 -0.015358 
-0.017294 -0.010698 
-0.022446 -0.003741 
-0.027106 0.001706 
-0.030453 0.007515 
-0.033932 0.012733 
-0.035835 0.017688 
-0.036688 0.021888 
-0.036262 0.024940 
-0.035080 0.027664 
-0.033013 0.028845 
-0.029600 0.030256 
-0.025859 0.029961 
-0.020871 0.029075 
-0.016244 0.028255 
-0.010796 0.026286 
-0.004627 0.024251 
0.000131 0.022085 
0.005513 0.020247 
0.010895 0.018016 
0.015719 0.016474 
0.020149 0.014833 
0.023792 0.014439 
0.026647 0.014472 
0.028812 0.013619 
0.030289 0.014866 
0.030978 0.015588 
0.031602 0.017064 
0.030552 0.018443 
0.028812 0.018968 
0.027467 0.020543 
0.024743 0.020707 
0.022052 0.021101 
0.019722 0.021002 
0.017950 0.019952 
0.016145 0.017950 
0.013881 0.015161 
0.012536 0.011289 
0.011945 0.006268 
0.012831 0.002396 
0.013159 -0.002396 
0.012503 -0.007548 
0.014012 -0.012437 
0.015719 -0.017983 
0.016113 -0.022413 
0.017228 -0.026089 
0.017819 -0.029173 
0.017130 -0.031635 
0.016966 -0.032619 
0.016310 -0.032357 
0.014406 -0.031897 
0.011321 -0.030486 
0.007679 -0.029141 
0.003938 -0.026482 
-0.000919 -0.022610 
-0.006169 -0.020149 
-0.010764 -0.016835 
-0.015784 -0.013192 
-0.021265 -0.010403 
-0.025334 -0.007679 
-0.028878 -0.005218 
-0.032160 -0.002231 
-0.033964 -0.000459 
-0.034949 0.000427 
-0.035179 0.001674 
-0.033932 0.002625 
-0.031766 0.004004 
-0.029042 0.005251 
-0.024874 0.006202 
-0.020707 0.007548 
-0.017557 0.009517 
-0.013487 0.011879 
-0.008270 0.013717 
-0.004988 0.015259 
-0.001739 0.016900 
0.001969 0.017491 
0.004430 0.018082 
0.006629 0.018114 
0.007449 0.016244 
0.008795 0.014505 
0.009746 0.011584 
0.010042 0.008040 
0.010271 0.004430 
0.010173 -0.000722 
0.011157 -0.006333 
0.011486 -0.011814 
0.011945 -0.016703 
0.012306 -0.021363 
0.013192 -0.025728 
0.014012 -0.029895 
0.014242 -0.033078 
0.014045 -0.035441 
0.013455 -0.036951 
0.012733 -0.037049 
0.010074 -0.036787 
0.008204 -0.035474 
0.004594 -0.033505 
0.000033 -0.029928 
-0.003905 -0.025400 
-0.009320 -0.021133 
-0.013684 -0.015423 
-0.018804 -0.009385 
-0.024349 -0.003577 
-0.028911 0.002100 
-0.031930 0.007154 
-0.034621 0.012700 
-0.036557 0.017524 
-0.036984 0.020740 
-0.036984 0.023890 
-0.035080 0.026187 
-0.032422 0.027697 
-0.029141 0.028583 
-0.025761 0.028156 
-0.021133 0.027336 
-0.014964 0.025826 
-0.009517 0.024514 
-0.003905 0.022577 
0.001739 0.020346 
0.006859 0.019197 
0.011420 0.017458 
0.017097 0.015686 
0.021823 0.014275 
0.024710 0.014472 
0.027729 0.015292 
0.029666 0.015227 
0.031536 0.016014 
0.032324 0.016802 
0.030781 0.018902 
0.029863 0.020346 
0.028714 0.021396 
0.025925 0.023496 
0.023234 0.023332 
0.021068 0.023956 
0.019329 0.023496 
0.017688 0.021527 
0.016277 0.020116 
0.014669 0.016408 
0.013947 0.012601 
0.014341 0.009188 
0.013520 0.004135 
0.014275 -0.001739 
0.015423 -0.006859 
0.015522 -0.011879 
0.016900 -0.016441 
0.018344 -0.021035 
0.019361 -0.024940 
0.019132 -0.027697 
0.018672 -0.029502 
0.017983 -0.029633 
0.016638 -0.030617 
0.015030 -0.029928 
0.011748 -0.027762 
0.008040 -0.025925 
0.004200 -0.023792 
-0.000788 -0.021330 
-0.006333 -0.017557 
-0.010796 -0.014931 
-0.016474 -0.011453 
-0.022446 -0.008335 
-0.025203 -0.006235 
-0.028944 -0.003446 
-0.032258 -0.002592 
-0.033932 -0.001510 
-0.035408 -0.000295 
-0.034358 0.000984 
-0.032816 0.002330 
-0.031011 0.003314 
-0.028714 0.005054 
-0.025334 0.006301 
-0.021330 0.008040 
-0.017688 0.010665 
-0.013323 0.012700 
-0.010042 0.014964 
-0.006301 0.017196 
-0.002428 0.018278 
-0.000328 0.019558 
0.001641 0.019558 
0.003872 0.018771 
0.005513 0.017918 
0.005808 0.014997 
0.006662 0.012339 
0.008270 0.008696 
0.008762 0.003183 
0.009188 -0.001739 
0.010370 -0.006104 
0.010862 -0.010731 
0.011420 -0.016375 
0.012372 -0.021593 
0.013422 -0.025925 
0.014373 -0.030158 
0.014636 -0.033144 
0.014439 -0.035113 
0.014144 -0.036984 
0.013586 -0.037607 
0.011486 -0.037476 
0.008467 -0.035737 
0.004332 -0.033341 
-0.000427 -0.030453 
-0.004791 -0.025334 
-0.010239 -0.020838 
-0.015489 -0.015259 
-0.020608 -0.009746 
-0.025367 -0.004857 
-0.029567 0.001378 
-0.033111 0.006891 
-0.035310 0.012043 
-0.037082 0.016080 
-0.037837 0.020018 
-0.037279 0.023201 
-0.035540 0.024678 
-0.033275 0.026187 
-0.030191 0.026154 
-0.026581 0.025761 
-0.022216 0.025531 
-0.016999 0.024514 
-0.011781 0.022577 
-0.005776 0.020477 
0.000000 0.018836 
0.005382 0.016441 
0.010173 0.015358 
0.015423 0.014209 
0.020215 0.012634 
0.023168 0.012536 
0.026089 0.011879 
0.028123 0.013159 
0.028451 0.014505 
0.028812 0.015916 
0.028812 0.018475 
0.027533 0.019033 
0.026482 0.020412 
0.023857 0.022184 
0.021790 0.022577 
0.020543 0.021987 
0.017688 0.021396 
0.016375 0.019985 
0.015325 0.017721 
0.014078 0.015259 
0.013750 0.010698 
0.013848 0.006202 
0.013553 0.001608 
0.014144 -0.003938 
0.015620 -0.009188 
0.016506 -0.014275 
0.017753 -0.018935 
0.018902 -0.023595 
0.019985 -0.027040 
0.019460 -0.028780 
0.018935 -0.030289 
0.018377 -0.030814 
0.016375 -0.031241 
0.014275 -0.030355 
0.010862 -0.028123 
0.006924 -0.026286 
0.002658 -0.023135 
-0.001903 -0.020444 
-0.007318 -0.017589 
-0.012372 -0.014997 
-0.016900 -0.012765 
-0.021757 -0.010337 
-0.026220 -0.008335 
-0.029633 -0.006137 
-0.031569 -0.004758 
-0.033341 -0.003249 
-0.033899 -0.002527 
-0.033407 -0.000984 
-0.031930 0.000361 
-0.029928 0.001444 
-0.026909 0.004299 
-0.023299 0.006137 
-0.020608 0.008434 
-0.016178 0.011026 
-0.012569 0.013290 
-0.009746 0.015850 
-0.005907 0.017786 
-0.003347 0.018968 
-0.000984 0.019952 
0.001706 0.019985 
0.003478 0.019230 
0.004725 0.017753 
0.005612 0.015063 
0.006563 0.011978 
0.007876 0.008007 
0.008532 0.003610 
0.009156 -0.000952 
0.010074 -0.005382 
0.011748 -0.010567 
0.013848 -0.016211 
0.014833 -0.020969 
0.015883 -0.025465 
0.016605 -0.029797 
0.017228 -0.033374 
0.017392 -0.035441 
0.016441 -0.036557 
0.014931 -0.037148 
0.012175 -0.036721 
0.009024 -0.035179 
0.005415 -0.032816 
0.000427 -0.028911 
-0.004299 -0.024514 
-0.009353 -0.019952 
-0.015161 -0.014669 
-0.019690 -0.008663 
-0.023857 -0.002921 
-0.027401 0.002133 
-0.031044 0.008532 
-0.033932 0.013356 
-0.034457 0.016703 
-0.035966 0.020510 
-0.035868 0.023398 
-0.034260 0.025826 
-0.031897 0.026614 
-0.028255 0.026581 
-0.025465 0.026843 
-0.020051 0.025990 
-0.015358 0.024251 
-0.010698 0.022807 
-0.003741 0.020871 
0.001706 0.019099 
0.007515 0.017786 
0.012733 0.016047 
0.017688 0.014898 
0.021888 0.014472 
0.024940 0.014275 
0.027664 0.014997 
0.028845 0.015949 
0.030256 0.016966 
0.029961 0.018738 
0.029075 0.020182 
0.028255 0.023135 
0.026286 0.024645 
0.024251 0.024645 
0.022085 0.025990 
0.020247 0.025137 
0.018016 0.023660 
0.016474 0.021987 
0.014833 0.019525 
0.014439 0.015784 
0.014472 0.011650 
0.013619 0.007482 
0.014866 0.001739 
0.015588 -0.002231 
0.017064 -0.007548 
0.018443 -0.013290 
0.018968 -0.017064 
0.020543 -0.021199 
0.020707 -0.024382 
0.021101 -0.027500 
0.021002 -0.028681 
0.019952 -0.029863 
0.017950 -0.030355 
0.015161 -0.028386 
0.011289 -0.026581 
0.006268 -0.023890 
0.002396 -0.021626 
-0.002396 -0.019165 
-0.007548 -0.017491 
-0.012437 -0.014997 
-0.017983 -0.011912 
-0.022413 -0.010698 
-0.026089 -0.008893 
-0.029173 -0.007646 
-0.031635 -0.006268 
-0.032619 -0.004725 
-0.032357 -0.003741 
-0.031897 -0.002363 
-0.030486 -0.000886 
-0.029141 0.000459 
-0.026482 0.003249 
-0.022610 0.006071 
-0.020149 0.008467 
-0.016835 0.011321 
-0.013192 0.013126 
-0.010403 0.016244 
-0.007679 0.018147 
-0.005218 0.018968 
-0.002231 0.019493 
-0.000459 0.018869 
0.000427 0.018377 
0.001674 0.017425 
0.002625 0.015784 
0.004004 0.011978 
0.005251 0.008007 
0.006202 0.003413 
0.007548 -0.001510 
0.009517 -0.006596 
0.011879 -0.012634 
0.013717 -0.017688 
0.015259 -0.022577 
0.016900 -0.026482 
0.017491 -0.031077 
0.018082 -0.035015 
0.018114 -0.036459 
0.016244 -0.036984 
0.014505 -0.037706 
0.011584 -0.037377 
0.008040 -0.035999 
0.004430 -0.033899 
-0.000722 -0.029731 
-0.006333 -0.025596 
-0.011814 -0.020182 
-0.016703 -0.014997 
-0.021363 -0.009976 
-0.025728 -0.003610 
-0.029895 0.001805 
-0.033078 0.007023 
-0.035441 0.011453 
-0.036951 0.015456 
-0.037049 0.018443 
-0.036787 0.021494 
-0.035474 0.023562 
-0.033505 0.023398 
-0.029928 0.023792 
-0.025400 0.023431 
-0.021133 0.022643 
-0.015423 0.021232 
-0.009385 0.019657 
-0.003577 0.018377 
0.002100 0.016178 
0.007154 0.014603 
0.012700 0.013947 
0.017524 0.013487 
0.020740 0.012503 
0.023890 0.012733 
0.026187 0.013881 
0.027697 0.014898 
0.028583 0.015949 
0.028156 0.017622 
0.027336 0.020247 
0.025826 0.021987 
0.024514 0.023759 
0.022577 0.025268 
0.020346 0.025367 
0.019197 0.025006 
0.017458 0.024120 
0.015686 0.021823 
0.014275 0.018738 
0.014472 0.015227 
0.015292 0.011026 
0.015227 0.006826 
0.016014 0.002002 
0.016802 -0.003643 
0.018902 -0.008631 
0.020346 -0.013389 
0.021396 -0.018180 
0.023496 -0.021626 
0.023332 -0.024546 
0.023956 -0.026417 
0.023496 -0.027959 
0.021527 -0.028780 
0.020116 -0.027434 
0.016408 -0.026089 
0.012601 -0.023595 
0.009188 -0.021987 
0.004135 -0.020379 
-0.001739 -0.018278 
-0.006859 -0.016277 
-0.011879 -0.013520 
-0.016441 -0.012076 
-0.021035 -0.010206 
-0.024940 -0.009024 
-0.027697 -0.007876 
-0.029502 -0.007154 
-0.029633 -0.006563 
-0.030617 -0.004200 
-0.029928 -0.002494 
-0.027762 -0.001083 
-0.025925 0.001050 
-0.023792 0.003839 
-0.021330 0.006727 
-0.017557 0.009549 
-0.014931 0.012569 
-0.011453 0.015719 
-0.008335 0.017688 
-0.006235 0.019165 
-0.003446 0.021265 
-0.002592 0.021626 
-0.001510 0.021133 
-0.000295 0.020772 
0.000984 0.018705 
0.002330 0.016506 
0.003314 0.013192 
0.005054 0.008302 
0.006301 0.004594 
0.008040 -0.000394 
0.010665 -0.005021 
0.012700 -0.010304 
0.014964 -0.016145 
0.017196 -0.020510 
0.018278 -0.026286 
0.019558 -0.029863 
0.019558 -0.032750 
0.018771 -0.036130 
0.017918 -0.036951 
0.014997 -0.037180 
0.012339 -0.036754 
0.008696 -0.035080 
0.003183 -0.032389 
-0.001739 -0.027926 
-0.006104 -0.023463 
-0.010731 -0.019132 
-0.016375 -0.013947 
-0.021593 -0.008302 
-0.025925 -0.002264 
-0.030158 0.002592 
-0.033144 0.007974 
-0.035113 0.012536 
-0.036984 0.015653 
-0.037607 0.018410 
-0.037476 0.020543 
-0.035737 0.022873 
-0.033341 0.023201 
-0.030453 0.023529 
-0.025334 0.023398 
-0.020838 0.021757 
-0.015259 0.019886 
-0.009746 0.017983 
-0.004857 0.016736 
0.001378 0.014570 
0.006891 0.013061 
0.012043 0.012076 
0.016080 0.011256 
0.020018 0.011650 
0.023201 0.012404 
0.024678 0.013225 
0.026187 0.014997 
0.026154 0.017425 
0.025761 0.019132 
0.025531 0.021462 
0.024514 0.023168 
0.022577 0.023988 
0.020477 0.024874 
0.018836 0.024874 
0.016441 0.024415 
0.015358 0.023234 
0.014209 0.020937 
0.012634 0.017491 
0.012536 0.013848 
0.011879 0.009910 
0.013159 0.005021 
0.014505 0.000230 
0.015916 -0.005185 
0.018475 -0.010304 
0.019033 -0.014472 
0.020412 -0.019460 
0.022184 -0.022774 
0.022577 -0.025006 
0.021987 -0.027401 
0.021396 -0.027598 
0.019985 -0.027795 
0.017721 -0.027533 
0.015259 -0.026417 
0.010698 -0.025137 
0.006202 -0.023102 
0.001608 -0.021133 
-0.003938 -0.019427 
-0.009188 -0.018114 
-0.014275 -0.016178 
-0.018935 -0.014702 
-0.023595 -0.013783 
-0.027040 -0.013159 
-0.028780 -0.012765 
-0.030289 -0.010961 
-0.030814 -0.009287 
-0.031241 -0.008073 
-0.030355 -0.006005 
-0.028123 -0.003478 
-0.026286 -0.001313 
-0.023135 0.001674 
-0.020444 0.005119 
-0.017589 0.008138 
-0.014997 0.011354 
-0.012765 0.014308 
-0.010337 0.016638 
-0.008335 0.018213 
-0.006137 0.019361 
-0.004758 0.020247 
-0.003249 0.020444 
-0.002527 0.019132 
-0.000984 0.017589 
0.000361 0.015227 
0.001444 0.011584 
0.004299 0.007548 
0.006137 0.003019 
0.008434 -0.001608 
0.011026 -0.007055 
0.013290 -0.012404 
0.015850 -0.017786 
0.017786 -0.022906 
0.018968 -0.027270 
0.019952 -0.030978 
0.019985 -0.034260 
0.019230 -0.037345 
0.017753 -0.038493 
0.015063 -0.037935 
0.011978 -0.037082 
0.008007 -0.035376 
0.003610 -0.032586 
-0.000952 -0.029698 
-0.005382 -0.024612 
-0.010567 -0.019132 
-0.016211 -0.014373 
-0.020969 -0.008729 
-0.025465 -0.003413 
-0.029797 0.001608 
-0.033374 0.006169 
-0.035441 0.011125 
-0.036557 0.014636 
-0.037148 0.017491 
-0.036721 0.020018 
-0.035179 0.021954 
-0.032816 0.022676 
-0.028911 0.022315 
-0.024514 0.021888 
-0.019952 0.020149 
-0.014669 0.018968 
-0.008663 0.017261 
-0.002921 0.015063 
0.002133 0.013323 
0.008532 0.012503 
0.013356 0.012175 
0.016703 0.011814 
0.020510 0.012569 
0.023398 0.013487 
0.025826 0.014833 
0.026614 0.016375 
0.026581 0.018213 
0.026843 0.020379 
0.025990 0.023004 
0.024251 0.025400 
0.022807 0.026647 
0.020871 0.026843 
0.019099 0.026778 
0.017786 0.026253 
0.016047 0.024842 
0.014898 0.022709 
0.014472 0.019394 
0.014275 0.015620 
0.014997 0.010501 
0.015949 0.005349 
0.016966 0.000459 
0.018738 -0.005119 
0.020182 -0.010107 
0.023135 -0.014111 
0.024645 -0.017392 
0.024645 -0.020838 
0.025990 -0.023037 
0.025137 -0.024153 
0.023660 -0.024907 
0.021987 -0.023956 
0.019525 -0.023266 
0.015784 -0.022774 
0.011650 -0.020477 
0.007482 -0.019197 
0.001739 -0.017918 
-0.002231 -0.016638 
-0.007548 -0.016014 
-0.013290 -0.015095 
-0.017064 -0.014898 
-0.021199 -0.013061 
-0.024382 -0.012142 
-0.027500 -0.010862 
-0.028681 -0.009878 
-0.029863 -0.009385 
-0.030355 -0.006498 
-0.028386 -0.004725 
-0.026581 -0.001378 
-0.023890 0.002035 
-0.021626 0.004135 
-0.019165 0.007023 
-0.017491 0.010009 
-0.014997 0.013980 
-0.011912 0.017196 
-0.010698 0.018771 
-0.008893 0.020707 
-0.007646 0.022184 
-0.006268 0.021888 
-0.004725 0.021659 
-0.003741 0.020904 
-0.002363 0.019033 
-0.000886 0.016441 
0.000459 0.012864 
0.003249 0.009024 
0.006071 0.003839 
0.008467 -0.001247 
0.011321 -0.006005 
0.013126 -0.012142 
0.016244 -0.017196 
0.018147 -0.022348 
0.018968 -0.027139 
0.019493 -0.030420 
0.018869 -0.034063 
0.018377 -0.036459 
0.017425 -0.037837 
0.015784 -0.037541 
0.011978 -0.036426 
0.008007 -0.034325 
0.003413 -0.031077 
-0.001510 -0.027729 
-0.006596 -0.022807 
-0.012634 -0.017983 
-0.017688 -0.012929 
-0.022577 -0.007646 
-0.026482 -0.003183 
-0.031077 0.001838 
-0.035015 0.007515 
-0.036459 0.011256 
-0.036984 0.014537 
-0.037706 0.017950 
-0.037377 0.019624 
-0.035999 0.021101 
-0.033899 0.021790 
-0.029731 0.021298 
-0.025596 0.020444 
-0.020182 0.019000 
-0.014997 0.016441 
-0.009976 0.014833 
-0.003610 0.013619 
0.001805 0.012208 
0.007023 0.011092 
0.011453 0.010173 
0.015456 0.010731 
0.018443 0.011387 
0.021494 0.012634 
0.023562 0.014209 
0.023398 0.016408 
0.023792 0.018804 
0.023431 0.020608 
0.022643 0.023004 
0.021232 0.024973 
0.019657 0.026056 
0.018377 0.026614 
0.016178 0.027172 
0.014603 0.025859 
0.013947 0.023266 
0.013487 0.020969 
0.012503 0.018114 
0.012733 0.014045 
0.013881 0.009549 
0.014898 0.004365 
0.015949 -0.000952 
0.017622 -0.006005 
0.020247 -0.011486 
0.021987 -0.014931 
0.023759 -0.018049 
0.025268 -0.021002 
0.025367 -0.022906 
0.025006 -0.024415 
0.024120 -0.024382 
0.021823 -0.023759 
0.018738 -0.023463 
0.015227 -0.022840 
0.011026 -0.021232 
0.006826 -0.020247 
0.002002 -0.019197 
-0.003643 -0.018180 
-0.008631 -0.017294 
-0.013389 -0.015850 
-0.018180 -0.016047 
-0.021626 -0.015489 
-0.024546 -0.014308 
-0.026417 -0.014144 
-0.027959 -0.012437 
-0.028780 -0.010829 
-0.027434 -0.008598 
-0.026089 -0.005283 
-0.023595 -0.003118 
-0.021987 -0.000230 
-0.020379 0.003216 
-0.018278 0.007154 
-0.016277 0.010271 
-0.013520 0.013028 
-0.012076 0.016441 
-0.010206 0.018738 
-0.009024 0.021035 
-0.007876 0.022151 
-0.007154 0.022184 
-0.006563 0.022151 
-0.004200 0.021035 
-0.002494 0.019132 
-0.001083 0.016474 
0.001050 0.013028 
0.003839 0.009484 
0.006727 0.004332 
0.009549 -0.001542 
0.012569 -0.006333 
0.015719 -0.011978 
0.017688 -0.017721 
0.019165 -0.023004 
0.021265 -0.027729 
0.021626 -0.031372 
0.021133 -0.033407 
0.020772 -0.035769 
0.018705 -0.036984 
0.016506 -0.036163 
0.013192 -0.035540 
0.008302 -0.033046 
0.004594 -0.030191 
-0.000394 -0.026384 
-0.005021 -0.021002 
-0.010304 -0.016966 
-0.016145 -0.012569 
-0.020510 -0.006333 
-0.026286 -0.001444 
-0.029863 0.003610 
-0.032750 0.008368 
-0.036130 0.011748 
-0.036951 0.015719 
-0.037180 0.018016 
-0.036754 0.020412 
-0.035080 0.021166 
-0.032389 0.021133 
-0.027926 0.020280 
-0.023463 0.018968 
-0.019132 0.018836 
-0.013947 0.016539 
-0.008302 0.015161 
-0.002264 0.013126 
0.002592 0.012470 
0.007974 0.012109 
0.012536 0.011190 
0.015653 0.012142 
0.018410 0.012273 
0.020543 0.014078 
0.022873 0.016113 
0.023201 0.018082 
0.023529 0.020412 
0.023398 0.023299 
0.021757 0.025432 
0.019886 0.026843 
0.017983 0.028419 
0.016736 0.028484 
0.014570 0.028550 
0.013061 0.027303 
0.012076 0.024710 
0.011256 0.021987 
0.011650 0.018508 
0.012404 0.013323 
0.013225 0.008827 
0.014997 0.004102 
0.017425 -0.001542 
0.019132 -0.005907 
0.021462 -0.010042 
0.023168 -0.013619 
0.023988 -0.017130 
0.024874 -0.019132 
0.024874 -0.020641 
0.024415 -0.022315 
0.023234 -0.022216 
0.020937 -0.021396 
0.017491 -0.021626 
0.013848 -0.021462 
0.009910 -0.020707 
0.005021 -0.021035 
0.000230 -0.019919 
-0.005185 -0.019066 
-0.010304 -0.019230 
-0.014472 -0.018607 
-0.019460 -0.017589 
-0.022774 -0.016867 
-0.025006 -0.016211 
-0.027401 -0.014439 
-0.027598 -0.013290 
-0.027795 -0.011223 
-0.027533 -0.008401 
-0.026417 -0.006727 
-0.025137 -0.003741 
-0.023102 -0.000230 
-0.021133 0.002560 
-0.019427 0.006563 
-0.018114 0.010468 
-0.016178 0.013750 
-0.014702 0.016342 
-0.013783 0.019296 
-0.013159 0.021921 
-0.012765 0.022446 
-0.010961 0.023496 
-0.009287 0.022840 
-0.008073 0.022118 
-0.006005 0.020805 
-0.003478 0.017786 
-0.001313 0.014176 
0.001674 0.009188 
0.005119 0.004660 
0.008138 -0.001214 
0.011354 -0.006432 
0.014308 -0.012109 
0.016638 -0.018213 
0.018213 -0.023332 
0.019361 -0.028058 
0.020247 -0.031372 
0.020444 -0.034424 
0.019132 -0.035671 
0.017589 -0.036852 
0.015227 -0.036754 
0.011584 -0.035179 
0.007548 -0.033308 
0.003019 -0.030322 
-0.001608 -0.026417 
-0.007055 -0.022052 
-0.012404 -0.017819 
-0.017786 -0.012011 
-0.022906 -0.006826 
-0.027270 -0.001969 
-0.030978 0.003511 
-0.034260 0.007941 
-0.037345 0.011781 
-0.038493 0.014833 
-0.037935 0.016736 
-0.037082 0.018180 
-0.035376 0.018804 
-0.032586 0.018869 
-0.029698 0.017950 
-0.024612 0.016703 
-0.019132 0.015653 
-0.014373 0.013323 
-0.008729 0.012437 
-0.003413 0.011289 
0.001608 0.010074 
0.006169 0.010140 
0.011125 0.010961 
0.014636 0.011256 
0.017491 0.010961 
0.020018 0.013947 
0.021954 0.015883 
0.022676 0.018246 
0.022315 0.020707 
0.021888 0.022512 
0.020149 0.025859 
0.018968 0.027401 
0.017261 0.028845 
0.015063 0.029206 
0.013323 0.028451 
0.012503 0.026909 
0.012175 0.024579 
0.011814 0.021560 
0.012569 0.017064 
0.013487 0.012733 
0.014833 0.008040 
0.016375 0.002494 
0.018213 -0.002264 
0.020379 -0.006924 
0.023004 -0.011157 
0.025400 -0.013487 
0.026647 -0.016342 
0.026843 -0.018311 
0.026778 -0.019525 
0.026253 -0.020641 
0.024842 -0.020379 
0.022709 -0.020510 
0.019394 -0.020641 
0.015620 -0.020477 
0.010501 -0.020116 
0.005349 -0.019854 
0.000459 -0.019690 
-0.005119 -0.019525 
-0.010107 -0.019821 
-0.014111 -0.019755 
-0.017392 -0.019165 
-0.020838 -0.018377 
-0.023037 -0.017130 
-0.024153 -0.016310 
-0.024907 -0.014406 
-0.023956 -0.012372 
-0.023266 -0.010567 
-0.022774 -0.007121 
-0.020477 -0.003938 
-0.019197 -0.000459 
-0.017918 0.002921 
-0.016638 0.006957 
-0.016014 0.010403 
-0.015095 0.013323 
-0.014898 0.017196 
-0.013061 0.019788 
-0.012142 0.022052 
-0.010862 0.023135 
-0.009878 0.023890 
-0.009385 0.023988 
-0.006498 0.022873 
-0.004725 0.021363 
-0.001378 0.018377 
0.002035 0.013947 
0.004135 0.009221 
0.007023 0.003905 
0.010009 -0.001510 
0.013980 -0.006498 
0.017196 -0.012601 
0.018771 -0.017852 
0.020707 -0.023529 
0.022184 -0.027762 
0.021888 -0.030716 
0.021659 -0.033899 
0.020904 -0.035244 
0.019033 -0.036852 
0.016441 -0.036327 
0.012864 -0.034851 
0.009024 -0.032816 
0.003839 -0.029502 
-0.001247 -0.025925 
-0.006005 -0.020904 
-0.012142 -0.015817 
-0.017196 -0.010600 
-0.022348 -0.005907 
-0.027139 -0.000755 
-0.030420 0.004693 
-0.034063 0.008696 
-0.036459 0.012208 
-0.037837 0.015227 
-0.037541 0.017031 
-0.036426 0.017950 
-0.034325 0.018869 
-0.031077 0.018968 
-0.027729 0.017622 
-0.022807 0.016605 
-0.017983 0.014833 
-0.012929 0.012864 
-0.007646 0.012404 
-0.003183 0.011190 
0.001838 0.010698 
0.007515 0.010304 
0.011256 0.010468 
0.014537 0.011453 
0.017950 0.012601 
0.019624 0.015358 
0.021101 0.017327 
0.021790 0.020018 
0.021298 0.022840 
0.020444 0.025006 
0.019000 0.027631 
0.016441 0.029600 
0.014833 0.030059 
0.013619 0.029731 
0.012208 0.029141 
0.011092 0.027270 
0.010173 0.024514 
0.010731 0.020608 
0.011387 0.016769 
0.012634 0.012339 
0.014209 0.006924 
0.016408 0.002133 
0.018804 -0.001871 
0.020608 -0.005579 
0.023004 -0.009878 
0.024973 -0.012339 
0.026056 -0.014570 
0.026614 -0.017031 
0.027172 -0.017589 
0.025859 -0.018738 
0.023266 -0.019821 
0.020969 -0.019624 
0.018114 -0.019985 
0.014045 -0.020280 
0.009549 -0.020215 
0.004365 -0.020018 
-0.000952 -0.019886 
-0.006005 -0.020576 
-0.011486 -0.020018 
-0.014931 -0.020543 
-0.018049 -0.021035 
-0.021002 -0.019263 
-0.022906 -0.018246 
-0.024415 -0.017557 
-0.024382 -0.015752 
-0.023759 -0.012897 
-0.023463 -0.010698 
-0.022840 -0.007449 
-0.021232 -0.003708 
-0.020247 -0.000853 
-0.019197 0.002953 
-0.018180 0.007023 
-0.017294 0.011092 
-0.015850 0.014669 
-0.016047 0.018049 
-0.015489 0.020937 
-0.014308 0.023070 
-0.014144 0.024645 
-0.012437 0.025104 
-0.010829 0.024710 
-0.008598 0.023135 
-0.005283 0.021199 
-0.003118 0.018082 
-0.000230 0.013881 
0.003216 0.009024 
0.007154 0.003446 
0.010271 -0.001575 
0.013028 -0.007252 
0.016441 -0.012962 
0.018738 -0.018607 
0.021035 -0.023890 
0.022151 -0.027565 
0.022184 -0.031306 
0.022151 -0.034227 
0.021035 -0.036229 
0.019132 -0.036655 
0.016474 -0.035540 
0.013028 -0.035015 
0.009484 -0.032947 
0.004332 -0.028714 
-0.001542 -0.024448 
-0.006333 -0.020379 
-0.011978 -0.014669 
-0.017721 -0.009451 
-0.023004 -0.004791 
-0.027729 0.000919 
-0.031372 0.005152 
-0.033407 0.009287 
-0.035769 0.012864 
-0.036984 0.015227 
-0.036163 0.016342 
-0.035540 0.017557 
-0.033046 0.018016 
-0.030191 0.016605 
-0.026384 0.015916 
-0.021002 0.014800 
-0.016966 0.014045 
-0.012569 0.012569 
-0.006333 0.011157 
-0.001444 0.010468 
0.003610 0.009024 
0.008368 0.008893 
0.011748 0.009287 
0.015719 0.011157 
0.018016 0.013225 
0.020412 0.014997 
0.021166 0.017918 
0.021133 0.020838 
0.020280 0.023890 
0.018968 0.026548 
0.018836 0.028648 
0.016539 0.030027 
0.015161 0.030749 
0.013126 0.030552 
0.012470 0.029108 
0.012109 0.027204 
0.011190 0.024185 
0.012142 0.020313 
0.012273 0.016539 
0.014078 0.011748 
0.016113 0.007187 
0.018082 0.003150 
0.020412 -0.000624 
0.023299 -0.003774 
0.025432 -0.007580 
0.026843 -0.010206 
0.028419 -0.012208 
0.028484 -0.014505 
0.028550 -0.015752 
0.027303 -0.016277 
0.024710 -0.017196 
0.021987 -0.018082 
0.018508 -0.018278 
0.013323 -0.018607 
0.008827 -0.018935 
0.004102 -0.018771 
-0.001542 -0.018836 
-0.005907 -0.020608 
-0.010042 -0.021068 
-0.013619 -0.020477 
-0.017130 -0.020608 
-0.019132 -0.019591 
-0.020641 -0.019000 
-0.022315 -0.018114 
-0.022216 -0.016145 
-0.021396 -0.013192 
-0.021626 -0.010370 
-0.021462 -0.007416 
-0.020707 -0.003577 
-0.021035 -0.000230 
-0.019919 0.003675 
-0.019066 0.007055 
-0.019230 0.011584 
-0.018607 0.015949 
-0.017589 0.018377 
-0.016867 0.021757 
-0.016211 0.023792 
-0.014439 0.024776 
-0.013290 0.024940 
-0.011223 0.024678 
-0.008401 0.023299 
-0.006727 0.020116 
-0.003741 0.017753 
-0.000230 0.013553 
0.002560 0.009221 
0.006563 0.004430 
0.010468 -0.001575 
0.013750 -0.006662 
0.016342 -0.012470 
0.019296 -0.017918 
0.021921 -0.023299 
0.022446 -0.027500 
0.023496 -0.031438 
0.022840 -0.034391 
0.022118 -0.035408 
0.020805 -0.037213 
0.017786 -0.036721 
0.014176 -0.034719 
0.009188 -0.031700 
0.004660 -0.028189 
-0.001214 -0.024514 
-0.006432 -0.019329 
-0.012109 -0.014833 
-0.018213 -0.009353 
-0.023332 -0.003708 
-0.028058 0.000361 
-0.031372 0.005152 
-0.034424 0.009221 
-0.035671 0.011682 
-0.036852 0.014012 
-0.036754 0.015752 
-0.035179 0.016539 
-0.033308 0.016277 
-0.030322 0.015620 
-0.026417 0.014767 
-0.022052 0.013323 
-0.017819 0.012208 
-0.012011 0.010534 
-0.006826 0.008663 
-0.001969 0.007974 
0.003511 0.007909 
0.007941 0.008270 
0.011781 0.009353 
0.014833 0.011387 
0.016736 0.013258 
0.018180 0.015423 
0.018804 0.018902 
0.018869 0.022151 
0.017950 0.024415 
0.016703 0.027237 
0.015653 0.029305 
0.013323 0.030027 
0.012437 0.030716 
0.011289 0.029337 
0.010074 0.027368 
0.010140 0.025301 
0.010961 0.022052 
0.011256 0.018738 
0.010961 0.014012 
0.013947 0.009582 
0.015883 0.005513 
0.018246 0.001641 
0.020707 -0.000886 
0.022512 -0.004463 
0.025859 -0.007351 
0.027401 -0.009714 
0.028845 -0.012470 
0.029206 -0.013290 
0.028451 -0.014308 
0.026909 -0.016211 
0.024579 -0.016867 
0.021560 -0.016736 
0.017064 -0.017425 
0.012733 -0.018705 
0.008040 -0.019132 
0.002494 -0.020280 
-0.002264 -0.021593 
-0.006924 -0.021888 
-0.011157 -0.021823 
-0.013487 -0.021691 
-0.016342 -0.022052 
-0.018311 -0.021429 
-0.019525 -0.020674 
-0.020641 -0.019329 
-0.020379 -0.017196 
-0.020510 -0.015227 
-0.020641 -0.012437 
-0.020477 -0.009648 
-0.020116 -0.005973 
-0.019854 -0.002100 
-0.019690 0.002035 
-0.019525 0.006727 
-0.019821 0.010600 
-0.019755 0.014242 
-0.019165 0.018049 
-0.018377 0.021002 
-0.017130 0.022446 
-0.016310 0.024021 
-0.014406 0.023890 
-0.012372 0.022906 
-0.010567 0.022348 
-0.007121 0.019394 
-0.003938 0.015653 
-0.000459 0.011814 
0.002921 0.007384 
0.006957 0.002199 
0.010403 -0.003577 
0.013323 -0.008762 
0.017196 -0.014209 
0.019788 -0.019690 
0.022052 -0.024087 
0.023135 -0.028255 
0.023890 -0.032127 
0.023988 -0.034686 
0.022873 -0.036163 
0.021363 -0.036951 
0.018377 -0.036327 
0.013947 -0.034325 
0.009221 -0.031864 
0.003905 -0.028090 
-0.001510 -0.023595 
-0.006498 -0.018410 
-0.012601 -0.013225 
-0.017852 -0.008893 
-0.023529 -0.004102 
-0.027762 0.000197 
-0.030716 0.005283 
-0.033899 0.009615 
-0.035244 0.011847 
-0.036852 0.014472 
-0.036327 0.015620 
-0.034851 0.016047 
-0.032816 0.016506 
-0.029502 0.015686 
-0.025925 0.014111 
-0.020904 0.011978 
-0.015817 0.010796 
-0.010600 0.010271 
-0.005907 0.008499 
-0.000755 0.007974 
0.004693 0.008729 
0.008696 0.008926 
0.012208 0.010468 
0.015227 0.013094 
0.017031 0.015686 
0.017950 0.018443 
0.018869 0.021298 
0.018968 0.024185 
0.017622 0.027401 
0.016605 0.029633 
0.014833 0.030683 
0.012864 0.031667 
0.012404 0.031044 
0.011190 0.030223 
0.010698 0.028451 
0.010304 0.025301 
0.010468 0.023004 
0.011453 0.019361 
0.012601 0.015292 
0.015358 0.011518 
0.017327 0.008007 
0.020018 0.004922 
0.022840 0.001510 
0.025006 -0.001313 
0.027631 -0.003807 
0.029600 -0.006563 
0.030059 -0.008696 
0.029731 -0.009648 
0.029141 -0.010665 
0.027270 -0.012109 
0.024514 -0.013553 
0.020608 -0.014472 
0.016769 -0.015423 
0.012339 -0.016933 
0.006924 -0.018049 
0.002133 -0.018902 
-0.001871 -0.019000 
-0.005579 -0.019821 
-0.009878 -0.020838 
-0.012339 -0.020740 
-0.014570 -0.021035 
-0.017031 -0.020740 
-0.017589 -0.020444 
-0.018738 -0.019263 
-0.019821 -0.017163 
-0.019624 -0.014866 
-0.019985 -0.011879 
-0.020280 -0.008992 
-0.020215 -0.004463 
-0.020018 -0.000328 
-0.019886 0.004168 
-0.020576 0.008926 
-0.020018 0.012536 
-0.020543 0.016900 
-0.021035 0.019788 
-0.019263 0.022184 
-0.018246 0.024054 
-0.017557 0.025268 
-0.015752 0.025498 
-0.012897 0.024382 
-0.010698 0.022906 
-0.007449 0.019624 
-0.003708 0.016244 
-0.000853 0.012208 
0.002953 0.007220 
0.007023 0.001608 
0.011092 -0.003839 
0.014669 -0.009320 
0.018049 -0.015161 
0.020937 -0.020083 
0.023070 -0.025761 
0.024645 -0.029961 
0.025104 -0.033078 
0.024710 -0.035868 
0.023135 -0.037082 
0.021199 -0.037443 
0.018082 -0.036426 
0.013881 -0.034194 
0.009024 -0.031503 
0.003446 -0.028025 
-0.001575 -0.023660 
-0.007252 -0.019657 
-0.012962 -0.014144 
-0.018607 -0.009024 
-0.023890 -0.004988 
-0.027565 -0.000328 
-0.031306 0.003577 
-0.034227 0.007646 
-0.036229 0.009779 
-0.036655 0.011453 
-0.035540 0.013520 
-0.035015 0.013553 
-0.032947 0.012536 
-0.028714 0.011256 
-0.024448 0.010600 
-0.020379 0.008795 
-0.014669 0.007055 
-0.009451 0.006432 
-0.004791 0.005316 
0.000919 0.005710 
0.005152 0.006235 
0.009287 0.007088 
0.012864 0.008992 
0.015227 0.011321 
0.016342 0.014767 
0.017557 0.017327 
0.018016 0.021068 
0.016605 0.024546 
0.015916 0.026154 
0.014800 0.027861 
0.014045 0.028780 
0.012569 0.029764 
0.011157 0.029009 
0.010468 0.027729 
0.009024 0.026745 
0.008893 0.024054 
0.009287 0.020576 
0.011157 0.016867 
0.013225 0.013389 
0.014997 0.010173 
0.017918 0.007023 
0.020838 0.003577 
0.023890 0.000361 
0.026548 -0.002199 
0.028648 -0.004463 
0.030027 -0.006629 
0.030749 -0.008138 
0.030552 -0.009976 
0.029108 -0.011518 
0.027204 -0.012831 
0.024185 -0.014308 
0.020313 -0.014964 
0.016539 -0.016572 
0.011748 -0.017228 
0.007187 -0.017918 
0.003150 -0.019657 
-0.000624 -0.020149 
-0.003774 -0.020838 
-0.007580 -0.021691 
-0.010206 -0.022085 
-0.012208 -0.021888 
-0.014505 -0.021987 
-0.015752 -0.021757 
-0.016277 -0.020083 
-0.017196 -0.017491 
-0.018082 -0.014603 
-0.018278 -0.011715 
-0.018607 -0.008302 
-0.018935 -0.004069 
-0.018771 -0.000131 
-0.018836 0.004890 
-0.020608 0.009746 
-0.021068 0.012634 
-0.020477 0.016605 
-0.020608 0.020543 
-0.019591 0.023201 
-0.019000 0.025170 
-0.018114 0.026909 
-0.016145 0.026745 
-0.013192 0.025761 
-0.010370 0.024514 
