-0.000122 0.000000 
-0.000275 0.000153 
-0.000488 -0.000549 
-0.000031 -0.000031 
-0.000336 0.000305 
0.000092 0.000214 
0.000641 0.000214 
-0.000305 0.000092 
0.000061 -0.000244 
0.000092 -0.000214 
0.000000 -0.000122 
0.000153 -0.000916 
-0.000549 -0.000916 
-0.000031 -0.000641 
0.000305 -0.000854 
0.000214 -0.000366 
0.000214 -0.000214 
0.000092 -0.000275 
-0.000244 0.000214 
-0.000214 0.000000 
-0.000122 -0.000488 
-0.000916 0.000031 
-0.000916 0.000916 
-0.000641 0.000458 
-0.000854 0.000153 
-0.000366 0.000519 
-0.000214 0.000153 
-0.000275 0.000336 
0.000214 0.000610 
0.000000 -0.000061 
-0.000488 -0.000336 
0.000031 -0.000275 
0.000916 -0.000366 
0.000458 0.000122 
0.000153 -0.000336 
0.000519 -0.000702 
0.000153 -0.000244 
0.000336 -0.000092 
0.000610 0.000397 
-0.000061 -0.000610 
-0.000336 -0.000916 
-0.000275 -0.000092 
-0.000366 -0.000244 
0.000122 -0.000244 
-0.000336 -0.000732 
-0.000702 -0.000610 
-0.000244 0.000244 
-0.000092 0.000214 
0.000397 0.000031 
-0.000610 -0.000244 
-0.000916 -0.000519 
-0.000092 0.000214 
-0.000244 -0.000092 
-0.000244 -0.000610 
-0.000732 -0.000397 
-0.000610 -0.000183 
0.000244 0.000214 
0.000214 -0.000122 
0.000031 0.000122 
-0.000244 0.000153 
-0.000519 -0.000183 
0.000214 0.000244 
-0.000092 0.000122 
-0.000610 -0.000305 
-0.000397 -0.000061 
-0.000183 -0.000092 
0.000214 -0.000671 
-0.000122 -0.001282 
0.000122 -0.001068 
0.000153 -0.000580 
-0.000183 -0.000916 
0.000244 -0.000549 
0.000122 -0.000458 
-0.000305 -0.001129 
-0.000061 -0.000824 
-0.000092 -0.000397 
-0.000671 -0.000702 
-0.001282 -0.000183 
-0.001068 0.000336 
-0.000580 -0.000214 
-0.000916 -0.000305 
-0.000549 -0.000610 
-0.000458 -0.000427 
-0.001129 -0.000061 
-0.000824 -0.000275 
-0.000397 -0.000275 
-0.000702 -0.000580 
-0.000183 -0.000885 
0.000336 -0.001282 
-0.000214 -0.001221 
-0.000305 -0.000488 
-0.000610 -0.001129 
-0.000427 -0.001282 
-0.000061 -0.000519 
-0.000275 -0.001373 
-0.000275 -0.001526 
-0.000580 -0.000977 
-0.000885 -0.000854 
-0.001282 -0.000488 
-0.001221 -0.000031 
-0.000488 -0.000702 
-0.001129 -0.001129 
-0.001282 -0.000519 
-0.000519 -0.000427 
-0.001373 -0.000092 
-0.001526 -0.000427 
-0.000977 0.000183 
-0.000854 0.000336 
-0.000488 0.000122 
-0.000031 0.000549 
-0.000702 -0.000275 
-0.001129 0.000214 
-0.000519 -0.000244 
-0.000427 -0.000519 
-0.000092 0.000031 
-0.000427 0.000000 
0.000183 -0.000397 
0.000336 -0.000977 
0.000122 -0.000488 
0.000549 -0.000183 
-0.000275 -0.000153 
0.000214 -0.001221 
-0.000244 -0.000977 
-0.000519 -0.000519 
0.000031 -0.001007 
0.000000 -0.000458 
-0.000397 -0.000366 
-0.000977 -0.000641 
-0.000488 -0.000671 
-0.000183 0.000092 
-0.000153 -0.000427 
-0.001221 -0.000244 
-0.000977 0.000122 
-0.000519 0.000214 
-0.001007 0.000610 
-0.000458 -0.000366 
-0.000366 -0.000092 
-0.000641 0.000305 
-0.000671 0.000610 
0.000092 0.000366 
-0.000427 -0.000305 
-0.000244 -0.000519 
0.000122 -0.001129 
0.000214 -0.000824 
0.000610 -0.000793 
-0.000366 -0.001129 
-0.000092 -0.001190 
0.000305 -0.001526 
0.000610 -0.002136 
0.000366 -0.001617 
-0.000305 -0.001099 
-0.000519 -0.001251 
-0.001129 -0.000610 
-0.000824 -0.000519 
-0.000793 -0.000610 
-0.001129 -0.000183 
-0.001190 0.000214 
-0.001526 0.000153 
-0.002136 -0.000061 
-0.001617 -0.000183 
-0.001099 0.000305 
-0.001251 0.000610 
-0.000610 0.000031 
-0.000519 0.000366 
-0.000610 0.000153 
-0.000183 -0.000153 
0.000214 0.000000 
0.000153 -0.000885 
-0.000061 -0.001099 
-0.000183 -0.000671 
0.000305 -0.000519 
0.000610 -0.000854 
0.000031 -0.000977 
0.000366 -0.000824 
0.000153 -0.000671 
-0.000153 -0.000214 
0.000000 0.000031 
-0.000885 0.000519 
-0.001099 0.000702 
-0.000671 0.000488 
-0.000519 0.000671 
-0.000854 0.000641 
-0.000977 0.000580 
-0.000824 0.000549 
-0.000671 0.000671 
-0.000214 0.000793 
0.000031 0.000946 
0.000519 0.000824 
0.000702 0.000519 
0.000488 0.000458 
0.000671 0.000305 
0.000641 0.000580 
0.000580 0.000153 
0.000549 0.000580 
0.000671 0.001221 
0.000793 0.000305 
0.000946 0.000916 
0.000824 0.001373 
0.000519 0.000488 
0.000458 0.000763 
0.000305 0.001099 
0.000580 0.000641 
0.000153 0.000885 
0.000580 0.000977 
0.001221 0.000763 
0.000305 0.000671 
0.000916 0.000732 
0.001373 0.001068 
0.000488 0.000977 
0.000763 0.000885 
0.001099 0.000336 
0.000641 0.000488 
0.000885 0.001221 
0.000977 0.000916 
0.000763 0.000885 
0.000671 0.000824 
0.000732 0.000153 
0.001068 -0.000305 
0.000977 -0.000214 
0.000885 0.000153 
0.000336 -0.000183 
0.000488 -0.000610 
0.001221 -0.000183 
0.000916 -0.000244 
0.000885 0.000122 
0.000824 0.000427 
0.000153 -0.000305 
-0.000305 0.000031 
-0.000214 0.000549 
0.000153 0.000763 
-0.000183 0.000793 
-0.000610 0.001007 
-0.000183 0.001099 
-0.000244 0.000916 
0.000122 0.001007 
0.000427 0.000946 
-0.000305 0.000763 
0.000031 0.000671 
0.000549 0.001099 
0.000763 0.000702 
0.000793 0.000458 
0.001007 0.000702 
0.001099 0.000793 
0.000916 0.001038 
0.001007 0.000427 
0.000946 0.000183 
0.000763 0.000397 
0.000671 0.000702 
0.001099 0.000427 
0.000702 0.000153 
0.000458 0.000214 
0.000702 0.000244 
0.000793 0.000916 
0.001038 0.000305 
0.000427 -0.000061 
0.000183 0.000610 
0.000397 0.000610 
0.000702 0.000122 
0.000427 0.000183 
0.000153 0.000427 
0.000214 0.000214 
0.000244 0.000458 
0.000916 0.000763 
0.000305 0.001404 
-0.000061 0.001373 
0.000610 0.001434 
0.000610 0.002167 
0.000122 0.001740 
0.000183 0.001343 
0.000427 0.000885 
0.000214 0.000641 
0.000458 0.000671 
0.000763 0.000092 
0.001404 -0.000244 
0.001373 -0.000275 
0.001434 -0.000580 
0.002167 -0.000763 
0.001740 -0.000916 
0.001343 -0.000916 
0.000885 -0.000854 
0.000641 -0.001556 
0.000671 -0.001251 
0.000092 -0.000732 
-0.000244 -0.000946 
-0.000275 -0.000885 
-0.000580 -0.001068 
-0.000763 -0.000488 
-0.000916 -0.000580 
-0.000916 -0.001099 
-0.000854 -0.000549 
-0.001556 -0.000488 
-0.001251 -0.000244 
-0.000732 -0.000641 
-0.000946 -0.001099 
-0.000885 -0.001007 
-0.001068 -0.001251 
-0.000488 -0.001007 
-0.000580 -0.001129 
-0.001099 -0.000427 
-0.000549 -0.000671 
-0.000488 -0.001038 
-0.000244 0.000183 
-0.000641 -0.000793 
-0.001099 -0.000763 
-0.001007 -0.000214 
-0.001251 -0.000732 
-0.001007 -0.000610 
-0.001129 -0.000763 
-0.000427 -0.000854 
-0.000671 -0.000763 
-0.001038 -0.000885 
0.000183 -0.001404 
-0.000793 -0.000671 
-0.000763 -0.000824 
-0.000214 -0.001251 
-0.000732 -0.000275 
-0.000610 -0.000244 
-0.000763 0.000000 
-0.000854 -0.000122 
-0.000763 0.000244 
-0.000885 0.000122 
-0.001404 -0.000549 
-0.000671 0.000366 
-0.000824 0.000061 
-0.001251 -0.000549 
-0.000275 0.000061 
-0.000244 0.000214 
0.000000 0.000458 
-0.000122 -0.000031 
0.000244 -0.000275 
0.000122 0.000336 
-0.000549 -0.000397 
0.000366 -0.000122 
0.000061 -0.000092 
-0.000549 -0.000305 
0.000061 0.000153 
0.000214 -0.000122 
0.000458 0.000427 
-0.000031 0.000397 
-0.000275 0.000366 
0.000336 0.000549 
-0.000397 0.000214 
-0.000122 0.000275 
-0.000092 0.000153 
-0.000305 -0.000122 
0.000153 -0.000153 
-0.000122 0.000031 
0.000427 -0.000275 
0.000397 -0.000458 
0.000366 -0.000732 
0.000549 -0.000580 
0.000214 -0.000244 
0.000275 -0.000763 
0.000153 -0.000427 
-0.000122 0.000061 
-0.000153 -0.000397 
0.000031 -0.000458 
-0.000275 0.000244 
-0.000458 0.000732 
-0.000732 0.000641 
-0.000580 0.000153 
-0.000244 0.000549 
-0.000763 0.000305 
-0.000427 0.000031 
0.000061 0.000732 
-0.000397 0.000427 
-0.000458 0.000458 
0.000244 0.000122 
0.000732 -0.000275 
0.000641 0.000031 
0.000153 0.000153 
0.000549 0.000275 
0.000305 0.000519 
0.000031 0.000793 
0.000732 0.000641 
0.000427 0.000702 
0.000458 0.000732 
0.000122 0.000641 
-0.000275 0.000458 
0.000031 0.000641 
0.000153 0.001007 
0.000275 0.000885 
0.000519 0.000488 
0.000793 0.000000 
0.000641 0.000305 
0.000702 0.000336 
0.000732 -0.000397 
0.000641 -0.000244 
0.000458 0.000458 
0.000641 -0.000061 
0.001007 -0.000061 
0.000885 0.000214 
0.000488 -0.000732 
0.000000 -0.000458 
0.000305 -0.000183 
0.000336 -0.000183 
-0.000397 0.000244 
-0.000244 -0.000366 
0.000458 -0.000549 
-0.000061 -0.000275 
-0.000061 -0.000397 
0.000214 -0.000305 
-0.000732 -0.000183 
-0.000458 -0.000092 
-0.000183 -0.000366 
-0.000183 -0.000671 
0.000244 -0.000671 
-0.000366 -0.001007 
-0.000549 -0.000275 
-0.000275 -0.000305 
-0.000397 -0.000763 
-0.000305 -0.000092 
-0.000183 -0.000458 
-0.000092 -0.000305 
-0.000366 -0.000214 
-0.000671 -0.000824 
-0.000671 -0.000488 
-0.001007 -0.000336 
-0.000275 -0.000610 
-0.000305 -0.000793 
-0.000763 -0.000763 
-0.000092 -0.000336 
-0.000458 -0.000336 
-0.000305 -0.000916 
-0.000214 -0.001190 
-0.000824 -0.000885 
-0.000488 -0.000977 
-0.000336 -0.001068 
-0.000610 -0.000793 
-0.000793 -0.000732 
-0.000763 -0.000946 
-0.000336 -0.001404 
-0.000336 -0.000793 
-0.000916 -0.000702 
-0.001190 -0.000824 
-0.000885 -0.000183 
-0.000977 -0.000946 
-0.001068 -0.001343 
-0.000793 -0.001160 
-0.000732 -0.000824 
-0.000946 -0.000610 
-0.001404 -0.001007 
-0.000793 -0.000641 
-0.000702 -0.000061 
-0.000824 -0.000305 
-0.000183 -0.000427 
-0.000946 0.000122 
-0.001343 0.000244 
-0.001160 -0.000092 
-0.000824 -0.000458 
-0.000610 -0.000061 
-0.001007 -0.000183 
-0.000641 -0.000397 
-0.000061 -0.000153 
-0.000305 -0.000275 
-0.000427 -0.000549 
0.000122 -0.000610 
0.000244 -0.000183 
-0.000092 -0.000336 
-0.000458 -0.000092 
-0.000061 -0.000214 
-0.000183 -0.000061 
-0.000397 0.000153 
-0.000153 -0.000153 
-0.000275 0.000519 
-0.000549 0.000519 
-0.000610 0.000427 
-0.000183 0.000580 
-0.000336 0.000824 
-0.000092 0.001129 
-0.000214 0.000793 
-0.000061 0.000519 
0.000153 0.000916 
-0.000153 0.000671 
0.000519 0.000519 
0.000519 0.000763 
0.000427 0.000610 
0.000580 0.001068 
0.000824 0.000580 
0.001129 0.000275 
0.000793 0.000061 
0.000519 -0.000580 
0.000916 -0.000031 
0.000671 0.000031 
0.000519 -0.000580 
0.000763 -0.000458 
0.000610 -0.000610 
0.001068 -0.000702 
0.000580 -0.000336 
0.000275 -0.000336 
0.000061 -0.000275 
-0.000580 -0.000641 
-0.000031 -0.000366 
0.000031 -0.000214 
-0.000580 0.000122 
-0.000458 -0.000153 
-0.000610 -0.000549 
-0.000702 0.000061 
-0.000336 -0.000397 
-0.000336 -0.000153 
-0.000275 -0.000977 
-0.000641 -0.001129 
-0.000366 -0.000397 
-0.000214 -0.000977 
0.000122 -0.000885 
-0.000153 -0.000275 
-0.000549 0.000031 
0.000061 -0.000641 
-0.000397 -0.000458 
-0.000153 -0.000305 
-0.000977 -0.000580 
-0.001129 -0.001068 
-0.000397 -0.000763 
-0.000977 -0.000427 
-0.000885 -0.001404 
-0.000275 -0.001801 
0.000031 -0.001556 
-0.000641 -0.001282 
-0.000458 -0.001465 
-0.000305 -0.000854 
-0.000580 -0.000732 
-0.001068 -0.001129 
-0.000763 -0.000549 
-0.000427 -0.000458 
-0.001404 -0.000519 
-0.001801 -0.000153 
-0.001556 0.000031 
-0.001282 0.000732 
-0.001465 0.000763 
-0.000854 -0.000031 
-0.000732 0.000702 
-0.001129 0.000336 
-0.000549 -0.000031 
-0.000458 0.000214 
-0.000519 -0.000366 
-0.000153 -0.000580 
0.000031 -0.000336 
0.000732 0.000336 
0.000763 -0.000946 
-0.000031 -0.001312 
0.000702 -0.000641 
0.000336 -0.001373 
-0.000031 -0.001068 
0.000214 -0.000549 
-0.000366 -0.000427 
-0.000580 -0.000214 
-0.000336 -0.000244 
0.000336 -0.000092 
-0.000946 -0.000092 
-0.001312 -0.000031 
-0.000641 0.000519 
-0.001373 0.000153 
-0.001068 0.000031 
-0.000549 0.000275 
-0.000427 0.000336 
-0.000214 0.000183 
-0.000244 -0.000061 
-0.000092 0.000397 
-0.000092 0.000336 
-0.000031 0.000000 
0.000519 -0.000122 
0.000153 0.000397 
0.000031 0.000275 
0.000275 -0.000061 
0.000336 -0.000122 
0.000183 -0.000366 
-0.000061 -0.000458 
0.000397 -0.000519 
0.000336 -0.000275 
0.000000 -0.000854 
-0.000122 -0.001007 
0.000397 -0.001007 
0.000275 -0.000488 
-0.000061 -0.000061 
-0.000122 -0.000824 
-0.000366 0.000031 
-0.000458 0.000488 
-0.000519 0.000305 
-0.000275 0.000793 
-0.000854 0.000916 
-0.001007 0.000977 
-0.001007 0.001343 
-0.000488 0.001190 
-0.000061 0.000977 
-0.000824 0.000793 
0.000031 0.000610 
0.000488 0.000458 
0.000305 -0.000244 
0.000793 -0.000305 
0.000916 -0.000305 
0.000977 -0.000031 
0.001343 -0.000031 
0.001190 -0.000610 
0.000977 -0.000549 
0.000793 -0.000305 
0.000610 -0.000397 
0.000458 -0.000061 
-0.000244 0.000916 
-0.000305 0.000763 
-0.000305 0.000793 
-0.000031 0.000641 
-0.000031 0.000824 
-0.000610 0.000732 
-0.000549 0.000336 
-0.000305 0.001129 
-0.000397 0.000702 
-0.000061 0.000336 
0.000916 0.000153 
0.000763 0.000061 
0.000793 0.000031 
0.000641 -0.000183 
0.000824 -0.000702 
0.000732 -0.000946 
0.000336 -0.000885 
0.001129 -0.001312 
0.000702 -0.000580 
0.000336 -0.000946 
0.000153 -0.001434 
0.000061 -0.001251 
0.000031 -0.001465 
-0.000183 -0.001312 
-0.000702 -0.001404 
-0.000946 -0.001190 
-0.000885 -0.001465 
-0.001312 -0.001740 
-0.000580 -0.001495 
-0.000946 -0.001617 
-0.001434 -0.001953 
-0.001251 -0.001770 
-0.001465 -0.001709 
-0.001312 -0.001434 
-0.001404 -0.001343 
-0.001190 -0.001404 
-0.001465 -0.001038 
-0.001740 -0.001099 
-0.001495 -0.000763 
-0.001617 -0.001160 
-0.001953 -0.001556 
-0.001770 -0.001343 
-0.001709 -0.001526 
-0.001434 -0.001862 
-0.001343 -0.001648 
-0.001404 -0.001312 
-0.001038 -0.001556 
-0.001099 -0.001465 
-0.000763 -0.001648 
-0.001160 -0.001434 
-0.001556 -0.001617 
-0.001343 -0.001373 
-0.001526 -0.000854 
-0.001862 -0.001221 
-0.001648 -0.000458 
-0.001312 -0.000244 
-0.001556 -0.000519 
-0.001465 0.000000 
-0.001648 0.000092 
-0.001434 -0.000397 
-0.001617 -0.000580 
-0.001373 -0.000153 
-0.000854 0.000366 
-0.001221 -0.000092 
-0.000458 0.000061 
-0.000244 0.000763 
-0.000519 0.000336 
0.000000 0.000122 
0.000092 -0.000183 
-0.000397 0.000061 
-0.000580 0.000214 
-0.000153 0.000549 
0.000366 0.000488 
-0.000092 -0.000366 
0.000061 0.000214 
0.000763 0.000153 
0.000336 0.000244 
0.000122 0.000305 
-0.000183 0.000183 
0.000061 -0.000092 
0.000214 -0.000275 
0.000549 0.000580 
0.000488 -0.000214 
-0.000366 -0.000519 
0.000214 0.000397 
0.000153 0.000641 
0.000244 0.000275 
0.000305 0.000214 
0.000183 0.000824 
-0.000092 0.000519 
-0.000275 0.000214 
0.000580 0.000397 
-0.000214 0.000336 
-0.000519 0.000641 
0.000397 0.000793 
0.000641 -0.000061 
0.000275 -0.000244 
0.000214 -0.000153 
0.000824 -0.000458 
0.000519 -0.000153 
0.000214 -0.000488 
0.000397 -0.000763 
0.000336 -0.000549 
0.000641 -0.000397 
0.000793 -0.000671 
-0.000061 -0.000702 
-0.000244 -0.000183 
-0.000153 -0.000397 
-0.000458 -0.000031 
-0.000153 -0.000153 
-0.000488 -0.000580 
-0.000763 0.000122 
-0.000549 -0.000061 
-0.000397 -0.000885 
-0.000671 -0.000580 
-0.000702 0.000000 
-0.000183 -0.000336 
-0.000397 -0.000366 
-0.000031 -0.000854 
-0.000153 -0.001404 
-0.000580 -0.000702 
0.000122 -0.000763 
-0.000061 -0.000977 
-0.000885 -0.000885 
-0.000580 -0.001038 
0.000000 -0.001404 
-0.000336 -0.001862 
-0.000366 -0.001465 
-0.000854 -0.000977 
-0.001404 -0.001251 
-0.000702 -0.001129 
-0.000763 0.000092 
-0.000977 -0.000305 
-0.000885 -0.001190 
-0.001038 -0.000610 
-0.001404 -0.000610 
-0.001862 -0.000580 
-0.001465 -0.000153 
-0.000977 -0.000031 
-0.001251 -0.000336 
-0.001129 -0.000519 
0.000092 -0.000397 
-0.000305 -0.000610 
-0.001190 -0.000061 
-0.000610 0.000305 
-0.000610 -0.000214 
-0.000580 -0.000153 
-0.000153 -0.000275 
-0.000031 -0.000977 
-0.000336 -0.000610 
-0.000519 -0.000122 
-0.000397 0.000000 
-0.000610 0.000000 
-0.000061 -0.000610 
0.000305 -0.000671 
-0.000214 -0.000610 
-0.000153 -0.000488 
-0.000275 -0.000549 
-0.000977 -0.000702 
-0.000610 -0.000580 
-0.000122 -0.000977 
0.000000 -0.000885 
0.000000 -0.000458 
-0.000610 -0.000397 
-0.000671 -0.000549 
-0.000610 -0.000244 
-0.000488 -0.000092 
-0.000549 -0.000336 
-0.000702 -0.000244 
-0.000580 -0.000153 
-0.000977 -0.000092 
-0.000885 -0.000519 
-0.000458 -0.000153 
-0.000397 0.000000 
-0.000549 -0.000671 
-0.000244 -0.000214 
-0.000092 -0.000671 
-0.000336 -0.000916 
-0.000244 -0.000854 
-0.000153 -0.001343 
-0.000092 -0.001007 
-0.000519 -0.001404 
-0.000153 -0.001190 
0.000000 -0.000854 
-0.000671 -0.001221 
-0.000214 -0.001373 
-0.000671 -0.001465 
-0.000916 -0.001068 
-0.000854 -0.001373 
-0.001343 -0.001404 
-0.001007 -0.001251 
-0.001404 -0.000946 
-0.001190 -0.001099 
-0.000854 -0.001740 
-0.001221 -0.001312 
-0.001373 -0.001770 
-0.001465 -0.001709 
-0.001068 -0.001587 
-0.001373 -0.001312 
-0.001404 -0.000427 
-0.001251 -0.001373 
-0.000946 -0.001495 
-0.001099 -0.000549 
-0.001740 -0.000946 
-0.001312 -0.001221 
-0.001770 -0.000824 
-0.001709 -0.000732 
-0.001587 -0.000305 
-0.001312 -0.000946 
-0.000427 -0.001648 
-0.001373 -0.001068 
-0.001495 -0.000397 
-0.000549 -0.000366 
-0.000946 -0.000305 
-0.001221 0.000366 
-0.000824 -0.000031 
-0.000732 0.000061 
-0.000305 -0.000031 
-0.000946 0.000793 
-0.001648 0.001892 
-0.001068 0.001434 
-0.000397 0.001801 
-0.000366 0.001923 
-0.000305 0.002350 
0.000366 0.002960 
-0.000031 0.003540 
0.000061 0.003998 
-0.000031 0.004333 
0.000793 0.004486 
0.001892 0.004791 
0.001434 0.005249 
0.001801 0.005127 
0.001923 0.005676 
0.002350 0.006195 
0.002960 0.006287 
0.003540 0.006409 
0.003998 0.006805 
0.004333 0.006439 
0.004486 0.006805 
0.004791 0.006805 
0.005249 0.006805 
0.005127 0.007263 
0.005676 0.006653 
0.006195 0.007263 
0.006287 0.006348 
0.006409 0.006500 
0.006805 0.006836 
0.006439 0.006561 
0.006805 0.007385 
0.006805 0.006653 
0.006805 0.007629 
0.007263 0.008057 
0.006653 0.007660 
0.007263 0.008148 
0.006348 0.008453 
0.006500 0.009613 
0.006836 0.010223 
0.006561 0.010132 
0.007385 0.011261 
0.006653 0.011841 
0.007629 0.011475 
0.008057 0.012177 
0.007660 0.012482 
0.008148 0.012360 
0.008453 0.012939 
0.009613 0.013367 
0.010223 0.013123 
0.010132 0.012787 
0.011261 0.013031 
0.011841 0.013489 
0.011475 0.012817 
0.012177 0.012177 
0.012482 0.011414 
0.012360 0.011078 
0.012939 0.011627 
0.013367 0.010529 
0.013123 0.011078 
0.012787 0.011353 
0.013031 0.010437 
0.013489 0.010651 
0.012817 0.010162 
0.012177 0.010468 
0.011414 0.010986 
0.011078 0.010529 
0.011627 0.010010 
0.010529 0.010712 
0.011078 0.011261 
0.011353 0.011261 
0.010437 0.011566 
0.010651 0.011475 
0.010162 0.010956 
0.010468 0.010895 
0.010986 0.011322 
0.010529 0.010895 
0.010010 0.010864 
0.010712 0.010529 
0.011261 0.010010 
0.011261 0.009979 
0.011566 0.009399 
0.011475 0.008423 
0.010956 0.007568 
0.010895 0.006989 
0.011322 0.005829 
0.010895 0.005066 
0.010864 0.003967 
0.010529 0.002899 
0.010010 0.002319 
0.009979 0.001160 
0.009399 0.000793 
0.008423 0.000000 
0.007568 -0.000885 
0.006989 -0.001129 
0.005829 -0.002502 
0.005066 -0.003143 
0.003967 -0.003479 
0.002899 -0.004303 
0.002319 -0.004791 
0.001160 -0.005341 
0.000793 -0.005524 
0.000000 -0.006439 
-0.000885 -0.007172 
-0.001129 -0.007416 
-0.002502 -0.008301 
-0.003143 -0.009308 
-0.003479 -0.010193 
-0.004303 -0.011200 
-0.004791 -0.012451 
-0.005341 -0.013245 
-0.005524 -0.014435 
-0.006439 -0.015320 
-0.007172 -0.016632 
-0.007416 -0.018036 
-0.008301 -0.019073 
-0.009308 -0.020477 
-0.010193 -0.021179 
-0.011200 -0.022858 
-0.012451 -0.023743 
-0.013245 -0.024780 
-0.014435 -0.027161 
-0.015320 -0.028198 
-0.016632 -0.029266 
-0.018036 -0.030029 
-0.019073 -0.031006 
-0.020477 -0.032043 
-0.021179 -0.032532 
-0.022858 -0.033356 
-0.023743 -0.034363 
-0.024780 -0.034729 
-0.027161 -0.034363 
-0.028198 -0.035126 
-0.029266 -0.035370 
-0.030029 -0.034698 
-0.031006 -0.035034 
-0.032043 -0.035278 
-0.032532 -0.035278 
-0.033356 -0.035095 
-0.034363 -0.034973 
-0.034729 -0.034760 
-0.034363 -0.034546 
-0.035126 -0.034576 
-0.035370 -0.034912 
-0.034698 -0.035522 
-0.035034 -0.035339 
-0.035278 -0.035278 
-0.035278 -0.035400 
-0.035095 -0.035858 
-0.034973 -0.036041 
-0.034760 -0.035583 
-0.034546 -0.035706 
-0.034576 -0.035461 
-0.034912 -0.035583 
-0.035522 -0.035156 
-0.035339 -0.034393 
-0.035278 -0.034546 
-0.035400 -0.033905 
-0.035858 -0.033508 
-0.036041 -0.032715 
-0.035583 -0.031708 
-0.035706 -0.031952 
-0.035461 -0.031586 
-0.035583 -0.030945 
-0.035156 -0.030548 
-0.034393 -0.029205 
-0.034546 -0.028107 
-0.033905 -0.027466 
-0.033508 -0.026520 
-0.032715 -0.025391 
-0.031708 -0.023926 
-0.031952 -0.022766 
-0.031586 -0.022003 
-0.030945 -0.020721 
-0.030548 -0.019440 
-0.029205 -0.017944 
-0.028107 -0.016693 
-0.027466 -0.016052 
-0.026520 -0.014587 
-0.025391 -0.013733 
-0.023926 -0.012878 
-0.022766 -0.011108 
-0.022003 -0.009888 
-0.020721 -0.008942 
-0.019440 -0.007721 
-0.017944 -0.005798 
-0.016693 -0.004120 
-0.016052 -0.003082 
-0.014587 -0.001862 
-0.013733 -0.000580 
-0.012878 0.000488 
-0.011108 0.001251 
-0.009888 0.002533 
-0.008942 0.003571 
-0.007721 0.004517 
-0.005798 0.006226 
-0.004120 0.007019 
-0.003082 0.007996 
-0.001862 0.008911 
-0.000580 0.009674 
0.000488 0.011566 
0.001251 0.012817 
0.002533 0.014313 
0.003571 0.015503 
0.004517 0.016571 
0.006226 0.018341 
0.007019 0.019440 
0.007996 0.020782 
0.008911 0.022247 
0.009674 0.023193 
0.011566 0.024261 
0.012817 0.025970 
0.014313 0.026947 
0.015503 0.027924 
0.016571 0.028870 
0.018341 0.029205 
0.019440 0.030273 
0.020782 0.030762 
0.022247 0.031586 
0.023193 0.032654 
0.024261 0.033905 
0.025970 0.034119 
0.026947 0.033875 
0.027924 0.035492 
0.028870 0.035614 
0.029205 0.036163 
0.030273 0.037964 
0.030762 0.038269 
0.031586 0.038940 
0.032654 0.039948 
0.033905 0.040680 
0.034119 0.041626 
0.033875 0.041962 
0.035492 0.042145 
0.035614 0.042725 
0.036163 0.042786 
0.037964 0.042969 
0.038269 0.043274 
0.038940 0.043671 
0.039948 0.043518 
0.040680 0.043060 
0.041626 0.042969 
0.041962 0.042358 
0.042145 0.042236 
0.042725 0.041992 
0.042786 0.041656 
0.042969 0.041412 
0.043274 0.041107 
0.043671 0.041199 
0.043518 0.040161 
0.043060 0.039459 
0.042969 0.038757 
0.042358 0.037842 
0.042236 0.037506 
0.041992 0.036560 
0.041656 0.036163 
0.041412 0.035980 
0.041107 0.035156 
0.041199 0.034515 
0.040161 0.033752 
0.039459 0.032837 
0.038757 0.032654 
0.037842 0.031708 
0.037506 0.030945 
0.036560 0.031128 
0.036163 0.030304 
0.035980 0.030304 
0.035156 0.029510 
0.034515 0.028534 
0.033752 0.028351 
0.032837 0.027527 
0.032654 0.026917 
0.031708 0.026245 
0.030945 0.025574 
0.031128 0.025146 
0.030304 0.024475 
0.030304 0.023499 
0.029510 0.023071 
0.028534 0.022034 
0.028351 0.021393 
0.027527 0.020508 
0.026917 0.019012 
0.026245 0.018433 
0.025574 0.017426 
0.025146 0.017365 
0.024475 0.016357 
0.023499 0.015961 
0.023071 0.015991 
0.022034 0.014282 
0.021393 0.013367 
0.020508 0.012756 
0.019012 0.012421 
0.018433 0.011993 
0.017426 0.011383 
0.017365 0.010376 
0.016357 0.009521 
0.015961 0.009033 
0.015991 0.008026 
0.014282 0.006317 
0.013367 0.005157 
0.012756 0.004425 
0.012421 0.003174 
0.011993 0.002014 
0.011383 0.000519 
0.010376 -0.000580 
0.009521 -0.002228 
0.009033 -0.003296 
0.008026 -0.004303 
0.006317 -0.005890 
0.005157 -0.007172 
0.004425 -0.008820 
0.003174 -0.010040 
0.002014 -0.011505 
0.000519 -0.012268 
-0.000580 -0.013763 
-0.002228 -0.015198 
-0.003296 -0.015717 
-0.004303 -0.017029 
-0.005890 -0.017761 
-0.007172 -0.018616 
-0.008820 -0.019592 
-0.010040 -0.020416 
-0.011505 -0.021027 
-0.012268 -0.021515 
-0.013763 -0.022339 
-0.015198 -0.023193 
-0.015717 -0.024017 
-0.017029 -0.024261 
-0.017761 -0.024811 
-0.018616 -0.025635 
-0.019592 -0.026337 
-0.020416 -0.027100 
-0.021027 -0.027008 
-0.021515 -0.027710 
-0.022339 -0.028076 
-0.023193 -0.027832 
-0.024017 -0.027802 
-0.024261 -0.027863 
-0.024811 -0.028564 
-0.025635 -0.028015 
-0.026337 -0.028473 
-0.027100 -0.028809 
-0.027008 -0.028381 
-0.027710 -0.028900 
-0.028076 -0.028717 
-0.027832 -0.028961 
-0.027802 -0.029205 
-0.027863 -0.029877 
-0.028564 -0.029755 
-0.028015 -0.029999 
-0.028473 -0.030548 
-0.028809 -0.030060 
-0.028381 -0.030182 
-0.028900 -0.030182 
-0.028717 -0.030487 
-0.028961 -0.030701 
-0.029205 -0.030121 
-0.029877 -0.029724 
-0.029755 -0.029724 
-0.029999 -0.029449 
-0.030548 -0.029053 
-0.030060 -0.028625 
-0.030182 -0.028229 
-0.030182 -0.028168 
-0.030487 -0.027863 
-0.030701 -0.027222 
-0.030121 -0.027374 
-0.029724 -0.027374 
-0.029724 -0.026855 
-0.029449 -0.027222 
-0.029053 -0.027130 
-0.028625 -0.026703 
-0.028229 -0.026703 
-0.028168 -0.026672 
-0.027863 -0.026276 
-0.027222 -0.026764 
-0.027374 -0.027069 
-0.027374 -0.026764 
-0.026855 -0.026733 
-0.027222 -0.026672 
-0.027130 -0.027313 
-0.026703 -0.026855 
-0.026703 -0.026733 
-0.026672 -0.026642 
-0.026276 -0.027710 
-0.026764 -0.028503 
-0.027069 -0.027985 
-0.026764 -0.028625 
-0.026733 -0.028137 
-0.026672 -0.028870 
-0.027313 -0.029419 
-0.026855 -0.029602 
-0.026733 -0.030487 
-0.026642 -0.030670 
-0.027710 -0.030304 
-0.028503 -0.030945 
-0.027985 -0.031555 
-0.028625 -0.030945 
-0.028137 -0.031616 
-0.028870 -0.032135 
-0.029419 -0.032837 
-0.029602 -0.033051 
-0.030487 -0.033264 
-0.030670 -0.033600 
-0.030304 -0.034180 
-0.030945 -0.034271 
-0.031555 -0.033997 
-0.030945 -0.034760 
-0.031616 -0.034149 
-0.032135 -0.034637 
-0.032837 -0.034088 
-0.033051 -0.033325 
-0.033264 -0.032959 
-0.033600 -0.032043 
-0.034180 -0.032227 
-0.034271 -0.031311 
-0.033997 -0.030945 
-0.034760 -0.030121 
-0.034149 -0.028931 
-0.034637 -0.028656 
-0.034088 -0.027924 
-0.033325 -0.027191 
-0.032959 -0.026642 
-0.032043 -0.025574 
-0.032227 -0.024475 
-0.031311 -0.023987 
-0.030945 -0.023499 
-0.030121 -0.022156 
-0.028931 -0.021698 
-0.028656 -0.020966 
-0.027924 -0.019379 
-0.027191 -0.019501 
-0.026642 -0.018188 
-0.025574 -0.017334 
-0.024475 -0.017395 
-0.023987 -0.016724 
-0.023499 -0.015594 
-0.022156 -0.014313 
-0.021698 -0.013824 
-0.020966 -0.012207 
-0.019379 -0.011200 
-0.019501 -0.010040 
-0.018188 -0.008362 
-0.017334 -0.007080 
-0.017395 -0.005554 
-0.016724 -0.003845 
-0.015594 -0.002441 
-0.014313 -0.000793 
-0.013824 0.000671 
-0.012207 0.001587 
-0.011200 0.003662 
-0.010040 0.005188 
-0.008362 0.007416 
-0.007080 0.009399 
-0.005554 0.010834 
-0.003845 0.012177 
-0.002441 0.013672 
-0.000793 0.015869 
0.000671 0.016937 
0.001587 0.018860 
0.003662 0.020081 
0.005188 0.021820 
0.007416 0.023956 
0.009399 0.025391 
0.010834 0.027618 
0.012177 0.029327 
0.013672 0.031525 
0.015869 0.033142 
0.016937 0.034637 
0.018860 0.036957 
0.020081 0.038910 
0.021820 0.040527 
0.023956 0.042572 
0.025391 0.043732 
0.027618 0.044891 
0.029327 0.046631 
0.031525 0.048370 
0.033142 0.050293 
0.034637 0.051392 
0.036957 0.053192 
0.038910 0.054260 
0.040527 0.055267 
0.042572 0.057037 
0.043732 0.058289 
0.044891 0.059937 
0.046631 0.061768 
0.048370 0.063446 
0.050293 0.064880 
0.051392 0.066589 
0.053192 0.067261 
0.054260 0.068878 
0.055267 0.070557 
0.057037 0.071381 
0.058289 0.073334 
0.059937 0.074341 
0.061768 0.075134 
0.063446 0.075043 
0.064880 0.075195 
0.066589 0.076630 
0.067261 0.077118 
0.068878 0.077362 
0.070557 0.077484 
0.071381 0.077637 
0.073334 0.077576 
0.074341 0.076385 
0.075134 0.075714 
0.075043 0.075104 
0.075195 0.074341 
0.076630 0.074402 
0.077118 0.073059 
0.077362 0.072235 
0.077484 0.071442 
0.077637 0.069397 
0.077576 0.068268 
0.076385 0.066223 
0.075714 0.064911 
0.075104 0.064178 
0.074341 0.062347 
0.074402 0.060272 
0.073059 0.058594 
0.072235 0.056946 
0.071442 0.054962 
0.069397 0.053436 
0.068268 0.051392 
0.066223 0.049377 
0.064911 0.047394 
0.064178 0.045532 
0.062347 0.043518 
0.060272 0.041443 
0.058594 0.039490 
0.056946 0.037720 
0.054962 0.036194 
0.053436 0.033722 
0.051392 0.031830 
0.049377 0.029480 
0.047394 0.027466 
0.045532 0.025452 
0.043518 0.022522 
0.041443 0.020264 
0.039490 0.017853 
0.037720 0.016022 
0.036194 0.013885 
0.033722 0.011200 
0.031830 0.008362 
0.029480 0.005707 
0.027466 0.003326 
0.025452 0.000641 
0.022522 -0.002136 
0.020264 -0.004883 
0.017853 -0.007812 
0.016022 -0.011292 
0.013885 -0.014740 
0.011200 -0.017792 
0.008362 -0.020508 
0.005707 -0.023651 
0.003326 -0.026825 
0.000641 -0.029633 
-0.002136 -0.031830 
-0.004883 -0.034271 
-0.007812 -0.037140 
-0.011292 -0.039551 
-0.014740 -0.042084 
-0.017792 -0.044037 
-0.020508 -0.045898 
-0.023651 -0.047668 
-0.026825 -0.049744 
-0.029633 -0.051514 
-0.031830 -0.052887 
-0.034271 -0.054504 
-0.037140 -0.055145 
-0.039551 -0.056366 
-0.042084 -0.058228 
-0.044037 -0.060059 
-0.045898 -0.060913 
-0.047668 -0.061340 
-0.049744 -0.062469 
-0.051514 -0.063416 
-0.052887 -0.063782 
-0.054504 -0.064911 
-0.055145 -0.066254 
-0.056366 -0.067047 
-0.058228 -0.068726 
-0.060059 -0.069458 
-0.060913 -0.070160 
-0.061340 -0.071167 
-0.062469 -0.072540 
-0.063416 -0.073792 
-0.063782 -0.074371 
-0.064911 -0.075531 
-0.066254 -0.076477 
-0.067047 -0.078156 
-0.068726 -0.077911 
-0.069458 -0.077454 
-0.070160 -0.078430 
-0.071167 -0.078552 
-0.072540 -0.078583 
-0.073792 -0.077789 
-0.074371 -0.077576 
-0.075531 -0.076935 
-0.076477 -0.075195 
-0.078156 -0.074768 
-0.077911 -0.073822 
-0.077454 -0.072205 
-0.078430 -0.071503 
-0.078552 -0.070251 
-0.078583 -0.068604 
-0.077789 -0.066345 
-0.077576 -0.064819 
-0.076935 -0.063721 
-0.075195 -0.061768 
-0.074768 -0.060303 
-0.073822 -0.058044 
-0.072205 -0.056213 
-0.071503 -0.054596 
-0.070251 -0.052704 
-0.068604 -0.050232 
-0.066345 -0.047852 
-0.064819 -0.046509 
-0.063721 -0.044037 
-0.061768 -0.042053 
-0.060303 -0.039581 
-0.058044 -0.037720 
-0.056213 -0.036621 
-0.054596 -0.033997 
-0.052704 -0.032104 
-0.050232 -0.030457 
-0.047852 -0.028595 
-0.046509 -0.026367 
-0.044037 -0.024567 
-0.042053 -0.023193 
-0.039581 -0.021210 
-0.037720 -0.019409 
-0.036621 -0.016846 
-0.033997 -0.014618 
-0.032104 -0.012634 
-0.030457 -0.009979 
-0.028595 -0.007812 
-0.026367 -0.005524 
-0.024567 -0.003204 
-0.023193 -0.001282 
-0.021210 0.000854 
-0.019409 0.002991 
-0.016846 0.004730 
-0.014618 0.007202 
-0.012634 0.009308 
-0.009979 0.010803 
-0.007812 0.012848 
-0.005524 0.014191 
-0.003204 0.016052 
-0.001282 0.017731 
0.000854 0.018982 
0.002991 0.020203 
0.004730 0.021332 
0.007202 0.023254 
0.009308 0.024231 
0.010803 0.024719 
0.012848 0.025848 
0.014191 0.026886 
0.016052 0.027893 
0.017731 0.028564 
0.018982 0.028809 
0.020203 0.030182 
0.021332 0.031219 
0.023254 0.032104 
0.024231 0.032837 
0.024719 0.032928 
0.025848 0.033997 
0.026886 0.033936 
0.027893 0.034424 
0.028564 0.035126 
0.028809 0.035400 
0.030182 0.036163 
0.031219 0.036469 
0.032104 0.037537 
0.032837 0.038147 
0.032928 0.038452 
0.033997 0.039124 
0.033936 0.039642 
0.034424 0.040314 
0.035126 0.040924 
0.035400 0.041748 
0.036163 0.042633 
0.036469 0.042511 
0.037537 0.042511 
0.038147 0.042938 
0.038452 0.043396 
0.039124 0.044464 
0.039642 0.043701 
0.040314 0.043457 
0.040924 0.044312 
0.041748 0.043732 
0.042633 0.043640 
0.042511 0.043427 
0.042511 0.042969 
0.042938 0.042725 
0.043396 0.042236 
0.044464 0.041382 
0.043701 0.040466 
0.043457 0.040375 
0.044312 0.039642 
0.043732 0.038239 
0.043640 0.037933 
0.043427 0.037659 
0.042969 0.037323 
0.042725 0.036835 
0.042236 0.035858 
0.041382 0.036224 
0.040466 0.036255 
0.040375 0.035522 
0.039642 0.035400 
0.038239 0.034821 
0.037933 0.035065 
0.037659 0.035553 
0.037323 0.034729 
0.036835 0.035126 
0.035858 0.035004 
0.036224 0.034149 
0.036255 0.034515 
0.035522 0.034363 
0.035400 0.034058 
0.034821 0.033905 
0.035065 0.033630 
0.035553 0.033569 
0.034729 0.033386 
0.035126 0.032867 
0.035004 0.033020 
0.034149 0.033142 
0.034515 0.033142 
0.034363 0.033051 
0.034058 0.032623 
0.033905 0.032349 
0.033630 0.031281 
0.033569 0.031921 
0.033386 0.031891 
0.032867 0.030426 
0.033020 0.031250 
0.033142 0.030487 
0.033142 0.029266 
0.033051 0.029083 
0.032623 0.028564 
0.032349 0.028107 
0.031281 0.027161 
0.031921 0.026642 
0.031891 0.026306 
0.030426 0.025726 
0.031250 0.024902 
0.030487 0.023926 
0.029266 0.022888 
0.029083 0.021942 
0.028564 0.021362 
0.028107 0.020111 
0.027161 0.019348 
0.026642 0.018585 
0.026306 0.016693 
0.025726 0.015594 
0.024902 0.015106 
0.023926 0.013947 
0.022888 0.012787 
0.021942 0.011871 
0.021362 0.010193 
0.020111 0.010223 
0.019348 0.009827 
0.018585 0.007935 
0.016693 0.007294 
0.015594 0.005798 
0.015106 0.005096 
0.013947 0.004089 
0.012787 0.002869 
0.011871 0.002411 
0.010193 0.001343 
0.010223 0.000610 
0.009827 0.000427 
0.007935 0.000061 
0.007294 -0.001282 
0.005798 -0.001282 
0.005096 -0.001709 
0.004089 -0.002838 
0.002869 -0.003082 
0.002411 -0.003448 
0.001343 -0.003876 
0.000610 -0.004089 
0.000427 -0.004028 
0.000061 -0.005188 
-0.001282 -0.005371 
-0.001282 -0.005341 
-0.001709 -0.005585 
-0.002838 -0.005798 
-0.003082 -0.006744 
-0.003448 -0.007385 
-0.003876 -0.008148 
-0.004089 -0.007751 
-0.004028 -0.008179 
-0.005188 -0.009918 
-0.005371 -0.010925 
-0.005341 -0.011353 
-0.005585 -0.012207 
-0.005798 -0.013580 
-0.006744 -0.014557 
-0.007385 -0.015411 
-0.008148 -0.016174 
-0.007751 -0.017761 
-0.008179 -0.019135 
-0.009918 -0.020111 
-0.010925 -0.021179 
-0.011353 -0.021851 
-0.012207 -0.022614 
-0.013580 -0.023529 
-0.014557 -0.024841 
-0.015411 -0.025452 
-0.016174 -0.025970 
-0.017761 -0.026703 
-0.019135 -0.027588 
-0.020111 -0.028412 
-0.021179 -0.028687 
-0.021851 -0.029266 
-0.022614 -0.029236 
-0.023529 -0.030182 
-0.024841 -0.031097 
-0.025452 -0.031036 
-0.025970 -0.031799 
-0.026703 -0.032318 
-0.027588 -0.033142 
-0.028412 -0.033722 
-0.028687 -0.034363 
-0.029266 -0.035004 
-0.029236 -0.035431 
-0.030182 -0.036346 
-0.031097 -0.036499 
-0.031036 -0.037537 
-0.031799 -0.038666 
-0.032318 -0.038483 
-0.033142 -0.038696 
-0.033722 -0.039154 
-0.034363 -0.039551 
-0.035004 -0.039886 
-0.035431 -0.040039 
-0.036346 -0.040253 
-0.036499 -0.040649 
-0.037537 -0.040436 
-0.038666 -0.040771 
-0.038483 -0.041321 
-0.038696 -0.040924 
-0.039154 -0.041046 
-0.039551 -0.041473 
-0.039886 -0.041504 
-0.040039 -0.041687 
-0.040253 -0.041809 
-0.040649 -0.041626 
-0.040436 -0.041962 
-0.040771 -0.042358 
-0.041321 -0.042175 
-0.040924 -0.042480 
-0.041046 -0.043182 
-0.041473 -0.043213 
-0.041504 -0.043518 
-0.041687 -0.043213 
-0.041809 -0.042969 
-0.041626 -0.043182 
-0.041962 -0.043182 
-0.042358 -0.043701 
-0.042175 -0.042297 
-0.042480 -0.041565 
-0.043182 -0.041290 
-0.043213 -0.040100 
-0.043518 -0.039856 
-0.043213 -0.038269 
-0.042969 -0.037262 
-0.043182 -0.036011 
-0.043182 -0.034790 
-0.043701 -0.033752 
-0.042297 -0.032013 
-0.041565 -0.031616 
-0.041290 -0.030090 
-0.040100 -0.028290 
-0.039856 -0.027435 
-0.038269 -0.026154 
-0.037262 -0.024323 
-0.036011 -0.023010 
-0.034790 -0.022064 
-0.033752 -0.020874 
-0.032013 -0.019135 
-0.031616 -0.017578 
-0.030090 -0.016754 
-0.028290 -0.015472 
-0.027435 -0.014862 
-0.026154 -0.013458 
-0.024323 -0.011932 
-0.023010 -0.010498 
-0.022064 -0.009033 
-0.020874 -0.009033 
-0.019135 -0.007751 
-0.017578 -0.006104 
-0.016754 -0.005035 
-0.015472 -0.004547 
-0.014862 -0.003662 
-0.013458 -0.002136 
-0.011932 -0.001312 
-0.010498 -0.000458 
-0.009033 -0.000275 
-0.009033 -0.000031 
-0.007751 0.001312 
-0.006104 0.002136 
-0.005035 0.002502 
-0.004547 0.003448 
-0.003662 0.003815 
-0.002136 0.004944 
-0.001312 0.006012 
-0.000458 0.006287 
-0.000275 0.007172 
-0.000031 0.007446 
0.001312 0.008423 
0.002136 0.009644 
0.002502 0.010193 
0.003448 0.011047 
0.003815 0.011383 
0.004944 0.011597 
0.006012 0.013123 
0.006287 0.014465 
0.007172 0.014801 
0.007446 0.015900 
0.008423 0.017059 
0.009644 0.017487 
0.010193 0.018433 
0.011047 0.019653 
0.011383 0.020325 
0.011597 0.021790 
0.013123 0.022827 
0.014465 0.023956 
0.014801 0.025391 
0.015900 0.026215 
0.017059 0.027954 
0.017487 0.029083 
0.018433 0.029785 
0.019653 0.030426 
0.020325 0.031464 
0.021790 0.032684 
0.022827 0.032959 
0.023956 0.033600 
0.025391 0.034332 
0.026215 0.034302 
0.027954 0.034760 
0.029083 0.035461 
0.029785 0.035187 
0.030426 0.035461 
0.031464 0.035187 
0.032684 0.034119 
0.032959 0.033203 
0.033600 0.032928 
0.034332 0.033478 
0.034302 0.032837 
0.034760 0.032776 
0.035461 0.032806 
0.035187 0.032104 
0.035461 0.032166 
0.035187 0.031799 
0.034119 0.031311 
0.033203 0.031128 
0.032928 0.031036 
0.033478 0.030884 
0.032837 0.030609 
0.032776 0.030487 
0.032806 0.030273 
0.032104 0.030060 
0.032166 0.029968 
0.031799 0.029175 
0.031311 0.028656 
0.031128 0.029114 
0.031036 0.028320 
0.030884 0.027405 
0.030609 0.027252 
0.030487 0.026764 
0.030273 0.027252 
0.030060 0.027069 
0.029968 0.026337 
0.029175 0.026550 
0.028656 0.026123 
0.029114 0.025635 
0.028320 0.024811 
0.027405 0.024139 
0.027252 0.023163 
0.026764 0.022247 
0.027252 0.021881 
0.027069 0.020569 
0.026337 0.020081 
0.026550 0.018982 
0.026123 0.017303 
0.025635 0.016235 
0.024811 0.014618 
0.024139 0.013763 
0.023163 0.012329 
0.022247 0.010559 
0.021881 0.009521 
0.020569 0.007690 
0.020081 0.006470 
0.018982 0.005707 
0.017303 0.003998 
0.016235 0.002655 
0.014618 0.001312 
0.013763 -0.000092 
0.012329 -0.000763 
0.010559 -0.001099 
0.009521 -0.002502 
0.007690 -0.004303 
0.006470 -0.004517 
0.005707 -0.005066 
0.003998 -0.006012 
0.002655 -0.006927 
0.001312 -0.008026 
-0.000092 -0.008118 
-0.000763 -0.008484 
-0.001099 -0.009308 
-0.002502 -0.010162 
-0.004303 -0.011719 
-0.004517 -0.012115 
-0.005066 -0.011719 
-0.006012 -0.012634 
-0.006927 -0.013641 
-0.008026 -0.013916 
-0.008118 -0.013763 
-0.008484 -0.014374 
-0.009308 -0.014984 
-0.010162 -0.014557 
-0.011719 -0.015350 
-0.012115 -0.015411 
-0.011719 -0.015381 
-0.012634 -0.016327 
-0.013641 -0.016174 
-0.013916 -0.017151 
-0.013763 -0.017242 
-0.014374 -0.016632 
-0.014984 -0.017822 
-0.014557 -0.017731 
-0.015350 -0.017883 
-0.015411 -0.018677 
-0.015381 -0.018860 
-0.016327 -0.019775 
-0.016174 -0.020203 
-0.017151 -0.020264 
-0.017242 -0.020294 
-0.016632 -0.020020 
-0.017822 -0.020050 
-0.017731 -0.020172 
-0.017883 -0.019928 
-0.018677 -0.018829 
-0.018860 -0.018250 
-0.019775 -0.017975 
-0.020203 -0.017029 
-0.020264 -0.016602 
-0.020294 -0.015991 
-0.020020 -0.014771 
-0.020050 -0.013947 
-0.020172 -0.012817 
-0.019928 -0.012085 
-0.018829 -0.011627 
-0.018250 -0.010406 
-0.017975 -0.009552 
-0.017029 -0.008850 
-0.016602 -0.007568 
-0.015991 -0.006470 
-0.014771 -0.006165 
-0.013947 -0.004944 
-0.012817 -0.003479 
-0.012085 -0.003418 
-0.011627 -0.001984 
-0.010406 -0.000977 
-0.009552 -0.000702 
-0.008850 0.001190 
-0.007568 0.001953 
-0.006470 0.003052 
-0.006165 0.004669 
-0.004944 0.005432 
-0.003479 0.006897 
-0.003418 0.007385 
-0.001984 0.008423 
-0.000977 0.010101 
-0.000702 0.010132 
0.001190 0.011078 
0.001953 0.012146 
0.003052 0.012115 
0.004669 0.012695 
0.005432 0.013458 
0.006897 0.013824 
0.007385 0.013489 
0.008423 0.014130 
0.010101 0.014862 
0.010132 0.013885 
0.011078 0.014130 
0.012146 0.014679 
0.012115 0.014648 
0.012695 0.015259 
0.013458 0.015137 
0.013824 0.015015 
0.013489 0.014923 
0.014130 0.014435 
0.014862 0.014954 
0.013885 0.015045 
0.014130 0.014526 
0.014679 0.014557 
0.014648 0.014771 
0.015259 0.014709 
0.015137 0.014709 
0.015015 0.015167 
0.014923 0.015381 
0.014435 0.015503 
0.014954 0.015320 
0.015045 0.015442 
0.014526 0.015961 
0.014557 0.015625 
0.014771 0.016144 
0.014709 0.016846 
0.014709 0.016571 
0.015167 0.017151 
0.015381 0.017365 
0.015503 0.017181 
0.015320 0.017517 
0.015442 0.017578 
0.015961 0.017700 
0.015625 0.017456 
0.016144 0.017303 
0.016846 0.017120 
0.016571 0.016510 
0.017151 0.016327 
0.017365 0.015137 
0.017181 0.014252 
0.017517 0.013977 
0.017578 0.012421 
0.017700 0.011688 
0.017456 0.011108 
0.017303 0.010345 
0.017120 0.009888 
0.016510 0.008209 
0.016327 0.007050 
0.015137 0.006348 
0.014252 0.005585 
0.013977 0.005585 
0.012421 0.004028 
0.011688 0.002289 
0.011108 0.001740 
0.010345 0.001129 
0.009888 0.000916 
0.008209 0.000305 
0.007050 -0.001129 
0.006348 -0.002197 
0.005585 -0.002594 
0.005585 -0.003204 
0.004028 -0.004272 
0.002289 -0.004425 
0.001740 -0.004608 
0.001129 -0.005768 
0.000916 -0.006226 
0.000305 -0.006470 
-0.001129 -0.007172 
-0.002197 -0.007599 
-0.002594 -0.007538 
-0.003204 -0.007782 
-0.004272 -0.008423 
-0.004425 -0.008545 
-0.004608 -0.008179 
-0.005768 -0.008423 
-0.006226 -0.009308 
-0.006470 -0.009460 
-0.007172 -0.009064 
-0.007599 -0.009155 
-0.007538 -0.008881 
-0.007782 -0.009064 
-0.008423 -0.010040 
-0.008545 -0.009857 
-0.008179 -0.009552 
-0.008423 -0.009674 
-0.009308 -0.010254 
-0.009460 -0.011353 
-0.009064 -0.011230 
-0.009155 -0.010986 
-0.008881 -0.011108 
-0.009064 -0.010956 
-0.010040 -0.011292 
-0.009857 -0.010986 
-0.009552 -0.010437 
-0.009674 -0.010284 
-0.010254 -0.010010 
-0.011353 -0.010345 
-0.011230 -0.010437 
-0.010986 -0.010376 
-0.011108 -0.010468 
-0.010956 -0.009705 
-0.011292 -0.009186 
-0.010986 -0.009003 
-0.010437 -0.009125 
-0.010284 -0.009644 
-0.010010 -0.009064 
-0.010345 -0.008575 
-0.010437 -0.008606 
-0.010376 -0.008759 
-0.010468 -0.009674 
-0.009705 -0.009674 
-0.009186 -0.009033 
-0.009003 -0.008850 
-0.009125 -0.008209 
-0.009644 -0.007996 
-0.009064 -0.008240 
-0.008575 -0.007721 
-0.008606 -0.006958 
-0.008759 -0.006744 
-0.009674 -0.006989 
-0.009674 -0.006653 
-0.009033 -0.006073 
-0.008850 -0.005981 
-0.008209 -0.005493 
-0.007996 -0.005035 
-0.008240 -0.004883 
-0.007721 -0.004181 
-0.006958 -0.003876 
-0.006744 -0.004059 
-0.006989 -0.003571 
-0.006653 -0.003082 
-0.006073 -0.003296 
-0.005981 -0.003418 
-0.005493 -0.003448 
-0.005035 -0.003937 
-0.004883 -0.004150 
-0.004181 -0.003876 
-0.003876 -0.004395 
-0.004059 -0.005341 
-0.003571 -0.005035 
-0.003082 -0.004791 
-0.003296 -0.006012 
-0.003418 -0.006653 
-0.003448 -0.006805 
-0.003937 -0.007965 
-0.004150 -0.008240 
-0.003876 -0.008057 
-0.004395 -0.008606 
-0.005341 -0.008636 
-0.005035 -0.008423 
-0.004791 -0.008331 
-0.006012 -0.008057 
-0.006653 -0.007355 
-0.006805 -0.006775 
-0.007965 -0.007263 
-0.008240 -0.007141 
-0.008057 -0.006409 
-0.008606 -0.006439 
-0.008636 -0.006317 
-0.008423 -0.006683 
-0.008331 -0.006805 
-0.008057 -0.006348 
-0.007355 -0.007050 
-0.006775 -0.007324 
-0.007263 -0.007233 
-0.007141 -0.006927 
-0.006409 -0.005676 
-0.006439 -0.005768 
-0.006317 -0.006042 
-0.006683 -0.005554 
-0.006805 -0.005188 
-0.006348 -0.004150 
-0.007050 -0.004120 
-0.007324 -0.004486 
-0.007233 -0.004120 
-0.006927 -0.004303 
-0.005676 -0.003815 
-0.005768 -0.003601 
-0.006042 -0.003754 
-0.005554 -0.002350 
-0.005188 -0.001190 
-0.004150 -0.000793 
-0.004120 -0.000488 
-0.004486 0.000031 
-0.004120 0.000580 
-0.004303 0.000519 
-0.003815 0.001312 
-0.003601 0.002045 
-0.003754 0.002075 
-0.002350 0.002869 
-0.001190 0.002899 
-0.000793 0.002991 
-0.000488 0.004364 
0.000031 0.005096 
0.000580 0.005676 
0.000519 0.006653 
0.001312 0.007050 
0.002045 0.007141 
0.002075 0.007690 
0.002869 0.008575 
0.002899 0.009491 
0.002991 0.010498 
0.004364 0.011047 
0.005096 0.011627 
0.005676 0.012634 
0.006653 0.013519 
0.007050 0.014435 
0.007141 0.014832 
0.007690 0.015289 
0.008575 0.016327 
0.009491 0.016663 
0.010498 0.017212 
0.011047 0.017731 
0.011627 0.017883 
0.012634 0.018799 
0.013519 0.019196 
0.014435 0.018982 
0.014832 0.018555 
0.015289 0.018280 
0.016327 0.018616 
0.016663 0.018372 
0.017212 0.018158 
0.017731 0.018280 
0.017883 0.018433 
0.018799 0.019257 
0.019196 0.019379 
0.018982 0.019745 
0.018555 0.020355 
0.018280 0.019836 
0.018616 0.020050 
0.018372 0.019653 
0.018158 0.018433 
0.018280 0.018524 
0.018433 0.018127 
0.019257 0.017426 
0.019379 0.017426 
0.019745 0.016876 
0.020355 0.016052 
0.019836 0.015900 
0.020050 0.015961 
0.019653 0.014771 
0.018433 0.013245 
0.018524 0.012115 
0.018127 0.010284 
0.017426 0.009094 
0.017426 0.008362 
0.016876 0.007324 
0.016052 0.006866 
0.015900 0.006348 
0.015961 0.005646 
0.014771 0.004669 
0.013245 0.004059 
0.012115 0.004333 
0.010284 0.004364 
0.009094 0.005066 
0.008362 0.006470 
0.007324 0.007599 
0.006866 0.009369 
0.006348 0.011444 
0.005646 0.013428 
0.004669 0.015228 
0.004059 0.017303 
0.004333 0.019165 
0.004364 0.019257 
0.005066 0.018616 
0.006470 0.016296 
0.007599 0.011353 
0.009369 0.005157 
0.011444 -0.003510 
0.013428 -0.013184 
0.015228 -0.022644 
0.017303 -0.034119 
0.019165 -0.045654 
0.019257 -0.055298 
0.018616 -0.063782 
0.016296 -0.071808 
0.011353 -0.078705 
0.005157 -0.083191 
-0.003510 -0.086060 
-0.013184 -0.087616 
-0.022644 -0.087158 
-0.034119 -0.083649 
-0.045654 -0.076752 
-0.055298 -0.069000 
-0.063782 -0.059509 
-0.071808 -0.046692 
-0.078705 -0.032227 
-0.083191 -0.016479 
-0.086060 -0.001221 
-0.087616 0.012787 
-0.087158 0.026184 
-0.083649 0.037842 
-0.076752 0.049225 
-0.069000 0.061798 
-0.059509 0.076599 
-0.046692 0.093781 
