0.002716 -0.002136 
0.002869 -0.002197 
0.002289 -0.002319 
0.001587 -0.001556 
0.000244 -0.001251 
-0.000580 0.000122 
-0.000977 0.001526 
-0.001801 0.001434 
-0.002197 0.001862 
-0.002167 0.001251 
-0.002136 0.001282 
-0.002197 0.001648 
-0.002319 0.001068 
-0.001556 0.000885 
-0.001251 0.000671 
0.000122 0.000702 
0.001526 0.000946 
0.001434 0.000732 
0.001862 0.000702 
0.001251 0.001099 
0.001282 0.000671 
0.001648 0.000305 
0.001068 0.000275 
0.000885 0.000061 
0.000671 0.000397 
0.000702 0.000427 
0.000946 -0.000366 
0.000732 -0.001129 
0.000702 -0.001282 
0.001099 -0.001678 
0.000671 -0.001556 
0.000305 -0.000824 
0.000275 -0.000641 
0.000061 -0.000488 
0.000397 -0.000366 
0.000427 0.001068 
-0.000366 0.002014 
-0.001129 0.001984 
-0.001282 0.003235 
-0.001678 0.003876 
-0.001556 0.003754 
-0.000824 0.003418 
-0.000641 0.003296 
-0.000488 0.003021 
-0.000366 0.002197 
0.001068 0.001007 
0.002014 -0.000305 
0.001984 -0.000946 
0.003235 -0.001862 
0.003876 -0.002563 
0.003754 -0.003052 
0.003418 -0.002960 
0.003296 -0.002808 
0.003021 -0.002991 
0.002197 -0.002594 
0.001007 -0.001617 
-0.000305 -0.000305 
-0.000946 0.000336 
-0.001862 0.001007 
-0.002563 0.001831 
-0.003052 0.002350 
-0.002960 0.002533 
-0.002808 0.002899 
-0.002991 0.002960 
-0.002594 0.003082 
-0.001617 0.003174 
-0.000305 0.002808 
0.000336 0.003204 
0.001007 0.002563 
0.001831 0.001862 
0.002350 0.002045 
0.002533 0.001770 
0.002899 0.000977 
0.002960 0.000916 
0.003082 0.000671 
0.003174 -0.000122 
0.002808 -0.000793 
0.003204 -0.002075 
0.002563 -0.002869 
0.001862 -0.003387 
0.002045 -0.003937 
0.001770 -0.004242 
0.000977 -0.004272 
0.000916 -0.004242 
0.000671 -0.004181 
-0.000122 -0.003479 
-0.000793 -0.002533 
-0.002075 -0.001556 
-0.002869 -0.000275 
-0.003387 0.000824 
-0.003937 0.001892 
-0.004242 0.003265 
-0.004272 0.003265 
-0.004242 0.004700 
-0.004181 0.005615 
-0.003479 0.004822 
-0.002533 0.005096 
-0.001556 0.004242 
-0.000275 0.003296 
0.000824 0.002045 
0.001892 0.000671 
0.003265 -0.000977 
0.003265 -0.001923 
0.004700 -0.002258 
0.005615 -0.003296 
0.004822 -0.003510 
0.005096 -0.003693 
0.004242 -0.003387 
0.003296 -0.003052 
0.002045 -0.002472 
0.000671 -0.001678 
-0.000977 -0.001434 
-0.001923 -0.000732 
-0.002258 -0.000336 
-0.003296 -0.000702 
-0.003510 -0.000275 
-0.003693 0.000488 
-0.003387 0.000458 
-0.003052 0.000183 
-0.002472 -0.000183 
-0.001678 0.000336 
-0.001434 0.001038 
-0.000732 0.001312 
-0.000336 0.001190 
-0.000702 0.001160 
-0.000275 0.001312 
0.000488 0.001068 
0.000458 0.000549 
0.000183 0.000366 
-0.000183 0.000458 
0.000336 -0.000092 
0.001038 -0.001068 
0.001312 -0.002686 
0.001190 -0.003387 
0.001160 -0.003296 
0.001312 -0.003967 
0.001068 -0.004150 
0.000549 -0.004303 
0.000366 -0.003998 
0.000458 -0.002838 
-0.000092 -0.002289 
-0.001068 -0.001862 
-0.002686 -0.000305 
-0.003387 0.000427 
-0.003296 0.000793 
-0.003967 0.001953 
-0.004150 0.002411 
-0.004303 0.002319 
-0.003998 0.002319 
-0.002838 0.001984 
-0.002289 0.001678 
-0.001862 0.001678 
-0.000305 0.001404 
0.000427 0.001160 
0.000793 0.000793 
0.001953 -0.000092 
0.002411 -0.000366 
0.002319 -0.000336 
0.002319 -0.000397 
0.001984 0.000336 
0.001678 0.000183 
0.001678 -0.000336 
0.001404 -0.000183 
0.001160 -0.000275 
0.000793 -0.000061 
-0.000092 -0.000153 
-0.000366 -0.000946 
-0.000336 -0.001678 
-0.000397 -0.001953 
0.000336 -0.002380 
0.000183 -0.002289 
-0.000336 -0.002289 
-0.000183 -0.002502 
-0.000275 -0.002106 
-0.000061 -0.001495 
-0.000153 0.000153 
-0.000946 0.000580 
-0.001678 0.000671 
-0.001953 0.002197 
-0.002380 0.002411 
-0.002289 0.002136 
-0.002289 0.003235 
-0.002502 0.004028 
-0.002106 0.003876 
-0.001495 0.002960 
0.000153 0.002258 
0.000580 0.002045 
0.000671 0.000885 
0.002197 0.000641 
0.002411 0.000763 
0.002136 0.000092 
0.003235 -0.000275 
0.004028 -0.000488 
0.003876 -0.000671 
0.002960 -0.000458 
0.002258 0.000092 
0.002045 0.000549 
0.000885 0.000580 
0.000641 0.000275 
0.000763 0.000549 
0.000092 0.000366 
-0.000275 0.000488 
-0.000488 0.000366 
-0.000671 -0.000275 
-0.000458 -0.000519 
0.000092 -0.001251 
0.000549 -0.001160 
0.000580 -0.000885 
0.000275 -0.000977 
0.000549 -0.000519 
0.000366 0.000458 
0.000488 0.000916 
0.000366 0.001434 
-0.000275 0.001801 
-0.000519 0.001587 
-0.001251 0.002045 
-0.001160 0.001678 
-0.000885 0.001068 
-0.000977 0.001434 
-0.000519 0.001587 
0.000458 0.000671 
0.000916 -0.000488 
0.001434 -0.000854 
0.001801 -0.000946 
0.001587 -0.000732 
0.002045 -0.000519 
0.001678 -0.001709 
0.001068 -0.001709 
0.001434 -0.000702 
0.001587 -0.000275 
0.000671 0.000671 
-0.000488 0.000427 
-0.000854 0.001282 
-0.000946 0.001740 
-0.000732 0.000946 
-0.000519 0.001923 
-0.001709 0.001770 
-0.001709 0.001007 
-0.000702 0.000916 
-0.000275 0.000916 
0.000671 0.000336 
0.000427 -0.000214 
0.001282 0.000061 
0.001740 0.000305 
0.000946 0.000549 
0.001923 0.001495 
0.001770 0.001831 
0.001007 0.001770 
0.000916 0.002899 
0.000916 0.002777 
0.000336 0.002228 
-0.000214 0.002655 
0.000061 0.002533 
0.000305 0.002014 
0.000549 0.001709 
0.001495 0.000458 
0.001831 -0.000580 
0.001770 -0.001160 
0.002899 -0.002411 
0.002777 -0.002197 
0.002228 -0.002228 
0.002655 -0.002991 
0.002533 -0.002747 
0.002014 -0.002167 
0.001709 -0.002014 
0.000458 -0.001831 
-0.000580 -0.000610 
-0.001160 0.000275 
-0.002411 0.000305 
-0.002197 0.000946 
-0.002228 0.001617 
-0.002991 0.001709 
-0.002747 0.001953 
-0.002167 0.001373 
-0.002014 0.000732 
-0.001831 0.001038 
-0.000610 0.001373 
0.000275 0.001404 
0.000305 0.000305 
0.000946 -0.000153 
0.001617 0.000671 
0.001709 0.000580 
0.001953 0.000397 
0.001373 0.000397 
0.000732 0.000671 
0.001038 0.000580 
0.001373 -0.000641 
0.001404 -0.000641 
0.000305 -0.000916 
-0.000153 -0.002014 
0.000671 -0.002350 
0.000580 -0.002838 
0.000397 -0.003418 
0.000397 -0.003296 
0.000671 -0.003510 
0.000580 -0.004517 
-0.000641 -0.003540 
-0.000641 -0.002594 
-0.000916 -0.002136 
-0.002014 -0.000977 
-0.002350 -0.000641 
-0.002838 0.000824 
-0.003418 0.001892 
-0.003296 0.002289 
-0.003510 0.002411 
-0.004517 0.001831 
-0.003540 0.001984 
-0.002594 0.001648 
-0.002136 0.001099 
-0.000977 0.000732 
-0.000641 0.000275 
0.000824 -0.000153 
0.001892 -0.001343 
0.002289 -0.001312 
0.002411 -0.001038 
0.001831 -0.001678 
0.001984 -0.001465 
0.001648 -0.001587 
0.001099 -0.001434 
0.000732 -0.001129 
0.000275 -0.001373 
-0.000153 -0.001007 
-0.001343 -0.000793 
-0.001312 -0.001099 
-0.001038 -0.001434 
-0.001678 -0.001312 
-0.001465 -0.001526 
-0.001587 -0.001709 
-0.001434 -0.001556 
-0.001129 -0.001862 
-0.001373 -0.001251 
-0.001007 -0.000610 
-0.000793 -0.000519 
-0.001099 -0.000031 
-0.001434 0.000000 
-0.001312 0.001068 
-0.001526 0.001709 
-0.001709 0.000946 
-0.001556 0.001617 
-0.001862 0.002075 
-0.001251 0.001953 
-0.000610 0.000916 
-0.000519 -0.000275 
-0.000031 -0.000244 
0.000000 -0.000671 
0.001068 -0.001251 
0.001709 -0.001617 
0.000946 -0.001892 
0.001617 -0.001465 
0.002075 -0.001068 
0.001953 -0.000702 
0.000916 0.000275 
-0.000275 0.000793 
-0.000244 0.001770 
-0.000671 0.002014 
-0.001251 0.001617 
-0.001617 0.002350 
-0.001892 0.002441 
-0.001465 0.002472 
-0.001068 0.001801 
-0.000702 0.000977 
0.000275 0.000336 
0.000793 -0.000336 
0.001770 -0.000885 
0.002014 -0.001801 
0.001617 -0.001678 
0.002350 -0.002045 
0.002441 -0.001099 
0.002472 -0.000214 
0.001801 -0.000549 
0.000977 0.000732 
0.000336 0.000763 
-0.000336 0.001038 
-0.000885 0.002014 
-0.001801 0.001801 
-0.001678 0.002289 
-0.002045 0.002258 
-0.001099 0.001617 
-0.000214 0.001190 
-0.000549 0.001068 
0.000732 0.000885 
0.000763 0.000244 
0.001038 0.000916 
0.002014 0.001007 
0.001801 0.000000 
0.002289 0.000214 
0.002258 0.001129 
0.001617 0.001648 
0.001190 0.001007 
0.001068 0.001404 
0.000885 0.002258 
0.000244 0.002014 
0.000916 0.001648 
0.001007 0.000824 
0.000000 0.000519 
0.000214 0.000000 
0.001129 -0.000671 
0.001648 -0.000580 
0.001007 -0.000854 
0.001404 -0.001038 
0.002258 -0.000763 
0.002014 -0.000549 
0.001648 0.000183 
0.000824 0.000488 
0.000519 0.000732 
0.000000 0.001587 
-0.000671 0.002167 
-0.000580 0.002533 
-0.000854 0.002045 
-0.001038 0.002106 
-0.000763 0.001617 
-0.000549 0.001099 
0.000183 0.000732 
0.000488 -0.000122 
0.000732 0.000244 
0.001587 -0.000763 
0.002167 -0.001160 
0.002533 -0.001251 
0.002045 -0.001740 
0.002106 -0.001343 
0.001617 -0.001404 
0.001099 -0.000671 
0.000732 -0.000488 
-0.000122 0.000000 
0.000244 0.000732 
-0.000763 0.000946 
-0.001160 0.001129 
-0.001251 0.000916 
-0.001740 0.000732 
-0.001343 0.000061 
-0.001404 -0.000488 
-0.000671 -0.000153 
-0.000488 -0.000458 
0.000000 -0.001648 
0.000732 -0.002045 
0.000946 -0.002625 
0.001129 -0.002075 
0.000916 -0.001160 
0.000732 -0.001190 
0.000061 -0.000214 
-0.000488 0.000153 
-0.000153 0.000793 
-0.000458 0.001740 
-0.001648 0.001251 
-0.002045 0.001129 
-0.002625 0.001434 
-0.002075 0.000763 
-0.001160 0.001038 
-0.001190 0.000885 
-0.000214 -0.000580 
0.000153 -0.000427 
0.000793 0.000214 
0.001740 -0.000153 
0.001251 -0.001038 
0.001129 -0.000671 
0.001434 -0.000153 
0.000763 -0.000366 
0.001038 0.000183 
0.000885 0.000916 
-0.000580 0.000946 
-0.000427 0.001038 
0.000214 0.001343 
-0.000153 0.001251 
-0.001038 0.001221 
-0.000671 0.000427 
-0.000153 -0.000153 
-0.000366 -0.000427 
0.000183 -0.001312 
0.000916 -0.001862 
0.000946 -0.002045 
0.001038 -0.002228 
0.001343 -0.001984 
0.001251 -0.001465 
0.001221 -0.001740 
0.000427 -0.001221 
-0.000153 -0.000153 
-0.000427 0.000519 
-0.001312 0.000702 
-0.001862 0.000916 
-0.002045 0.001648 
-0.002228 0.001434 
-0.001984 0.001617 
-0.001465 0.001465 
-0.001740 0.001221 
-0.001221 0.001465 
-0.000153 0.000885 
0.000519 0.000519 
0.000702 -0.000061 
0.000916 0.000214 
0.001648 0.000671 
0.001434 0.000305 
0.001617 0.000671 
0.001465 0.000153 
0.001221 -0.000031 
0.001465 -0.000214 
0.000885 -0.000671 
0.000519 -0.000336 
-0.000061 -0.001160 
0.000214 -0.001587 
0.000671 -0.002045 
0.000305 -0.002472 
0.000671 -0.002899 
0.000153 -0.003723 
-0.000031 -0.003418 
-0.000214 -0.003174 
-0.000671 -0.002350 
-0.000336 -0.001862 
-0.001160 -0.001831 
-0.001587 -0.000031 
-0.002045 0.001099 
-0.002472 0.001556 
-0.002899 0.003479 
-0.003723 0.003906 
-0.003418 0.004089 
-0.003174 0.004517 
-0.002350 0.003815 
-0.001862 0.003601 
-0.001831 0.002594 
-0.000031 0.002045 
0.001099 0.001190 
0.001556 -0.000427 
0.003479 -0.001221 
0.003906 -0.001923 
0.004089 -0.002625 
0.004517 -0.002747 
0.003815 -0.002441 
0.003601 -0.003174 
0.002594 -0.002930 
0.002045 -0.002411 
0.001190 -0.001678 
-0.000427 -0.000763 
-0.001221 -0.000793 
-0.001923 0.000275 
-0.002625 0.000336 
-0.002747 0.000061 
-0.002441 0.000183 
-0.003174 0.000397 
-0.002930 0.000702 
-0.002411 0.000092 
-0.001678 0.000610 
-0.000763 0.000854 
-0.000793 0.000824 
0.000275 0.001221 
0.000336 0.001434 
0.000061 0.001678 
0.000183 0.001465 
0.000397 0.001434 
0.000702 0.001068 
0.000092 0.000946 
0.000610 0.000153 
0.000854 -0.000702 
0.000824 -0.000702 
0.001221 -0.001953 
0.001434 -0.002594 
0.001678 -0.003235 
0.001465 -0.003632 
0.001434 -0.003540 
0.001068 -0.004089 
0.000946 -0.003296 
0.000153 -0.002472 
-0.000702 -0.002014 
-0.000702 -0.001068 
-0.001953 -0.000427 
-0.002594 0.000671 
-0.003235 0.002258 
-0.003632 0.002869 
-0.003540 0.002838 
-0.004089 0.002991 
-0.003296 0.003326 
-0.002472 0.002777 
-0.002014 0.001892 
-0.001068 0.001740 
-0.000427 0.000366 
0.000671 -0.000549 
0.002258 -0.000366 
0.002869 -0.001129 
0.002838 -0.001678 
0.002991 -0.001587 
0.003326 -0.001831 
0.002777 -0.001556 
0.001892 -0.000763 
0.001740 -0.000763 
0.000366 -0.000610 
-0.000549 -0.000854 
-0.000366 -0.000793 
-0.001129 -0.000305 
-0.001678 -0.000549 
-0.001587 -0.000610 
-0.001831 -0.000916 
-0.001556 -0.001038 
-0.000763 -0.001190 
-0.000763 -0.001892 
-0.000610 -0.001312 
-0.000854 -0.000671 
-0.000793 -0.000305 
-0.000305 0.001038 
-0.000549 0.001465 
-0.000610 0.001923 
-0.000916 0.002472 
-0.001038 0.002411 
-0.001190 0.003052 
-0.001892 0.003113 
-0.001312 0.002716 
-0.000671 0.002350 
-0.000305 0.001648 
0.001038 0.000702 
0.001465 -0.000519 
0.001923 -0.001465 
0.002472 -0.001495 
0.002411 -0.002228 
0.003052 -0.001953 
0.003113 -0.001434 
0.002716 -0.002014 
0.002350 -0.001648 
0.001648 -0.001770 
0.000702 -0.000732 
-0.000519 -0.000580 
-0.001465 -0.000549 
-0.001495 0.000702 
-0.002228 0.001038 
-0.001953 0.001770 
-0.001434 0.001709 
-0.002014 0.002197 
-0.001648 0.002014 
-0.001770 0.001404 
-0.000732 0.001495 
-0.000580 0.001617 
-0.000549 0.001801 
0.000702 0.001953 
0.001038 0.002045 
0.001770 0.001587 
0.001709 0.001770 
0.002197 0.001617 
0.002014 0.002106 
0.001404 0.001251 
0.001495 -0.000031 
0.001617 0.000244 
0.001801 -0.000610 
0.001953 -0.001312 
0.002045 -0.001740 
0.001587 -0.001862 
0.001770 -0.002655 
0.001617 -0.003510 
0.002106 -0.003357 
0.001251 -0.002930 
-0.000031 -0.003021 
0.000244 -0.002960 
-0.000610 -0.001831 
-0.001312 -0.000671 
-0.001740 0.000214 
-0.001862 0.000793 
-0.002655 0.002228 
-0.003510 0.002106 
-0.003357 0.002472 
-0.002930 0.003174 
-0.003021 0.002075 
-0.002960 0.002106 
-0.001831 0.001282 
-0.000671 0.000488 
0.000214 0.000519 
0.000793 -0.000641 
0.002228 -0.001801 
0.002106 -0.001556 
0.002472 -0.001434 
0.003174 -0.001282 
0.002075 -0.001465 
0.002106 -0.001831 
0.001282 -0.000793 
0.000488 -0.000763 
0.000519 -0.000580 
-0.000641 -0.000366 
-0.001801 -0.000153 
-0.001556 0.000092 
-0.001434 -0.000763 
-0.001282 -0.000397 
-0.001465 -0.000061 
-0.001831 -0.000366 
-0.000793 -0.000763 
-0.000763 -0.000977 
-0.000580 -0.000641 
-0.000366 -0.000153 
-0.000153 0.000610 
0.000092 0.000885 
-0.000763 0.001312 
-0.000397 0.001953 
-0.000061 0.001984 
-0.000366 0.002411 
-0.000763 0.002686 
-0.000977 0.002777 
-0.000641 0.002289 
-0.000153 0.001434 
0.000610 0.001495 
0.000885 0.000580 
0.001312 -0.000641 
0.001953 -0.001160 
0.001984 -0.001465 
0.002411 -0.001434 
0.002686 -0.002075 
0.002777 -0.002228 
0.002289 -0.001587 
0.001434 -0.000458 
0.001495 0.000610 
0.000580 0.000580 
-0.000641 0.001282 
-0.001160 0.002167 
-0.001465 0.002075 
-0.001434 0.002350 
-0.002075 0.002197 
-0.002228 0.002289 
-0.001587 0.001984 
-0.000458 0.000763 
0.000610 0.000702 
0.000580 0.000610 
0.001282 -0.000305 
0.002167 -0.001190 
0.002075 -0.001221 
0.002350 -0.000397 
0.002197 0.000122 
0.002289 -0.000153 
0.001984 0.000580 
0.000763 0.001404 
0.000702 0.001312 
0.000610 0.001709 
-0.000305 0.001190 
-0.001190 0.001038 
-0.001221 0.001007 
-0.000397 0.000488 
0.000122 0.001038 
-0.000153 0.000458 
0.000580 -0.000916 
0.001404 -0.000824 
0.001312 -0.001129 
0.001709 -0.001556 
0.001190 -0.000275 
0.001038 -0.000458 
0.001007 -0.000549 
0.000488 0.000336 
0.001038 0.000763 
0.000458 0.001099 
-0.000916 0.001251 
-0.000824 0.001892 
-0.001129 0.001312 
-0.001556 0.000854 
-0.000275 0.001068 
-0.000458 0.001038 
-0.000549 0.000244 
0.000336 -0.000183 
0.000763 -0.000031 
0.001099 -0.000702 
0.001251 -0.000153 
0.001892 -0.000244 
0.001312 0.000183 
0.000854 0.000885 
0.001068 0.001038 
0.001038 0.002045 
0.000244 0.002533 
-0.000183 0.002289 
-0.000031 0.001862 
-0.000702 0.001984 
-0.000153 0.000885 
-0.000244 0.001038 
0.000183 0.000519 
0.000885 -0.001160 
0.001038 -0.000946 
0.002045 -0.001923 
0.002533 -0.002075 
0.002289 -0.002228 
0.001862 -0.002075 
0.001984 -0.001282 
0.000885 -0.001038 
0.001038 0.000427 
0.000519 0.001556 
-0.001160 0.002075 
-0.000946 0.002380 
-0.001923 0.003052 
-0.002075 0.003967 
-0.002228 0.004150 
-0.002075 0.004028 
-0.001282 0.003418 
-0.001038 0.003021 
0.000427 0.003113 
0.001556 0.001709 
0.002075 0.000671 
0.002380 0.000244 
0.003052 -0.000702 
0.003967 -0.000641 
0.004150 -0.001678 
0.004028 -0.001831 
0.003418 -0.002075 
0.003021 -0.001953 
0.003113 -0.000031 
0.001709 -0.000854 
0.000671 -0.000885 
0.000244 -0.001160 
-0.000702 -0.001465 
-0.000641 -0.000977 
-0.001678 -0.001312 
-0.001831 -0.000916 
-0.002075 -0.001373 
-0.001953 -0.000549 
-0.000031 -0.000610 
-0.000854 -0.001221 
-0.000885 -0.000488 
-0.001160 -0.000580 
-0.001465 0.000000 
-0.000977 0.000916 
-0.001312 0.001282 
-0.000916 0.000977 
-0.001373 0.000977 
-0.000549 0.001312 
-0.000610 0.001251 
-0.001221 0.000671 
-0.000488 0.000610 
-0.000580 -0.000214 
0.000000 -0.001373 
0.000916 -0.000824 
0.001282 -0.001923 
0.000977 -0.002594 
0.000977 -0.002502 
0.001312 -0.002808 
0.001251 -0.002533 
0.000671 -0.003052 
0.000610 -0.002014 
-0.000214 -0.000702 
-0.001373 -0.000916 
-0.000824 -0.000366 
-0.001923 0.000580 
-0.002594 0.000854 
-0.002502 0.000702 
-0.002808 0.001160 
-0.002533 0.001160 
-0.003052 -0.000122 
-0.002014 -0.000366 
-0.000702 -0.000702 
-0.000916 -0.000580 
-0.000366 -0.000397 
0.000580 -0.001282 
0.000854 -0.000793 
0.000702 -0.000732 
0.001160 -0.001007 
0.001160 -0.000732 
-0.000122 0.000061 
-0.000366 0.000366 
-0.000702 0.000275 
-0.000580 0.001312 
-0.000397 0.001007 
-0.001282 0.000671 
-0.000793 0.000671 
-0.000732 0.000275 
-0.001007 -0.000214 
-0.000732 -0.000946 
0.000061 -0.001343 
0.000366 -0.002258 
0.000275 -0.002563 
0.001312 -0.002472 
0.001007 -0.002319 
0.000671 -0.001617 
0.000671 -0.001617 
0.000275 -0.001099 
-0.000214 -0.000183 
-0.000946 0.000183 
-0.001343 0.001038 
-0.002258 0.001160 
-0.002563 0.001373 
-0.002472 0.001434 
-0.002319 0.000336 
-0.001617 -0.000122 
-0.001617 -0.000916 
-0.001099 -0.001282 
-0.000183 -0.001495 
0.000183 -0.002136 
0.001038 -0.002228 
0.001160 -0.002472 
0.001373 -0.002625 
0.001434 -0.002655 
0.000336 -0.001923 
-0.000122 -0.001099 
-0.000916 -0.000610 
-0.001282 0.000458 
-0.001495 0.000885 
-0.002136 0.001190 
-0.002228 0.001617 
-0.002472 0.001678 
-0.002625 0.002045 
-0.002655 0.001770 
-0.001923 0.001099 
-0.001099 0.000580 
-0.000610 0.000702 
0.000458 0.000153 
0.000885 -0.000824 
0.001190 -0.000549 
0.001617 -0.000549 
0.001678 -0.000610 
0.002045 -0.001007 
0.001770 -0.000702 
0.001099 -0.000549 
0.000580 -0.000397 
0.000702 -0.000092 
0.000153 -0.000366 
-0.000824 -0.000214 
-0.000549 -0.001190 
-0.000549 -0.000916 
-0.000610 -0.001099 
-0.001007 -0.001129 
-0.000702 -0.000793 
-0.000549 -0.001404 
-0.000397 -0.000702 
-0.000092 -0.000885 
-0.000366 0.000214 
-0.000214 0.000610 
-0.001190 0.000763 
-0.000916 0.002014 
-0.001099 0.002655 
-0.001129 0.003204 
-0.000793 0.002747 
-0.001404 0.002594 
-0.000702 0.002869 
-0.000885 0.002777 
0.000214 0.001099 
0.000610 0.000397 
0.000763 -0.000519 
0.002014 -0.001831 
0.002655 -0.002014 
0.003204 -0.002777 
0.002747 -0.002563 
0.002594 -0.002838 
0.002869 -0.002045 
0.002777 -0.000793 
0.001099 -0.000488 
0.000397 -0.000122 
-0.000519 0.000885 
-0.001831 0.002197 
-0.002014 0.002167 
-0.002777 0.002472 
-0.002563 0.002289 
-0.002838 0.002075 
-0.002045 0.002228 
-0.000793 0.001617 
-0.000488 0.001068 
-0.000122 0.000122 
0.000885 -0.000366 
0.002197 -0.000397 
0.002167 -0.000732 
0.002472 -0.000763 
0.002289 -0.000763 
0.002075 -0.000732 
0.002228 -0.000336 
0.001617 -0.000305 
0.001068 0.000092 
0.000122 0.000458 
-0.000366 0.000305 
-0.000397 0.000580 
-0.000732 0.000305 
-0.000763 0.000153 
-0.000763 0.000000 
-0.000732 -0.000458 
-0.000336 -0.000458 
-0.000305 -0.000854 
0.000092 -0.000671 
0.000458 -0.000366 
0.000305 -0.000214 
0.000580 0.000427 
0.000305 0.000519 
0.000153 0.001404 
0.000000 0.001923 
-0.000458 0.001648 
-0.000458 0.001556 
-0.000854 0.000977 
-0.000671 0.001282 
-0.000366 0.000793 
-0.000214 -0.000488 
0.000427 -0.000885 
0.000519 -0.001556 
0.001404 -0.002441 
0.001923 -0.002930 
0.001648 -0.003387 
0.001556 -0.003021 
0.000977 -0.001984 
0.001282 -0.002045 
0.000793 -0.000916 
-0.000488 -0.000183 
-0.000885 -0.000122 
-0.001556 0.000793 
-0.002441 0.001465 
-0.002930 0.001984 
-0.003387 0.002045 
-0.003021 0.003052 
-0.001984 0.002075 
-0.002045 0.001373 
-0.000916 0.001892 
-0.000183 0.000488 
-0.000122 0.000488 
0.000793 -0.000275 
0.001465 -0.001068 
0.001984 -0.000519 
0.002045 -0.000946 
0.003052 -0.001465 
0.002075 -0.000916 
0.001373 0.000000 
0.001892 0.000275 
0.000488 0.000397 
0.000488 0.000183 
-0.000275 0.000641 
-0.001068 0.000854 
-0.000519 0.000610 
-0.000946 0.000580 
-0.001465 0.000305 
-0.000916 -0.000244 
0.000000 -0.000397 
0.000275 -0.000092 
0.000397 -0.001007 
0.000183 -0.000793 
0.000641 -0.000183 
0.000854 -0.000305 
0.000610 0.000885 
0.000580 0.001434 
0.000305 0.001984 
-0.000244 0.002686 
-0.000397 0.002838 
-0.000092 0.002716 
-0.001007 0.002380 
-0.000793 0.002441 
-0.000183 0.001831 
-0.000305 0.001129 
0.000885 0.000214 
0.001434 -0.001007 
0.001984 -0.001282 
0.002686 -0.001434 
0.002838 -0.002045 
0.002716 -0.002533 
0.002380 -0.002350 
0.002441 -0.001892 
0.001831 -0.001068 
0.001129 -0.000641 
0.000214 -0.000702 
-0.001007 0.000885 
-0.001282 0.001587 
-0.001434 0.001282 
-0.002045 0.002228 
-0.002533 0.002411 
-0.002350 0.002716 
-0.001892 0.002319 
-0.001068 0.001495 
-0.000641 0.001282 
-0.000702 0.000580 
0.000885 0.000397 
0.001587 -0.000275 
0.001282 0.000153 
0.002228 0.000549 
0.002411 0.000092 
0.002716 0.000763 
0.002319 0.000793 
0.001495 0.001038 
0.001282 0.000427 
0.000580 0.000000 
0.000397 0.000153 
-0.000275 -0.000305 
0.000153 -0.000397 
0.000549 -0.001831 
0.000092 -0.002106 
0.000763 -0.001862 
0.000793 -0.002869 
0.001038 -0.002777 
0.000427 -0.002655 
0.000000 -0.002441 
0.000153 -0.001404 
-0.000305 -0.000305 
-0.000397 0.000336 
-0.001831 0.001190 
-0.002106 0.002045 
-0.001862 0.002808 
-0.002869 0.003693 
-0.002777 0.003662 
-0.002655 0.003235 
-0.002441 0.002563 
-0.001404 0.002167 
-0.000305 0.001831 
0.000336 0.000244 
0.001190 -0.001068 
0.002045 -0.001587 
0.002808 -0.002502 
0.003693 -0.003204 
0.003662 -0.002869 
0.003235 -0.002960 
0.002563 -0.002869 
0.002167 -0.002747 
0.001831 -0.002411 
0.000244 -0.001556 
-0.001068 -0.001770 
-0.001587 -0.000854 
-0.002502 -0.000793 
-0.003204 -0.000641 
-0.002869 -0.000031 
-0.002960 -0.000458 
-0.002869 0.000244 
-0.002747 0.000092 
-0.002411 0.000702 
-0.001556 0.000122 
-0.001770 0.000061 
-0.000854 0.001068 
-0.000793 0.000580 
-0.000641 0.001556 
-0.000031 0.001709 
-0.000458 0.001862 
0.000244 0.002563 
0.000092 0.002594 
0.000702 0.002045 
0.000122 0.001648 
0.000061 0.001770 
0.001068 0.001190 
0.000580 0.000183 
0.001556 -0.000977 
0.001709 -0.001617 
0.001862 -0.002930 
0.002563 -0.003540 
0.002594 -0.003906 
0.002045 -0.004333 
0.001648 -0.003754 
0.001770 -0.003479 
0.001190 -0.002777 
0.000183 -0.001740 
-0.000977 -0.000977 
-0.001617 -0.000336 
-0.002930 0.001099 
-0.003540 0.002106 
-0.003906 0.002655 
-0.004333 0.002686 
-0.003754 0.002594 
-0.003479 0.003296 
-0.002777 0.002258 
-0.001740 0.001495 
-0.000977 0.000977 
-0.000336 0.000122 
0.001099 -0.000244 
0.002106 -0.000793 
0.002655 -0.001465 
0.002686 -0.001434 
0.002594 -0.001068 
0.003296 -0.001831 
0.002258 -0.002014 
0.001495 -0.001709 
0.000977 -0.001526 
0.000122 -0.001190 
-0.000244 -0.001190 
-0.000793 -0.000854 
-0.001465 -0.000854 
-0.001434 -0.001526 
-0.001068 -0.001495 
-0.001831 -0.000793 
-0.002014 -0.000671 
-0.001709 -0.000458 
-0.001526 0.000000 
-0.001190 0.000214 
-0.001190 0.000488 
-0.000854 0.001038 
-0.000854 0.001617 
-0.001526 0.001923 
-0.001495 0.002686 
-0.000793 0.003174 
-0.000671 0.002808 
-0.000458 0.002350 
0.000000 0.001953 
0.000214 0.001129 
0.000488 0.000122 
0.001038 -0.000336 
0.001617 -0.001129 
0.001923 -0.002380 
0.002686 -0.002502 
0.003174 -0.002533 
0.002808 -0.002991 
0.002350 -0.002838 
0.001953 -0.002289 
0.001129 -0.002014 
0.000122 -0.000916 
-0.000336 0.000153 
-0.001129 0.000671 
-0.002380 0.002106 
-0.002502 0.002197 
-0.002533 0.002075 
-0.002991 0.002838 
-0.002838 0.002350 
-0.002289 0.001495 
-0.002014 0.001373 
-0.000916 0.000916 
0.000153 -0.000397 
0.000671 -0.000702 
0.002106 -0.000793 
0.002197 -0.001007 
0.002075 -0.000946 
0.002838 -0.000549 
0.002350 0.000488 
0.001495 0.000702 
0.001373 0.001038 
0.000916 0.001587 
-0.000397 0.001587 
-0.000702 0.001740 
-0.000793 0.001587 
-0.001007 0.001007 
-0.000946 0.001160 
-0.000549 0.000854 
0.000488 0.000183 
0.000702 -0.000244 
0.001038 -0.001068 
0.001587 -0.001190 
0.001587 -0.001465 
0.001740 -0.001678 
0.001587 -0.001587 
0.001007 -0.001129 
0.001160 -0.000214 
0.000854 0.000214 
0.000183 0.000977 
-0.000244 0.001617 
-0.001068 0.001587 
-0.001190 0.001404 
-0.001465 0.001160 
-0.001678 0.000732 
-0.001587 0.000519 
-0.001129 -0.000031 
-0.000214 -0.000427 
0.000214 -0.000732 
0.000977 -0.001251 
0.001617 -0.001404 
0.001587 -0.001465 
0.001404 -0.001007 
0.001160 -0.000793 
0.000732 -0.000214 
0.000519 -0.000244 
-0.000031 -0.000458 
-0.000427 0.000305 
-0.000732 0.000671 
-0.001251 0.001007 
-0.001404 0.000366 
-0.001465 0.000061 
-0.001007 -0.000244 
-0.000793 -0.000732 
-0.000214 -0.000854 
-0.000244 -0.002106 
-0.000458 -0.002533 
0.000305 -0.002197 
0.000671 -0.002197 
0.001007 -0.001678 
0.000366 -0.001221 
0.000061 -0.000793 
-0.000244 -0.000183 
-0.000732 0.000488 
-0.000854 0.001587 
-0.002106 0.002197 
-0.002533 0.002106 
-0.002197 0.001801 
-0.002197 0.001526 
-0.001678 0.001160 
-0.001221 0.001221 
-0.000793 0.001007 
-0.000183 -0.000061 
0.000488 -0.000549 
0.001587 -0.000977 
0.002197 -0.000946 
0.002106 -0.000763 
0.001801 -0.000641 
0.001526 -0.000061 
0.001160 0.000244 
0.001221 0.000427 
0.001007 0.000610 
-0.000061 0.001190 
-0.000549 0.001038 
-0.000977 0.000977 
-0.000946 0.000977 
-0.000763 0.000488 
-0.000641 0.000153 
-0.000061 -0.000641 
0.000244 -0.001129 
0.000427 -0.000946 
0.000610 -0.000732 
0.001190 -0.001007 
0.001038 -0.000641 
0.000977 -0.000946 
0.000977 -0.000610 
0.000488 0.000458 
0.000153 0.000793 
-0.000641 0.001678 
-0.001129 0.001801 
-0.000946 0.001984 
-0.000732 0.001984 
-0.001007 0.001984 
-0.000641 0.001312 
-0.000946 0.000061 
-0.000610 -0.000427 
0.000458 -0.000702 
0.000793 -0.001282 
0.001678 -0.002716 
0.001801 -0.002594 
0.001984 -0.002899 
0.001984 -0.003357 
0.001984 -0.002502 
0.001312 -0.002319 
0.000061 -0.002197 
-0.000427 -0.001251 
-0.000702 0.000000 
-0.001282 -0.000092 
-0.002716 -0.000061 
-0.002594 0.000793 
-0.002899 0.001251 
-0.003357 0.001160 
-0.002502 0.001038 
-0.002319 0.000946 
-0.002197 0.000946 
-0.001251 0.001373 
0.000000 0.001129 
-0.000092 0.000580 
-0.000061 0.000793 
0.000793 0.001434 
0.001251 0.001312 
0.001160 0.001068 
0.001038 0.001282 
0.000946 0.001465 
0.000946 0.000885 
0.001373 0.000671 
0.001129 0.001129 
0.000580 0.000427 
0.000793 -0.000305 
0.001434 -0.001068 
0.001312 -0.001831 
0.001068 -0.002289 
0.001282 -0.002716 
0.001465 -0.002472 
0.000885 -0.002716 
0.000671 -0.002899 
0.001129 -0.001740 
0.000427 -0.001343 
-0.000305 -0.000824 
-0.001068 0.000885 
-0.001831 0.001770 
-0.002289 0.003021 
-0.002716 0.003479 
-0.002472 0.003662 
-0.002716 0.003998 
-0.002899 0.003052 
-0.001740 0.002228 
-0.001343 0.001617 
-0.000824 0.000916 
0.000885 -0.000305 
0.001770 -0.001099 
0.003021 -0.001709 
0.003479 -0.002106 
0.003662 -0.002350 
0.003998 -0.002777 
0.003052 -0.002441 
0.002228 -0.001801 
0.001617 -0.001007 
0.000916 -0.000732 
-0.000305 0.000153 
-0.001099 0.001038 
-0.001709 0.001282 
-0.002106 0.001099 
-0.002350 0.000732 
-0.002777 0.001312 
-0.002441 0.001099 
-0.001801 0.000092 
-0.001007 -0.000092 
-0.000732 -0.000214 
0.000153 -0.000885 
0.001038 -0.000671 
0.001282 -0.000549 
0.001099 -0.000671 
0.000732 -0.000549 
0.001312 0.000000 
0.001099 0.000793 
0.000092 0.000397 
-0.000092 0.000641 
-0.000214 0.000854 
-0.000885 0.000305 
-0.000671 -0.000183 
-0.000549 0.000031 
-0.000671 0.000092 
-0.000549 -0.001007 
0.000000 -0.001282 
0.000793 -0.001251 
0.000397 -0.001495 
0.000641 -0.001526 
0.000854 -0.001068 
0.000305 -0.000610 
-0.000183 0.000244 
0.000031 0.000549 
0.000092 0.001007 
-0.001007 0.001923 
-0.001282 0.001740 
-0.001251 0.002075 
-0.001495 0.001953 
-0.001526 0.001740 
-0.001068 0.001160 
-0.000610 0.000610 
0.000244 0.000275 
0.000549 -0.000916 
0.001007 -0.001404 
0.001923 -0.002350 
0.001740 -0.002533 
0.002075 -0.002625 
0.001953 -0.002289 
0.001740 -0.001465 
0.001160 -0.001373 
0.000610 -0.000214 
0.000275 -0.000061 
-0.000916 0.000244 
-0.001404 0.001160 
-0.002350 0.001038 
-0.002533 0.001190 
-0.002625 0.001343 
-0.002289 0.001190 
-0.001465 0.001007 
-0.001373 0.000275 
-0.000214 0.000031 
-0.000061 0.000153 
0.000244 -0.000427 
0.001160 -0.000488 
0.001038 -0.000519 
0.001190 -0.000916 
0.001343 -0.000977 
0.001190 -0.000885 
0.001007 -0.001038 
0.000275 -0.001129 
0.000031 -0.000336 
0.000153 0.000061 
-0.000427 -0.000275 
-0.000488 -0.000244 
-0.000519 -0.000397 
-0.000916 -0.001007 
-0.000977 -0.001282 
-0.000885 -0.001801 
-0.001038 -0.002350 
-0.001129 -0.001831 
-0.000336 -0.001801 
0.000061 -0.001740 
-0.000275 -0.000977 
-0.000244 -0.000183 
-0.000397 0.000610 
-0.001007 0.001221 
-0.001282 0.001862 
-0.001801 0.001984 
-0.002350 0.002716 
-0.001831 0.003113 
-0.001801 0.002625 
-0.001740 0.002441 
-0.000977 0.002136 
-0.000183 0.001892 
0.000610 0.000488 
0.001221 -0.000458 
0.001862 -0.000946 
0.001984 -0.001678 
0.002716 -0.001770 
0.003113 -0.001862 
0.002625 -0.001648 
0.002441 -0.001709 
0.002136 -0.000946 
0.001892 -0.000366 
0.000488 -0.000549 
-0.000458 -0.000122 
-0.000946 0.000275 
-0.001678 0.000610 
-0.001770 0.000793 
-0.001862 0.000702 
-0.001648 0.000397 
-0.001709 0.000793 
-0.000946 0.000214 
-0.000366 -0.000244 
-0.000549 -0.000336 
-0.000122 -0.000275 
0.000275 0.000397 
0.000610 -0.000122 
0.000793 0.000824 
0.000702 0.001221 
0.000397 0.001312 
0.000793 0.002106 
0.000214 0.001892 
-0.000244 0.002258 
-0.000336 0.002258 
-0.000275 0.002350 
0.000397 0.001617 
-0.000122 0.001251 
0.000824 0.000763 
0.001221 0.000000 
0.001312 0.000336 
0.002106 -0.001251 
0.001892 -0.001373 
0.002258 -0.000488 
0.002258 -0.001160 
0.002350 -0.000244 
0.001617 0.000702 
0.001251 0.001312 
0.000763 0.002563 
0.000000 0.003082 
0.000336 0.003235 
-0.001251 0.003723 
-0.001373 0.003326 
-0.000488 0.002594 
-0.001160 0.002533 
-0.000244 0.002075 
0.000702 0.001434 
0.001312 0.000275 
0.002563 -0.000549 
0.003082 -0.001007 
0.003235 -0.001587 
0.003723 -0.001373 
0.003326 -0.001617 
0.002594 -0.001465 
0.002533 -0.000977 
0.002075 -0.000732 
0.001434 -0.000153 
0.000275 -0.000122 
-0.000549 0.001007 
-0.001007 0.001343 
-0.001587 0.001007 
-0.001373 0.001740 
-0.001617 0.001160 
-0.001465 0.000244 
-0.000977 0.000183 
-0.000732 0.000488 
-0.000153 0.000458 
-0.000122 -0.000092 
0.001007 -0.000702 
0.001343 -0.000549 
0.001007 -0.000214 
0.001740 0.000305 
0.001160 0.001221 
0.000244 0.001129 
0.000183 0.001923 
0.000488 0.002258 
0.000458 0.001587 
-0.000092 0.001678 
-0.000702 0.000732 
-0.000549 -0.000336 
-0.000214 -0.000854 
0.000305 -0.001648 
0.001221 -0.002045 
0.001129 -0.002441 
0.001923 -0.002594 
0.002258 -0.002747 
0.001587 -0.003235 
0.001678 -0.002563 
0.000732 -0.002136 
-0.000336 -0.001648 
-0.000854 0.000122 
-0.001648 0.000702 
-0.002045 0.001068 
-0.002441 0.001556 
-0.002594 0.002045 
-0.002747 0.002655 
-0.003235 0.002838 
-0.002563 0.002838 
-0.002136 0.001434 
-0.001648 0.000458 
0.000122 0.000427 
0.000702 -0.000214 
0.001068 -0.000916 
0.001556 -0.001678 
0.002045 -0.002045 
0.002655 -0.002319 
0.002838 -0.002167 
0.002838 -0.002289 
0.001434 -0.003052 
0.000458 -0.002716 
0.000427 -0.002258 
-0.000214 -0.001801 
-0.000916 -0.001770 
-0.001678 -0.001923 
-0.002045 -0.001404 
-0.002319 -0.001373 
-0.002167 -0.001343 
-0.002289 -0.001282 
-0.003052 -0.000702 
-0.002716 -0.000580 
-0.002258 -0.000671 
-0.001801 0.000305 
-0.001770 0.000702 
-0.001923 0.001343 
-0.001404 0.001465 
-0.001373 0.001770 
-0.001343 0.002869 
-0.001282 0.002777 
-0.000702 0.002502 
-0.000580 0.001892 
-0.000671 0.001282 
0.000305 0.000488 
0.000702 -0.000641 
0.001343 -0.002106 
0.001465 -0.003326 
0.001770 -0.003143 
0.002869 -0.003784 
0.002777 -0.004608 
0.002502 -0.004303 
0.001892 -0.003876 
0.001282 -0.003815 
0.000488 -0.003021 
-0.000641 -0.001556 
-0.002106 -0.000885 
-0.003326 0.000092 
-0.003143 0.001129 
-0.003784 0.001953 
-0.004608 0.002289 
-0.004303 0.002747 
-0.003876 0.003082 
-0.003815 0.002106 
-0.003021 0.001923 
-0.001556 0.002136 
-0.000885 0.001556 
0.000092 0.000854 
0.001129 0.000336 
0.001953 0.000061 
0.002289 0.000031 
0.002747 0.000122 
0.003082 0.000092 
0.002106 -0.000122 
0.001923 -0.000244 
0.002136 -0.000153 
0.001556 -0.000275 
0.000854 0.000031 
0.000336 -0.000427 
0.000061 -0.000763 
0.000031 -0.000732 
0.000122 -0.001801 
0.000092 -0.001648 
-0.000122 -0.001373 
-0.000244 -0.001587 
-0.000153 -0.001373 
-0.000275 -0.001068 
0.000031 -0.000458 
-0.000427 -0.000061 
-0.000763 0.000488 
-0.000732 0.000916 
-0.001801 0.001556 
-0.001648 0.002014 
-0.001373 0.002136 
-0.001587 0.002258 
-0.001373 0.001862 
-0.001068 0.001740 
-0.000458 0.001373 
-0.000061 0.000244 
0.000488 -0.000824 
0.000916 -0.001190 
0.001556 -0.001434 
0.002014 -0.002075 
0.002136 -0.002594 
0.002258 -0.002380 
0.001862 -0.002289 
0.001740 -0.002350 
0.001373 -0.001556 
0.000244 -0.001282 
-0.000824 -0.000732 
-0.001190 0.000092 
-0.001434 0.000427 
-0.002075 0.001099 
-0.002594 0.000885 
-0.002380 0.000244 
-0.002289 0.000275 
-0.002350 0.000244 
-0.001556 -0.000397 
-0.001282 -0.000458 
-0.000732 -0.000641 
0.000092 -0.000916 
0.000427 -0.000214 
0.001099 -0.000610 
0.000885 -0.000488 
0.000244 0.000153 
0.000275 0.000336 
0.000244 0.001007 
-0.000397 0.000885 
-0.000458 0.001038 
-0.000641 0.001465 
-0.000916 0.000946 
-0.000214 0.000702 
-0.000610 0.000336 
-0.000488 -0.000610 
0.000153 -0.000916 
0.000336 -0.001648 
0.001007 -0.002655 
0.000885 -0.002258 
0.001038 -0.001923 
0.001465 -0.002380 
0.000946 -0.002106 
0.000702 -0.001190 
0.000336 -0.000793 
-0.000610 0.000214 
-0.000916 0.001007 
-0.001648 0.001129 
-0.002655 0.001648 
-0.002258 0.001831 
-0.001923 0.001740 
-0.002380 0.000946 
-0.002106 0.000519 
-0.001190 -0.000092 
-0.000793 -0.000885 
0.000214 -0.000702 
0.001007 -0.001160 
0.001129 -0.001770 
0.001648 -0.001892 
0.001831 -0.002106 
0.001740 -0.002136 
0.000946 -0.001251 
0.000519 -0.000824 
-0.000092 -0.000122 
-0.000885 0.001068 
-0.000702 0.001404 
-0.001160 0.001862 
-0.001770 0.001129 
-0.001892 0.000824 
-0.002106 0.000732 
-0.002136 0.000092 
-0.001251 0.000244 
-0.000824 -0.000061 
-0.000122 -0.000183 
0.001068 -0.000427 
0.001404 -0.001099 
0.001862 -0.001404 
0.001129 -0.000977 
0.000824 -0.001251 
0.000732 -0.001312 
0.000092 -0.000793 
0.000244 -0.000366 
-0.000061 0.000244 
-0.000183 0.000244 
-0.000427 0.000793 
-0.001099 0.000305 
-0.001404 0.000092 
-0.000977 0.000275 
-0.001251 0.000275 
-0.001312 0.000214 
-0.000793 -0.000488 
-0.000366 0.000183 
0.000244 -0.000854 
0.000244 -0.001038 
0.000793 -0.000214 
0.000305 -0.000305 
0.000092 0.000549 
0.000275 0.001038 
0.000275 0.001465 
0.000214 0.001465 
-0.000488 0.001160 
0.000183 0.000549 
-0.000854 0.000519 
-0.001038 0.000153 
-0.000214 -0.000702 
-0.000305 -0.001373 
0.000549 -0.002045 
0.001038 -0.002808 
0.001465 -0.003723 
0.001465 -0.003052 
0.001160 -0.003418 
0.000549 -0.002930 
0.000519 -0.001617 
0.000153 -0.001099 
-0.000702 0.000549 
-0.001373 0.000854 
-0.002045 0.001495 
-0.002808 0.002594 
-0.003723 0.002808 
-0.003052 0.003265 
-0.003418 0.003174 
-0.002930 0.002655 
-0.001617 0.001953 
-0.001099 0.001099 
0.000549 0.000122 
0.000854 -0.000397 
0.001495 -0.000885 
0.002594 -0.001923 
0.002808 -0.002106 
0.003265 -0.002441 
0.003174 -0.002869 
0.002655 -0.002319 
0.001953 -0.002167 
0.001099 -0.001434 
0.000122 -0.001129 
-0.000397 -0.000519 
-0.000885 0.000366 
-0.001923 -0.000061 
-0.002106 0.000122 
-0.002441 0.000092 
-0.002869 0.000702 
-0.002319 0.000214 
-0.002167 -0.000305 
-0.001434 0.000336 
-0.001129 -0.000031 
-0.000519 0.000366 
0.000366 0.000336 
-0.000061 0.000336 
0.000122 0.000885 
0.000092 0.001465 
0.000702 0.001312 
0.000214 0.001587 
-0.000305 0.001953 
0.000336 0.000824 
-0.000031 0.001221 
0.000366 0.000946 
0.000336 -0.000366 
0.000336 -0.000824 
0.000885 -0.001740 
0.001465 -0.002533 
0.001312 -0.002930 
0.001587 -0.003143 
0.001953 -0.002960 
0.000824 -0.002533 
0.001221 -0.002441 
0.000946 -0.001801 
-0.000366 -0.000458 
-0.000824 0.000183 
-0.001740 0.000641 
-0.002533 0.001831 
-0.002930 0.001984 
-0.003143 0.001740 
-0.002960 0.002808 
-0.002533 0.003143 
-0.002441 0.002289 
-0.001801 0.001740 
-0.000458 0.000977 
0.000183 0.000122 
0.000641 -0.000366 
0.001831 -0.001343 
0.001984 -0.001526 
0.001740 -0.001709 
0.002808 -0.001587 
0.003143 -0.001312 
0.002289 -0.002136 
0.001740 -0.000824 
0.000977 0.000366 
0.000122 0.000122 
-0.000366 0.000519 
-0.001343 0.000549 
-0.001526 0.000061 
-0.001709 -0.000092 
-0.001587 0.000519 
-0.001312 0.000092 
-0.002136 -0.000580 
-0.000824 -0.000336 
0.000366 -0.000977 
0.000122 -0.000671 
0.000519 0.000397 
0.000549 0.000275 
0.000061 0.000671 
-0.000092 0.000854 
0.000519 0.000977 
0.000092 0.001221 
-0.000580 0.002106 
-0.000336 0.002533 
-0.000977 0.001740 
-0.000671 0.001648 
0.000397 0.000977 
0.000275 0.000824 
0.000671 -0.000183 
0.000854 -0.001251 
0.000977 -0.001434 
0.001221 -0.002686 
0.002106 -0.002869 
0.002533 -0.002655 
0.001740 -0.002411 
0.001648 -0.001465 
0.000977 -0.000610 
0.000824 -0.000244 
-0.000183 0.000763 
-0.001251 0.001923 
-0.001434 0.002838 
-0.002686 0.003113 
-0.002869 0.002625 
-0.002655 0.002930 
-0.002411 0.002563 
-0.001465 0.001923 
-0.000610 0.001251 
-0.000244 0.000610 
0.000763 -0.000214 
0.001923 -0.001007 
0.002838 -0.001221 
0.003113 -0.001862 
0.002625 -0.001892 
0.002930 -0.001617 
0.002563 -0.000885 
0.001923 -0.001099 
0.001251 -0.000885 
0.000610 -0.000549 
-0.000214 -0.000305 
-0.001007 0.000671 
-0.001221 0.000336 
-0.001862 0.000854 
-0.001892 0.001190 
-0.001617 0.000885 
-0.000885 0.000549 
-0.001099 0.000793 
-0.000885 0.000824 
-0.000549 0.000610 
-0.000305 0.000885 
0.000671 0.000488 
0.000336 0.001190 
0.000854 0.001404 
0.001190 0.002075 
0.000885 0.002655 
0.000549 0.001984 
0.000793 0.002136 
0.000824 0.002197 
0.000610 0.001465 
0.000885 0.000793 
0.000488 0.001160 
0.001190 0.000763 
0.001404 -0.000244 
0.002075 -0.001129 
0.002655 -0.001190 
0.001984 -0.001587 
0.002136 -0.002411 
0.002197 -0.001923 
0.001465 -0.001587 
0.000793 -0.000732 
0.001160 0.000305 
0.000763 0.000946 
-0.000244 0.001190 
-0.001129 0.001434 
-0.001190 0.002136 
-0.001587 0.002136 
-0.002411 0.002014 
-0.001923 0.002350 
-0.001587 0.001984 
-0.000732 0.001251 
0.000305 0.000549 
0.000946 0.000427 
0.001190 -0.000183 
0.001434 -0.001282 
0.002136 -0.000549 
0.002136 -0.001404 
0.002014 -0.001312 
0.002350 -0.000214 
0.001984 -0.000793 
0.001251 0.000031 
0.000549 0.000336 
0.000427 0.000336 
-0.000183 0.000092 
-0.001282 0.000305 
-0.000549 0.000153 
-0.001404 -0.000092 
-0.001312 0.000946 
-0.000214 0.000244 
-0.000793 -0.000763 
0.000031 -0.000977 
0.000336 -0.001007 
0.000336 -0.001068 
0.000092 -0.000854 
0.000305 -0.000702 
0.000153 -0.000153 
-0.000092 0.000732 
0.000946 0.001160 
0.000244 0.001892 
-0.000763 0.001984 
-0.000977 0.002197 
-0.001007 0.002380 
-0.001068 0.001984 
-0.000854 0.001617 
-0.000702 0.000885 
-0.000153 -0.000214 
0.000732 -0.000732 
0.001160 -0.001373 
0.001892 -0.002350 
0.001984 -0.002472 
0.002197 -0.002777 
0.002380 -0.002686 
0.001984 -0.002350 
0.001617 -0.001862 
0.000885 -0.001373 
-0.000214 -0.000824 
-0.000732 0.000061 
-0.001373 0.000397 
-0.002350 0.001251 
-0.002472 0.001495 
-0.002777 0.000854 
-0.002686 0.000458 
-0.002350 0.000519 
-0.001862 0.000580 
-0.001373 -0.000122 
-0.000824 -0.000671 
0.000061 -0.001038 
0.000397 -0.001495 
0.001251 -0.000916 
0.001495 -0.000427 
0.000854 -0.000916 
0.000458 -0.001038 
0.000519 -0.000702 
0.000580 -0.000519 
-0.000122 -0.000824 
-0.000671 -0.000763 
-0.001038 -0.000458 
-0.001495 -0.000519 
-0.000916 -0.000458 
-0.000427 -0.001343 
-0.000916 -0.002045 
-0.001038 -0.001770 
-0.000702 -0.002258 
-0.000519 -0.002136 
-0.000824 -0.002106 
-0.000763 -0.002411 
-0.000458 -0.001251 
-0.000519 -0.000183 
-0.000458 0.000183 
-0.001343 0.000092 
-0.002045 0.000793 
-0.001770 0.001862 
-0.002258 0.001740 
-0.002136 0.002045 
-0.002106 0.001801 
-0.002411 0.000946 
-0.001251 0.000427 
-0.000183 -0.000549 
0.000183 -0.000916 
0.000092 -0.001221 
0.000793 -0.002228 
0.001862 -0.002441 
0.001740 -0.002319 
0.002045 -0.002930 
0.001801 -0.002594 
0.000946 -0.001465 
0.000427 -0.001312 
-0.000549 -0.000427 
-0.000916 0.001190 
-0.001221 0.001495 
-0.002228 0.002136 
-0.002441 0.002716 
-0.002319 0.002411 
-0.002930 0.002777 
-0.002594 0.002838 
-0.001465 0.001587 
-0.001312 0.000793 
-0.000427 0.000885 
0.001190 0.000214 
0.001495 -0.000793 
0.002136 -0.001404 
0.002716 -0.001617 
0.002411 -0.001099 
0.002777 -0.000610 
0.002838 -0.000397 
0.001587 -0.000031 
0.000793 -0.000488 
0.000885 0.000122 
0.000214 0.000885 
-0.000793 0.000610 
-0.001404 0.001221 
-0.001617 0.000580 
-0.001099 0.000183 
-0.000610 0.000275 
-0.000397 -0.000275 
-0.000031 -0.000244 
-0.000488 -0.000214 
0.000122 0.000061 
0.000885 0.000458 
0.000610 0.001495 
0.001221 0.001831 
0.000580 0.001923 
0.000183 0.002716 
0.000275 0.002960 
-0.000275 0.003174 
-0.000244 0.003174 
-0.000214 0.002106 
0.000061 0.001862 
0.000458 0.001617 
0.001495 -0.000214 
0.001831 -0.000427 
0.001923 -0.000977 
0.002716 -0.001495 
0.002960 -0.001678 
0.003174 -0.002289 
0.003174 -0.002045 
0.002106 -0.002533 
0.001862 -0.002075 
0.001617 -0.001465 
-0.000214 -0.001068 
-0.000427 -0.000122 
-0.000977 0.000763 
-0.001495 0.000824 
-0.001678 0.001038 
-0.002289 0.002075 
-0.002045 0.001953 
-0.002533 0.001831 
-0.002075 0.001587 
-0.001465 0.000793 
-0.001068 0.000153 
-0.000122 0.000214 
0.000763 -0.000031 
0.000824 -0.000549 
0.001038 -0.000641 
0.002075 -0.000793 
0.001953 -0.000916 
0.001831 -0.000763 
0.001587 -0.000305 
0.000793 -0.000702 
0.000153 -0.000031 
0.000214 0.000000 
-0.000031 -0.000793 
-0.000549 -0.000305 
-0.000641 -0.000702 
-0.000793 -0.001038 
-0.000916 -0.001282 
-0.000763 -0.001709 
-0.000305 -0.002045 
-0.000702 -0.001984 
-0.000031 -0.001831 
0.000000 -0.002258 
-0.000793 -0.001404 
-0.000305 -0.000580 
-0.000702 -0.000458 
-0.001038 0.000854 
-0.001282 0.001678 
-0.001709 0.002136 
-0.002045 0.002716 
-0.001984 0.002655 
-0.001831 0.002991 
-0.002258 0.002441 
-0.001404 0.001648 
-0.000580 0.001648 
-0.000458 0.000793 
0.000854 -0.000916 
0.001678 -0.001587 
0.002136 -0.002289 
0.002716 -0.003082 
0.002655 -0.002716 
0.002991 -0.003235 
0.002441 -0.002777 
0.001648 -0.001831 
0.001648 -0.001740 
0.000793 -0.001373 
-0.000916 -0.000610 
-0.001587 -0.000427 
-0.002289 -0.000275 
-0.003082 0.000275 
-0.002716 -0.000549 
-0.003235 0.000153 
-0.002777 0.000793 
-0.001831 0.000000 
-0.001740 0.000092 
-0.001373 -0.000458 
-0.000610 -0.000641 
-0.000427 -0.000275 
-0.000275 -0.000214 
0.000275 0.000427 
-0.000549 0.001312 
0.000153 0.000763 
0.000793 0.000641 
0.000000 0.001160 
0.000092 0.001373 
-0.000458 0.001099 
-0.000641 0.000854 
-0.000275 0.000763 
-0.000214 -0.000793 
0.000427 -0.001221 
0.001312 -0.001587 
0.000763 -0.002045 
0.000641 -0.002014 
0.001160 -0.002075 
0.001373 -0.001556 
0.001099 -0.001923 
0.000854 -0.001617 
0.000763 -0.000763 
-0.000793 0.000000 
-0.001221 0.000702 
-0.001587 0.001068 
-0.002045 0.001862 
-0.002014 0.002625 
-0.002075 0.002716 
-0.001556 0.002045 
-0.001923 0.001556 
-0.001617 0.001190 
-0.000763 0.000336 
0.000000 -0.000214 
0.000702 -0.000549 
0.001068 -0.001251 
0.001862 -0.001343 
0.002625 -0.001587 
0.002716 -0.001465 
0.002045 -0.000977 
0.001556 -0.001190 
0.001190 -0.000122 
0.000336 0.000397 
-0.000214 0.000549 
-0.000549 0.001587 
-0.001251 0.001831 
-0.001343 0.001862 
-0.001587 0.001282 
-0.001465 0.001068 
-0.000977 0.000732 
-0.001190 0.000244 
-0.000122 0.000732 
0.000397 -0.000458 
0.000549 -0.001160 
0.001587 -0.000580 
0.001831 -0.000946 
0.001862 -0.000793 
0.001282 -0.000214 
0.001068 0.000153 
0.000732 0.000488 
0.000244 0.000610 
0.000732 0.001312 
-0.000458 0.001831 
-0.001160 0.001862 
-0.000580 0.002136 
-0.000946 0.001709 
