-0.025996 0.027449 
-0.026696 0.029002 
-0.026527 0.031449 
-0.025911 0.034210 
-0.024494 0.036452 
-0.022818 0.038737 
-0.020449 0.040694 
-0.018176 0.042283 
-0.015749 0.043075 
-0.013351 0.043814 
-0.011645 0.043737 
-0.009298 0.043189 
-0.007373 0.041798 
-0.006783 0.039154 
-0.005912 0.036720 
-0.006208 0.033434 
-0.007284 0.029594 
-0.007696 0.025255 
-0.008994 0.020902 
-0.010734 0.016002 
-0.013472 0.009831 
-0.016798 0.004731 
-0.018998 -0.000225 
-0.021311 -0.005550 
-0.023785 -0.010536 
-0.026434 -0.015007 
-0.028916 -0.018531 
-0.030417 -0.020790 
-0.031779 -0.022701 
-0.032766 -0.024552 
-0.033712 -0.025034 
-0.034056 -0.024444 
-0.033094 -0.023677 
-0.032537 -0.023052 
-0.032375 -0.021133 
-0.030807 -0.019351 
-0.029248 -0.017089 
-0.028028 -0.014121 
-0.025462 -0.012308 
-0.023288 -0.010251 
-0.020646 -0.008879 
-0.018669 -0.006882 
-0.017044 -0.005871 
-0.013876 -0.005801 
-0.011711 -0.005549 
-0.009289 -0.006581 
-0.006882 -0.007314 
-0.004089 -0.009192 
-0.001177 -0.011020 
0.000690 -0.013427 
0.003618 -0.016411 
0.006143 -0.018802 
0.007802 -0.021398 
0.010565 -0.023417 
0.012840 -0.026229 
0.013781 -0.028192 
0.015119 -0.029551 
0.016464 -0.030803 
0.018062 -0.031856 
0.018713 -0.033397 
0.018606 -0.033299 
0.018816 -0.032581 
0.019141 -0.032322 
0.019446 -0.031558 
0.018903 -0.030487 
0.019478 -0.029380 
0.019964 -0.027254 
0.020949 -0.025874 
0.022260 -0.024391 
0.022736 -0.020962 
0.024747 -0.019308 
0.026795 -0.017311 
0.028854 -0.014078 
0.031411 -0.012515 
0.033820 -0.010230 
0.036296 -0.007725 
0.038598 -0.005239 
0.040221 -0.002328 
0.041622 -0.000973 
0.042670 0.001860 
0.043311 0.005189 
0.042967 0.006785 
0.041315 0.009364 
0.039935 0.011252 
0.038074 0.012291 
0.035791 0.013580 
0.032730 0.014775 
0.028503 0.015659 
0.023762 0.015999 
0.019074 0.016487 
0.014297 0.016665 
0.008958 0.016783 
0.003579 0.016889 
-0.001479 0.017753 
-0.006654 0.018168 
-0.012141 0.018026 
-0.015974 0.019739 
-0.019611 0.021498 
-0.022524 0.022930 
-0.023950 0.024213 
-0.025354 0.026577 
-0.026432 0.029542 
-0.025872 0.031503 
-0.024231 0.034736 
-0.024106 0.037128 
-0.022031 0.038668 
-0.019670 0.040826 
-0.017708 0.042258 
-0.015184 0.043603 
-0.013133 0.044261 
-0.010601 0.044192 
-0.009816 0.043494 
-0.008351 0.041891 
-0.006392 0.039604 
-0.005322 0.037156 
-0.006250 0.034201 
-0.007387 0.030431 
-0.007634 0.026407 
-0.009586 0.020665 
-0.011223 0.015440 
-0.013863 0.010737 
-0.016340 0.004752 
-0.018683 -0.000362 
-0.021888 -0.005180 
-0.024105 -0.009424 
-0.026235 -0.014072 
-0.028194 -0.017959 
-0.029797 -0.020017 
-0.031807 -0.022805 
-0.032882 -0.024137 
-0.032937 -0.024571 
-0.033653 -0.024566 
-0.033123 -0.023641 
-0.032633 -0.022899 
-0.031893 -0.021421 
-0.030326 -0.019377 
-0.029235 -0.016763 
-0.027564 -0.014327 
-0.025604 -0.012105 
-0.023152 -0.010500 
-0.021598 -0.009082 
-0.019469 -0.007196 
-0.016766 -0.006548 
-0.014363 -0.006159 
-0.011531 -0.006274 
-0.009582 -0.006996 
-0.007459 -0.008030 
-0.004643 -0.009820 
-0.001728 -0.011457 
0.000425 -0.013584 
0.002573 -0.016337 
0.005566 -0.019336 
0.007897 -0.021397 
0.009182 -0.023631 
0.011266 -0.026504 
0.013083 -0.027844 
0.014352 -0.029894 
0.016144 -0.031484 
0.016871 -0.031806 
0.017483 -0.032997 
0.017793 -0.033133 
0.017890 -0.032764 
0.017924 -0.032654 
0.018441 -0.031750 
0.018927 -0.030148 
0.017995 -0.029183 
0.018542 -0.028337 
0.019897 -0.026427 
0.021320 -0.024341 
0.022695 -0.022178 
0.024690 -0.020372 
0.027449 -0.017936 
0.029002 -0.015769 
0.031449 -0.014129 
0.034210 -0.011616 
0.036452 -0.008626 
0.038737 -0.005433 
0.040694 -0.003279 
0.042283 -0.000909 
0.043075 0.001540 
0.043814 0.004555 
0.043737 0.007154 
0.043189 0.008807 
0.041798 0.010987 
0.039154 0.011895 
0.036720 0.013725 
0.033434 0.014959 
0.029594 0.015434 
0.025255 0.015724 
0.020902 0.015304 
0.016002 0.016029 
0.009831 0.016192 
0.004731 0.016838 
-0.000225 0.016702 
-0.005550 0.017168 
-0.010536 0.017873 
-0.015007 0.018147 
-0.018531 0.020808 
-0.020790 0.021809 
-0.022701 0.023149 
-0.024552 0.025941 
-0.025034 0.028788 
-0.024444 0.031509 
-0.023677 0.033121 
-0.023052 0.036193 
-0.021133 0.038673 
-0.019351 0.039789 
-0.017089 0.041594 
-0.014121 0.043218 
-0.012308 0.043605 
-0.010251 0.043833 
-0.008879 0.043744 
-0.006882 0.042686 
-0.005871 0.041644 
-0.005801 0.038300 
-0.005549 0.034887 
-0.006581 0.031791 
-0.007314 0.026775 
-0.009192 0.022406 
-0.011020 0.017052 
-0.013427 0.011753 
-0.016411 0.006330 
-0.018802 0.000508 
-0.021398 -0.003607 
-0.023417 -0.008644 
-0.026229 -0.012847 
-0.028192 -0.015923 
-0.029551 -0.018829 
-0.030803 -0.021319 
-0.031856 -0.023397 
-0.033397 -0.023707 
-0.033299 -0.024353 
-0.032581 -0.023979 
-0.032322 -0.022413 
-0.031558 -0.021398 
-0.030487 -0.019064 
-0.029380 -0.016575 
-0.027254 -0.014285 
-0.025874 -0.012020 
-0.024391 -0.010408 
-0.020962 -0.008563 
-0.019308 -0.007414 
-0.017311 -0.006599 
-0.014078 -0.006126 
-0.012515 -0.006804 
-0.010230 -0.006945 
-0.007725 -0.008023 
-0.005239 -0.009988 
-0.002328 -0.011581 
-0.000973 -0.013888 
0.001860 -0.016212 
0.005189 -0.018539 
0.006785 -0.020613 
0.009364 -0.023152 
0.011252 -0.025557 
0.012291 -0.027197 
0.013580 -0.029260 
0.014775 -0.030526 
0.015659 -0.031431 
0.015999 -0.032141 
0.016487 -0.032449 
0.016665 -0.032492 
0.016783 -0.032187 
0.016889 -0.031517 
0.017753 -0.030349 
0.018168 -0.029035 
0.018026 -0.027297 
0.019739 -0.026299 
0.021498 -0.024595 
0.022930 -0.022611 
0.024213 -0.021219 
0.026577 -0.018431 
0.029542 -0.016497 
0.031503 -0.014160 
0.034736 -0.011457 
0.037128 -0.009267 
0.038668 -0.006201 
0.040826 -0.004354 
0.042258 -0.001516 
0.043603 0.001692 
0.044261 0.003828 
0.044192 0.006219 
0.043494 0.007997 
0.041891 0.010222 
0.039604 0.011084 
0.037156 0.011894 
0.034201 0.013728 
0.030431 0.014338 
0.026407 0.014577 
0.020665 0.014295 
0.015440 0.014898 
0.010737 0.014725 
0.004752 0.014356 
-0.000362 0.015355 
-0.005180 0.015256 
-0.009424 0.016712 
-0.014072 0.018398 
-0.017959 0.019428 
-0.020017 0.021735 
-0.022805 0.023519 
-0.024137 0.025589 
-0.024571 0.028031 
-0.024566 0.030905 
-0.023641 0.033581 
-0.022899 0.035436 
-0.021421 0.038200 
-0.019377 0.040256 
-0.016763 0.041878 
-0.014327 0.043979 
-0.012105 0.045090 
-0.010500 0.045547 
-0.009082 0.045199 
-0.007196 0.044031 
-0.006548 0.042295 
-0.006159 0.039453 
-0.006274 0.036431 
-0.006996 0.032937 
-0.008030 0.028063 
-0.009820 0.023888 
-0.011457 0.018693 
-0.013584 0.012341 
-0.016337 0.007416 
-0.019336 0.002547 
-0.021397 -0.002102 
-0.023631 -0.007305 
-0.026504 -0.011687 
-0.027844 -0.015255 
-0.029894 -0.018725 
-0.031484 -0.020207 
-0.031806 -0.021517 
-0.032997 -0.022469 
-0.033133 -0.023097 
-0.032764 -0.022913 
-0.032654 -0.021749 
-0.031750 -0.020539 
-0.030148 -0.018762 
-0.029183 -0.016279 
-0.028337 -0.013476 
-0.026427 -0.011665 
-0.024341 -0.009843 
-0.022178 -0.008405 
-0.020372 -0.007251 
-0.017936 -0.006336 
-0.015769 -0.006342 
-0.014129 -0.006491 
-0.011616 -0.007281 
-0.008626 -0.008388 
-0.005433 -0.009871 
-0.003279 -0.011754 
-0.000909 -0.014023 
0.001540 -0.016291 
0.004555 -0.018454 
0.007154 -0.020867 
0.008807 -0.023381 
0.010987 -0.025336 
0.011895 -0.027009 
0.013725 -0.028691 
0.014959 -0.030279 
0.015434 -0.032095 
0.015724 -0.031942 
0.015304 -0.032007 
0.016029 -0.032439 
0.016192 -0.031593 
0.016838 -0.031112 
0.016702 -0.030328 
0.017168 -0.029675 
0.017873 -0.028059 
0.018147 -0.026759 
0.020808 -0.025794 
0.021809 -0.023327 
0.023149 -0.021305 
0.025941 -0.019866 
0.028788 -0.017662 
0.031509 -0.015070 
0.033121 -0.013158 
0.036193 -0.010227 
0.038673 -0.007257 
0.039789 -0.004805 
0.041594 -0.001784 
0.043218 0.000482 
0.043605 0.002725 
0.043833 0.005228 
0.043744 0.007589 
0.042686 0.009574 
0.041644 0.010754 
0.038300 0.011344 
0.034887 0.012151 
0.031791 0.013062 
0.026775 0.013176 
0.022406 0.013221 
0.017052 0.013426 
0.011753 0.013815 
0.006330 0.013772 
0.000508 0.013519 
-0.003607 0.015554 
-0.008644 0.016991 
-0.012847 0.017084 
-0.015923 0.019133 
-0.018829 0.020872 
-0.021319 0.022413 
-0.023397 0.024969 
-0.023707 0.027781 
-0.024353 0.030197 
-0.023979 0.032017 
-0.022413 0.035213 
-0.021398 0.038212 
-0.019064 0.039785 
-0.016575 0.042054 
-0.014285 0.043964 
-0.012020 0.044871 
-0.010408 0.045465 
-0.008563 0.045109 
-0.007414 0.044500 
-0.006599 0.042725 
-0.006126 0.039754 
-0.006804 0.036644 
-0.006945 0.033280 
-0.008023 0.029321 
-0.009988 0.024310 
-0.011581 0.019382 
-0.013888 0.013759 
-0.016212 0.008384 
-0.018539 0.003271 
-0.020613 -0.001628 
-0.023152 -0.006263 
-0.025557 -0.011277 
-0.027197 -0.014568 
-0.029260 -0.017918 
-0.030526 -0.020270 
-0.031431 -0.021322 
-0.032141 -0.022187 
-0.032449 -0.022628 
-0.032492 -0.022955 
-0.032187 -0.021775 
-0.031517 -0.020036 
-0.030349 -0.017551 
-0.029035 -0.015538 
-0.027297 -0.014042 
-0.026299 -0.011621 
-0.024595 -0.009708 
-0.022611 -0.008728 
-0.021219 -0.007434 
-0.018431 -0.006507 
-0.016497 -0.006237 
-0.014160 -0.006067 
-0.011457 -0.007196 
-0.009267 -0.008543 
-0.006201 -0.010412 
-0.004354 -0.011942 
-0.001516 -0.013605 
0.001692 -0.016356 
0.003828 -0.018646 
0.006219 -0.020635 
0.007997 -0.022230 
0.010222 -0.024672 
0.011084 -0.026437 
0.011894 -0.028078 
0.013728 -0.030071 
0.014338 -0.030731 
0.014577 -0.031371 
0.014295 -0.031483 
0.014898 -0.031134 
0.014725 -0.031277 
0.014356 -0.030884 
0.015355 -0.029829 
0.015256 -0.029313 
0.016712 -0.028350 
0.018398 -0.027035 
0.019428 -0.025248 
0.021735 -0.023289 
0.023519 -0.022171 
0.025589 -0.020448 
0.028031 -0.018141 
0.030905 -0.015926 
0.033581 -0.013842 
0.035436 -0.010964 
0.038200 -0.007122 
0.040256 -0.004208 
0.041878 -0.002914 
0.043979 0.000306 
0.045090 0.003768 
0.045547 0.004834 
0.045199 0.007107 
0.044031 0.009083 
0.042295 0.010171 
0.039453 0.011106 
0.036431 0.011298 
0.032937 0.012044 
0.028063 0.012741 
0.023888 0.012685 
0.018693 0.013069 
0.012341 0.013495 
0.007416 0.013329 
0.002547 0.013959 
-0.002102 0.015039 
-0.007305 0.016000 
-0.011687 0.016899 
-0.015255 0.018282 
-0.018725 0.020058 
-0.020207 0.022286 
-0.021517 0.024838 
-0.022469 0.027172 
-0.023097 0.029669 
-0.022913 0.032012 
-0.021749 0.034813 
-0.020539 0.037910 
-0.018762 0.040538 
-0.016279 0.041788 
-0.013476 0.043517 
-0.011665 0.045578 
-0.009843 0.045490 
-0.008405 0.045539 
-0.007251 0.044875 
-0.006336 0.042942 
-0.006342 0.040546 
-0.006491 0.036705 
-0.007281 0.033584 
-0.008388 0.030279 
-0.009871 0.024755 
-0.011754 0.019276 
-0.014023 0.014462 
-0.016291 0.009935 
-0.018454 0.004548 
-0.020867 -0.000771 
-0.023381 -0.005315 
-0.025336 -0.010147 
-0.027009 -0.013524 
-0.028691 -0.016923 
-0.030279 -0.019492 
-0.032095 -0.020885 
-0.031942 -0.022086 
-0.032007 -0.021802 
-0.032439 -0.021629 
-0.031593 -0.021037 
-0.031112 -0.019335 
-0.030328 -0.017161 
-0.029675 -0.015385 
-0.028059 -0.013810 
-0.026759 -0.012003 
-0.025794 -0.009936 
-0.023327 -0.008190 
-0.021305 -0.007200 
-0.019866 -0.006647 
-0.017662 -0.006707 
-0.015070 -0.006441 
-0.013158 -0.006737 
-0.010227 -0.007780 
-0.007257 -0.009249 
-0.004805 -0.011233 
-0.001784 -0.013660 
0.000482 -0.015705 
0.002725 -0.017658 
0.005228 -0.020220 
0.007589 -0.022223 
0.009574 -0.024019 
0.010754 -0.025458 
0.011344 -0.027476 
0.012151 -0.029455 
0.013062 -0.030504 
0.013176 -0.030990 
0.013221 -0.031909 
0.013426 -0.032104 
0.013815 -0.031218 
0.013772 -0.031237 
0.013519 -0.030720 
0.015554 -0.030014 
0.016991 -0.028454 
0.017084 -0.028023 
0.019133 -0.026786 
0.020872 -0.024489 
0.022413 -0.023460 
0.024969 -0.021032 
0.027781 -0.019067 
0.030197 -0.015915 
0.032017 -0.013130 
0.035213 -0.010422 
0.038212 -0.007745 
0.039785 -0.005487 
0.042054 -0.001669 
0.043964 0.000146 
0.044871 0.002173 
0.045465 0.004921 
0.045109 0.007550 
0.044500 0.009093 
0.042725 0.009239 
0.039754 0.010179 
0.036644 0.011352 
0.033280 0.011449 
0.029321 0.011311 
0.024310 0.011536 
0.019382 0.011094 
0.013759 0.011873 
0.008384 0.012624 
0.003271 0.013167 
-0.001628 0.013643 
-0.006263 0.014444 
-0.011277 0.016356 
-0.014568 0.017260 
-0.017918 0.018835 
-0.020270 0.021088 
-0.021322 0.023254 
-0.022187 0.026032 
-0.022628 0.029113 
-0.022955 0.032091 
-0.021775 0.034795 
-0.020036 0.037117 
-0.017551 0.040203 
-0.015538 0.042600 
-0.014042 0.043860 
-0.011621 0.045703 
-0.009708 0.046073 
-0.008728 0.046025 
-0.007434 0.045145 
-0.006507 0.043123 
-0.006237 0.041554 
-0.006067 0.038674 
-0.007196 0.034756 
-0.008543 0.031076 
-0.010412 0.026178 
-0.011942 0.020620 
-0.013605 0.016304 
-0.016356 0.011497 
-0.018646 0.005832 
-0.020635 0.000321 
-0.022230 -0.004467 
-0.024672 -0.008798 
-0.026437 -0.012880 
-0.028078 -0.016385 
-0.030071 -0.018456 
-0.030731 -0.020064 
-0.031371 -0.021688 
-0.031483 -0.021076 
-0.031134 -0.020623 
-0.031277 -0.020062 
-0.030884 -0.018378 
-0.029829 -0.016754 
-0.029313 -0.014615 
-0.028350 -0.012897 
-0.027035 -0.011433 
-0.025248 -0.009492 
-0.023289 -0.008154 
-0.022171 -0.007386 
-0.020448 -0.006665 
-0.018141 -0.006429 
-0.015926 -0.006052 
-0.013842 -0.007612 
-0.010964 -0.008937 
-0.007122 -0.009198 
-0.004208 -0.011377 
-0.002914 -0.013305 
0.000306 -0.015725 
0.003768 -0.018176 
0.004834 -0.020047 
0.007107 -0.021966 
0.009083 -0.024435 
0.010171 -0.026519 
0.011106 -0.027175 
0.011298 -0.029061 
0.012044 -0.029982 
0.012741 -0.029800 
0.012685 -0.030916 
0.013069 -0.031342 
0.013495 -0.031278 
0.013329 -0.031038 
0.013959 -0.030476 
0.015039 -0.030309 
0.016000 -0.029417 
0.016899 -0.028397 
0.018282 -0.026891 
0.020058 -0.025246 
0.022286 -0.023400 
0.024838 -0.021259 
0.027172 -0.019619 
0.029669 -0.016699 
0.032012 -0.014641 
0.034813 -0.011866 
0.037910 -0.008806 
0.040538 -0.006447 
0.041788 -0.003237 
0.043517 -0.000641 
0.045578 0.001998 
0.045490 0.003913 
0.045539 0.006220 
0.044875 0.007102 
0.042942 0.008053 
0.040546 0.009366 
0.036705 0.008983 
0.033584 0.009681 
0.030279 0.010189 
0.024755 0.010402 
0.019276 0.010502 
0.014462 0.011312 
0.009935 0.011690 
0.004548 0.012156 
-0.000771 0.013280 
-0.005315 0.014115 
-0.010147 0.015270 
-0.013524 0.016721 
-0.016923 0.018843 
-0.019492 0.020644 
-0.020885 0.023649 
-0.022086 0.025825 
-0.021802 0.028474 
-0.021629 0.032174 
-0.021037 0.034479 
-0.019335 0.037155 
-0.017161 0.040352 
-0.015385 0.043147 
-0.013810 0.044072 
-0.012003 0.045334 
-0.009936 0.046137 
-0.008190 0.046428 
-0.007200 0.045575 
-0.006647 0.043510 
-0.006707 0.041915 
-0.006441 0.039353 
-0.006737 0.036150 
-0.007780 0.031037 
-0.009249 0.026356 
-0.011233 0.021395 
-0.013660 0.016123 
-0.015705 0.011022 
-0.017658 0.005169 
-0.020220 0.000995 
-0.022223 -0.003768 
-0.024019 -0.008461 
-0.025458 -0.011970 
-0.027476 -0.014741 
-0.029455 -0.017246 
-0.030504 -0.019353 
-0.030990 -0.019776 
-0.031909 -0.019762 
-0.032104 -0.019863 
-0.031218 -0.019419 
-0.031237 -0.017960 
-0.030720 -0.016178 
-0.030014 -0.014606 
-0.028454 -0.012631 
-0.028023 -0.010780 
-0.026786 -0.009699 
-0.024489 -0.008112 
-0.023460 -0.006611 
-0.021032 -0.005932 
-0.019067 -0.005569 
-0.015915 -0.005231 
-0.013130 -0.006169 
-0.010422 -0.007870 
-0.007745 -0.009243 
-0.005487 -0.011895 
-0.001669 -0.013239 
0.000146 -0.014795 
0.002173 -0.017673 
0.004921 -0.020087 
0.007550 -0.022618 
0.009093 -0.023655 
0.009239 -0.025315 
0.010179 -0.027601 
0.011352 -0.028591 
0.011449 -0.029747 
0.011311 -0.030792 
0.011536 -0.031175 
0.011094 -0.031464 
0.011873 -0.030910 
0.012624 -0.030749 
0.013167 -0.030934 
0.013643 -0.030092 
0.014444 -0.029795 
0.016356 -0.028727 
0.017260 -0.027196 
0.018835 -0.026058 
0.021088 -0.024299 
0.023254 -0.022386 
0.026032 -0.020335 
0.029113 -0.017613 
0.032091 -0.014909 
0.034795 -0.012427 
0.037117 -0.009067 
0.040203 -0.005969 
0.042600 -0.003452 
0.043860 -0.001234 
0.045703 0.001152 
0.046073 0.003350 
0.046025 0.004965 
0.045145 0.006151 
0.043123 0.007247 
0.041554 0.008502 
0.038674 0.008617 
0.034756 0.009205 
0.031076 0.009462 
0.026178 0.010056 
0.020620 0.010767 
0.016304 0.010147 
0.011497 0.011133 
0.005832 0.011521 
0.000321 0.011759 
-0.004467 0.013029 
-0.008798 0.014306 
-0.012880 0.016229 
-0.016385 0.017569 
-0.018456 0.019665 
-0.020064 0.022626 
-0.021688 0.024993 
-0.021076 0.028377 
-0.020623 0.031346 
-0.020062 0.033483 
-0.018378 0.037204 
-0.016754 0.039935 
-0.014615 0.041734 
-0.012897 0.044360 
-0.011433 0.046175 
-0.009492 0.046561 
-0.008154 0.045733 
-0.007386 0.045222 
-0.006665 0.044901 
-0.006429 0.042774 
-0.006052 0.039545 
-0.007612 0.036099 
-0.008937 0.031532 
-0.009198 0.027014 
-0.011377 0.023105 
-0.013305 0.017696 
-0.015725 0.011406 
-0.018176 0.006516 
-0.020047 0.001623 
-0.021966 -0.003602 
-0.024435 -0.007838 
-0.026519 -0.011387 
-0.027175 -0.013710 
-0.029061 -0.016393 
-0.029982 -0.018952 
-0.029800 -0.019874 
-0.030916 -0.019744 
-0.031342 -0.019369 
-0.031278 -0.018846 
-0.031038 -0.017127 
-0.030476 -0.016114 
-0.030309 -0.014358 
-0.029417 -0.011857 
-0.028397 -0.010470 
-0.026891 -0.009167 
-0.025246 -0.008316 
-0.023400 -0.006888 
-0.021259 -0.006529 
-0.019619 -0.007042 
-0.016699 -0.006725 
-0.014641 -0.007127 
-0.011866 -0.008355 
-0.008806 -0.010222 
-0.006447 -0.011652 
-0.003237 -0.012899 
-0.000641 -0.015131 
0.001998 -0.017472 
0.003913 -0.019808 
0.006220 -0.022328 
0.007102 -0.024293 
0.008053 -0.025828 
0.009366 -0.027089 
0.008983 -0.028113 
0.009681 -0.029142 
0.010189 -0.029653 
0.010402 -0.030305 
0.010502 -0.030887 
0.011312 -0.030576 
0.011690 -0.030583 
0.012156 -0.030822 
0.013280 -0.030287 
0.014115 -0.029639 
0.015270 -0.029427 
0.016721 -0.028427 
0.018843 -0.026610 
0.020644 -0.024669 
0.023649 -0.022593 
0.025825 -0.020092 
0.028474 -0.016485 
0.032174 -0.013870 
0.034479 -0.011677 
0.037155 -0.008432 
0.040352 -0.006050 
0.043147 -0.003610 
0.044072 -0.001523 
0.045334 0.000287 
0.046137 0.002406 
0.046428 0.003862 
0.045575 0.005429 
0.043510 0.006496 
0.041915 0.007703 
0.039353 0.008421 
0.036150 0.008703 
0.031037 0.009575 
0.026356 0.009384 
0.021395 0.009570 
0.016123 0.009896 
0.011022 0.009846 
0.005169 0.010251 
0.000995 0.011249 
-0.003768 0.012519 
-0.008461 0.013082 
-0.011970 0.014960 
-0.014741 0.017157 
-0.017246 0.018925 
-0.019353 0.021698 
-0.019776 0.024643 
-0.019762 0.027703 
-0.019863 0.030363 
-0.019419 0.033482 
-0.017960 0.037283 
-0.016178 0.040277 
-0.014606 0.042560 
-0.012631 0.044538 
-0.010780 0.046155 
-0.009699 0.046852 
-0.008112 0.047021 
-0.006611 0.046712 
-0.005932 0.045300 
-0.005569 0.043285 
-0.005231 0.040511 
-0.006169 0.037130 
-0.007870 0.032935 
-0.009243 0.028252 
-0.011895 0.024405 
-0.013239 0.019352 
-0.014795 0.013191 
-0.017673 0.008039 
-0.020087 0.003369 
-0.022618 -0.001513 
-0.023655 -0.005907 
-0.025315 -0.009626 
-0.027601 -0.013136 
-0.028591 -0.015405 
-0.029747 -0.016940 
-0.030792 -0.017422 
-0.031175 -0.017747 
-0.031464 -0.018084 
-0.030910 -0.016783 
-0.030749 -0.015788 
-0.030934 -0.014698 
-0.030092 -0.013330 
-0.029795 -0.011653 
-0.028727 -0.009855 
-0.027196 -0.008942 
-0.026058 -0.007809 
-0.024299 -0.006536 
-0.022386 -0.006409 
-0.020335 -0.006416 
-0.017613 -0.005813 
-0.014909 -0.006918 
-0.012427 -0.008253 
-0.009067 -0.009738 
-0.005969 -0.011382 
-0.003452 -0.012977 
-0.001234 -0.015636 
0.001152 -0.017510 
0.003350 -0.019511 
0.004965 -0.021130 
0.006151 -0.022984 
0.007247 -0.025147 
0.008502 -0.026609 
0.008617 -0.027632 
0.009205 -0.028510 
0.009462 -0.029542 
0.010056 -0.029492 
0.010767 -0.030452 
0.010147 -0.030800 
0.011133 -0.030572 
0.011521 -0.031098 
0.011759 -0.030571 
0.013029 -0.030314 
0.014306 -0.029986 
0.016229 -0.028873 
0.017569 -0.026805 
0.019665 -0.024460 
0.022626 -0.022443 
0.024993 -0.020614 
0.028377 -0.018087 
0.031346 -0.014904 
0.033483 -0.011627 
0.037204 -0.008950 
0.039935 -0.007231 
0.041734 -0.004339 
0.044360 -0.002339 
0.046175 -0.000923 
0.046561 0.001679 
0.045733 0.003540 
0.045222 0.004997 
0.044901 0.005901 
0.042774 0.006843 
0.039545 0.007873 
0.036099 0.007960 
0.031532 0.008296 
0.027014 0.008708 
0.023105 0.008871 
0.017696 0.008614 
0.011406 0.008696 
0.006516 0.009697 
0.001623 0.009918 
-0.003602 0.011038 
-0.007838 0.012489 
-0.011387 0.013675 
-0.013710 0.015950 
-0.016393 0.018454 
-0.018952 0.020881 
-0.019874 0.023061 
-0.019744 0.026991 
-0.019369 0.030686 
-0.018846 0.033312 
-0.017127 0.036426 
-0.016114 0.039128 
-0.014358 0.041973 
-0.011857 0.044252 
-0.010470 0.045838 
-0.009167 0.046911 
-0.008316 0.047803 
-0.006888 0.047778 
-0.006529 0.046393 
-0.007042 0.043882 
-0.006725 0.040907 
-0.007127 0.037987 
-0.008355 0.033893 
-0.010222 0.029964 
-0.011652 0.025257 
-0.012899 0.019208 
-0.015131 0.014158 
-0.017472 0.008773 
-0.019808 0.003499 
-0.022328 -0.000735 
-0.024293 -0.005752 
-0.025828 -0.008902 
-0.027089 -0.011729 
-0.028113 -0.015040 
-0.029142 -0.015760 
-0.029653 -0.017275 
-0.030305 -0.017976 
-0.030887 -0.017090 
-0.030576 -0.016651 
-0.030583 -0.015917 
-0.030822 -0.014451 
-0.030287 -0.013093 
-0.029639 -0.011822 
-0.029427 -0.009366 
-0.028427 -0.008342 
-0.026610 -0.007284 
-0.024669 -0.006317 
-0.022593 -0.006343 
-0.020092 -0.005651 
-0.016485 -0.006117 
-0.013870 -0.007192 
-0.011677 -0.007772 
-0.008432 -0.009317 
-0.006050 -0.011987 
-0.003610 -0.013683 
-0.001523 -0.015528 
0.000287 -0.017752 
0.002406 -0.019414 
0.003862 -0.020580 
0.005429 -0.022178 
0.006496 -0.024482 
0.007703 -0.025301 
0.008421 -0.026583 
0.008703 -0.027989 
0.009575 -0.028566 
0.009384 -0.029513 
0.009570 -0.030164 
0.009896 -0.030671 
0.009846 -0.031136 
0.010251 -0.031184 
0.011249 -0.030823 
0.012519 -0.030118 
0.013082 -0.028562 
0.014960 -0.027697 
0.017157 -0.026717 
0.018925 -0.024514 
0.021698 -0.023044 
0.024643 -0.020665 
0.027703 -0.017609 
0.030363 -0.015564 
0.033482 -0.012457 
0.037283 -0.009667 
0.040277 -0.007937 
0.042560 -0.005140 
0.044538 -0.002477 
0.046155 -0.000339 
0.046852 0.001602 
0.047021 0.003756 
0.046712 0.005287 
0.045300 0.005714 
0.043285 0.006470 
0.040511 0.006878 
0.037130 0.007376 
0.032935 0.008315 
0.028252 0.008413 
0.024405 0.008124 
0.019352 0.008520 
0.013191 0.008839 
0.008039 0.009214 
0.003369 0.009766 
-0.001513 0.010220 
-0.005907 0.011485 
-0.009626 0.013228 
-0.013136 0.015517 
-0.015405 0.018206 
-0.016940 0.020597 
-0.017422 0.023502 
-0.017747 0.026809 
-0.018084 0.029662 
-0.016783 0.033223 
-0.015788 0.037030 
-0.014698 0.040075 
-0.013330 0.042195 
-0.011653 0.044372 
-0.009855 0.046669 
-0.008942 0.047811 
-0.007809 0.048688 
-0.006536 0.047878 
-0.006409 0.046723 
-0.006416 0.045289 
-0.005813 0.042308 
-0.006918 0.038668 
-0.008253 0.034543 
-0.009738 0.030588 
-0.011382 0.025062 
-0.012977 0.019879 
-0.015636 0.015047 
-0.017510 0.009457 
-0.019511 0.004124 
-0.021130 -0.000173 
-0.022984 -0.003868 
-0.025147 -0.008173 
-0.026609 -0.011168 
-0.027632 -0.013642 
-0.028510 -0.015507 
-0.029542 -0.016632 
-0.029492 -0.017076 
-0.030452 -0.016971 
-0.030800 -0.016401 
-0.030572 -0.015446 
-0.031098 -0.014191 
-0.030571 -0.012292 
-0.030314 -0.011289 
-0.029986 -0.009800 
-0.028873 -0.008443 
-0.026805 -0.006949 
-0.024460 -0.006133 
-0.022443 -0.005810 
-0.020614 -0.005452 
-0.018087 -0.006403 
-0.014904 -0.006986 
-0.011627 -0.008288 
-0.008950 -0.009706 
-0.007231 -0.012045 
-0.004339 -0.013513 
-0.002339 -0.015133 
-0.000923 -0.017380 
0.001679 -0.018166 
0.003540 -0.020721 
0.004997 -0.022022 
0.005901 -0.023230 
0.006843 -0.024914 
0.007873 -0.026309 
0.007960 -0.028224 
0.008296 -0.028723 
0.008708 -0.029688 
0.008871 -0.031123 
0.008614 -0.031441 
0.008696 -0.031405 
0.009697 -0.032035 
0.009918 -0.031780 
0.011038 -0.030949 
0.012489 -0.029502 
0.013675 -0.028552 
0.015950 -0.027704 
0.018454 -0.024989 
0.020881 -0.023357 
0.023061 -0.021214 
0.026991 -0.018384 
0.030686 -0.015742 
0.033312 -0.013182 
0.036426 -0.011193 
0.039128 -0.008371 
0.041973 -0.005693 
0.044252 -0.003073 
0.045838 -0.001226 
0.046911 0.000188 
0.047803 0.002448 
0.047778 0.003936 
0.046393 0.004652 
0.043882 0.005791 
0.040907 0.006582 
0.037987 0.006401 
0.033893 0.006569 
0.029964 0.006903 
0.025257 0.007186 
0.019208 0.007205 
0.014158 0.007166 
0.008773 0.008090 
0.003499 0.008670 
-0.000735 0.009138 
-0.005752 0.010293 
-0.008902 0.012082 
-0.011729 0.014406 
-0.015040 0.016613 
-0.015760 0.019269 
-0.017275 0.022619 
-0.017976 0.025773 
-0.017090 0.028660 
-0.016651 0.032629 
-0.015917 0.036376 
-0.014451 0.038948 
-0.013093 0.042066 
-0.011822 0.044469 
-0.009366 0.045776 
-0.008342 0.047676 
-0.007284 0.048609 
-0.006317 0.048058 
-0.006343 0.047226 
-0.005651 0.045184 
-0.006117 0.043073 
-0.007192 0.040100 
-0.007772 0.035639 
-0.009317 0.031761 
-0.011987 0.026576 
-0.013683 0.020849 
-0.015528 0.015966 
-0.017752 0.010829 
-0.019414 0.005665 
-0.020580 0.001131 
-0.022178 -0.002711 
-0.024482 -0.006694 
-0.025301 -0.010160 
-0.026583 -0.012681 
-0.027989 -0.014399 
-0.028566 -0.015426 
-0.029513 -0.016204 
-0.030164 -0.016667 
-0.030671 -0.016471 
-0.031136 -0.014938 
-0.031184 -0.013411 
-0.030823 -0.012658 
-0.030118 -0.010982 
-0.028562 -0.009477 
-0.027697 -0.008167 
-0.026717 -0.006444 
-0.024514 -0.005700 
-0.023044 -0.005469 
-0.020665 -0.005770 
-0.017609 -0.005904 
-0.015564 -0.006730 
-0.012457 -0.008600 
-0.009667 -0.010128 
-0.007937 -0.011484 
-0.005140 -0.013004 
-0.002477 -0.015352 
-0.000339 -0.016519 
0.001602 -0.017876 
0.003756 -0.019991 
0.005287 -0.021341 
0.005714 -0.022921 
0.006470 -0.024367 
0.006878 -0.026655 
0.007376 -0.027842 
0.008315 -0.028547 
0.008413 -0.030427 
0.008124 -0.031229 
0.008520 -0.031456 
0.008839 -0.031516 
0.009214 -0.032116 
0.009766 -0.032117 
0.010220 -0.031102 
0.011485 -0.030283 
0.013228 -0.028448 
0.015517 -0.026936 
0.018206 -0.025087 
0.020597 -0.022658 
0.023502 -0.021037 
0.026809 -0.018240 
0.029662 -0.015470 
0.033223 -0.013002 
0.037030 -0.010475 
0.040075 -0.008275 
0.042195 -0.005969 
0.044372 -0.003844 
0.046669 -0.001075 
0.047811 0.000826 
0.048688 0.001780 
0.047878 0.002837 
0.046723 0.004226 
0.045289 0.005081 
0.042308 0.005380 
0.038668 0.005765 
0.034543 0.005840 
0.030588 0.006836 
0.025062 0.006830 
0.019879 0.006686 
0.015047 0.006951 
0.009457 0.006598 
0.004124 0.007069 
-0.000173 0.008151 
-0.003868 0.010163 
-0.008173 0.011853 
-0.011168 0.013375 
-0.013642 0.015815 
-0.015507 0.019125 
-0.016632 0.021991 
-0.017076 0.024746 
-0.016971 0.028496 
-0.016401 0.031990 
-0.015446 0.036052 
-0.014191 0.039744 
-0.012292 0.042161 
-0.011289 0.044534 
-0.009800 0.046753 
-0.008443 0.047998 
-0.006949 0.048500 
-0.006133 0.048348 
-0.005810 0.047656 
-0.005452 0.046072 
-0.006403 0.043283 
-0.006986 0.040298 
-0.008288 0.036356 
-0.009706 0.032219 
-0.012045 0.027274 
-0.013513 0.021875 
-0.015133 0.017091 
-0.017380 0.011090 
-0.018166 0.006256 
-0.020721 0.002213 
-0.022022 -0.002421 
-0.023230 -0.006339 
-0.024914 -0.009581 
-0.026309 -0.011657 
-0.028224 -0.013548 
-0.028723 -0.015058 
-0.029688 -0.015736 
-0.031123 -0.016153 
-0.031441 -0.015586 
-0.031405 -0.014184 
-0.032035 -0.012976 
-0.031780 -0.011848 
-0.030949 -0.010111 
-0.029502 -0.008561 
-0.028552 -0.007092 
-0.027704 -0.006845 
-0.024989 -0.006571 
-0.023357 -0.005544 
-0.021214 -0.006663 
-0.018384 -0.007104 
-0.015742 -0.007654 
-0.013182 -0.009055 
-0.011193 -0.010195 
-0.008371 -0.011562 
-0.005693 -0.012610 
-0.003073 -0.014765 
-0.001226 -0.016123 
0.000188 -0.017494 
0.002448 -0.019216 
0.003936 -0.020754 
0.004652 -0.022602 
0.005791 -0.023944 
0.006582 -0.025777 
0.006401 -0.027486 
0.006569 -0.028651 
0.006903 -0.029463 
0.007186 -0.030723 
0.007205 -0.031021 
0.007166 -0.031311 
0.008090 -0.031817 
0.008670 -0.031200 
0.009138 -0.030607 
0.010293 -0.029817 
0.012082 -0.029625 
0.014406 -0.027639 
0.016613 -0.025467 
0.019269 -0.023880 
0.022619 -0.021629 
0.025773 -0.019599 
0.028660 -0.016595 
0.032629 -0.014241 
0.036376 -0.011771 
0.038948 -0.009157 
0.042066 -0.006327 
0.044469 -0.003901 
0.045776 -0.002025 
0.047676 0.000011 
0.048609 0.001038 
0.048058 0.002733 
0.047226 0.003772 
0.045184 0.004235 
0.043073 0.004944 
0.040100 0.004921 
0.035639 0.004601 
0.031761 0.005228 
0.026576 0.005852 
0.020849 0.005466 
0.015966 0.005763 
0.010829 0.005692 
0.005665 0.006528 
0.001131 0.007289 
-0.002711 0.008035 
-0.006694 0.010597 
-0.010160 0.012056 
-0.012681 0.014152 
-0.014399 0.017356 
-0.015426 0.020576 
-0.016204 0.023956 
-0.016667 0.027217 
-0.016471 0.030899 
-0.014938 0.034884 
-0.013411 0.038620 
-0.012658 0.041276 
-0.010982 0.044221 
-0.009477 0.046744 
-0.008167 0.047934 
-0.006444 0.048737 
-0.005700 0.048557 
-0.005469 0.047330 
-0.005770 0.045640 
-0.005904 0.043530 
-0.006730 0.040038 
-0.008600 0.036491 
-0.010128 0.033002 
-0.011484 0.027804 
-0.013004 0.022179 
-0.015352 0.017280 
-0.016519 0.012271 
-0.017876 0.007256 
-0.019991 0.002651 
-0.021341 -0.002023 
-0.022921 -0.004949 
-0.024367 -0.007801 
-0.026655 -0.011123 
-0.027842 -0.012298 
-0.028547 -0.014139 
-0.030427 -0.015207 
-0.031229 -0.014139 
-0.031456 -0.013787 
-0.031516 -0.012778 
-0.032116 -0.011024 
-0.032117 -0.010075 
-0.031102 -0.009109 
-0.030283 -0.008043 
-0.028448 -0.007266 
-0.026936 -0.006695 
-0.025087 -0.006243 
-0.022658 -0.005820 
-0.021037 -0.006381 
-0.018240 -0.007421 
-0.015470 -0.007972 
-0.013002 -0.008784 
-0.010475 -0.009848 
-0.008275 -0.010766 
-0.005969 -0.012365 
-0.003844 -0.014361 
-0.001075 -0.015672 
0.000826 -0.016997 
0.001780 -0.018948 
0.002837 -0.020917 
0.004226 -0.022465 
0.005081 -0.023877 
0.005380 -0.025265 
0.005765 -0.027236 
0.005840 -0.028650 
0.006836 -0.029905 
0.006830 -0.030634 
0.006686 -0.030316 
0.006951 -0.032261 
0.006598 -0.032853 
0.007069 -0.032167 
0.008151 -0.031797 
0.010163 -0.030727 
0.011853 -0.030277 
0.013375 -0.027945 
0.015815 -0.025870 
0.019125 -0.024058 
0.021991 -0.021993 
0.024746 -0.020267 
0.028496 -0.017319 
0.031990 -0.014873 
0.036052 -0.011910 
0.039744 -0.009504 
0.042161 -0.007710 
0.044534 -0.005172 
0.046753 -0.003417 
0.047998 -0.001422 
0.048500 0.000255 
0.048348 0.001510 
0.047656 0.002927 
0.046072 0.002930 
0.043283 0.003415 
0.040298 0.004282 
0.036356 0.004125 
0.032219 0.004366 
0.027274 0.004197 
0.021875 0.004511 
0.017091 0.004497 
0.011090 0.004333 
0.006256 0.005591 
0.002213 0.005564 
-0.002421 0.006962 
-0.006339 0.009585 
-0.009581 0.011092 
-0.011657 0.013820 
-0.013548 0.016777 
-0.015058 0.020147 
-0.015736 0.023358 
-0.016153 0.026529 
-0.015586 0.030895 
-0.014184 0.034693 
-0.012976 0.037821 
-0.011848 0.040827 
-0.010111 0.043975 
-0.008561 0.045829 
-0.007092 0.047153 
-0.006845 0.048197 
-0.006571 0.047847 
-0.005544 0.047162 
-0.006663 0.045329 
-0.007104 0.043369 
-0.007654 0.040622 
-0.009055 0.036575 
-0.010195 0.032645 
-0.011562 0.027985 
-0.012610 0.023072 
-0.014765 0.018566 
-0.016123 0.013545 
-0.017494 0.008374 
-0.019216 0.003493 
-0.020754 -0.001057 
-0.022602 -0.004603 
-0.023944 -0.008294 
-0.025777 -0.010565 
-0.027486 -0.012125 
-0.028651 -0.013285 
-0.029463 -0.013645 
-0.030723 -0.014302 
-0.031021 -0.013041 
-0.031311 -0.012810 
-0.031817 -0.012079 
-0.031200 -0.010094 
-0.030607 -0.009477 
-0.029817 -0.008651 
-0.029625 -0.007421 
-0.027639 -0.006955 
-0.025467 -0.007905 
-0.023880 -0.007517 
-0.021629 -0.007581 
-0.019599 -0.008216 
-0.016595 -0.008641 
-0.014241 -0.009642 
-0.011771 -0.010115 
-0.009157 -0.010983 
-0.006327 -0.012409 
-0.003901 -0.013940 
-0.002025 -0.014979 
0.000011 -0.017167 
0.001038 -0.018696 
0.002733 -0.020297 
0.003772 -0.022329 
0.004235 -0.023575 
0.004944 -0.025859 
0.004921 -0.026711 
0.004601 -0.027917 
0.005228 -0.029523 
0.005852 -0.030457 
0.005466 -0.031087 
0.005763 -0.031253 
0.005692 -0.031532 
0.006528 -0.031074 
0.007289 -0.031390 
0.008035 -0.030697 
0.010597 -0.028991 
0.012056 -0.027956 
0.014152 -0.025445 
0.017356 -0.023186 
0.020576 -0.022422 
0.023956 -0.019910 
0.027217 -0.016493 
0.030899 -0.014181 
0.034884 -0.011824 
0.038620 -0.009181 
0.041276 -0.006894 
0.044221 -0.004852 
0.046744 -0.002815 
0.047934 -0.001232 
0.048737 0.000718 
0.048557 0.002232 
0.047330 0.002656 
0.045640 0.003223 
0.043530 0.003921 
0.040038 0.004186 
0.036491 0.004260 
0.033002 0.003903 
0.027804 0.003660 
0.022179 0.004023 
0.017280 0.003739 
0.012271 0.004354 
0.007256 0.004812 
0.002651 0.005984 
-0.002023 0.007996 
-0.004949 0.009158 
-0.007801 0.011335 
-0.011123 0.013819 
-0.012298 0.017212 
-0.014139 0.020162 
-0.015207 0.023741 
-0.014139 0.027121 
-0.013787 0.030050 
-0.012778 0.034774 
-0.011024 0.038495 
-0.010075 0.041993 
-0.009109 0.044089 
-0.008043 0.046152 
-0.007266 0.048430 
-0.006695 0.048563 
-0.006243 0.048664 
-0.005820 0.048407 
-0.006381 0.046542 
-0.007421 0.044224 
-0.007972 0.041539 
-0.008784 0.037185 
-0.009848 0.033402 
-0.010766 0.028884 
-0.012365 0.023726 
-0.014361 0.019285 
-0.015672 0.013618 
-0.016997 0.008365 
-0.018948 0.003963 
-0.020917 -0.000161 
-0.022465 -0.003849 
-0.023877 -0.006983 
-0.025265 -0.009873 
-0.027236 -0.011792 
-0.028650 -0.012728 
-0.029905 -0.013174 
-0.030634 -0.012839 
-0.030316 -0.012209 
-0.032261 -0.011567 
-0.032853 -0.010763 
-0.032167 -0.009224 
-0.031797 -0.008614 
-0.030727 -0.007973 
-0.030277 -0.006895 
-0.027945 -0.006754 
-0.025870 -0.006437 
-0.024058 -0.005992 
-0.021993 -0.006085 
-0.020267 -0.007155 
-0.017319 -0.007635 
-0.014873 -0.007947 
-0.011910 -0.008833 
-0.009504 -0.010108 
-0.007710 -0.011696 
-0.005172 -0.013044 
-0.003417 -0.015042 
-0.001422 -0.016815 
0.000255 -0.018586 
0.001510 -0.019823 
0.002927 -0.021236 
0.002930 -0.023215 
0.003415 -0.024502 
0.004282 -0.026758 
0.004125 -0.028207 
0.004366 -0.029259 
0.004197 -0.030499 
0.004511 -0.031143 
0.004497 -0.031694 
0.004333 -0.031445 
0.005591 -0.031728 
0.005564 -0.031156 
0.006962 -0.030044 
0.009585 -0.029441 
0.011092 -0.028133 
0.013820 -0.025754 
0.016777 -0.023307 
0.020147 -0.022200 
0.023358 -0.019580 
0.026529 -0.016900 
0.030895 -0.015055 
0.034693 -0.012632 
0.037821 -0.010098 
0.040827 -0.007092 
0.043975 -0.005831 
0.045829 -0.004033 
0.047153 -0.001462 
0.048197 0.000006 
0.047847 0.001191 
0.047162 0.002094 
0.045329 0.003293 
0.043369 0.003171 
0.040622 0.003317 
0.036575 0.003490 
0.032645 0.003307 
0.027985 0.004157 
0.023072 0.003747 
0.018566 0.003528 
0.013545 0.003642 
0.008374 0.004015 
0.003493 0.004694 
-0.001057 0.005649 
-0.004603 0.007931 
-0.008294 0.009778 
-0.010565 0.012571 
-0.012125 0.015553 
-0.013285 0.018849 
-0.013645 0.022996 
-0.014302 0.026147 
-0.013041 0.029988 
-0.012810 0.033798 
-0.012079 0.037485 
-0.010094 0.041173 
-0.009477 0.044513 
-0.008651 0.046252 
-0.007421 0.047154 
-0.006955 0.049099 
-0.007905 0.049436 
-0.007517 0.048858 
-0.007581 0.047314 
-0.008216 0.045144 
-0.008641 0.042376 
-0.009642 0.039030 
-0.010115 0.035458 
-0.010983 0.030148 
-0.012409 0.025529 
-0.013940 0.020365 
-0.014979 0.015064 
-0.017167 0.010156 
-0.018696 0.004787 
-0.020297 0.001083 
-0.022329 -0.002588 
-0.023575 -0.006169 
-0.025859 -0.008440 
-0.026711 -0.009811 
-0.027917 -0.010730 
-0.029523 -0.011107 
-0.030457 -0.011408 
-0.031087 -0.011402 
-0.031253 -0.010606 
-0.031532 -0.009624 
-0.031074 -0.008628 
-0.031390 -0.008058 
-0.030697 -0.007420 
-0.028991 -0.007102 
-0.027956 -0.006550 
-0.025445 -0.005845 
-0.023186 -0.005748 
-0.022422 -0.005979 
-0.019910 -0.006552 
-0.016493 -0.007028 
-0.014181 -0.007896 
-0.011824 -0.008341 
-0.009181 -0.009145 
-0.006894 -0.010571 
-0.004852 -0.011723 
-0.002815 -0.013630 
-0.001232 -0.015915 
0.000718 -0.017206 
0.002232 -0.018369 
0.002656 -0.021345 
0.003223 -0.023088 
0.003921 -0.024064 
0.004186 -0.026137 
0.004260 -0.027496 
0.003903 -0.028540 
0.003660 -0.029400 
0.004023 -0.030799 
0.003739 -0.030994 
0.004354 -0.031281 
0.004812 -0.031831 
0.005984 -0.030366 
0.007996 -0.029811 
0.009158 -0.029126 
0.011335 -0.028136 
0.013819 -0.026343 
0.017212 -0.023724 
0.020162 -0.022009 
0.023741 -0.019776 
0.027121 -0.017662 
0.030050 -0.015187 
0.034774 -0.012747 
0.038495 -0.011338 
0.041993 -0.009047 
0.044089 -0.006387 
0.046152 -0.004355 
0.048430 -0.002045 
0.048563 -0.000865 
0.048664 0.000516 
0.048407 0.001915 
0.046542 0.002029 
0.044224 0.002926 
0.041539 0.002795 
0.037185 0.002249 
0.033402 0.001776 
0.028884 0.002192 
0.023726 0.002132 
0.019285 0.001551 
0.013618 0.002594 
0.008365 0.002761 
0.003963 0.004131 
-0.000161 0.005205 
-0.003849 0.007138 
-0.006983 0.009850 
-0.009873 0.011928 
-0.011792 0.015461 
-0.012728 0.017967 
-0.013174 0.021715 
-0.012839 0.025852 
-0.012209 0.029539 
-0.011567 0.033700 
-0.010763 0.037350 
-0.009224 0.040304 
-0.008614 0.043615 
-0.007973 0.046617 
-0.006895 0.047357 
-0.006754 0.048517 
-0.006437 0.048943 
-0.005992 0.048416 
-0.006085 0.047295 
-0.007155 0.045163 
-0.007635 0.042880 
-0.007947 0.039673 
-0.008833 0.035225 
-0.010108 0.030214 
-0.011696 0.025386 
-0.013044 0.020229 
-0.015042 0.015035 
-0.016815 0.009928 
-0.018586 0.005949 
-0.019823 0.001565 
-0.021236 -0.001981 
-0.023215 -0.004700 
-0.024502 -0.007245 
-0.026758 -0.008220 
-0.028207 -0.009870 
-0.029259 -0.009788 
-0.030499 -0.010034 
-0.031143 -0.010167 
-0.031694 -0.009338 
-0.031445 -0.008746 
-0.031728 -0.007998 
-0.031156 -0.007967 
-0.030044 -0.006535 
-0.029441 -0.006440 
-0.028133 -0.005939 
-0.025754 -0.005481 
-0.023307 -0.006263 
-0.022200 -0.006487 
-0.019580 -0.006962 
-0.016900 -0.007041 
-0.015055 -0.008126 
-0.012632 -0.009189 
-0.010098 -0.010283 
-0.007092 -0.011977 
-0.005831 -0.013821 
-0.004033 -0.014596 
-0.001462 -0.016037 
0.000006 -0.018040 
0.001191 -0.019552 
0.002094 -0.021937 
0.003293 -0.023183 
0.003171 -0.025367 
0.003317 -0.027065 
0.003490 -0.028025 
0.003307 -0.029406 
0.004157 -0.030023 
0.003747 -0.030966 
0.003528 -0.031792 
0.003642 -0.031759 
0.004015 -0.031223 
0.004694 -0.031487 
0.005649 -0.030205 
0.007931 -0.029159 
0.009778 -0.028739 
0.012571 -0.026902 
0.015553 -0.024906 
0.018849 -0.022531 
0.022996 -0.020812 
0.026147 -0.018524 
0.029988 -0.015609 
0.033798 -0.013477 
0.037485 -0.011655 
0.041173 -0.009154 
0.044513 -0.007037 
0.046252 -0.005168 
0.047154 -0.003044 
0.049099 -0.001702 
0.049436 -0.000506 
0.048858 0.000118 
0.047314 0.000830 
0.045144 0.000913 
0.042376 0.001391 
0.039030 0.001967 
0.035458 0.000796 
0.030148 0.000727 
0.025529 0.001091 
0.020365 0.000861 
0.015064 0.001095 
0.010156 0.001359 
0.004787 0.002081 
0.001083 0.003940 
-0.002588 0.005563 
-0.006169 0.007697 
-0.008440 0.011034 
-0.009811 0.014148 
-0.010730 0.016903 
-0.011107 0.020692 
-0.011408 0.025205 
-0.011402 0.028311 
-0.010606 0.032445 
-0.009624 0.036658 
-0.008628 0.039637 
-0.008058 0.043096 
-0.007420 0.045646 
-0.007102 0.047238 
-0.006550 0.048379 
-0.005845 0.049183 
-0.005748 0.048529 
-0.005979 0.047492 
-0.006552 0.045298 
-0.007028 0.041718 
-0.007896 0.039041 
-0.008341 0.035265 
-0.009145 0.030726 
-0.010571 0.025323 
-0.011723 0.020115 
-0.013630 0.015218 
-0.015915 0.010421 
-0.017206 0.006677 
-0.018369 0.002262 
-0.021345 -0.000695 
-0.023088 -0.003655 
-0.024064 -0.006017 
-0.026137 -0.007332 
-0.027496 -0.009149 
-0.028540 -0.009106 
-0.029400 -0.009614 
-0.030799 -0.009611 
-0.030994 -0.009173 
-0.031281 -0.008921 
-0.031831 -0.008302 
-0.030366 -0.008028 
-0.029811 -0.006982 
-0.029126 -0.006929 
-0.028136 -0.006171 
-0.026343 -0.006207 
-0.023724 -0.006712 
-0.022009 -0.006065 
-0.019776 -0.007089 
-0.017662 -0.007633 
-0.015187 -0.007954 
-0.012747 -0.008771 
-0.011338 -0.010320 
-0.009047 -0.011675 
-0.006387 -0.012619 
-0.004355 -0.014283 
-0.002045 -0.015664 
-0.000865 -0.017804 
0.000516 -0.020143 
0.001915 -0.021672 
0.002029 -0.022601 
0.002926 -0.024303 
0.002795 -0.025967 
0.002249 -0.027747 
0.001776 -0.029538 
0.002192 -0.029691 
0.002132 -0.030666 
0.001551 -0.031455 
0.002594 -0.031874 
0.002761 -0.032042 
0.004131 -0.031343 
0.005205 -0.030886 
0.007138 -0.030002 
0.009850 -0.028913 
0.011928 -0.027348 
0.015461 -0.025436 
0.017967 -0.023493 
0.021715 -0.021245 
0.025852 -0.018791 
0.029539 -0.016676 
0.033700 -0.014333 
0.037350 -0.011716 
0.040304 -0.009601 
0.043615 -0.007490 
0.046617 -0.005265 
0.047357 -0.003016 
0.048517 -0.001820 
0.048943 -0.000942 
0.048416 0.000110 
0.047295 0.000560 
0.045163 0.001277 
0.042880 0.001308 
0.039673 0.000747 
0.035225 0.000991 
0.030214 0.000434 
0.025386 -0.000078 
0.020229 0.000361 
0.015035 0.000248 
0.009928 0.001113 
0.005949 0.001956 
0.001565 0.003201 
-0.001981 0.005819 
-0.004700 0.007620 
-0.007245 0.010281 
-0.008220 0.013637 
-0.009870 0.016670 
-0.009788 0.020427 
-0.010034 0.024516 
-0.010167 0.028406 
-0.009338 0.032258 
-0.008746 0.036049 
-0.007998 0.039548 
-0.007967 0.042914 
-0.006535 0.045789 
-0.006440 0.047723 
-0.005939 0.049389 
-0.005481 0.050237 
-0.006263 0.049184 
-0.006487 0.047653 
-0.006962 0.045914 
-0.007041 0.043420 
-0.008126 0.040003 
-0.009189 0.036090 
-0.010283 0.031934 
-0.011977 0.026657 
-0.013821 0.021258 
-0.014596 0.016323 
-0.016037 0.011851 
-0.018040 0.007638 
-0.019552 0.003993 
-0.021937 0.000858 
-0.023183 -0.001976 
-0.025367 -0.003705 
-0.027065 -0.005672 
-0.028025 -0.006984 
-0.029406 -0.007044 
-0.030023 -0.007345 
