0.052696 0.032556 
0.059585 0.026003 
0.066995 0.020714 
0.072460 0.015786 
0.077544 0.010603 
0.082388 0.005814 
0.085266 0.000856 
0.088704 -0.003092 
0.089374 -0.006208 
0.089739 -0.010160 
0.090957 -0.014791 
0.089241 -0.017861 
0.089492 -0.021477 
0.086814 -0.025069 
0.083931 -0.027480 
0.082087 -0.030827 
0.078151 -0.033948 
0.074113 -0.037441 
0.069541 -0.041520 
0.065739 -0.044762 
0.060243 -0.048785 
0.055203 -0.051864 
0.049390 -0.055221 
0.043237 -0.059021 
0.038044 -0.060547 
0.032523 -0.063286 
0.026181 -0.065752 
0.019959 -0.068569 
0.015515 -0.070704 
0.009825 -0.071623 
0.004872 -0.074776 
-0.001167 -0.075704 
-0.006312 -0.075614 
-0.010149 -0.075933 
-0.015270 -0.074676 
-0.018601 -0.073494 
-0.022482 -0.073668 
-0.024987 -0.071541 
-0.027500 -0.068323 
-0.031042 -0.067263 
-0.032514 -0.063878 
-0.035581 -0.059698 
-0.038398 -0.055194 
-0.040095 -0.050135 
-0.042717 -0.044209 
-0.046085 -0.038208 
-0.049987 -0.033211 
-0.051997 -0.024795 
-0.054801 -0.016608 
-0.057660 -0.010089 
-0.061189 -0.002584 
-0.064338 0.005451 
-0.065732 0.012876 
-0.068470 0.020883 
-0.069233 0.028716 
-0.070947 0.035983 
-0.071811 0.043224 
-0.072540 0.048154 
-0.073601 0.054232 
-0.072458 0.058571 
-0.072530 0.062529 
-0.071384 0.067245 
-0.069454 0.069125 
-0.066672 0.071048 
-0.064160 0.071511 
-0.061114 0.072572 
-0.057598 0.073836 
-0.053955 0.073311 
-0.049230 0.071850 
-0.044110 0.070305 
-0.038073 0.067986 
-0.032856 0.066010 
-0.026434 0.063527 
-0.019760 0.059369 
-0.012256 0.058335 
-0.004801 0.054769 
0.002718 0.050556 
0.010587 0.047577 
0.017462 0.042993 
0.025552 0.039659 
0.031858 0.035303 
0.038759 0.030593 
0.045361 0.027653 
0.051097 0.025967 
0.056804 0.021864 
0.061319 0.018178 
0.065523 0.015301 
0.068285 0.012675 
0.072579 0.010338 
0.073916 0.006926 
0.074110 0.006080 
0.075952 0.004406 
0.074827 0.003329 
0.073628 0.001954 
0.072194 0.000963 
0.070043 0.000744 
0.067004 -0.001507 
0.064415 -0.001668 
0.060999 -0.003754 
0.057056 -0.006277 
0.054894 -0.007503 
0.050549 -0.010338 
0.046139 -0.013603 
0.042070 -0.016973 
0.038144 -0.021008 
0.035315 -0.024466 
0.031910 -0.027678 
0.028282 -0.033194 
0.024690 -0.037584 
0.021176 -0.041742 
0.018029 -0.046682 
0.015012 -0.050705 
0.011391 -0.054644 
0.008646 -0.058215 
0.006471 -0.062009 
0.004466 -0.065338 
0.002294 -0.068287 
0.000584 -0.070237 
-0.000425 -0.071356 
-0.002071 -0.074055 
-0.003849 -0.076253 
-0.005035 -0.076137 
-0.006121 -0.076327 
-0.007724 -0.076645 
-0.008001 -0.075605 
-0.010155 -0.073995 
-0.012642 -0.072001 
-0.013852 -0.068606 
-0.015971 -0.064047 
-0.018061 -0.059513 
-0.021377 -0.053761 
-0.024459 -0.047081 
-0.028294 -0.040302 
-0.032158 -0.032551 
-0.035989 -0.024229 
-0.041096 -0.015777 
-0.045822 -0.006781 
-0.050278 0.002005 
-0.055023 0.011108 
-0.059328 0.021192 
-0.062213 0.029934 
-0.064901 0.038229 
-0.067884 0.046126 
-0.070490 0.052965 
-0.072244 0.059837 
-0.073597 0.065673 
-0.074281 0.071638 
-0.074270 0.076913 
-0.072899 0.080464 
-0.071857 0.084005 
-0.069934 0.086925 
-0.067970 0.089007 
-0.065940 0.090196 
-0.061170 0.091561 
-0.058165 0.092042 
-0.052466 0.090660 
-0.046474 0.089920 
-0.040496 0.087845 
-0.032955 0.085062 
-0.026443 0.082228 
-0.017493 0.077669 
-0.010330 0.072866 
-0.001734 0.067696 
0.007362 0.063499 
0.015371 0.058462 
0.025306 0.050557 
0.034516 0.044020 
0.042798 0.039036 
0.050469 0.032896 
0.058581 0.027299 
0.065222 0.022266 
0.071350 0.016441 
0.077030 0.011501 
0.080543 0.007010 
0.084450 0.002135 
0.086531 -0.001618 
0.087553 -0.004805 
0.090003 -0.008972 
0.090541 -0.012670 
0.089931 -0.016241 
0.087994 -0.019771 
0.086559 -0.023209 
0.085310 -0.026420 
0.081793 -0.029616 
0.079375 -0.034472 
0.076058 -0.037179 
0.071512 -0.040551 
0.067261 -0.044816 
0.062820 -0.047913 
0.057213 -0.051455 
0.051375 -0.053872 
0.046250 -0.057798 
0.041067 -0.060286 
0.034475 -0.063755 
0.027826 -0.067633 
0.022812 -0.069328 
0.016134 -0.072295 
0.010001 -0.073439 
0.004385 -0.075697 
-0.000889 -0.076089 
-0.005119 -0.076035 
-0.009012 -0.078064 
-0.012606 -0.077403 
-0.016222 -0.077112 
-0.019271 -0.075381 
-0.021998 -0.074175 
-0.024262 -0.073340 
-0.027221 -0.069579 
-0.029798 -0.066384 
-0.033841 -0.063064 
-0.036012 -0.058535 
-0.038140 -0.053656 
-0.042769 -0.048695 
-0.045200 -0.042510 
-0.047890 -0.035902 
-0.050975 -0.028635 
-0.054872 -0.020365 
-0.057141 -0.013252 
-0.060287 -0.005251 
-0.064587 0.002926 
-0.067124 0.011310 
-0.069164 0.020175 
-0.069873 0.026823 
-0.071797 0.033222 
-0.073496 0.040040 
-0.073334 0.046666 
-0.073652 0.052239 
-0.074418 0.057375 
-0.073137 0.061918 
-0.072570 0.065283 
-0.071693 0.069280 
-0.068904 0.071772 
-0.065993 0.071909 
-0.063442 0.073044 
-0.060495 0.074415 
-0.055236 0.072377 
-0.051719 0.072034 
-0.047116 0.071124 
-0.040879 0.068780 
-0.035631 0.068435 
-0.029076 0.065066 
-0.021681 0.062991 
-0.015179 0.059195 
-0.007852 0.055349 
0.001161 0.053106 
0.008626 0.047827 
0.016310 0.044777 
0.023376 0.040924 
0.030340 0.036765 
0.037499 0.033433 
0.043879 0.029553 
0.050711 0.025779 
0.057033 0.022648 
0.061916 0.018651 
0.064535 0.014981 
0.067857 0.013548 
0.070880 0.010227 
0.073285 0.008807 
0.075107 0.007770 
0.074072 0.005522 
0.074052 0.005270 
0.073699 0.005008 
0.070743 0.003829 
0.069047 0.002527 
0.067156 0.000903 
0.064249 -0.000331 
0.061569 -0.001470 
0.059029 -0.003724 
0.055675 -0.005506 
0.050564 -0.009037 
0.047388 -0.011447 
0.043647 -0.014924 
0.039735 -0.020005 
0.036415 -0.023351 
0.031847 -0.028362 
0.028897 -0.031687 
0.024674 -0.036567 
0.021363 -0.041808 
0.018635 -0.044770 
0.014731 -0.048930 
0.012659 -0.052752 
0.009402 -0.056903 
0.005616 -0.061030 
0.003751 -0.064088 
0.001773 -0.067391 
-0.000164 -0.070717 
-0.001312 -0.072994 
-0.003391 -0.074606 
-0.004857 -0.076265 
-0.005446 -0.078279 
-0.006568 -0.078662 
-0.007589 -0.078706 
-0.009005 -0.077480 
-0.010108 -0.076009 
-0.011189 -0.074844 
-0.014135 -0.071120 
-0.016729 -0.067543 
-0.017823 -0.062364 
-0.020821 -0.057352 
-0.025373 -0.050748 
-0.030485 -0.043094 
-0.034734 -0.037277 
-0.037669 -0.028404 
-0.042922 -0.018907 
-0.047870 -0.009848 
-0.051311 -0.000203 
-0.056033 0.008400 
-0.060646 0.016692 
-0.064158 0.025556 
-0.067022 0.033385 
-0.069443 0.042492 
-0.070902 0.050150 
-0.072761 0.056090 
-0.074782 0.063027 
-0.074620 0.067557 
-0.074287 0.073149 
-0.074336 0.077701 
-0.073522 0.080649 
-0.072051 0.084065 
-0.069536 0.085873 
-0.066771 0.087571 
-0.063574 0.089857 
-0.058494 0.089756 
-0.054138 0.088732 
-0.050028 0.088762 
-0.042908 0.086315 
-0.036123 0.083972 
-0.029522 0.080422 
-0.021294 0.076571 
-0.012551 0.072555 
-0.003228 0.066687 
0.005408 0.062601 
0.014307 0.057080 
0.023774 0.051516 
0.032326 0.045612 
0.040474 0.038594 
0.048907 0.033591 
0.056112 0.028506 
0.062461 0.023697 
0.069341 0.018504 
0.074680 0.012982 
0.078842 0.009431 
0.082737 0.004413 
0.085690 -0.000073 
0.087034 -0.003342 
0.088129 -0.007772 
0.089492 -0.011177 
0.089808 -0.015275 
0.089522 -0.018847 
0.088430 -0.023148 
0.086426 -0.026448 
0.082658 -0.029514 
0.079594 -0.034377 
0.076976 -0.036541 
0.073466 -0.040695 
0.069692 -0.044331 
0.064401 -0.047257 
0.059896 -0.051925 
0.054713 -0.053831 
0.049130 -0.056587 
0.043101 -0.060758 
0.036291 -0.063671 
0.030359 -0.066825 
0.024208 -0.069407 
0.017928 -0.070920 
0.011802 -0.072860 
0.007715 -0.074174 
0.002433 -0.075535 
-0.002812 -0.076585 
-0.006709 -0.076706 
-0.010263 -0.077680 
-0.012784 -0.077776 
-0.017372 -0.076174 
-0.020473 -0.075124 
-0.023181 -0.073494 
-0.026876 -0.070481 
-0.029701 -0.067838 
-0.032292 -0.064085 
-0.035549 -0.059664 
-0.039360 -0.054877 
-0.041915 -0.048571 
-0.044661 -0.042891 
-0.047623 -0.036819 
-0.051894 -0.028562 
-0.055360 -0.021434 
-0.057838 -0.014415 
-0.061751 -0.006070 
-0.064516 0.001723 
-0.066109 0.009922 
-0.068082 0.017244 
-0.070733 0.024907 
-0.072002 0.032811 
-0.073785 0.039202 
-0.075028 0.045193 
-0.074694 0.051080 
-0.076174 0.056291 
-0.075463 0.060452 
-0.074225 0.064688 
-0.073890 0.067868 
-0.071530 0.071016 
-0.069183 0.073070 
-0.066266 0.073632 
-0.062697 0.074110 
-0.058203 0.073574 
-0.053447 0.073508 
-0.048910 0.072304 
-0.043622 0.070669 
-0.037813 0.069350 
-0.031025 0.067027 
-0.025114 0.064848 
-0.018248 0.061846 
-0.010358 0.058147 
-0.003032 0.055262 
0.004934 0.051852 
0.012641 0.047968 
0.020509 0.044048 
0.028015 0.039702 
0.035358 0.035961 
0.043227 0.032361 
0.049696 0.028624 
0.054773 0.024123 
0.059742 0.021133 
0.063155 0.019113 
0.066557 0.016526 
0.070175 0.014748 
0.071896 0.011805 
0.073478 0.009870 
0.074396 0.008165 
0.074096 0.007088 
0.073080 0.007463 
0.072561 0.005495 
0.070230 0.004524 
0.067073 0.004215 
0.066338 0.001645 
0.063157 -0.000803 
0.059380 -0.002680 
0.056035 -0.005900 
0.051701 -0.009171 
0.048797 -0.011960 
0.045529 -0.016355 
0.041738 -0.020306 
0.037785 -0.024201 
0.033965 -0.028436 
0.029884 -0.031372 
0.026228 -0.035876 
0.023665 -0.040630 
0.019779 -0.044844 
0.017102 -0.049405 
0.013868 -0.053014 
0.010267 -0.056606 
0.009169 -0.059968 
0.006910 -0.063631 
0.003922 -0.066525 
0.002240 -0.070309 
0.001819 -0.074077 
0.000347 -0.075461 
-0.000524 -0.077531 
-0.002086 -0.079156 
-0.004364 -0.081004 
-0.004452 -0.080450 
-0.005896 -0.079479 
-0.007442 -0.079169 
-0.009703 -0.076145 
-0.012421 -0.074180 
-0.014795 -0.069642 
-0.017681 -0.063822 
-0.021482 -0.057615 
-0.024996 -0.051028 
-0.028176 -0.045023 
-0.033450 -0.036606 
-0.037735 -0.029023 
-0.043134 -0.019779 
-0.047681 -0.010591 
-0.050579 -0.002446 
-0.054314 0.007029 
-0.058381 0.015324 
-0.062974 0.023425 
-0.065203 0.031517 
-0.068573 0.040431 
-0.071151 0.047953 
-0.071817 0.053866 
-0.074507 0.060716 
-0.075632 0.067138 
-0.075012 0.072366 
-0.075371 0.076934 
-0.074679 0.081535 
-0.073454 0.085153 
-0.072744 0.087638 
-0.069214 0.089016 
-0.065780 0.089795 
-0.062808 0.091136 
-0.058246 0.091197 
-0.052509 0.089525 
-0.045190 0.088144 
-0.038886 0.085989 
-0.031865 0.082480 
-0.023255 0.078271 
-0.014376 0.073367 
-0.005342 0.068708 
0.003473 0.063383 
0.012364 0.057555 
0.020900 0.052697 
0.030421 0.047603 
0.039288 0.041534 
0.047221 0.036665 
0.055328 0.031666 
0.061879 0.026658 
0.067518 0.022380 
0.072968 0.017294 
0.077573 0.013117 
0.081002 0.008615 
0.084633 0.004841 
0.086832 0.000980 
0.088680 -0.003168 
0.090389 -0.006659 
0.090068 -0.011211 
0.089932 -0.014956 
0.089065 -0.018237 
0.088428 -0.021193 
0.085817 -0.026118 
0.082656 -0.030165 
0.080012 -0.033148 
0.075548 -0.037425 
0.072261 -0.040655 
0.067265 -0.045417 
0.060997 -0.049207 
0.055541 -0.052510 
0.050415 -0.056100 
0.043980 -0.058773 
0.037644 -0.062132 
0.032556 -0.065162 
0.026003 -0.067834 
0.020714 -0.070226 
0.015786 -0.072102 
0.010603 -0.073802 
0.005814 -0.075720 
0.000856 -0.077398 
-0.003092 -0.078443 
-0.006208 -0.078537 
-0.010160 -0.078856 
-0.014791 -0.077990 
-0.017861 -0.076781 
-0.021477 -0.075934 
-0.025069 -0.072885 
-0.027480 -0.070207 
-0.030827 -0.066743 
-0.033948 -0.061468 
-0.037441 -0.057432 
-0.041520 -0.052668 
-0.044762 -0.045352 
-0.048785 -0.038904 
-0.051864 -0.031503 
-0.055221 -0.023547 
-0.059021 -0.016571 
-0.060547 -0.008913 
-0.063286 -0.001098 
-0.065752 0.008092 
-0.068569 0.015254 
-0.070704 0.023139 
-0.071623 0.031350 
-0.074776 0.037803 
-0.075704 0.043861 
-0.075614 0.048399 
-0.075933 0.054494 
-0.074676 0.058507 
-0.073494 0.062030 
-0.073668 0.065932 
-0.071541 0.068441 
-0.068323 0.069633 
-0.067263 0.069885 
-0.063878 0.072876 
-0.059698 0.073093 
-0.055194 0.071701 
-0.050135 0.072069 
-0.044209 0.070140 
-0.038208 0.068082 
-0.033211 0.067157 
-0.024795 0.063772 
-0.016608 0.060237 
-0.010089 0.058379 
-0.002584 0.054988 
0.005451 0.050864 
0.012876 0.047048 
0.020883 0.043664 
0.028716 0.039144 
0.035983 0.034710 
0.043224 0.031766 
0.048154 0.027488 
0.054232 0.024635 
0.058571 0.022170 
0.062529 0.017982 
0.067245 0.015998 
0.069125 0.014733 
0.071048 0.012621 
0.071511 0.011257 
0.072572 0.010584 
0.073836 0.009507 
0.073311 0.008349 
0.071850 0.007730 
0.070305 0.006183 
0.067986 0.004047 
0.066010 0.001663 
0.063527 -0.000102 
0.059369 -0.001464 
0.058335 -0.004780 
0.054769 -0.007772 
0.050556 -0.010151 
0.047577 -0.013782 
0.042993 -0.017165 
0.039659 -0.021506 
0.035303 -0.026100 
0.030593 -0.029633 
0.027653 -0.033221 
0.025967 -0.037150 
0.021864 -0.042970 
0.018178 -0.047170 
0.015301 -0.050725 
0.012675 -0.055528 
0.010338 -0.058940 
0.006926 -0.062791 
0.006080 -0.066882 
0.004406 -0.070713 
0.003329 -0.072891 
0.001954 -0.075543 
0.000963 -0.078178 
0.000744 -0.078918 
-0.001507 -0.081084 
-0.001668 -0.081852 
-0.003754 -0.081263 
-0.006277 -0.080437 
-0.007503 -0.077862 
-0.010338 -0.074842 
-0.013603 -0.070643 
-0.016973 -0.065850 
-0.021008 -0.060614 
-0.024466 -0.053075 
-0.027678 -0.046268 
-0.033194 -0.038502 
-0.037584 -0.029974 
-0.041742 -0.022637 
-0.046682 -0.013632 
-0.050705 -0.004953 
-0.054644 0.004375 
-0.058215 0.012719 
-0.062009 0.020647 
-0.065338 0.029463 
-0.068287 0.037096 
-0.070237 0.044083 
-0.071356 0.050800 
-0.074055 0.057976 
-0.076253 0.063658 
-0.076137 0.069459 
-0.076327 0.074599 
-0.076645 0.079177 
-0.075605 0.082801 
-0.073995 0.085842 
-0.072001 0.089194 
-0.068606 0.090024 
-0.064047 0.090333 
-0.059513 0.089581 
-0.053761 0.089041 
-0.047081 0.087403 
-0.040302 0.084853 
-0.032551 0.081862 
-0.024229 0.077393 
-0.015777 0.072262 
-0.006781 0.067686 
0.002005 0.064526 
0.011108 0.058798 
0.021192 0.054378 
0.029934 0.048549 
0.038229 0.042018 
0.046126 0.037853 
0.052965 0.032109 
0.059837 0.027859 
0.065673 0.023022 
0.071638 0.017885 
0.076913 0.013703 
0.080464 0.009196 
0.084005 0.004790 
0.086925 0.001527 
0.089007 -0.002843 
0.090196 -0.007781 
0.091561 -0.010190 
0.092042 -0.014183 
0.090660 -0.019286 
0.089920 -0.023996 
0.087845 -0.027523 
0.085062 -0.031071 
0.082228 -0.035451 
0.077669 -0.038437 
0.072866 -0.042238 
0.067696 -0.046395 
0.063499 -0.049632 
0.058462 -0.052826 
0.050557 -0.056154 
0.044020 -0.059196 
0.039036 -0.061501 
0.032896 -0.064169 
0.027299 -0.067105 
0.022266 -0.069400 
0.016441 -0.072357 
0.011501 -0.074949 
0.007010 -0.075937 
0.002135 -0.077374 
-0.001618 -0.079000 
-0.004805 -0.078946 
-0.008972 -0.078850 
-0.012670 -0.079719 
-0.016241 -0.078209 
-0.019771 -0.076016 
-0.023209 -0.074406 
-0.026420 -0.070850 
-0.029616 -0.067885 
-0.034472 -0.064559 
-0.037179 -0.059088 
-0.040551 -0.053751 
-0.044816 -0.047944 
-0.047913 -0.040775 
-0.051455 -0.032979 
-0.053872 -0.025110 
-0.057798 -0.017179 
-0.060286 -0.008989 
-0.063755 -0.000490 
-0.067633 0.007031 
-0.069328 0.014003 
-0.072295 0.022205 
-0.073439 0.030528 
-0.075697 0.036749 
-0.076089 0.041657 
-0.076035 0.048082 
-0.078064 0.053874 
-0.077403 0.058813 
-0.077112 0.062521 
-0.075381 0.064795 
-0.074175 0.068225 
-0.073340 0.070273 
-0.069579 0.072342 
-0.066384 0.073893 
-0.063064 0.073881 
-0.058535 0.073988 
-0.053656 0.073690 
-0.048695 0.072711 
-0.042510 0.070805 
-0.035902 0.069063 
-0.028635 0.067254 
-0.020365 0.065669 
-0.013252 0.061942 
-0.005251 0.057872 
0.002926 0.054102 
0.011310 0.049539 
0.020175 0.046285 
0.026823 0.042013 
0.033222 0.038262 
0.040040 0.033913 
0.046666 0.029873 
0.052239 0.027540 
0.057375 0.024661 
0.061918 0.022457 
0.065283 0.019844 
0.069280 0.017568 
0.071772 0.016930 
0.071909 0.015574 
0.073044 0.013802 
0.074415 0.013375 
0.072377 0.011694 
0.072034 0.010012 
0.071124 0.008402 
0.068780 0.006190 
0.068435 0.004891 
0.065066 0.002111 
0.062991 -0.000683 
0.059195 -0.003071 
0.055349 -0.006782 
0.053106 -0.010156 
0.047827 -0.012923 
0.044777 -0.016815 
0.040924 -0.020568 
0.036765 -0.024959 
0.033433 -0.028937 
0.029553 -0.032685 
0.025779 -0.037657 
0.022648 -0.040949 
0.018651 -0.044908 
0.014981 -0.049083 
0.013548 -0.054251 
0.010227 -0.058800 
0.008807 -0.062723 
0.007770 -0.067317 
0.005522 -0.069490 
0.005270 -0.073163 
0.005008 -0.076424 
0.003829 -0.079421 
0.002527 -0.081688 
0.000903 -0.082120 
-0.000331 -0.082794 
-0.001470 -0.082806 
-0.003724 -0.082129 
-0.005506 -0.078599 
-0.009037 -0.075114 
-0.011447 -0.070960 
-0.014924 -0.066118 
-0.020005 -0.061206 
-0.023351 -0.054406 
-0.028362 -0.047874 
-0.031687 -0.039603 
-0.036567 -0.031507 
-0.041808 -0.023710 
-0.044770 -0.015202 
-0.048930 -0.007093 
-0.052752 0.002425 
-0.056903 0.010859 
-0.061030 0.019031 
-0.064088 0.028199 
-0.067391 0.036152 
-0.070717 0.043370 
-0.072994 0.050189 
-0.074606 0.056835 
-0.076265 0.064015 
-0.078279 0.070175 
-0.078662 0.074637 
-0.078706 0.080143 
-0.077480 0.084470 
-0.076009 0.087173 
-0.074844 0.090145 
-0.071120 0.090778 
-0.067543 0.090770 
-0.062364 0.091040 
-0.057352 0.089899 
-0.050748 0.087602 
-0.043094 0.085903 
-0.037277 0.083121 
-0.028404 0.078660 
-0.018907 0.075525 
-0.009848 0.070748 
-0.000203 0.065509 
0.008400 0.061843 
0.016692 0.056562 
0.025556 0.050582 
0.033385 0.045363 
0.042492 0.040519 
0.050150 0.035165 
0.056090 0.030034 
0.063027 0.026476 
0.067557 0.021749 
0.073149 0.016716 
0.077701 0.013191 
0.080649 0.009112 
0.084065 0.004580 
0.085873 0.000065 
0.087571 -0.003629 
0.089857 -0.008006 
0.089756 -0.012023 
0.088732 -0.015449 
0.088762 -0.019515 
0.086315 -0.022981 
0.083972 -0.027544 
0.080422 -0.032135 
0.076571 -0.036086 
0.072555 -0.039096 
0.066687 -0.043098 
0.062601 -0.047284 
0.057080 -0.049854 
0.051516 -0.053023 
0.045612 -0.056659 
0.038594 -0.060787 
0.033591 -0.063524 
0.028506 -0.066872 
0.023697 -0.069490 
0.018504 -0.071448 
0.012982 -0.074641 
0.009431 -0.075992 
0.004413 -0.078006 
-0.000073 -0.079747 
-0.003342 -0.080618 
-0.007772 -0.081069 
-0.011177 -0.080090 
-0.015275 -0.079152 
-0.018847 -0.077922 
-0.023148 -0.075564 
-0.026448 -0.072416 
-0.029514 -0.069721 
-0.034377 -0.065926 
-0.036541 -0.060357 
-0.040695 -0.054611 
-0.044331 -0.047812 
-0.047257 -0.040827 
-0.051925 -0.034165 
-0.053831 -0.026668 
-0.056587 -0.018500 
-0.060758 -0.010875 
-0.063671 -0.004343 
-0.066825 0.003741 
-0.069407 0.011677 
-0.070920 0.018904 
-0.072860 0.025888 
-0.074174 0.031877 
-0.075535 0.038026 
-0.076585 0.043636 
-0.076706 0.049845 
-0.077680 0.054461 
-0.077776 0.059330 
-0.076174 0.063519 
-0.075124 0.065702 
-0.073494 0.068937 
-0.070481 0.070109 
-0.067838 0.071794 
-0.064085 0.072783 
-0.059664 0.072312 
-0.054877 0.072235 
-0.048571 0.071872 
-0.042891 0.071020 
-0.036819 0.068404 
-0.028562 0.065836 
-0.021434 0.062711 
-0.014415 0.059966 
-0.006070 0.057164 
0.001723 0.053209 
0.009922 0.049796 
0.017244 0.045903 
0.024907 0.041544 
0.032811 0.038071 
0.039202 0.034315 
0.045193 0.031312 
0.051080 0.029339 
0.056291 0.025449 
0.060452 0.023402 
0.064688 0.021744 
0.067868 0.020084 
0.071016 0.019409 
0.073070 0.015688 
0.073632 0.014218 
0.074110 0.013524 
0.073574 0.011880 
0.073508 0.010910 
0.072304 0.008320 
0.070669 0.006517 
0.069350 0.004232 
0.067027 0.002156 
0.064848 -0.000040 
0.061846 -0.003689 
0.058147 -0.006423 
0.055262 -0.009535 
0.051852 -0.012627 
0.047968 -0.016188 
0.044048 -0.020819 
0.039702 -0.025254 
0.035961 -0.028805 
0.032361 -0.031981 
0.028624 -0.035906 
0.024123 -0.040656 
0.021133 -0.044353 
0.019113 -0.047530 
0.016526 -0.053342 
0.014748 -0.057246 
0.011805 -0.060315 
0.009870 -0.064882 
0.008165 -0.068040 
0.007088 -0.072092 
0.007463 -0.075287 
0.005495 -0.077702 
0.004524 -0.080892 
0.004215 -0.082378 
0.001645 -0.082830 
-0.000803 -0.082282 
-0.002680 -0.079188 
-0.005900 -0.076903 
-0.009171 -0.075097 
-0.011960 -0.070444 
-0.016355 -0.065983 
-0.020306 -0.061268 
-0.024201 -0.054259 
-0.028436 -0.047641 
-0.031372 -0.041544 
-0.035876 -0.033302 
-0.040630 -0.025059 
-0.044844 -0.017344 
-0.049405 -0.009575 
-0.053014 -0.002075 
-0.056606 0.006653 
-0.059968 0.015117 
-0.063631 0.023714 
-0.066525 0.030922 
-0.070309 0.038494 
-0.074077 0.047447 
-0.075461 0.054119 
-0.077531 0.061469 
-0.079156 0.068319 
-0.081004 0.073388 
-0.080450 0.078746 
-0.079479 0.083220 
-0.079169 0.086321 
-0.076145 0.088617 
-0.074180 0.090637 
-0.069642 0.091318 
-0.063822 0.089862 
-0.057615 0.088413 
-0.051028 0.087560 
-0.045023 0.085103 
-0.036606 0.081781 
-0.029023 0.078622 
-0.019779 0.074228 
-0.010591 0.070023 
-0.002446 0.066273 
0.007029 0.061395 
0.015324 0.057151 
0.023425 0.052114 
0.031517 0.046028 
0.040431 0.041673 
0.047953 0.037530 
0.053866 0.032376 
0.060716 0.026891 
0.067138 0.022497 
0.072366 0.018450 
0.076934 0.013168 
0.081535 0.008650 
0.085153 0.004514 
0.087638 -0.000452 
0.089016 -0.004267 
0.089795 -0.008189 
0.091136 -0.012549 
0.091197 -0.017038 
0.089525 -0.020882 
0.088144 -0.024309 
0.085989 -0.029426 
0.082480 -0.032259 
0.078271 -0.036035 
0.073367 -0.040547 
0.068708 -0.042877 
0.063383 -0.047751 
0.057555 -0.051668 
0.052697 -0.054543 
0.047603 -0.058225 
0.041534 -0.061142 
0.036665 -0.065027 
0.031666 -0.068362 
0.026658 -0.069772 
0.022380 -0.073259 
0.017294 -0.076248 
0.013117 -0.077682 
0.008615 -0.080430 
0.004841 -0.080995 
0.000980 -0.081979 
-0.003168 -0.083293 
-0.006659 -0.083092 
-0.011211 -0.082232 
-0.014956 -0.080998 
-0.018237 -0.079510 
-0.021193 -0.076398 
-0.026118 -0.073917 
-0.030165 -0.068963 
-0.033148 -0.062658 
-0.037425 -0.058143 
-0.040655 -0.051162 
-0.045417 -0.043867 
-0.049207 -0.037742 
-0.052510 -0.030098 
-0.056100 -0.022935 
-0.058773 -0.014724 
-0.062132 -0.006086 
-0.065162 0.000876 
-0.067834 0.009283 
-0.070226 0.016039 
-0.072102 0.023636 
-0.073802 0.031415 
-0.075720 0.036313 
-0.077398 0.042602 
-0.078443 0.048621 
-0.078537 0.053244 
-0.078856 0.057191 
-0.077990 0.061338 
-0.076781 0.064247 
-0.075934 0.067144 
-0.072885 0.070097 
-0.070207 0.072476 
-0.066743 0.073913 
-0.061468 0.073685 
-0.057432 0.074085 
-0.052668 0.072729 
-0.045352 0.072028 
-0.038904 0.070116 
-0.031503 0.067676 
-0.023547 0.065136 
-0.016571 0.060426 
-0.008913 0.058141 
-0.001098 0.054129 
0.008092 0.050590 
0.015254 0.047177 
0.023139 0.042081 
0.031350 0.038788 
0.037803 0.036560 
0.043861 0.034035 
0.048399 0.030359 
0.054494 0.029277 
0.058507 0.027210 
0.062030 0.023451 
0.065932 0.021841 
0.068441 0.020218 
0.069633 0.017914 
0.069885 0.016607 
0.072876 0.015415 
0.073093 0.014008 
0.071701 0.013577 
0.072069 0.010520 
0.070140 0.008305 
0.068082 0.006811 
0.067157 0.003278 
0.063772 0.000977 
0.060237 -0.001249 
0.058379 -0.003996 
0.054988 -0.008073 
0.050864 -0.011547 
0.047048 -0.015520 
0.043664 -0.019419 
0.039144 -0.021664 
0.034710 -0.025809 
0.031766 -0.029779 
0.027488 -0.033400 
0.024635 -0.038188 
0.022170 -0.043470 
0.017982 -0.047838 
0.015998 -0.052986 
0.014733 -0.058451 
0.012621 -0.062787 
0.011257 -0.067746 
0.010584 -0.071834 
0.009507 -0.076475 
0.008349 -0.079995 
0.007730 -0.081464 
0.006183 -0.083599 
0.004047 -0.084780 
0.001663 -0.084499 
-0.000102 -0.083707 
-0.001464 -0.082438 
-0.004780 -0.080611 
-0.007772 -0.077474 
-0.010151 -0.072937 
-0.013782 -0.068261 
-0.017165 -0.062415 
-0.021506 -0.055703 
-0.026100 -0.049345 
-0.029633 -0.042837 
-0.033221 -0.035073 
-0.037150 -0.027468 
-0.042970 -0.019069 
-0.047170 -0.010650 
-0.050725 -0.004089 
-0.055528 0.005206 
-0.058940 0.013237 
-0.062791 0.021050 
-0.066882 0.030534 
-0.070713 0.038847 
-0.072891 0.046980 
-0.075543 0.053833 
-0.078178 0.060717 
-0.078918 0.066731 
-0.081084 0.072586 
-0.081852 0.077097 
-0.081263 0.081053 
-0.080437 0.084070 
-0.077862 0.086086 
-0.074842 0.088777 
-0.070643 0.089060 
-0.065850 0.089234 
-0.060614 0.088507 
-0.053075 0.087411 
-0.046268 0.085819 
-0.038502 0.082474 
-0.029974 0.078956 
-0.022637 0.075809 
-0.013632 0.071625 
-0.004953 0.067105 
0.004375 0.062849 
0.012719 0.057492 
0.020647 0.053553 
0.029463 0.048551 
0.037096 0.043824 
0.044083 0.039025 
0.050800 0.034993 
0.057976 0.030638 
0.063658 0.025314 
0.069459 0.022299 
0.074599 0.017509 
0.079177 0.013082 
0.082801 0.007136 
0.085842 0.003048 
0.089194 -0.000856 
0.090024 -0.006795 
0.090333 -0.010263 
0.089581 -0.014023 
0.089041 -0.017445 
0.087403 -0.022698 
0.084853 -0.026671 
0.081862 -0.029593 
0.077393 -0.033532 
0.072262 -0.037111 
0.067686 -0.040980 
0.064526 -0.045649 
0.058798 -0.048640 
0.054378 -0.051667 
0.048549 -0.056558 
0.042018 -0.059924 
0.037853 -0.064461 
0.032109 -0.066627 
0.027859 -0.069922 
0.023022 -0.072520 
0.017885 -0.074026 
0.013703 -0.078536 
0.009196 -0.079882 
0.004790 -0.082012 
0.001527 -0.083507 
-0.002843 -0.083310 
-0.007781 -0.083704 
-0.010190 -0.084138 
-0.014183 -0.082276 
-0.019286 -0.080029 
-0.023996 -0.077259 
-0.027523 -0.072888 
-0.031071 -0.068892 
-0.035451 -0.063243 
-0.038437 -0.058530 
-0.042238 -0.052771 
-0.046395 -0.046984 
-0.049632 -0.039116 
-0.052826 -0.031318 
-0.056154 -0.024148 
-0.059196 -0.015487 
-0.061501 -0.008856 
-0.064169 -0.000927 
-0.067105 0.005637 
-0.069400 0.014011 
-0.072357 0.020835 
-0.074949 0.026798 
-0.075937 0.034388 
-0.077374 0.039363 
-0.079000 0.045112 
-0.078946 0.050041 
-0.078850 0.054573 
-0.079719 0.057840 
-0.078209 0.062848 
-0.076016 0.067707 
-0.074406 0.069956 
-0.070850 0.071163 
-0.067885 0.071824 
-0.064559 0.073476 
-0.059088 0.072778 
-0.053751 0.072380 
-0.047944 0.071593 
-0.040775 0.070269 
-0.032979 0.068540 
-0.025110 0.064759 
-0.017179 0.061802 
-0.008989 0.058484 
-0.000490 0.053898 
0.007031 0.049900 
0.014003 0.046577 
0.022205 0.043312 
0.030528 0.040302 
0.036749 0.037334 
0.041657 0.034979 
0.048082 0.032446 
0.053874 0.029686 
0.058813 0.027455 
0.062521 0.026752 
0.064795 0.025621 
0.068225 0.023051 
0.070273 0.021650 
0.072342 0.019810 
0.073893 0.017711 
0.073881 0.016117 
0.073988 0.014176 
0.073690 0.012193 
0.072711 0.010268 
0.070805 0.006834 
0.069063 0.003431 
0.067254 0.001298 
0.065669 -0.001494 
0.061942 -0.004414 
0.057872 -0.006833 
0.054102 -0.009007 
0.049539 -0.012757 
0.046285 -0.016965 
0.042013 -0.020193 
0.038262 -0.024295 
0.033913 -0.028562 
0.029873 -0.032436 
0.027540 -0.037171 
0.024661 -0.041188 
0.022457 -0.046379 
0.019844 -0.052182 
0.017568 -0.057164 
0.016930 -0.063002 
0.015574 -0.066623 
0.013802 -0.071155 
0.013375 -0.074516 
0.011694 -0.077261 
0.010012 -0.081489 
0.008402 -0.082402 
0.006190 -0.083110 
0.004891 -0.082929 
0.002111 -0.082144 
-0.000683 -0.080551 
-0.003071 -0.077900 
-0.006782 -0.075116 
-0.010156 -0.071199 
-0.012923 -0.067458 
-0.016815 -0.062790 
-0.020568 -0.056814 
-0.024959 -0.050452 
-0.028937 -0.044371 
-0.032685 -0.037846 
-0.037657 -0.030248 
-0.040949 -0.022462 
-0.044908 -0.014738 
-0.049083 -0.005520 
-0.054251 0.002768 
-0.058800 0.011661 
-0.062723 0.021667 
-0.067317 0.029463 
-0.069490 0.038053 
-0.073163 0.045886 
-0.076424 0.053249 
-0.079421 0.060554 
-0.081688 0.067150 
-0.082120 0.072844 
-0.082794 0.077355 
-0.082806 0.081021 
-0.082129 0.084056 
-0.078599 0.087260 
-0.075114 0.088351 
-0.070960 0.090297 
-0.066118 0.090704 
-0.061206 0.089325 
-0.054406 0.088863 
-0.047874 0.086116 
-0.039603 0.083348 
-0.031507 0.080409 
-0.023710 0.076622 
-0.015202 0.073269 
-0.007093 0.069812 
0.002425 0.066272 
0.010859 0.062209 
0.019031 0.057137 
0.028199 0.052593 
0.036152 0.046690 
0.043370 0.040682 
0.050189 0.036963 
0.056835 0.032496 
0.064015 0.027402 
0.070175 0.022482 
0.074637 0.018392 
0.080143 0.014191 
0.084470 0.009083 
0.087173 0.003991 
0.090145 0.000842 
0.090778 -0.003329 
0.090770 -0.008297 
0.091040 -0.011231 
0.089899 -0.016409 
0.087602 -0.020743 
0.085903 -0.024848 
0.083121 -0.030090 
0.078660 -0.034046 
0.075525 -0.037844 
0.070748 -0.041340 
0.065509 -0.044783 
0.061843 -0.047877 
0.056562 -0.051812 
0.050582 -0.055900 
0.045363 -0.059475 
0.040519 -0.061937 
0.035165 -0.064912 
0.030034 -0.069506 
0.026476 -0.072708 
0.021749 -0.075451 
0.016716 -0.078426 
0.013191 -0.081639 
0.009112 -0.083956 
0.004580 -0.085432 
0.000065 -0.086365 
-0.003629 -0.086159 
-0.008006 -0.086768 
-0.012023 -0.085012 
-0.015449 -0.082165 
-0.019515 -0.080335 
-0.022981 -0.075427 
-0.027544 -0.071338 
-0.032135 -0.067645 
-0.036086 -0.061692 
-0.039096 -0.055521 
-0.043098 -0.047865 
-0.047284 -0.040666 
-0.049854 -0.033951 
-0.053023 -0.026376 
-0.056659 -0.019302 
-0.060787 -0.012058 
-0.063524 -0.003518 
-0.066872 0.004255 
-0.069490 0.010371 
-0.071448 0.017456 
-0.074641 0.024677 
-0.075992 0.030847 
-0.078006 0.037014 
-0.079747 0.043644 
-0.080618 0.050104 
-0.081069 0.055193 
-0.080090 0.059475 
-0.079152 0.063631 
-0.077922 0.066400 
-0.075564 0.069056 
-0.072416 0.072444 
-0.069721 0.073384 
-0.065926 0.073490 
-0.060357 0.074117 
-0.054611 0.072187 
-0.047812 0.070989 
-0.040827 0.069940 
-0.034165 0.066717 
-0.026668 0.065252 
-0.018500 0.062812 
-0.010875 0.059341 
-0.004343 0.055599 
0.003741 0.051977 
0.011677 0.048871 
0.018904 0.046068 
0.025888 0.044459 
0.031877 0.039914 
0.038026 0.037416 
0.043636 0.035170 
0.049845 0.032853 
0.054461 0.031658 
0.059330 0.027818 
0.063519 0.028286 
0.065702 0.026572 
0.068937 0.023500 
0.070109 0.022898 
0.071794 0.020005 
0.072783 0.018333 
0.072312 0.016089 
0.072235 0.013960 
0.071872 0.012770 
0.071020 0.009358 
0.068404 0.006274 
0.065836 0.003966 
0.062711 0.000623 
0.059966 -0.001996 
0.057164 -0.004371 
0.053209 -0.007069 
0.049796 -0.010743 
0.045903 -0.014180 
0.041544 -0.018277 
0.038071 -0.023095 
0.034315 -0.026429 
0.031312 -0.031730 
0.029339 -0.035285 
0.025449 -0.039587 
0.023402 -0.046181 
0.021744 -0.051220 
0.020084 -0.056594 
0.019409 -0.061243 
0.015688 -0.066619 
0.014218 -0.070889 
0.013524 -0.074782 
0.011880 -0.078748 
0.010910 -0.080237 
0.008320 -0.080754 
0.006517 -0.082325 
0.004232 -0.084358 
0.002156 -0.083271 
-0.000040 -0.081898 
-0.003689 -0.079933 
-0.006423 -0.076196 
-0.009535 -0.073042 
-0.012627 -0.069237 
-0.016188 -0.064661 
-0.020819 -0.059008 
-0.025254 -0.054116 
-0.028805 -0.048268 
-0.031981 -0.039781 
-0.035906 -0.032809 
-0.040656 -0.025209 
-0.044353 -0.016246 
-0.047530 -0.007562 
-0.053342 0.000114 
-0.057246 0.007749 
-0.060315 0.018273 
-0.064882 0.027059 
-0.068040 0.034878 
-0.072092 0.043310 
-0.075287 0.050002 
-0.077702 0.058531 
-0.080892 0.064925 
-0.082378 0.069027 
-0.082830 0.075888 
-0.082282 0.079838 
-0.079188 0.082814 
-0.076903 0.086400 
-0.075097 0.087457 
-0.070444 0.088980 
-0.065983 0.088558 
-0.061268 0.088048 
-0.054259 0.087297 
-0.047641 0.084935 
-0.041544 0.083055 
-0.033302 0.079399 
-0.025059 0.076239 
-0.017344 0.073264 
-0.009575 0.069966 
-0.002075 0.065486 
0.006653 0.060635 
0.015117 0.057011 
0.023714 0.052214 
0.030922 0.046789 
0.038494 0.041717 
0.047447 0.037458 
0.054119 0.032914 
0.061469 0.028688 
0.068319 0.024068 
0.073388 0.018626 
0.078746 0.013679 
0.083220 0.009916 
0.086321 0.005786 
0.088617 0.000982 
0.090637 -0.002449 
0.091318 -0.007307 
0.089862 -0.012543 
0.088413 -0.016674 
0.087560 -0.019994 
0.085103 -0.024605 
0.081781 -0.029224 
0.078622 -0.032351 
0.074228 -0.036681 
0.070023 -0.039692 
0.066273 -0.043652 
0.061395 -0.048001 
0.057151 -0.050839 
0.052114 -0.055360 
0.046028 -0.060440 
0.041673 -0.062909 
0.037530 -0.066296 
0.032376 -0.071164 
0.026891 -0.073186 
0.022497 -0.076340 
0.018450 -0.079733 
0.013168 -0.082136 
0.008650 -0.084287 
0.004514 -0.086219 
-0.000452 -0.087040 
-0.004267 -0.086741 
-0.008189 -0.087490 
-0.012549 -0.085601 
-0.017038 -0.083757 
-0.020882 -0.081481 
-0.024309 -0.077905 
-0.029426 -0.074223 
-0.032259 -0.068586 
-0.036035 -0.062663 
-0.040547 -0.056900 
-0.042877 -0.051180 
-0.047751 -0.042927 
-0.051668 -0.035978 
-0.054543 -0.029010 
-0.058225 -0.020117 
-0.061142 -0.013928 
-0.065027 -0.006880 
-0.068362 0.001178 
-0.069772 0.008549 
-0.073259 0.014954 
-0.076248 0.022553 
-0.077682 0.030358 
-0.080430 0.035790 
-0.080995 0.041816 
-0.081979 0.047679 
-0.083293 0.053044 
-0.083092 0.057889 
-0.082232 0.061767 
-0.080998 0.066476 
-0.079510 0.070181 
-0.076398 0.072113 
-0.073917 0.074037 
-0.068963 0.074168 
-0.062658 0.073890 
-0.058143 0.073581 
-0.051162 0.072195 
-0.043867 0.071267 
-0.037742 0.068635 
-0.030098 0.065148 
-0.022935 0.061854 
-0.014724 0.058628 
-0.006086 0.055939 
0.000876 0.052528 
0.009283 0.049459 
0.016039 0.046575 
0.023636 0.043962 
0.031415 0.042086 
0.036313 0.039280 
0.042602 0.036739 
0.048621 0.035123 
0.053244 0.033422 
0.057191 0.031495 
0.061338 0.029073 
0.064247 0.026220 
0.067144 0.024418 
0.070097 0.022955 
0.072476 0.019557 
0.073913 0.018105 
0.073685 0.016203 
0.074085 0.013119 
0.072729 0.011746 
0.072028 0.008789 
0.070116 0.006280 
0.067676 0.003042 
0.065136 0.000658 
0.060426 -0.000825 
0.058141 -0.003190 
0.054129 -0.005766 
0.050590 -0.009556 
0.047177 -0.011649 
0.042081 -0.015823 
0.038788 -0.020183 
0.036560 -0.023996 
0.034035 -0.030246 
0.030359 -0.036232 
0.029277 -0.042375 
0.027210 -0.047557 
0.023451 -0.052402 
0.021841 -0.057188 
0.020218 -0.062074 
0.017914 -0.067040 
0.016607 -0.071054 
0.015415 -0.074617 
0.014008 -0.077543 
0.013577 -0.080123 
0.010520 -0.081731 
0.008305 -0.082461 
0.006811 -0.083526 
0.003278 -0.084000 
0.000977 -0.082396 
-0.001249 -0.080396 
-0.003996 -0.078750 
-0.008073 -0.075051 
-0.011547 -0.072009 
-0.015520 -0.068385 
-0.019419 -0.061753 
-0.021664 -0.057200 
-0.025809 -0.050361 
-0.029779 -0.043046 
-0.033400 -0.036161 
-0.038188 -0.026526 
-0.043470 -0.019656 
-0.047838 -0.010101 
-0.052986 -0.000847 
-0.058451 0.007013 
-0.062787 0.016465 
-0.067746 0.024404 
-0.071834 0.034143 
-0.076475 0.042485 
-0.079995 0.050031 
-0.081464 0.057242 
-0.083599 0.063146 
-0.084780 0.069076 
-0.084499 0.073836 
-0.083707 0.078833 
-0.082438 0.082626 
-0.080611 0.084659 
-0.077474 0.086494 
-0.072937 0.088391 
-0.068261 0.089567 
-0.062415 0.089725 
-0.055703 0.088545 
-0.049345 0.086574 
-0.042837 0.084658 
-0.035073 0.081966 
-0.027468 0.079126 
-0.019069 0.075515 
-0.010650 0.072106 
-0.004089 0.068981 
0.005206 0.063992 
0.013237 0.059738 
0.021050 0.055755 
0.030534 0.050952 
0.038847 0.046796 
0.046980 0.042221 
0.053833 0.037573 
0.060717 0.032767 
0.066731 0.027636 
0.072586 0.023164 
0.077097 0.018897 
0.081053 0.014403 
0.084070 0.009889 
0.086086 0.005267 
0.088777 0.000691 
0.089060 -0.004091 
0.089234 -0.008242 
0.088507 -0.011715 
0.087411 -0.016361 
0.085819 -0.020561 
0.082474 -0.024554 
0.078956 -0.028754 
0.075809 -0.033084 
0.071625 -0.037623 
0.067105 -0.041052 
0.062849 -0.045452 
0.057492 -0.049498 
0.053553 -0.052802 
0.048551 -0.058011 
0.043824 -0.062391 
0.039025 -0.065175 
0.034993 -0.069425 
0.030638 -0.073175 
0.025314 -0.076489 
0.022299 -0.080939 
0.017509 -0.083654 
0.013082 -0.085442 
0.007136 -0.087448 
0.003048 -0.088591 
-0.000856 -0.088380 
-0.006795 -0.088410 
-0.010263 -0.087792 
-0.014023 -0.085377 
-0.017445 -0.083514 
-0.022698 -0.079365 
-0.026671 -0.073843 
-0.029593 -0.069701 
-0.033532 -0.063892 
-0.037111 -0.058356 
-0.040980 -0.052331 
-0.045649 -0.044643 
-0.048640 -0.038772 
-0.051667 -0.031293 
-0.056558 -0.023933 
-0.059924 -0.017630 
-0.064461 -0.008868 
-0.066627 -0.001688 
-0.069922 0.004983 
-0.072520 0.012793 
-0.074026 0.019917 
-0.078536 0.026988 
-0.079882 0.034464 
-0.082012 0.040815 
-0.083507 0.046131 
-0.083310 0.052617 
-0.083704 0.057882 
-0.084138 0.062016 
-0.082276 0.066327 
-0.080029 0.068667 
-0.077259 0.070721 
-0.072888 0.072495 
-0.068892 0.073305 
-0.063243 0.073052 
-0.058530 0.071827 
-0.052771 0.071188 
-0.046984 0.068532 
-0.039116 0.066508 
-0.031318 0.064432 
-0.024148 0.061206 
-0.015487 0.059418 
-0.008856 0.056174 
-0.000927 0.053790 
0.005637 0.050432 
0.014011 0.047537 
0.020835 0.045903 
0.026798 0.043028 
0.034388 0.041172 
0.039363 0.038254 
0.045112 0.036700 
0.050041 0.034740 
0.054573 0.031987 
0.057840 0.030494 
0.062848 0.028733 
0.067707 0.027033 
0.069956 0.023792 
0.071163 0.020737 
0.071824 0.018461 
0.073476 0.016264 
0.072778 0.013571 
0.072380 0.011802 
0.071593 0.010625 
0.070269 0.007568 
0.068540 0.005150 
0.064759 0.002788 
0.061802 0.000558 
0.058484 -0.001435 
0.053898 -0.004070 
0.049900 -0.007013 
0.046577 -0.010744 
0.043312 -0.014664 
0.040302 -0.020098 
0.037334 -0.024461 
0.034979 -0.029005 
0.032446 -0.035822 
0.029686 -0.041237 
0.027455 -0.046728 
0.026752 -0.050920 
0.025621 -0.055854 
0.023051 -0.062286 
0.021650 -0.066616 
0.019810 -0.070644 
0.017711 -0.074004 
0.016117 -0.077524 
0.014176 -0.080521 
0.012193 -0.082595 
0.010268 -0.083841 
0.006834 -0.083774 
0.003431 -0.083507 
0.001298 -0.082499 
-0.001494 -0.080958 
-0.004414 -0.079085 
-0.006833 -0.076579 
-0.009007 -0.071804 
-0.012757 -0.067351 
-0.016965 -0.063626 
-0.020193 -0.057800 
-0.024295 -0.051595 
-0.028562 -0.044717 
-0.032436 -0.037130 
-0.037171 -0.029358 
-0.041188 -0.021892 
-0.046379 -0.014015 
-0.052182 -0.004216 
-0.057164 0.004665 
-0.063002 0.013035 
-0.066623 0.022220 
-0.071155 0.030120 
-0.074516 0.039344 
-0.077261 0.048077 
-0.081489 0.054291 
-0.082402 0.061749 
-0.083110 0.067769 
-0.082929 0.072791 
-0.082144 0.077364 
-0.080551 0.080185 
-0.077900 0.083611 
-0.075116 0.085273 
-0.071199 0.086358 
-0.067458 0.088082 
-0.062790 0.087833 
-0.056814 0.086485 
-0.050452 0.085121 
-0.044371 0.084585 
-0.037846 0.082650 
-0.030248 0.079062 
-0.022462 0.076114 
-0.014738 0.073091 
-0.005520 0.069629 
0.002768 0.065741 
0.011661 0.061671 
0.021667 0.057242 
0.029463 0.052560 
0.038053 0.047429 
0.045886 0.043077 
0.053249 0.038906 
0.060554 0.033846 
0.067150 0.029498 
0.072844 0.025539 
0.077355 0.020983 
0.081021 0.015860 
0.084056 0.011533 
0.087260 0.006113 
0.088351 0.001568 
0.090297 -0.002230 
0.090704 -0.007064 
0.089325 -0.010704 
0.088863 -0.015328 
0.086116 -0.020348 
0.083348 -0.025243 
0.080409 -0.029048 
0.076622 -0.033285 
0.073269 -0.037554 
0.069812 -0.041066 
0.066272 -0.046145 
0.062209 -0.049663 
0.057137 -0.052996 
0.052593 -0.057211 
0.046690 -0.061694 
0.040682 -0.066300 
0.036963 -0.070325 
0.032496 -0.074444 
0.027402 -0.077908 
0.022482 -0.081017 
0.018392 -0.084682 
0.014191 -0.087359 
0.009083 -0.089163 
0.003991 -0.090172 
0.000842 -0.090824 
-0.003329 -0.091371 
-0.008297 -0.089636 
-0.011231 -0.087238 
-0.016409 -0.083135 
-0.020743 -0.080320 
-0.024848 -0.076999 
-0.030090 -0.070506 
-0.034046 -0.065801 
-0.037844 -0.059764 
-0.041340 -0.053001 
-0.044783 -0.046858 
-0.047877 -0.040595 
-0.051812 -0.032968 
-0.055900 -0.025291 
-0.059475 -0.018367 
-0.061937 -0.010677 
-0.064912 -0.003833 
-0.069506 0.003342 
-0.072708 0.011227 
-0.075451 0.018681 
-0.078426 0.025194 
-0.081639 0.032309 
-0.083956 0.038717 
-0.085432 0.045000 
-0.086365 0.050849 
-0.086159 0.055769 
-0.086768 0.060851 
-0.085012 0.065229 
-0.082165 0.068533 
-0.080335 0.069858 
-0.075427 0.072030 
-0.071338 0.073170 
-0.067645 0.073343 
-0.061692 0.072009 
-0.055521 0.070261 
-0.047865 0.068867 
-0.040666 0.065509 
-0.033951 0.063734 
-0.026376 0.061287 
-0.019302 0.058879 
-0.012058 0.057030 
-0.003518 0.053801 
0.004255 0.050950 
0.010371 0.049987 
0.017456 0.047239 
0.024677 0.044612 
0.030847 0.043671 
0.037014 0.041008 
0.043644 0.039551 
0.050104 0.036102 
0.055193 0.033677 
0.059475 0.031792 
0.063631 0.028710 
0.066400 0.026743 
0.069056 0.023233 
0.072444 0.021137 
0.073384 0.018712 
0.073490 0.016556 
0.074117 0.015573 
0.072187 0.013340 
0.070989 0.011737 
0.069940 0.010409 
0.066717 0.008172 
0.065252 0.006974 
0.062812 0.004640 
0.059341 0.001313 
0.055599 -0.001209 
0.051977 -0.005516 
0.048871 -0.009663 
0.046068 -0.013337 
0.044459 -0.017638 
0.039914 -0.023685 
0.037416 -0.029128 
0.035170 -0.034099 
0.032853 -0.040149 
0.031658 -0.045502 
0.027818 -0.051896 
0.028286 -0.057042 
0.026572 -0.061422 
0.023500 -0.065798 
0.022898 -0.069668 
0.020005 -0.073536 
0.018333 -0.076383 
0.016089 -0.078676 
0.013960 -0.080395 
0.012770 -0.082562 
0.009358 -0.083972 
0.006274 -0.084535 
0.003966 -0.084262 
0.000623 -0.081535 
-0.001996 -0.079819 
-0.004371 -0.078560 
-0.007069 -0.075475 
-0.010743 -0.072152 
-0.014180 -0.066059 
-0.018277 -0.059220 
-0.023095 -0.053574 
-0.026429 -0.046279 
-0.031730 -0.039165 
-0.035285 -0.031978 
-0.039587 -0.023310 
-0.046181 -0.014098 
-0.051220 -0.004909 
-0.056594 0.003053 
-0.061243 0.011234 
-0.066619 0.021240 
-0.070889 0.029724 
-0.074782 0.037979 
-0.078748 0.045763 
-0.080237 0.052043 
-0.080754 0.059463 
-0.082325 0.065939 
-0.084358 0.071425 
-0.083271 0.075652 
-0.081898 0.080617 
-0.079933 0.083948 
-0.076196 0.085546 
-0.073042 0.089307 
-0.069237 0.089623 
-0.064661 0.088736 
-0.059008 0.087948 
-0.054116 0.087189 
-0.048268 0.086171 
-0.039781 0.082960 
-0.032809 0.080933 
-0.025209 0.077676 
-0.016246 0.073913 
-0.007562 0.070814 
0.000114 0.068253 
0.007749 0.064954 
0.018273 0.059240 
0.027059 0.055477 
0.034878 0.051434 
0.043310 0.047407 
0.050002 0.043365 
0.058531 0.037352 
0.064925 0.033190 
0.069027 0.028305 
0.075888 0.023565 
0.079838 0.019363 
0.082814 0.014211 
0.086400 0.010321 
0.087457 0.005224 
0.088980 0.000628 
0.088558 -0.003457 
0.088048 -0.008883 
0.087297 -0.012476 
0.084935 -0.017138 
0.083055 -0.022694 
0.079399 -0.025406 
0.076239 -0.029207 
0.073264 -0.033704 
0.069966 -0.037696 
0.065486 -0.042113 
0.060635 -0.046023 
0.057011 -0.050959 
0.052214 -0.055070 
0.046789 -0.059376 
0.041717 -0.064964 
0.037458 -0.070165 
0.032914 -0.075216 
0.028688 -0.077863 
0.024068 -0.081092 
0.018626 -0.085387 
0.013679 -0.086914 
0.009916 -0.088673 
0.005786 -0.089932 
0.000982 -0.089940 
-0.002449 -0.090029 
-0.007307 -0.088328 
-0.012543 -0.085745 
-0.016674 -0.082892 
-0.019994 -0.080724 
-0.024605 -0.077202 
-0.029224 -0.072374 
-0.032351 -0.067386 
-0.036681 -0.061398 
-0.039692 -0.056309 
-0.043652 -0.050046 
-0.048001 -0.043973 
-0.050839 -0.037249 
-0.055360 -0.030181 
-0.060440 -0.022700 
-0.062909 -0.013912 
-0.066296 -0.006857 
-0.071164 0.001459 
-0.073186 0.009280 
-0.076340 0.017031 
-0.079733 0.024208 
-0.082136 0.031060 
-0.084287 0.037866 
-0.086219 0.043129 
-0.087040 0.049745 
-0.086741 0.054634 
-0.087490 0.059384 
-0.085601 0.062638 
-0.083757 0.064792 
-0.081481 0.068007 
-0.077905 0.069550 
-0.074223 0.070250 
-0.068586 0.069276 
-0.062663 0.068956 
-0.056900 0.068686 
-0.051180 0.067448 
-0.042927 0.066055 
-0.035978 0.063790 
-0.029010 0.062139 
-0.020117 0.060495 
-0.013928 0.057172 
-0.006880 0.053712 
0.001178 0.052297 
0.008549 0.050593 
0.014954 0.047768 
0.022553 0.045787 
0.030358 0.043551 
0.035790 0.040702 
0.041816 0.038678 
0.047679 0.036060 
0.053044 0.032748 
0.057889 0.030818 
0.061767 0.029230 
0.066476 0.026655 
0.070181 0.023643 
0.072113 0.021537 
0.074037 0.020576 
0.074168 0.017720 
0.073890 0.014728 
0.073581 0.014471 
0.072195 0.012807 
0.071267 0.010765 
0.068635 0.009318 
0.065148 0.006207 
0.061854 0.003496 
0.058628 0.001187 
0.055939 -0.001644 
0.052528 -0.005106 
0.049459 -0.009945 
0.046575 -0.014996 
0.043962 -0.019457 
0.042086 -0.023718 
0.039280 -0.028842 
0.036739 -0.034516 
0.035123 -0.039609 
0.033422 -0.045723 
0.031495 -0.051178 
0.029073 -0.056510 
0.026220 -0.060790 
0.024418 -0.065121 
0.022955 -0.070738 
0.019557 -0.072728 
0.018105 -0.076818 
0.016203 -0.080938 
0.013119 -0.082962 
0.011746 -0.084671 
0.008789 -0.084807 
0.006280 -0.085658 
0.003042 -0.084135 
0.000658 -0.083145 
-0.000825 -0.082196 
-0.003190 -0.079468 
-0.005766 -0.076656 
-0.009556 -0.072807 
-0.011649 -0.067993 
-0.015823 -0.062323 
-0.020183 -0.056144 
-0.023996 -0.049392 
-0.030246 -0.042832 
-0.036232 -0.035499 
-0.042375 -0.027729 
-0.047557 -0.018063 
-0.052402 -0.008565 
-0.057188 -0.000179 
-0.062074 0.009740 
-0.067040 0.018770 
-0.071054 0.026798 
-0.074617 0.034784 
-0.077543 0.044102 
-0.080123 0.051421 
-0.081731 0.057529 
-0.082461 0.064940 
-0.083526 0.069573 
-0.084000 0.073569 
-0.082396 0.077566 
-0.080396 0.081607 
-0.078750 0.084798 
-0.075051 0.085212 
-0.072009 0.086475 
-0.068385 0.087051 
-0.061753 0.086621 
-0.057200 0.087069 
-0.050361 0.086288 
-0.043046 0.084039 
-0.036161 0.081972 
-0.026526 0.079120 
-0.019656 0.075736 
-0.010101 0.073611 
-0.000847 0.069535 
0.007013 0.066011 
0.016465 0.062809 
0.024404 0.057921 
0.034143 0.053915 
0.042485 0.049467 
0.050031 0.044979 
0.057242 0.039689 
0.063146 0.034958 
0.069076 0.030230 
0.073836 0.025314 
0.078833 0.021127 
0.082626 0.015713 
0.084659 0.010222 
0.086494 0.005834 
0.088391 0.002043 
0.089567 -0.002107 
0.089725 -0.006626 
0.088545 -0.011498 
0.086574 -0.015274 
0.084658 -0.019624 
0.081966 -0.024297 
0.079126 -0.028559 
0.075515 -0.032743 
0.072106 -0.037031 
0.068981 -0.041465 
0.063992 -0.045657 
0.059738 -0.051299 
0.055755 -0.055694 
0.050952 -0.060372 
0.046796 -0.065535 
0.042221 -0.070446 
0.037573 -0.074625 
0.032767 -0.078413 
0.027636 -0.082146 
0.023164 -0.085489 
0.018897 -0.088606 
0.014403 -0.089656 
0.009889 -0.091932 
0.005267 -0.091760 
0.000691 -0.091611 
-0.004091 -0.091092 
-0.008242 -0.088170 
-0.011715 -0.086382 
-0.016361 -0.082009 
-0.020561 -0.077589 
-0.024554 -0.074242 
-0.028754 -0.068891 
-0.033084 -0.062246 
-0.037623 -0.056831 
-0.041052 -0.050150 
-0.045452 -0.045242 
-0.049498 -0.038861 
-0.052802 -0.031348 
-0.058011 -0.025018 
-0.062391 -0.016433 
-0.065175 -0.009860 
-0.069425 -0.000843 
-0.073175 0.006328 
-0.076489 0.014054 
-0.080939 0.022468 
-0.083654 0.029053 
-0.085442 0.038026 
-0.087448 0.044821 
-0.088591 0.050327 
-0.088380 0.054703 
-0.088410 0.060339 
-0.087792 0.063794 
-0.085377 0.065926 
-0.083514 0.068740 
-0.079365 0.069569 
-0.073843 0.070282 
-0.069701 0.070078 
-0.063892 0.069089 
-0.058356 0.068673 
-0.052331 0.067473 
-0.044643 0.064156 
-0.038772 0.063023 
-0.031293 0.062221 
-0.023933 0.060896 
-0.017630 0.058893 
-0.008868 0.056799 
-0.001688 0.055285 
0.004983 0.053642 
0.012793 0.052080 
0.019917 0.048427 
0.026988 0.046299 
0.034464 0.043913 
0.040815 0.040454 
0.046131 0.037608 
0.052617 0.034966 
0.057882 0.032079 
0.062016 0.029611 
0.066327 0.026977 
0.068667 0.024531 
0.070721 0.023686 
0.072495 0.021718 
0.073305 0.020562 
0.073052 0.019132 
0.071827 0.018273 
0.071188 0.016861 
0.068532 0.014302 
0.066508 0.012565 
0.064432 0.009872 
0.061206 0.007449 
0.059418 0.004070 
0.056174 0.000140 
0.053790 -0.004262 
0.050432 -0.008192 
0.047537 -0.012607 
0.045903 -0.017454 
0.043028 -0.021350 
0.041172 -0.028158 
0.038254 -0.034199 
0.036700 -0.039174 
0.034740 -0.045342 
0.031987 -0.049228 
0.030494 -0.054388 
0.028733 -0.059866 
0.027033 -0.064084 
0.023792 -0.068060 
0.020737 -0.072068 
0.018461 -0.076333 
0.016264 -0.078285 
0.013571 -0.082752 
0.011802 -0.085233 
0.010625 -0.085818 
0.007568 -0.086919 
0.005150 -0.086737 
0.002788 -0.087600 
0.000558 -0.084753 
-0.001435 -0.082580 
-0.004070 -0.079983 
-0.007013 -0.074689 
-0.010744 -0.069382 
-0.014664 -0.063813 
-0.020098 -0.057443 
-0.024461 -0.051057 
-0.029005 -0.044011 
-0.035822 -0.034861 
-0.041237 -0.027532 
-0.046728 -0.019543 
-0.050920 -0.011341 
-0.055854 -0.001633 
-0.062286 0.007183 
-0.066616 0.014611 
-0.070644 0.024047 
-0.074004 0.032684 
-0.077524 0.041492 
-0.080521 0.048837 
-0.082595 0.056090 
-0.083841 0.062739 
-0.083774 0.068546 
-0.083507 0.073759 
-0.082499 0.078024 
-0.080958 0.080899 
-0.079085 0.083530 
-0.076579 0.087796 
-0.071804 0.088965 
-0.067351 0.088501 
-0.063626 0.088912 
-0.057800 0.088794 
-0.051595 0.087020 
-0.044717 0.084327 
-0.037130 0.082503 
-0.029358 0.080478 
-0.021892 0.077890 
-0.014015 0.075393 
-0.004216 0.071103 
0.004665 0.067902 
0.013035 0.064388 
0.022220 0.059970 
0.030120 0.056516 
0.039344 0.051503 
0.048077 0.048406 
0.054291 0.043578 
0.061749 0.038456 
0.067769 0.033680 
0.072791 0.028334 
0.077364 0.023503 
0.080185 0.018630 
0.083611 0.014712 
0.085273 0.009356 
0.086358 0.005491 
0.088082 0.000189 
0.087833 -0.002793 
0.086485 -0.006420 
0.085121 -0.011295 
0.084585 -0.014520 
0.082650 -0.020010 
0.079062 -0.022643 
0.076114 -0.028001 
0.073091 -0.032926 
0.069629 -0.037095 
0.065741 -0.043096 
0.061671 -0.048069 
0.057242 -0.053181 
0.052560 -0.058380 
0.047429 -0.065068 
0.043077 -0.069437 
0.038906 -0.073817 
0.033846 -0.079044 
0.029498 -0.082416 
0.025539 -0.084668 
0.020983 -0.087273 
0.015860 -0.089255 
0.011533 -0.089455 
0.006113 -0.090078 
0.001568 -0.089800 
-0.002230 -0.088898 
-0.007064 -0.087345 
-0.010704 -0.084219 
-0.015328 -0.081432 
-0.020348 -0.078261 
-0.025243 -0.074321 
-0.029048 -0.070470 
-0.033285 -0.065642 
-0.037554 -0.060494 
-0.041066 -0.054887 
-0.046145 -0.048254 
-0.049663 -0.041344 
-0.052996 -0.034419 
-0.057211 -0.027071 
-0.061694 -0.019138 
-0.066300 -0.010346 
-0.070325 -0.002107 
-0.074444 0.006300 
-0.077908 0.014479 
-0.081017 0.020661 
-0.084682 0.028513 
-0.087359 0.034910 
-0.089163 0.041329 
-0.090172 0.047431 
-0.090824 0.052173 
-0.091371 0.057419 
-0.089636 0.059501 
-0.087238 0.061860 
-0.083135 0.064438 
-0.080320 0.066113 
-0.076999 0.066281 
-0.070506 0.067682 
-0.065801 0.067517 
-0.059764 0.066238 
-0.053001 0.066982 
-0.046858 0.065337 
-0.040595 0.064857 
-0.032968 0.062906 
-0.025291 0.061304 
-0.018367 0.059714 
-0.010677 0.056550 
-0.003833 0.054678 
0.003342 0.051954 
0.011227 0.049334 
0.018681 0.047614 
0.025194 0.045242 
0.032309 0.041204 
0.038717 0.038814 
0.045000 0.036243 
0.050849 0.033429 
0.055769 0.030867 
0.060851 0.028424 
0.065229 0.026838 
0.068533 0.025750 
0.069858 0.024939 
0.072030 0.022221 
0.073170 0.020523 
0.073343 0.019183 
0.072009 0.017593 
0.070261 0.016196 
0.068867 0.013836 
0.065509 0.010841 
0.063734 0.007890 
0.061287 0.005692 
0.058879 0.002773 
0.057030 -0.001410 
0.053801 -0.005328 
0.050950 -0.009393 
0.049987 -0.013959 
0.047239 -0.018395 
0.044612 -0.022846 
0.043671 -0.027488 
0.041008 -0.034445 
0.039551 -0.039960 
0.036102 -0.045363 
0.033677 -0.050770 
0.031792 -0.054819 
0.028710 -0.060913 
0.026743 -0.065817 
0.023233 -0.070318 
0.021137 -0.074091 
0.018712 -0.078202 
0.016556 -0.081127 
0.015573 -0.082939 
0.013340 -0.085385 
0.011737 -0.086751 
0.010409 -0.087386 
0.008172 -0.087336 
0.006974 -0.087595 
0.004640 -0.085374 
0.001313 -0.084046 
-0.001209 -0.080721 
-0.005516 -0.076717 
-0.009663 -0.074747 
-0.013337 -0.068111 
-0.017638 -0.061594 
-0.023685 -0.055783 
-0.029128 -0.048927 
-0.034099 -0.040794 
-0.040149 -0.032235 
-0.045502 -0.022975 
-0.051896 -0.013408 
-0.057042 -0.004851 
-0.061422 0.005510 
-0.065798 0.014360 
-0.069668 0.023095 
-0.073536 0.031811 
-0.076383 0.038977 
-0.078676 0.047071 
-0.080395 0.053572 
-0.082562 0.060642 
-0.083972 0.067057 
-0.084535 0.070355 
-0.084262 0.074449 
-0.081535 0.079031 
-0.079819 0.082353 
-0.078560 0.084469 
-0.075475 0.086915 
-0.072152 0.087211 
-0.066059 0.086623 
-0.059220 0.086956 
-0.053574 0.085777 
-0.046279 0.085336 
-0.039165 0.083753 
-0.031978 0.082167 
-0.023310 0.080461 
-0.014098 0.076786 
-0.004909 0.073250 
0.003053 0.068885 
0.011234 0.065666 
0.021240 0.061522 
0.029724 0.055887 
0.037979 0.052116 
0.045763 0.047567 
0.052043 0.043093 
0.059463 0.039209 
0.065939 0.033410 
0.071425 0.028334 
0.075652 0.024525 
0.080617 0.019297 
0.083948 0.014961 
0.085546 0.012031 
0.089307 0.007253 
0.089623 0.003220 
0.088736 -0.000615 
0.087948 -0.004832 
0.087189 -0.008674 
0.086171 -0.013829 
0.082960 -0.017334 
0.080933 -0.021753 
0.077676 -0.026561 
0.073913 -0.031397 
0.070814 -0.037117 
0.068253 -0.041959 
0.064954 -0.048612 
0.059240 -0.053683 
0.055477 -0.058504 
0.051434 -0.064354 
0.047407 -0.068961 
0.043365 -0.074215 
0.037352 -0.078398 
0.033190 -0.080950 
0.028305 -0.084300 
0.023565 -0.086698 
0.019363 -0.087860 
0.014211 -0.090280 
0.010321 -0.091353 
0.005224 -0.091447 
0.000628 -0.090794 
-0.003457 -0.088581 
-0.008883 -0.087262 
-0.012476 -0.084720 
-0.017138 -0.080811 
-0.022694 -0.077883 
-0.025406 -0.073567 
-0.029207 -0.068453 
-0.033704 -0.063128 
-0.037696 -0.057665 
-0.042113 -0.051538 
-0.046023 -0.043332 
-0.050959 -0.036994 
-0.055070 -0.030168 
-0.059376 -0.022428 
-0.064964 -0.014464 
-0.070165 -0.005804 
-0.075216 0.002218 
-0.077863 0.011105 
-0.081092 0.018423 
-0.085387 0.025971 
-0.086914 0.033776 
-0.088673 0.040397 
-0.089932 0.045853 
-0.089940 0.050534 
-0.090029 0.054984 
-0.088328 0.058730 
-0.085745 0.061819 
-0.082892 0.063242 
-0.080724 0.065015 
-0.077202 0.065938 
-0.072374 0.066935 
-0.067386 0.067180 
-0.061398 0.067087 
-0.056309 0.067495 
-0.050046 0.065369 
-0.043973 0.064878 
-0.037249 0.063486 
-0.030181 0.060939 
-0.022700 0.061006 
-0.013912 0.058974 
-0.006857 0.055453 
0.001459 0.053938 
0.009280 0.051785 
0.017031 0.049213 
0.024208 0.046762 
0.031060 0.043118 
0.037866 0.040689 
0.043129 0.038204 
0.049745 0.034973 
0.054634 0.033153 
0.059384 0.032000 
0.062638 0.030130 
0.064792 0.028307 
0.068007 0.027188 
0.069550 0.025341 
0.070250 0.024289 
0.069276 0.023334 
0.068956 0.020739 
0.068686 0.019438 
0.067448 0.017086 
0.066055 0.014621 
0.063790 0.013669 
0.062139 0.010217 
0.060495 0.006644 
0.057172 0.002269 
0.053712 -0.002070 
0.052297 -0.006029 
0.050593 -0.011623 
0.047768 -0.015900 
0.045787 -0.020571 
0.043551 -0.025619 
0.040702 -0.031660 
0.038678 -0.038275 
0.036060 -0.043558 
0.032748 -0.048803 
0.030818 -0.053496 
0.029230 -0.059062 
0.026655 -0.064058 
0.023643 -0.068262 
0.021537 -0.073393 
0.020576 -0.076739 
0.017720 -0.079328 
0.014728 -0.082620 
0.014471 -0.085175 
0.012807 -0.087898 
0.010765 -0.090016 
0.009318 -0.089314 
0.006207 -0.088827 
0.003496 -0.088664 
0.001187 -0.086463 
-0.001644 -0.084429 
-0.005106 -0.080484 
-0.009945 -0.075043 
-0.014996 -0.070352 
-0.019457 -0.063559 
-0.023718 -0.056310 
-0.028842 -0.049591 
-0.034516 -0.040489 
-0.039609 -0.031399 
-0.045723 -0.024026 
-0.051178 -0.014805 
-0.056510 -0.005508 
-0.060790 0.002738 
-0.065121 0.012022 
-0.070738 0.021632 
-0.072728 0.029940 
-0.076818 0.037569 
-0.080938 0.045413 
-0.082962 0.051608 
-0.084671 0.058357 
-0.084807 0.065060 
-0.085658 0.069982 
-0.084135 0.074816 
-0.083145 0.079417 
-0.082196 0.081888 
-0.079468 0.083558 
-0.076656 0.085785 
-0.072807 0.085971 
-0.067993 0.086961 
-0.062323 0.087299 
-0.056144 0.085915 
-0.049392 0.085211 
-0.042832 0.083889 
-0.035499 0.081770 
-0.027729 0.079240 
-0.018063 0.076687 
-0.008565 0.073474 
-0.000179 0.070738 
0.009740 0.066831 
0.018770 0.062520 
0.026798 0.058955 
0.034784 0.054013 
0.044102 0.049145 
0.051421 0.045435 
0.057529 0.041273 
0.064940 0.036527 
0.069573 0.032195 
0.073569 0.026552 
0.077566 0.022582 
0.081607 0.019221 
0.084798 0.014464 
0.085212 0.010258 
0.086475 0.006314 
0.087051 0.003493 
0.086621 -0.000249 
0.087069 -0.005015 
0.086288 -0.009560 
0.084039 -0.013672 
0.081972 -0.018389 
0.079120 -0.023899 
0.075736 -0.029712 
0.073611 -0.035365 
0.069535 -0.040147 
0.066011 -0.046157 
0.062809 -0.052052 
0.057921 -0.057424 
0.053915 -0.063599 
0.049467 -0.068137 
0.044979 -0.071853 
0.039689 -0.076745 
0.034958 -0.080619 
0.030230 -0.083948 
0.025314 -0.086158 
0.021127 -0.087620 
0.015713 -0.089490 
0.010222 -0.090399 
0.005834 -0.090190 
0.002043 -0.088755 
-0.002107 -0.089149 
-0.006626 -0.087811 
-0.011498 -0.084878 
-0.015274 -0.083100 
-0.019624 -0.078977 
-0.024297 -0.074730 
-0.028559 -0.070743 
-0.032743 -0.065583 
-0.037031 -0.059535 
-0.041465 -0.053435 
-0.045657 -0.046876 
-0.051299 -0.040131 
-0.055694 -0.032473 
-0.060372 -0.023808 
-0.065535 -0.015683 
-0.070446 -0.007474 
-0.074625 0.001175 
-0.078413 0.009866 
-0.082146 0.017658 
-0.085489 0.025106 
-0.088606 0.031066 
-0.089656 0.038350 
-0.091932 0.044213 
-0.091760 0.047827 
-0.091611 0.052974 
-0.091092 0.055704 
-0.088170 0.059023 
-0.086382 0.061608 
-0.082009 0.063260 
-0.077589 0.064323 
-0.074242 0.065013 
-0.068891 0.067290 
-0.062246 0.066328 
-0.056831 0.066742 
-0.050150 0.067265 
-0.045242 0.065434 
-0.038861 0.064459 
-0.031348 0.062521 
-0.025018 0.061585 
-0.016433 0.060662 
-0.009860 0.058259 
-0.000843 0.055378 
0.006328 0.052308 
0.014054 0.049341 
0.022468 0.045910 
0.029053 0.043037 
0.038026 0.040770 
0.044821 0.038776 
0.050327 0.035905 
0.054703 0.033883 
0.060339 0.033301 
0.063794 0.030256 
0.065926 0.028191 
0.068740 0.028600 
0.069569 0.027902 
0.070282 0.025955 
0.070078 0.024889 
0.069089 0.022860 
0.068673 0.020663 
0.067473 0.019661 
0.064156 0.015947 
0.063023 0.013498 
0.062221 0.010826 
0.060896 0.006557 
0.058893 0.002924 
0.056799 -0.001562 
0.055285 -0.006161 
0.053642 -0.010624 
0.052080 -0.014143 
0.048427 -0.020162 
0.046299 -0.025801 
0.043913 -0.031000 
0.040454 -0.036995 
0.037608 -0.041264 
0.034966 -0.047709 
0.032079 -0.052614 
0.029611 -0.056871 
0.026977 -0.063228 
0.024531 -0.067762 
0.023686 -0.072165 
0.021718 -0.076550 
0.020562 -0.079550 
0.019132 -0.082841 
0.018273 -0.084971 
0.016861 -0.086647 
0.014302 -0.088765 
0.012565 -0.089842 
0.009872 -0.089695 
0.007449 -0.087780 
0.004070 -0.086269 
0.000140 -0.083590 
-0.004262 -0.080410 
-0.008192 -0.076962 
-0.012607 -0.071058 
-0.017454 -0.065477 
-0.021350 -0.058375 
-0.028158 -0.049757 
-0.034199 -0.042299 
-0.039174 -0.034812 
-0.045342 -0.025708 
-0.049228 -0.016622 
-0.054388 -0.007425 
-0.059866 0.001825 
-0.064084 0.009997 
-0.068060 0.019244 
-0.072068 0.028216 
-0.076333 0.036384 
-0.078285 0.044374 
-0.082752 0.051482 
-0.085233 0.057387 
-0.085818 0.062785 
-0.086919 0.068033 
-0.086737 0.072305 
-0.087600 0.076624 
-0.084753 0.079887 
-0.082580 0.081963 
-0.079983 0.084215 
-0.074689 0.085934 
-0.069382 0.086182 
-0.063813 0.086220 
-0.057443 0.087064 
-0.051057 0.086239 
-0.044011 0.085315 
-0.034861 0.083950 
-0.027532 0.080809 
-0.019543 0.078923 
-0.011341 0.076423 
-0.001633 0.072274 
0.007183 0.067266 
0.014611 0.063005 
0.024047 0.060083 
0.032684 0.055279 
0.041492 0.049483 
0.048837 0.044694 
0.056090 0.040354 
0.062739 0.035709 
0.068546 0.031195 
0.073759 0.027301 
0.078024 0.023187 
0.080899 0.019192 
0.083530 0.016324 
0.087796 0.012585 
0.088965 0.008431 
0.088501 0.005395 
0.088912 0.001792 
0.088794 -0.002984 
0.087020 -0.008444 
0.084327 -0.013533 
0.082503 -0.018857 
0.080478 -0.023450 
0.077890 -0.028422 
0.075393 -0.034820 
0.071103 -0.040588 
0.067902 -0.046306 
0.064388 -0.052274 
0.059970 -0.058747 
0.056516 -0.064207 
0.051503 -0.068253 
0.048406 -0.072632 
0.043578 -0.077530 
0.038456 -0.081110 
0.033680 -0.083864 
0.028334 -0.086193 
0.023503 -0.087908 
0.018630 -0.089132 
0.014712 -0.089953 
0.009356 -0.091059 
0.005491 -0.090505 
0.000189 -0.090735 
-0.002793 -0.089265 
-0.006420 -0.086793 
-0.011295 -0.085564 
-0.014520 -0.082004 
-0.020010 -0.078099 
-0.022643 -0.073432 
-0.028001 -0.068374 
-0.032926 -0.062169 
-0.037095 -0.055493 
-0.043096 -0.048120 
-0.048069 -0.039583 
-0.053181 -0.031688 
-0.058380 -0.023788 
-0.065068 -0.015614 
-0.069437 -0.006949 
-0.073817 0.000594 
-0.079044 0.008508 
-0.082416 0.016892 
-0.084668 0.024009 
-0.087273 0.029232 
-0.089255 0.034835 
-0.089455 0.040589 
-0.090078 0.044871 
-0.089800 0.049805 
-0.088898 0.054142 
-0.087345 0.057415 
-0.084219 0.060336 
-0.081432 0.062067 
-0.078261 0.064471 
-0.074321 0.067401 
-0.070470 0.067499 
-0.065642 0.069144 
-0.060494 0.069001 
-0.054887 0.067337 
-0.048254 0.066972 
-0.041344 0.064670 
-0.034419 0.063643 
-0.027071 0.061198 
-0.019138 0.060035 
-0.010346 0.058011 
-0.002107 0.054766 
0.006300 0.052209 
0.014479 0.049399 
0.020661 0.047237 
0.028513 0.044094 
0.034910 0.042819 
0.041329 0.040027 
0.047431 0.038571 
0.052173 0.037370 
0.057419 0.035196 
0.059501 0.033799 
0.061860 0.032874 
0.064438 0.031705 
0.066113 0.029027 
0.066281 0.028488 
0.067682 0.025606 
0.067517 0.023609 
0.066238 0.021607 
0.066982 0.019100 
0.065337 0.017807 
0.064857 0.014956 
0.062906 0.012872 
0.061304 0.009156 
0.059714 0.004789 
0.056550 0.001147 
0.054678 -0.002608 
0.051954 -0.008285 
0.049334 -0.013491 
0.047614 -0.019037 
0.045242 -0.024318 
0.041204 -0.029218 
0.038814 -0.036228 
0.036243 -0.041231 
0.033429 -0.046165 
0.030867 -0.051388 
0.028424 -0.057394 
0.026838 -0.062539 
0.025750 -0.066150 
0.024939 -0.070965 
0.022221 -0.075631 
0.020523 -0.079141 
0.019183 -0.082595 
0.017593 -0.085582 
0.016196 -0.087823 
0.013836 -0.090608 
0.010841 -0.090382 
0.007890 -0.090680 
0.005692 -0.091078 
0.002773 -0.088093 
-0.001410 -0.086546 
-0.005328 -0.084175 
-0.009393 -0.079220 
-0.013959 -0.074604 
-0.018395 -0.068768 
-0.022846 -0.061455 
-0.027488 -0.054104 
-0.034445 -0.046481 
-0.039960 -0.038060 
-0.045363 -0.029089 
-0.050770 -0.020460 
-0.054819 -0.009615 
-0.060913 -0.001456 
-0.065817 0.006288 
-0.070318 0.016492 
-0.074091 0.023859 
-0.078202 0.032718 
-0.081127 0.040436 
-0.082939 0.047274 
-0.085385 0.053868 
-0.086751 0.058980 
-0.087386 0.064557 
-0.087336 0.068252 
-0.087595 0.072545 
-0.085374 0.077340 
-0.084046 0.079414 
-0.080721 0.081508 
-0.076717 0.084027 
-0.074747 0.084466 
-0.068111 0.085397 
-0.061594 0.085831 
-0.055783 0.085802 
-0.048927 0.084226 
-0.040794 0.082120 
-0.032235 0.081047 
-0.022975 0.078004 
-0.013408 0.075600 
-0.004851 0.071679 
0.005510 0.067670 
0.014360 0.064260 
0.023095 0.060003 
0.031811 0.055732 
0.038977 0.050784 
0.047071 0.046946 
0.053572 0.042205 
0.060642 0.037184 
0.067057 0.034142 
0.070355 0.031643 
0.074449 0.027303 
0.079031 0.023231 
0.082353 0.019993 
0.084469 0.015600 
0.086915 0.011474 
0.087211 0.007296 
0.086623 0.002580 
0.086956 -0.002086 
0.085777 -0.006409 
0.085336 -0.010927 
0.083753 -0.016138 
0.082167 -0.021495 
0.080461 -0.026406 
0.076786 -0.032830 
0.073250 -0.039523 
0.068885 -0.044920 
0.065666 -0.051430 
0.061522 -0.057372 
0.055887 -0.061705 
0.052116 -0.066418 
0.047567 -0.071539 
0.043093 -0.075890 
0.039209 -0.078685 
0.033410 -0.082003 
0.028334 -0.084934 
0.024525 -0.086753 
0.019297 -0.089816 
0.014961 -0.090483 
0.012031 -0.091543 
0.007253 -0.091451 
0.003220 -0.089943 
-0.000615 -0.090632 
-0.004832 -0.088121 
-0.008674 -0.086826 
-0.013829 -0.083821 
-0.017334 -0.079028 
-0.021753 -0.075262 
-0.026561 -0.069364 
-0.031397 -0.064092 
-0.037117 -0.057571 
-0.041959 -0.050313 
-0.048612 -0.042657 
-0.053683 -0.034453 
-0.058504 -0.025778 
-0.064354 -0.017137 
-0.068961 -0.009403 
-0.074215 -0.002181 
-0.078398 0.006704 
-0.080950 0.015192 
-0.084300 0.021006 
-0.086698 0.027893 
-0.087860 0.034572 
-0.090280 0.040517 
-0.091353 0.044782 
-0.091447 0.049014 
-0.090794 0.053494 
-0.088581 0.057384 
-0.087262 0.060212 
-0.084720 0.062419 
-0.080811 0.064843 
-0.077883 0.066164 
-0.073567 0.068413 
-0.068453 0.067924 
-0.063128 0.068559 
-0.057665 0.069113 
-0.051538 0.066937 
-0.043332 0.066689 
-0.036994 0.066179 
-0.030168 0.064216 
-0.022428 0.061256 
-0.014464 0.059573 
-0.005804 0.056111 
0.002218 0.053268 
0.011105 0.051475 
0.018423 0.048726 
0.025971 0.046650 
0.033776 0.044002 
0.040397 0.042237 
0.045853 0.039615 
0.050534 0.038197 
0.054984 0.038298 
0.058730 0.036622 
0.061819 0.035456 
0.063242 0.034874 
0.065015 0.032529 
0.065938 0.031028 
0.066935 0.029238 
0.067180 0.027051 
0.067087 0.025605 
0.067495 0.022507 
0.065369 0.019970 
0.064878 0.017229 
0.063486 0.014183 
0.060939 0.009811 
0.061006 0.005488 
0.058974 0.002139 
0.055453 -0.002399 
0.053938 -0.007549 
0.051785 -0.012036 
0.049213 -0.015879 
0.046762 -0.021618 
0.043118 -0.027246 
0.040689 -0.033516 
0.038204 -0.038327 
0.034973 -0.043336 
0.033153 -0.050245 
0.032000 -0.055164 
0.030130 -0.059996 
0.028307 -0.065177 
0.027188 -0.071023 
0.025341 -0.074972 
0.024289 -0.079090 
0.023334 -0.083851 
0.020739 -0.086835 
0.019438 -0.089396 
0.017086 -0.091024 
0.014621 -0.091471 
0.013669 -0.090355 
0.010217 -0.089770 
0.006644 -0.089289 
0.002269 -0.086543 
-0.002070 -0.083309 
-0.006029 -0.080708 
-0.011623 -0.075001 
-0.015900 -0.068408 
-0.020571 -0.062307 
-0.025619 -0.054776 
-0.031660 -0.047427 
-0.038275 -0.039046 
-0.043558 -0.030635 
-0.048803 -0.021209 
-0.053496 -0.011332 
-0.059062 -0.002598 
-0.064058 0.006742 
-0.068262 0.015286 
-0.073393 0.022741 
-0.076739 0.031331 
-0.079328 0.039207 
-0.082620 0.045491 
-0.085175 0.051851 
-0.087898 0.057422 
-0.090016 0.063508 
-0.089314 0.068142 
-0.088827 0.071958 
-0.088664 0.075908 
-0.086463 0.077977 
-0.084429 0.080295 
-0.080484 0.082551 
-0.075043 0.084328 
-0.070352 0.085651 
-0.063559 0.086534 
-0.056310 0.086845 
-0.049591 0.086718 
-0.040489 0.084377 
-0.031399 0.081613 
-0.024026 0.080120 
-0.014805 0.076734 
-0.005508 0.073559 
0.002738 0.068411 
0.012022 0.063739 
0.021632 0.061647 
0.029940 0.057822 
0.037569 0.053718 
0.045413 0.048099 
0.051608 0.043808 
0.058357 0.040833 
0.065060 0.036259 
0.069982 0.032853 
0.074816 0.030264 
0.079417 0.026774 
0.081888 0.023047 
0.083558 0.020017 
0.085785 0.015300 
0.085971 0.011151 
0.086961 0.007240 
0.087299 0.002149 
0.085915 -0.002132 
0.085211 -0.007800 
0.083889 -0.013995 
0.081770 -0.020114 
0.079240 -0.026194 
0.076687 -0.032762 
0.073474 -0.038112 
0.070738 -0.043423 
0.066831 -0.050539 
0.062520 -0.056213 
0.058955 -0.060232 
0.054013 -0.063281 
0.049145 -0.068276 
0.045435 -0.072984 
0.041273 -0.076668 
0.036527 -0.080822 
0.032195 -0.083734 
0.026552 -0.085297 
0.022582 -0.086779 
0.019221 -0.089267 
0.014464 -0.090335 
0.010258 -0.091024 
0.006314 -0.091862 
0.003493 -0.092276 
-0.000249 -0.090513 
-0.005015 -0.088580 
-0.009560 -0.086836 
-0.013672 -0.081674 
-0.018389 -0.076964 
-0.023899 -0.072093 
-0.029712 -0.065813 
-0.035365 -0.058536 
-0.040147 -0.049984 
-0.046157 -0.042185 
-0.052052 -0.035557 
-0.057424 -0.026795 
-0.063599 -0.018422 
-0.068137 -0.011683 
-0.071853 -0.002528 
-0.076745 0.005282 
-0.080619 0.011572 
-0.083948 0.017960 
-0.086158 0.025439 
-0.087620 0.031898 
-0.089490 0.037379 
-0.090399 0.043184 
-0.090190 0.046580 
-0.088755 0.051559 
-0.089149 0.055718 
-0.087811 0.058489 
-0.084878 0.062322 
-0.083100 0.065148 
-0.078977 0.067129 
-0.074730 0.067758 
-0.070743 0.068747 
-0.065583 0.068789 
-0.059535 0.067988 
-0.053435 0.067762 
-0.046876 0.065449 
-0.040131 0.063635 
-0.032473 0.061994 
-0.023808 0.059522 
-0.015683 0.057568 
-0.007474 0.055663 
0.001175 0.053944 
0.009866 0.050684 
0.017658 0.049387 
0.025106 0.047446 
0.031066 0.044779 
0.038350 0.044129 
0.044213 0.042015 
0.047827 0.040662 
0.052974 0.038209 
0.055704 0.036578 
0.059023 0.035165 
0.061608 0.033958 
0.063260 0.032824 
0.064323 0.030516 
0.065013 0.030043 
0.067290 0.026946 
0.066328 0.025512 
0.066742 0.023997 
0.067265 0.020344 
0.065434 0.017794 
0.064459 0.014226 
0.062521 0.011325 
0.061585 0.007527 
0.060662 0.004280 
0.058259 0.000123 
0.055378 -0.006351 
0.052308 -0.010517 
0.049341 -0.015148 
0.045910 -0.022029 
0.043037 -0.027101 
0.040770 -0.032757 
0.038776 -0.038509 
0.035905 -0.043094 
0.033883 -0.049391 
0.033301 -0.054860 
0.030256 -0.060192 
0.028191 -0.065323 
0.028600 -0.071023 
0.027902 -0.075710 
0.025955 -0.078391 
0.024889 -0.082978 
0.022860 -0.086541 
0.020663 -0.089343 
0.019661 -0.091456 
0.015947 -0.092155 
0.013498 -0.093471 
0.010826 -0.093670 
0.006557 -0.091844 
0.002924 -0.089554 
-0.001562 -0.087237 
-0.006161 -0.083532 
-0.010624 -0.078316 
-0.014143 -0.073063 
-0.020162 -0.066411 
-0.025801 -0.058601 
-0.031000 -0.052012 
-0.036995 -0.043405 
-0.041264 -0.033883 
-0.047709 -0.025747 
-0.052614 -0.017063 
-0.056871 -0.008107 
-0.063228 0.001846 
-0.067762 0.010694 
-0.072165 0.018275 
-0.076550 0.026931 
-0.079550 0.035028 
-0.082841 0.042097 
-0.084971 0.047870 
-0.086647 0.053334 
-0.088765 0.059907 
-0.089842 0.065130 
-0.089695 0.069037 
-0.087780 0.073518 
-0.086269 0.077485 
-0.083590 0.080829 
-0.080410 0.083878 
-0.076962 0.085164 
-0.071058 0.086272 
-0.065477 0.087678 
-0.058375 0.087106 
-0.049757 0.085708 
-0.042299 0.084364 
-0.034812 0.083149 
-0.025708 0.080642 
-0.016622 0.076885 
-0.007425 0.073639 
0.001825 0.070112 
0.009997 0.066168 
0.019244 0.061687 
0.028216 0.058204 
0.036384 0.054651 
0.044374 0.050487 
0.051482 0.048076 
0.057387 0.043824 
0.062785 0.039534 
0.068033 0.036963 
0.072305 0.032160 
0.076624 0.028632 
0.079887 0.025183 
0.081963 0.020761 
0.084215 0.017945 
0.085934 0.013492 
0.086182 0.008243 
0.086220 0.002975 
0.087064 -0.002510 
0.086239 -0.008183 
0.085315 -0.013739 
0.083950 -0.020059 
0.080809 -0.026221 
0.078923 -0.030727 
0.076423 -0.037311 
0.072274 -0.043618 
0.067266 -0.049359 
0.063005 -0.054395 
0.060083 -0.058697 
0.055279 -0.063808 
0.049483 -0.068092 
0.044694 -0.072151 
0.040354 -0.075345 
0.035709 -0.079517 
0.031195 -0.083640 
0.027301 -0.086432 
0.023187 -0.088787 
0.019192 -0.091068 
0.016324 -0.092681 
0.012585 -0.093335 
0.008431 -0.094289 
0.005395 -0.093596 
0.001792 -0.092148 
-0.002984 -0.089860 
-0.008444 -0.087469 
-0.013533 -0.083836 
-0.018857 -0.077223 
-0.023450 -0.071831 
-0.028422 -0.066172 
-0.034820 -0.058600 
-0.040588 -0.052413 
-0.046306 -0.045501 
-0.052274 -0.037193 
-0.058747 -0.030363 
-0.064207 -0.022399 
-0.068253 -0.014540 
-0.072632 -0.007541 
-0.077530 -0.000412 
-0.081110 0.007200 
-0.083864 0.015417 
-0.086193 0.021487 
-0.087908 0.027633 
-0.089132 0.033946 
-0.089953 0.038842 
-0.091059 0.043902 
-0.090505 0.048903 
-0.090735 0.053144 
-0.089265 0.057588 
-0.086793 0.060689 
-0.085564 0.063383 
-0.082004 0.065357 
-0.078099 0.065546 
-0.073432 0.066900 
-0.068374 0.066976 
-0.062169 0.067150 
-0.055493 0.066358 
-0.048120 0.064244 
-0.039583 0.063630 
-0.031688 0.062558 
-0.023788 0.060657 
-0.015614 0.058419 
-0.006949 0.057275 
0.000594 0.054707 
0.008508 0.052415 
0.016892 0.050753 
0.024009 0.048166 
0.029232 0.046272 
0.034835 0.044826 
0.040589 0.043732 
0.044871 0.041240 
0.049805 0.040330 
0.054142 0.038777 
0.057415 0.036819 
0.060336 0.037214 
0.062067 0.035344 
0.064471 0.033777 
0.067401 0.032040 
0.067499 0.029567 
0.069144 0.028034 
0.069001 0.025056 
0.067337 0.022122 
0.066972 0.020335 
0.064670 0.017471 
0.063643 0.012938 
0.061198 0.009664 
0.060035 0.005735 
0.058011 0.001222 
0.054766 -0.002736 
0.052209 -0.008271 
0.049399 -0.013434 
0.047237 -0.019629 
0.044094 -0.024560 
0.042819 -0.029375 
0.040027 -0.035818 
0.038571 -0.041567 
0.037370 -0.048126 
0.035196 -0.052851 
0.033799 -0.058501 
0.032874 -0.064674 
0.031705 -0.069699 
0.029027 -0.074911 
0.028488 -0.079816 
0.025606 -0.084052 
0.023609 -0.086403 
0.021607 -0.089781 
0.019100 -0.091851 
0.017807 -0.092867 
0.014956 -0.093709 
0.012872 -0.092834 
0.009156 -0.091955 
0.004789 -0.090102 
0.001147 -0.087413 
-0.002608 -0.083529 
-0.008285 -0.078688 
-0.013491 -0.073342 
-0.019037 -0.067337 
-0.024318 -0.060024 
-0.029218 -0.051662 
-0.036228 -0.043523 
-0.041231 -0.034989 
-0.046165 -0.025593 
-0.051388 -0.016623 
-0.057394 -0.008536 
-0.062539 0.000662 
-0.066150 0.008982 
-0.070965 0.016455 
-0.075631 0.025084 
-0.079141 0.033071 
-0.082595 0.039355 
-0.085582 0.045256 
-0.087823 0.052355 
-0.090608 0.058547 
-0.090382 0.064337 
-0.090680 0.068988 
-0.091078 0.071695 
-0.088093 0.076556 
-0.086546 0.080996 
-0.084175 0.083529 
-0.079220 0.085416 
-0.074604 0.086623 
-0.068768 0.087559 
-0.061455 0.087140 
-0.054104 0.086513 
-0.046481 0.084788 
-0.038060 0.082377 
-0.029089 0.079471 
-0.020460 0.075959 
-0.009615 0.073110 
-0.001456 0.069104 
0.006288 0.066493 
0.016492 0.063766 
0.023859 0.058382 
0.032718 0.055106 
0.040436 0.052591 
0.047274 0.048195 
0.053868 0.044881 
0.058980 0.042241 
0.064557 0.038606 
0.068252 0.033715 
0.072545 0.030400 
0.077340 0.028275 
0.079414 0.023000 
0.081508 0.018635 
0.084027 0.013892 
0.084466 0.008953 
0.085397 0.003925 
0.085831 -0.003342 
0.085802 -0.008842 
0.084226 -0.014860 
0.082120 -0.019590 
0.081047 -0.025643 
0.078004 -0.032450 
0.075600 -0.037728 
0.071679 -0.043599 
0.067670 -0.047723 
0.064260 -0.053343 
0.060003 -0.057671 
0.055732 -0.062507 
0.050784 -0.067321 
0.046946 -0.071077 
0.042205 -0.076401 
0.037184 -0.079624 
0.034142 -0.084040 
0.031643 -0.087489 
0.027303 -0.090098 
0.023231 -0.093477 
0.019993 -0.095064 
0.015600 -0.096126 
0.011474 -0.096585 
0.007296 -0.096245 
0.002580 -0.094844 
-0.002086 -0.092559 
-0.006409 -0.089024 
-0.010927 -0.084262 
-0.016138 -0.078974 
-0.021495 -0.074017 
-0.026406 -0.067430 
-0.032830 -0.060418 
-0.039523 -0.054053 
-0.044920 -0.046319 
-0.051430 -0.038968 
-0.057372 -0.030939 
-0.061705 -0.023142 
-0.066418 -0.016263 
-0.071539 -0.009289 
-0.075890 -0.002716 
-0.078685 0.004691 
-0.082003 0.012490 
-0.084934 0.018328 
-0.086753 0.024109 
-0.089816 0.031480 
-0.090483 0.037364 
-0.091543 0.042081 
-0.091451 0.047224 
-0.089943 0.052176 
-0.090632 0.055845 
-0.088121 0.059570 
-0.086826 0.062208 
-0.083821 0.063887 
-0.079028 0.065063 
-0.075262 0.065369 
-0.069364 0.066717 
-0.064092 0.066413 
-0.057571 0.066687 
-0.050313 0.065453 
-0.042657 0.064174 
-0.034453 0.063956 
-0.025778 0.061035 
-0.017137 0.060396 
-0.009403 0.058090 
-0.002181 0.055623 
0.006704 0.054524 
0.015192 0.051522 
0.021006 0.050252 
0.027893 0.049482 
0.034572 0.046978 
0.040517 0.045109 
0.044782 0.044009 
0.049014 0.042462 
0.053494 0.041081 
0.057384 0.039445 
0.060212 0.039118 
0.062419 0.036336 
0.064843 0.034391 
0.066164 0.034337 
0.068413 0.030991 
0.067924 0.029286 
0.068559 0.027466 
0.069113 0.025665 
0.066937 0.022982 
0.066689 0.019019 
0.066179 0.017137 
0.064216 0.013413 
0.061256 0.008462 
0.059573 0.003960 
0.056111 -0.001213 
0.053268 -0.005797 
0.051475 -0.011514 
0.048726 -0.017220 
0.046650 -0.022344 
0.044002 -0.029118 
0.042237 -0.033592 
0.039615 -0.039805 
0.038197 -0.046630 
0.038298 -0.051560 
0.036622 -0.057190 
0.035456 -0.062048 
0.034874 -0.068498 
0.032529 -0.072858 
0.031028 -0.076576 
0.029238 -0.081532 
0.027051 -0.085167 
0.025605 -0.088393 
0.022507 -0.091217 
0.019970 -0.093142 
0.017229 -0.094385 
0.014183 -0.094355 
0.009811 -0.093361 
0.005488 -0.092559 
0.002139 -0.088251 
-0.002399 -0.084333 
-0.007549 -0.080243 
-0.012036 -0.073461 
-0.015879 -0.067475 
-0.021618 -0.060873 
-0.027246 -0.052845 
-0.033516 -0.043938 
-0.038327 -0.035970 
-0.043336 -0.027930 
-0.050245 -0.019480 
-0.055164 -0.010816 
-0.059996 -0.002406 
-0.065177 0.005983 
-0.071023 0.013965 
-0.074972 0.021826 
-0.079090 0.029255 
-0.083851 0.036653 
-0.086835 0.045123 
-0.089396 0.050504 
-0.091024 0.056622 
-0.091471 0.063098 
-0.090355 0.068464 
-0.089770 0.073511 
-0.089289 0.077268 
-0.086543 0.081010 
-0.083309 0.083713 
-0.080708 0.085614 
-0.075001 0.085907 
-0.068408 0.086851 
-0.062307 0.086833 
-0.054776 0.085342 
-0.047427 0.084282 
-0.039046 0.082674 
-0.030635 0.080654 
-0.021209 0.078133 
-0.011332 0.074333 
-0.002598 0.069777 
0.006742 0.067100 
0.015286 0.064210 
0.022741 0.060463 
0.031331 0.056743 
0.039207 0.053640 
0.045491 0.050541 
0.051851 0.047885 
0.057422 0.044570 
0.063508 0.040715 
0.068142 0.037633 
0.071958 0.034119 
0.075908 0.031030 
0.077977 0.025197 
0.080295 0.020360 
0.082551 0.015842 
0.084328 0.010352 
0.085651 0.005070 
0.086534 -0.001460 
0.086845 -0.006036 
0.086718 -0.012185 
0.084377 -0.018147 
0.081613 -0.022845 
0.080120 -0.028816 
0.076734 -0.034092 
0.073559 -0.038991 
0.068411 -0.045898 
0.063739 -0.051176 
0.061647 -0.055090 
0.057822 -0.061518 
0.053718 -0.066909 
0.048099 -0.071915 
0.043808 -0.075828 
0.040833 -0.080274 
0.036259 -0.085199 
0.032853 -0.088927 
0.030264 -0.092374 
0.026774 -0.093683 
0.023047 -0.095809 
0.020017 -0.097892 
0.015300 -0.098127 
0.011151 -0.098146 
0.007240 -0.096245 
0.002149 -0.092903 
-0.002132 -0.089377 
-0.007800 -0.085495 
-0.013995 -0.082066 
-0.020114 -0.075766 
-0.026194 -0.070208 
-0.032762 -0.065190 
-0.038112 -0.057105 
-0.043423 -0.050501 
-0.050539 -0.042001 
-0.056213 -0.034192 
-0.060232 -0.027533 
-0.063281 -0.019509 
-0.068276 -0.012688 
-0.072984 -0.005165 
-0.076668 0.002128 
-0.080822 0.009217 
-0.083734 0.016344 
-0.085297 0.023212 
-0.086779 0.029456 
-0.089267 0.035139 
-0.090335 0.041502 
-0.091024 0.047092 
-0.091862 0.050879 
-0.092276 0.054759 
-0.090513 0.058345 
-0.088580 0.060868 
-0.086836 0.063813 
-0.081674 0.065049 
-0.076964 0.065528 
-0.072093 0.067639 
-0.065813 0.067207 
-0.058536 0.065751 
-0.049984 0.065464 
-0.042185 0.064107 
-0.035557 0.063920 
-0.026795 0.062387 
-0.018422 0.059821 
-0.011683 0.058437 
-0.002528 0.056790 
0.005282 0.055300 
0.011572 0.053555 
0.017960 0.051674 
0.025439 0.049414 
0.031898 0.048553 
0.037379 0.047283 
0.043184 0.046534 
0.046580 0.045666 
0.051559 0.043061 
0.055718 0.042104 
0.058489 0.040342 
0.062322 0.038485 
0.065148 0.037001 
0.067129 0.035255 
0.067758 0.033511 
0.068747 0.031887 
0.068789 0.029106 
0.067988 0.026870 
0.067762 0.025416 
0.065449 0.020460 
0.063635 0.016950 
0.061994 0.014239 
0.059522 0.009372 
0.057568 0.004777 
0.055663 0.000989 
0.053944 -0.003719 
0.050684 -0.010029 
0.049387 -0.015602 
0.047446 -0.020500 
0.044779 -0.025814 
0.044129 -0.031795 
0.042015 -0.038325 
0.040662 -0.044366 
0.038209 -0.048954 
0.036578 -0.055052 
0.035165 -0.061044 
0.033958 -0.066607 
0.032824 -0.072547 
0.030516 -0.076818 
0.030043 -0.082196 
0.026946 -0.086368 
0.025512 -0.089351 
0.023997 -0.092337 
0.020344 -0.094376 
0.017794 -0.095703 
0.014226 -0.095733 
0.011325 -0.094605 
0.007527 -0.091621 
0.004280 -0.088453 
0.000123 -0.085013 
-0.006351 -0.080022 
-0.010517 -0.073770 
-0.015148 -0.068278 
-0.022029 -0.062189 
-0.027101 -0.054176 
-0.032757 -0.046983 
-0.038509 -0.038900 
-0.043094 -0.030169 
-0.049391 -0.022586 
-0.054860 -0.014923 
-0.060192 -0.005889 
-0.065323 0.003423 
-0.071023 0.011667 
-0.075710 0.018911 
-0.078391 0.026793 
-0.082978 0.035139 
-0.086541 0.041036 
-0.089343 0.048081 
-0.091456 0.055091 
-0.092155 0.060453 
-0.093471 0.066214 
-0.093670 0.070296 
-0.091844 0.074984 
-0.089554 0.078741 
-0.087237 0.081704 
-0.083532 0.084569 
-0.078316 0.084752 
-0.073063 0.085490 
-0.066411 0.086682 
-0.058601 0.085753 
-0.052012 0.084367 
-0.043405 0.082602 
-0.033883 0.079751 
-0.025747 0.078302 
-0.017063 0.074942 
-0.008107 0.070614 
0.001846 0.067999 
0.010694 0.064825 
0.018275 0.062840 
0.026931 0.060366 
0.035028 0.056579 
0.042097 0.053414 
0.047870 0.051784 
0.053334 0.048951 
0.059907 0.044861 
0.065130 0.040737 
0.069037 0.036693 
0.073518 0.033585 
0.077485 0.029051 
0.080829 0.024258 
0.083878 0.018924 
