0.018117 -0.031022 
0.017358 -0.027935 
0.014828 -0.023684 
0.012399 -0.020749 
0.009211 -0.014322 
0.006022 -0.008148 
0.003492 -0.003543 
-0.002024 0.002733 
-0.006326 0.008806 
-0.009261 0.014929 
-0.013613 0.020648 
-0.018674 0.026164 
-0.022217 0.031022 
-0.025000 0.036134 
-0.028593 0.040283 
-0.031984 0.043623 
-0.034565 0.047014 
-0.035931 0.049949 
-0.037045 0.052176 
-0.038259 0.052935 
-0.037804 0.053391 
-0.036791 0.053593 
-0.036538 0.053947 
-0.034261 0.052581 
-0.031377 0.050607 
-0.027783 0.048785 
-0.023583 0.046306 
-0.018978 0.043877 
-0.013259 0.041144 
-0.007794 0.038107 
-0.002227 0.034514 
0.003391 0.032287 
0.009868 0.028391 
0.014980 0.024899 
0.021053 0.022470 
0.028036 0.018117 
0.032642 0.015688 
0.038158 0.012196 
0.042206 0.009413 
0.045344 0.007945 
0.050101 0.004757 
0.052126 0.002480 
0.053036 0.001164 
0.056022 -0.000911 
0.056883 -0.003593 
0.055820 -0.005820 
0.055314 -0.007895 
0.055010 -0.008957 
0.053745 -0.010324 
0.050860 -0.011488 
0.046255 -0.012601 
0.043269 -0.014018 
0.041144 -0.014322 
0.037045 -0.015435 
0.034312 -0.016498 
0.029605 -0.018320 
0.025962 -0.018016 
0.023381 -0.018117 
0.018623 -0.020344 
0.015739 -0.020800 
0.012348 -0.024342 
0.008198 -0.025962 
0.004403 -0.026872 
0.002480 -0.030111 
-0.000304 -0.030972 
-0.002885 -0.032945 
-0.005111 -0.035374 
-0.007844 -0.036994 
-0.009514 -0.038360 
-0.011235 -0.038057 
-0.011690 -0.038866 
-0.014069 -0.039676 
-0.015030 -0.037500 
-0.015283 -0.035779 
-0.017561 -0.034261 
-0.019281 -0.032287 
-0.019281 -0.028239 
-0.019433 -0.023381 
-0.022368 -0.019737 
-0.023583 -0.013866 
-0.024038 -0.008907 
-0.024848 -0.004504 
-0.025506 0.001164 
-0.026721 0.006731 
-0.027783 0.010121 
-0.028998 0.013512 
-0.029858 0.017105 
-0.031022 0.018219 
-0.031832 0.019686 
-0.032743 0.019686 
-0.034919 0.019281 
-0.036437 0.016549 
-0.036791 0.013107 
-0.036943 0.010577 
-0.036589 0.006123 
-0.037449 0.001569 
-0.037702 -0.003796 
-0.036994 -0.007237 
-0.035678 -0.012247 
-0.033249 -0.017308 
-0.031579 -0.020901 
-0.028239 -0.024848 
-0.024089 -0.026771 
-0.019332 -0.029302 
-0.015182 -0.031225 
-0.010476 -0.031680 
-0.004656 -0.030567 
-0.000709 -0.030314 
0.004352 -0.028492 
0.008451 -0.025253 
0.012095 -0.023937 
0.015789 -0.020344 
0.017206 -0.016549 
0.018168 -0.011589 
0.019231 -0.006832 
0.018826 -0.005314 
0.017055 -0.001113 
0.016194 0.003745 
0.012500 0.006377 
0.006984 0.008553 
0.003441 0.011083 
-0.001518 0.013917 
-0.006275 0.013968 
-0.011893 0.015081 
-0.017055 0.016802 
-0.020040 0.017864 
-0.024798 0.019281 
-0.027480 0.018522 
-0.030061 0.020192 
-0.033502 0.021204 
-0.034008 0.021711 
-0.033300 0.024241 
-0.032439 0.023988 
-0.031022 0.024342 
-0.027986 0.026721 
-0.024393 0.027935 
-0.020395 0.029099 
-0.015992 0.030617 
-0.011741 0.030719 
-0.007034 0.030567 
-0.002176 0.029960 
0.001721 0.030213 
0.006377 0.029504 
0.010628 0.027632 
0.012399 0.027024 
0.015435 0.023887 
0.017864 0.020547 
0.019939 0.017510 
0.021356 0.014119 
0.021255 0.010577 
0.022014 0.005668 
0.022065 0.001215 
0.021761 -0.003846 
0.022217 -0.009160 
0.022217 -0.013512 
0.021154 -0.018725 
0.022115 -0.023381 
0.022014 -0.025759 
0.021154 -0.029858 
0.022368 -0.032996 
0.022571 -0.035324 
0.022621 -0.039119 
0.024190 -0.039626 
0.025354 -0.040182 
0.024949 -0.040941 
0.025354 -0.040081 
0.024393 -0.039929 
0.023583 -0.038057 
0.022925 -0.035374 
0.020597 -0.032034 
0.019231 -0.027176 
0.015992 -0.023229 
0.011893 -0.018725 
0.009008 -0.012500 
0.005769 -0.006528 
0.001670 -0.000557 
-0.002429 0.004909 
-0.006832 0.010577 
-0.011741 0.017814 
-0.015789 0.022672 
-0.019737 0.026316 
-0.024140 0.032642 
-0.028391 0.037196 
-0.031073 0.040435 
-0.033907 0.044332 
-0.036437 0.047115 
-0.036893 0.049342 
-0.038360 0.050557 
-0.039271 0.051316 
-0.038715 0.052530 
-0.037247 0.052379 
-0.034767 0.050911 
-0.032692 0.049696 
-0.029302 0.047723 
-0.024899 0.045344 
-0.020648 0.042966 
-0.015688 0.039626 
-0.010881 0.037753 
-0.005617 0.035223 
0.001366 0.031123 
0.007439 0.029302 
0.012449 0.025962 
0.018421 0.022621 
0.024798 0.020850 
0.031174 0.017662 
0.036032 0.015385 
0.040941 0.012449 
0.045698 0.009261 
0.048482 0.006528 
0.051265 0.004200 
0.054200 0.003036 
0.056377 -0.000051 
0.056630 -0.002530 
0.056377 -0.003796 
0.055567 -0.006022 
0.054403 -0.007237 
0.052429 -0.008755 
0.050860 -0.010374 
0.049393 -0.009970 
0.045800 -0.011235 
0.042915 -0.012601 
0.039069 -0.012753 
0.035172 -0.013917 
0.031377 -0.014474 
0.027935 -0.015789 
0.024140 -0.016953 
0.020142 -0.018320 
0.017966 -0.020850 
0.013310 -0.022115 
0.009767 -0.024038 
0.007743 -0.026872 
0.004960 -0.029960 
0.001872 -0.032591 
-0.000658 -0.034008 
-0.002480 -0.035729 
-0.004757 -0.037652 
-0.006630 -0.038816 
-0.009008 -0.040385 
-0.010172 -0.041498 
-0.010779 -0.041751 
-0.012095 -0.041093 
-0.013462 -0.039119 
-0.014474 -0.037551 
-0.015233 -0.034413 
-0.016852 -0.029808 
-0.018067 -0.025354 
-0.019130 -0.020800 
-0.020192 -0.015587 
-0.021002 -0.010324 
-0.022520 -0.005061 
-0.023735 0.001518 
-0.024899 0.005820 
-0.025658 0.009565 
-0.025354 0.013563 
-0.028289 0.015891 
-0.030263 0.018421 
-0.031022 0.019939 
-0.033350 0.019028 
-0.034565 0.017308 
-0.036437 0.015840 
-0.037702 0.013715 
-0.038259 0.010577 
-0.037905 0.006022 
-0.038715 0.001569 
-0.039170 -0.003543 
-0.037551 -0.007794 
-0.036184 -0.012298 
-0.033603 -0.017915 
-0.031377 -0.021407 
-0.027783 -0.026063 
-0.023381 -0.028543 
-0.019383 -0.029302 
-0.014980 -0.030921 
-0.009312 -0.031377 
-0.004150 -0.031225 
0.000354 -0.029808 
0.005567 -0.027885 
0.009615 -0.025759 
0.013512 -0.022976 
0.015385 -0.018775 
0.017713 -0.015385 
0.020395 -0.011336 
0.019737 -0.008047 
0.018472 -0.004706 
0.017460 -0.000860 
0.014980 0.001366 
0.011538 0.004403 
0.007186 0.006883 
0.002379 0.009565 
-0.002075 0.010223 
-0.007540 0.011741 
-0.012652 0.014221 
-0.018117 0.014929 
-0.022925 0.016144 
-0.026619 0.017055 
-0.029808 0.018674 
-0.031579 0.019686 
-0.033198 0.021609 
-0.034362 0.022874 
-0.034059 0.024089 
-0.031883 0.025253 
-0.030415 0.026265 
-0.028694 0.028188 
-0.025709 0.028694 
-0.021812 0.029858 
-0.017004 0.031073 
-0.011943 0.031427 
-0.007287 0.031022 
-0.004200 0.032287 
-0.000455 0.030972 
0.003340 0.029099 
0.007490 0.029352 
0.011285 0.026974 
0.014069 0.025000 
0.016093 0.022318 
0.017206 0.019484 
0.018877 0.014727 
0.020040 0.011032 
0.019939 0.007794 
0.020192 0.002834 
0.021103 -0.000911 
0.021255 -0.006883 
0.021862 -0.011538 
0.021559 -0.015486 
0.021862 -0.018927 
0.023330 -0.023279 
0.023077 -0.028138 
0.023381 -0.030314 
0.024696 -0.033856 
0.025354 -0.037045 
0.026366 -0.038968 
0.027227 -0.040789 
0.026113 -0.041447 
0.026771 -0.040739 
0.026468 -0.040081 
0.024241 -0.038563 
0.023583 -0.036032 
0.021913 -0.032591 
0.019231 -0.028036 
0.016650 -0.023532 
0.014069 -0.018826 
0.009514 -0.014474 
0.006275 -0.009059 
0.002935 -0.002682 
-0.001771 0.003644 
-0.005820 0.009413 
-0.010678 0.014777 
-0.015081 0.019787 
-0.018927 0.024798 
-0.022470 0.030516 
-0.027632 0.035071 
-0.031427 0.039170 
-0.033654 0.042915 
-0.036032 0.046053 
-0.037652 0.048988 
-0.038158 0.051063 
-0.038765 0.052024 
-0.039372 0.052176 
-0.037652 0.051619 
-0.036437 0.051063 
-0.033654 0.050051 
-0.030567 0.047824 
-0.026619 0.046204 
-0.022470 0.044028 
-0.018269 0.041144 
-0.012348 0.037905 
-0.007389 0.035020 
-0.000658 0.032540 
0.003694 0.029858 
0.009464 0.026974 
0.016346 0.023583 
0.021609 0.021964 
0.027530 0.018775 
0.032439 0.015536 
0.038310 0.013613 
0.041852 0.010881 
0.045091 0.008249 
0.048229 0.005263 
0.050709 0.003897 
0.052227 0.000962 
0.053745 -0.001872 
0.054757 -0.003138 
0.053897 -0.004656 
0.053998 -0.006326 
0.051518 -0.008047 
0.050152 -0.007591 
0.047976 -0.008856 
0.044889 -0.008401 
0.042966 -0.007540 
0.039322 -0.009818 
0.036893 -0.009868 
0.032439 -0.010982 
0.028391 -0.012146 
0.025557 -0.013512 
0.021660 -0.015638 
0.018826 -0.016447 
0.015992 -0.019484 
0.012753 -0.022217 
0.009059 -0.025051 
0.006123 -0.028694 
0.003694 -0.030415 
0.000962 -0.033907 
-0.000810 -0.036994 
-0.002885 -0.038512 
-0.004858 -0.040334 
-0.006326 -0.042055 
-0.008097 -0.042257 
-0.009767 -0.042055 
-0.010931 -0.043016 
-0.011791 -0.040334 
-0.013512 -0.037399 
-0.014170 -0.034413 
-0.014575 -0.030617 
-0.016700 -0.026366 
-0.017814 -0.019534 
-0.018472 -0.015486 
-0.019281 -0.010071 
-0.020142 -0.004656 
-0.021457 0.000709 
-0.022773 0.007085 
-0.022925 0.009767 
-0.023988 0.012804 
-0.026265 0.015789 
-0.028340 0.018320 
-0.030263 0.019281 
-0.031832 0.019130 
-0.034615 0.018117 
-0.036184 0.015992 
-0.037804 0.014069 
-0.038512 0.009868 
-0.038512 0.006073 
-0.039727 0.002885 
-0.039575 -0.003036 
-0.039119 -0.008401 
-0.037196 -0.012449 
-0.034970 -0.016397 
-0.031731 -0.019231 
-0.028391 -0.023634 
-0.024595 -0.027126 
-0.018725 -0.029302 
-0.014423 -0.030567 
-0.009261 -0.029504 
-0.004150 -0.030364 
0.000607 -0.030162 
0.005466 -0.027885 
0.009565 -0.024747 
0.013259 -0.021812 
0.015739 -0.019231 
0.017055 -0.016296 
0.018016 -0.013765 
0.019433 -0.010931 
0.018573 -0.007642 
0.016397 -0.003694 
0.014879 -0.001366 
0.011336 0.000658 
0.007642 0.003391 
0.003897 0.005870 
-0.002328 0.007490 
-0.007743 0.008249 
-0.012146 0.010374 
-0.016751 0.012146 
-0.020698 0.013411 
-0.024696 0.014828 
-0.028340 0.016852 
-0.031630 0.018269 
-0.031984 0.019686 
-0.032287 0.021761 
-0.032692 0.022115 
-0.031326 0.023178 
-0.030769 0.025405 
-0.027935 0.027024 
-0.025101 0.028998 
-0.022368 0.030162 
-0.017864 0.030972 
-0.013057 0.032085 
-0.008553 0.031832 
-0.005415 0.032591 
-0.000658 0.032996 
0.003846 0.031579 
0.006579 0.030567 
0.010172 0.028947 
0.011893 0.026974 
0.013057 0.023937 
0.016194 0.019585 
0.017156 0.016650 
0.018269 0.013765 
0.019180 0.008704 
0.018725 0.005415 
0.020648 0.000709 
0.020850 -0.005516 
0.021660 -0.009919 
0.023178 -0.015132 
0.023077 -0.019281 
0.024190 -0.023836 
0.025152 -0.028138 
0.026468 -0.031832 
0.027328 -0.035273 
0.028644 -0.037045 
0.029555 -0.039626 
0.029706 -0.040486 
0.029504 -0.040688 
0.028441 -0.042510 
0.028138 -0.041397 
0.027024 -0.039372 
0.026063 -0.037247 
0.024190 -0.034109 
0.021508 -0.031933 
0.018775 -0.027328 
0.015891 -0.022166 
0.012196 -0.016852 
0.007034 -0.011387 
0.003188 -0.006123 
-0.000557 0.000354 
-0.005061 0.005769 
-0.008907 0.011842 
-0.013613 0.016650 
-0.018877 0.021711 
-0.022824 0.027227 
-0.027075 0.032237 
-0.030516 0.036893 
-0.032642 0.040385 
-0.035729 0.043472 
-0.037753 0.045800 
-0.038411 0.047824 
-0.038512 0.048887 
-0.038512 0.051215 
-0.037804 0.051063 
-0.036589 0.049190 
-0.033755 0.048887 
-0.031022 0.047621 
-0.027935 0.045698 
-0.023684 0.043421 
-0.020749 0.040840 
-0.014322 0.038917 
-0.008148 0.037551 
-0.003543 0.033553 
0.002733 0.030820 
0.008806 0.028087 
0.014929 0.025152 
0.020648 0.022368 
0.026164 0.018320 
0.031022 0.016852 
0.036134 0.013613 
0.040283 0.010273 
0.043623 0.008148 
0.047014 0.005617 
0.049949 0.002834 
0.052176 0.001215 
0.052935 -0.000304 
0.053391 -0.002024 
0.053593 -0.003391 
0.053947 -0.005668 
0.052581 -0.006377 
0.050607 -0.006933 
0.048785 -0.006781 
0.046306 -0.008401 
0.043877 -0.009362 
0.041144 -0.009211 
0.038107 -0.010931 
0.034514 -0.011134 
0.032287 -0.011741 
0.028391 -0.013563 
0.024899 -0.015992 
0.022470 -0.017460 
0.018117 -0.020091 
0.015688 -0.022520 
0.012196 -0.024848 
0.009413 -0.029049 
0.007945 -0.031680 
0.004757 -0.034008 
0.002480 -0.036640 
0.001164 -0.038613 
-0.000911 -0.040536 
-0.003593 -0.042966 
-0.005820 -0.043370 
-0.007895 -0.042915 
-0.008957 -0.042004 
-0.010324 -0.039474 
-0.011488 -0.037298 
-0.012601 -0.034059 
-0.014018 -0.029605 
-0.014322 -0.025152 
-0.015435 -0.020648 
-0.016498 -0.015587 
-0.018320 -0.009565 
-0.018016 -0.003998 
-0.018117 0.000202 
-0.020344 0.005820 
-0.020800 0.010779 
-0.024342 0.013411 
-0.025962 0.016447 
-0.026872 0.018775 
-0.030111 0.019787 
-0.030972 0.020344 
-0.032945 0.018978 
-0.035374 0.016447 
-0.036994 0.013816 
-0.038360 0.009717 
-0.038057 0.006933 
-0.038866 0.002581 
-0.039676 -0.002783 
-0.037500 -0.007034 
-0.035779 -0.012095 
-0.034261 -0.016447 
-0.032287 -0.019939 
-0.028239 -0.022621 
-0.023381 -0.026619 
-0.019737 -0.028138 
-0.013866 -0.028543 
-0.008907 -0.028492 
-0.004504 -0.028846 
0.001164 -0.029605 
0.006731 -0.025911 
0.010121 -0.024848 
0.013512 -0.023077 
0.017105 -0.019737 
0.018219 -0.017510 
0.019686 -0.014119 
0.019686 -0.011488 
0.019281 -0.009717 
0.016549 -0.006984 
0.013107 -0.003694 
0.010577 -0.002379 
0.006123 0.000304 
0.001569 0.002783 
-0.003796 0.004302 
-0.007237 0.006225 
-0.012247 0.007540 
-0.017308 0.009109 
-0.020901 0.010628 
-0.024848 0.012146 
-0.026771 0.013917 
-0.029302 0.016447 
-0.031225 0.018168 
-0.031680 0.019787 
-0.030567 0.021761 
-0.030314 0.024038 
-0.028492 0.025709 
-0.025253 0.027379 
-0.023937 0.029504 
-0.020344 0.031275 
-0.016549 0.033300 
-0.011589 0.034109 
-0.006832 0.035020 
-0.005314 0.035374 
-0.001113 0.034970 
0.003745 0.033755 
0.006377 0.032237 
0.008553 0.031579 
0.011083 0.029302 
0.013917 0.026215 
0.013968 0.022925 
0.015081 0.019889 
0.016802 0.016194 
0.017864 0.011791 
0.019281 0.007895 
0.018522 0.003138 
0.020192 -0.001316 
0.021204 -0.007439 
0.021711 -0.013968 
0.024241 -0.017662 
0.023988 -0.022065 
0.024342 -0.026417 
0.026721 -0.031174 
0.027935 -0.035121 
0.029099 -0.037500 
0.030617 -0.040182 
0.030719 -0.040840 
0.030567 -0.042308 
0.029960 -0.043370 
0.030213 -0.041599 
0.029504 -0.039929 
0.027632 -0.038968 
0.027024 -0.036488 
0.023887 -0.032743 
0.020547 -0.028694 
0.017510 -0.023634 
0.014119 -0.019332 
0.010577 -0.013917 
0.005668 -0.008553 
0.001215 -0.002986 
-0.003846 0.003340 
-0.009160 0.008957 
-0.013512 0.014676 
-0.018725 0.020445 
-0.023381 0.025962 
-0.025759 0.030061 
-0.029858 0.034818 
-0.032996 0.038715 
-0.035324 0.041953 
-0.039119 0.044281 
-0.039626 0.045698 
-0.040182 0.047267 
-0.040941 0.047267 
-0.040081 0.048381 
-0.039929 0.048128 
-0.038057 0.047470 
-0.035374 0.046812 
-0.032034 0.044686 
-0.027176 0.043522 
-0.023229 0.042004 
-0.018725 0.040536 
-0.012500 0.038462 
-0.006528 0.035931 
-0.000557 0.033704 
0.004909 0.031022 
0.010577 0.028340 
0.017814 0.025101 
0.022672 0.022925 
0.026316 0.019838 
0.032642 0.015536 
0.037196 0.013512 
0.040435 0.010223 
0.044332 0.007439 
0.047115 0.005668 
0.049342 0.003543 
0.050557 0.002530 
0.051316 0.000354 
0.052530 -0.001164 
0.052379 -0.001974 
0.050911 -0.002530 
0.049696 -0.003492 
0.047723 -0.004403 
0.045344 -0.005010 
0.042966 -0.005567 
0.039626 -0.005466 
0.037753 -0.007389 
0.035223 -0.008654 
0.031123 -0.009565 
0.029302 -0.011488 
0.025962 -0.014069 
0.022621 -0.017308 
0.020850 -0.020749 
0.017662 -0.023279 
0.015385 -0.025962 
0.012449 -0.029757 
0.009261 -0.032439 
0.006528 -0.036134 
0.004200 -0.038816 
0.003036 -0.040638 
-0.000051 -0.042358 
-0.002530 -0.043320 
-0.003796 -0.044484 
-0.006022 -0.044636 
-0.007237 -0.043168 
-0.008755 -0.040334 
-0.010374 -0.037955 
-0.009970 -0.035020 
-0.011235 -0.031174 
-0.012601 -0.026215 
-0.012753 -0.020951 
-0.013917 -0.015891 
-0.014474 -0.010881 
-0.015789 -0.005516 
-0.016953 0.000253 
-0.018320 0.005010 
-0.020850 0.009059 
-0.022115 0.011994 
-0.024038 0.015840 
-0.026872 0.018320 
-0.029960 0.019383 
-0.032591 0.018623 
-0.034008 0.017409 
-0.035729 0.016043 
-0.037652 0.012753 
-0.038816 0.010476 
-0.040385 0.006073 
-0.041498 0.001316 
-0.041751 -0.003036 
-0.041093 -0.007692 
-0.039119 -0.012146 
-0.037551 -0.015739 
-0.034413 -0.019787 
-0.029808 -0.023026 
-0.025354 -0.023785 
-0.020800 -0.025962 
-0.015587 -0.026721 
-0.010324 -0.027480 
-0.005061 -0.027328 
0.001518 -0.027126 
0.005820 -0.026164 
0.009565 -0.023178 
0.013563 -0.021457 
0.015891 -0.018927 
0.018421 -0.018269 
0.019939 -0.015132 
0.019028 -0.011690 
0.017308 -0.010121 
0.015840 -0.006022 
0.013715 -0.003947 
0.010577 -0.002834 
0.006022 -0.000051 
0.001569 0.001974 
-0.003543 0.004504 
-0.007794 0.006427 
-0.012298 0.006326 
-0.017915 0.008097 
-0.021407 0.009413 
-0.026063 0.011134 
-0.028543 0.013360 
-0.029302 0.015030 
-0.030921 0.016903 
-0.031377 0.018522 
-0.031225 0.020901 
-0.029808 0.021761 
-0.027885 0.024545 
-0.025759 0.027429 
-0.022976 0.028391 
-0.018775 0.029150 
-0.015385 0.031022 
-0.011336 0.033198 
-0.008047 0.032338 
-0.004706 0.033451 
-0.000860 0.033502 
0.001366 0.032136 
0.004403 0.032591 
0.006883 0.031630 
0.009565 0.028897 
0.010223 0.026063 
0.011741 0.023077 
0.014221 0.019534 
0.014929 0.016043 
0.016144 0.011184 
0.017055 0.006680 
0.018674 0.001316 
0.019686 -0.004302 
0.021609 -0.008654 
0.022874 -0.014170 
0.024089 -0.018725 
0.025253 -0.023381 
0.026265 -0.027682 
0.028188 -0.031478 
0.028694 -0.035729 
0.029858 -0.038816 
0.031073 -0.041549 
0.031427 -0.043016 
0.031022 -0.043573 
0.032287 -0.044231 
0.030972 -0.043927 
0.029099 -0.042915 
0.029352 -0.041093 
0.026974 -0.038512 
0.025000 -0.035425 
0.022318 -0.031832 
0.019484 -0.027024 
0.014727 -0.021356 
0.011032 -0.016194 
0.007794 -0.010476 
0.002834 -0.004251 
-0.000911 0.002126 
-0.006883 0.008451 
-0.011538 0.014372 
-0.015486 0.019028 
-0.018927 0.023785 
-0.023279 0.030719 
-0.028138 0.034767 
-0.030314 0.037449 
-0.033856 0.041245 
-0.037045 0.043623 
-0.038968 0.045850 
-0.040789 0.046255 
-0.041447 0.047318 
-0.040739 0.048988 
-0.040081 0.048381 
-0.038563 0.048178 
-0.036032 0.047419 
-0.032591 0.045698 
-0.028036 0.044534 
-0.023532 0.042409 
-0.018826 0.039980 
-0.014474 0.038411 
-0.009059 0.035982 
-0.002682 0.033300 
0.003644 0.030668 
0.009413 0.027480 
0.014777 0.024494 
0.019787 0.021812 
0.024798 0.018725 
0.030516 0.015283 
0.035071 0.012348 
0.039170 0.010172 
0.042915 0.007237 
0.046053 0.005314 
0.048988 0.003593 
0.051063 0.000506 
0.052024 0.000000 
0.052176 -0.001468 
0.051619 -0.003391 
0.051063 -0.002682 
0.050051 -0.003036 
0.047824 -0.003441 
0.046204 -0.004352 
0.044028 -0.005870 
0.041144 -0.005364 
0.037905 -0.005314 
0.035020 -0.006781 
0.032540 -0.007692 
0.029858 -0.009970 
0.026974 -0.012196 
0.023583 -0.014828 
0.021964 -0.017966 
0.018775 -0.020395 
0.015536 -0.024696 
0.013613 -0.028239 
0.010881 -0.030921 
0.008249 -0.033553 
0.005263 -0.037702 
0.003897 -0.040435 
0.000962 -0.040941 
-0.001872 -0.042257 
-0.003138 -0.042611 
-0.004656 -0.043168 
-0.006326 -0.041245 
-0.008047 -0.039322 
-0.007591 -0.036842 
-0.008856 -0.032895 
-0.008401 -0.030415 
-0.007540 -0.024646 
-0.009818 -0.018320 
-0.009868 -0.013158 
-0.010982 -0.007844 
-0.012146 -0.002429 
-0.013512 0.002429 
-0.015638 0.007085 
-0.016447 0.010628 
-0.019484 0.013310 
-0.022217 0.017662 
-0.025051 0.019737 
-0.028694 0.020294 
-0.030415 0.020192 
-0.033907 0.018623 
-0.036994 0.015789 
-0.038512 0.011690 
-0.040334 0.007844 
-0.042055 0.004656 
-0.042257 0.000557 
-0.042055 -0.004757 
-0.043016 -0.008957 
-0.040334 -0.012804 
-0.037399 -0.016549 
-0.034413 -0.019686 
-0.030617 -0.022217 
-0.026366 -0.024949 
-0.019534 -0.026923 
-0.015486 -0.027075 
-0.010071 -0.028644 
-0.004656 -0.029706 
0.000709 -0.029099 
0.007085 -0.027783 
0.009767 -0.025911 
0.012804 -0.024545 
0.015789 -0.022723 
0.018320 -0.020547 
0.019281 -0.019079 
0.019130 -0.016397 
0.018117 -0.013057 
0.015992 -0.011437 
0.014069 -0.009160 
0.009868 -0.007389 
0.006073 -0.006073 
0.002885 -0.003846 
-0.003036 -0.002379 
-0.008401 -0.000810 
-0.012449 0.001974 
-0.016397 0.004049 
-0.019231 0.005617 
-0.023634 0.008957 
-0.027126 0.009615 
-0.029302 0.011791 
-0.030567 0.015789 
-0.029504 0.016650 
-0.030364 0.019838 
-0.030162 0.022419 
-0.027885 0.024038 
-0.024747 0.026417 
-0.021812 0.027834 
-0.019231 0.029960 
-0.016296 0.031326 
-0.013765 0.032389 
-0.010931 0.033654 
-0.007642 0.035425 
-0.003694 0.034818 
-0.001366 0.032692 
0.000658 0.033350 
0.003391 0.032743 
0.005870 0.030415 
0.007490 0.028391 
0.008249 0.025658 
0.010374 0.022318 
0.012146 0.018219 
0.013411 0.013968 
0.014828 0.009109 
0.016852 0.004150 
0.018269 -0.001063 
0.019686 -0.006731 
0.021761 -0.011589 
0.022115 -0.016751 
0.023178 -0.021356 
0.025405 -0.025962 
0.027024 -0.029757 
0.028998 -0.032794 
0.030162 -0.036893 
0.030972 -0.039372 
0.032085 -0.041447 
0.031832 -0.042611 
0.032591 -0.043168 
0.032996 -0.043168 
0.031579 -0.042206 
0.030567 -0.040638 
0.028947 -0.037804 
0.026974 -0.035881 
0.023937 -0.032540 
0.019585 -0.027986 
0.016650 -0.022065 
0.013765 -0.017460 
0.008704 -0.012449 
0.005415 -0.005870 
0.000709 -0.001366 
-0.005516 0.005516 
-0.009919 0.010273 
-0.015132 0.015385 
-0.019281 0.021154 
-0.023836 0.025000 
-0.028138 0.029858 
-0.031832 0.033097 
-0.035273 0.037804 
-0.037045 0.040030 
-0.039626 0.041802 
-0.040486 0.044180 
-0.040688 0.044636 
-0.042510 0.046002 
-0.041397 0.046407 
-0.039372 0.046913 
-0.037247 0.046103 
-0.034109 0.045648 
-0.031933 0.045496 
-0.027328 0.043826 
-0.022166 0.042156 
-0.016852 0.040283 
-0.011387 0.038006 
-0.006123 0.035223 
0.000354 0.032642 
0.005769 0.029960 
0.011842 0.026923 
0.016650 0.023229 
0.021711 0.020091 
0.027227 0.016498 
0.032237 0.013107 
0.036893 0.010982 
0.040385 0.007945 
0.043472 0.005719 
0.045800 0.004150 
0.047824 0.002227 
0.048887 0.000455 
0.051215 -0.000354 
0.051063 -0.001113 
0.049190 -0.001670 
0.048887 -0.000759 
0.047621 -0.000911 
0.045698 -0.001721 
0.043421 -0.002328 
0.040840 -0.002885 
0.038917 -0.002783 
0.037551 -0.003593 
0.033553 -0.005769 
0.030820 -0.008198 
0.028087 -0.010374 
0.025152 -0.012955 
0.022368 -0.015486 
0.018320 -0.018421 
0.016852 -0.022419 
0.013613 -0.025354 
0.010273 -0.029403 
0.008148 -0.032895 
0.005617 -0.035121 
0.002834 -0.038968 
0.001215 -0.040688 
-0.000304 -0.041700 
-0.002024 -0.042713 
-0.003391 -0.041903 
-0.005668 -0.040638 
-0.006377 -0.039372 
-0.006933 -0.036994 
-0.006781 -0.033451 
-0.008401 -0.029049 
-0.009362 -0.023634 
-0.009211 -0.019585 
-0.010931 -0.014372 
-0.011134 -0.008603 
-0.011741 -0.003441 
-0.013563 0.002227 
-0.015992 0.006528 
-0.017460 0.010172 
-0.020091 0.013411 
-0.022520 0.016043 
-0.024848 0.017611 
-0.029049 0.017004 
-0.031680 0.015688 
-0.034008 0.015132 
-0.036640 0.013411 
-0.038613 0.010577 
-0.040536 0.006933 
-0.042966 0.003087 
-0.043370 -0.001417 
-0.042915 -0.005769 
-0.042004 -0.009413 
-0.039474 -0.013715 
-0.037298 -0.016194 
-0.034059 -0.019636 
-0.029605 -0.023229 
-0.025152 -0.025860 
-0.020648 -0.026670 
-0.015587 -0.027126 
-0.009565 -0.029150 
-0.003998 -0.027834 
0.000202 -0.027834 
0.005820 -0.027075 
0.010779 -0.024949 
0.013411 -0.024443 
0.016447 -0.022267 
0.018775 -0.020800 
0.019787 -0.019383 
0.020344 -0.017105 
0.018978 -0.015385 
0.016447 -0.013866 
0.013816 -0.011437 
0.009717 -0.009109 
0.006933 -0.007591 
0.002581 -0.005617 
-0.002783 -0.003340 
-0.007034 -0.001265 
-0.012095 0.000709 
-0.016447 0.002682 
-0.019939 0.005111 
-0.022621 0.006781 
-0.026619 0.009312 
-0.028138 0.012196 
-0.028543 0.013462 
-0.028492 0.016903 
-0.028846 0.018826 
-0.029605 0.020294 
-0.025911 0.023482 
-0.024848 0.025051 
-0.023077 0.027783 
-0.019737 0.029302 
-0.017510 0.031984 
-0.014119 0.034109 
-0.011488 0.034565 
-0.009717 0.036235 
-0.006984 0.035223 
-0.003694 0.035425 
-0.002379 0.035476 
0.000304 0.033148 
0.002783 0.032338 
0.004302 0.029960 
0.006225 0.026215 
0.007540 0.023026 
0.009109 0.018927 
0.010628 0.015182 
0.012146 0.010628 
0.013917 0.006022 
0.016447 0.002126 
0.018168 -0.003998 
0.019787 -0.009413 
0.021761 -0.013462 
0.024038 -0.018826 
0.025709 -0.024848 
0.027379 -0.028998 
0.029504 -0.032389 
0.031275 -0.036235 
0.033300 -0.039676 
0.034109 -0.041953 
0.035020 -0.043826 
0.035374 -0.045496 
0.034970 -0.044534 
0.033755 -0.043573 
0.032237 -0.043320 
0.031579 -0.042055 
0.029302 -0.038411 
0.026215 -0.034109 
0.022925 -0.030870 
0.019889 -0.025911 
0.016194 -0.021457 
0.011791 -0.016296 
0.007895 -0.010324 
0.003138 -0.005364 
-0.001316 0.000455 
-0.007439 0.006174 
-0.013968 0.011538 
-0.017662 0.016751 
-0.022065 0.021356 
-0.026417 0.025506 
-0.031174 0.029757 
-0.035121 0.033401 
-0.037500 0.036083 
-0.040182 0.038765 
-0.040840 0.040486 
-0.042308 0.040536 
-0.043370 0.043725 
-0.041599 0.046053 
-0.039929 0.044838 
-0.038968 0.044889 
-0.036488 0.045294 
-0.032743 0.045395 
-0.028694 0.043067 
-0.023634 0.040941 
-0.019332 0.039575 
-0.013917 0.037500 
-0.008553 0.035881 
-0.002986 0.033603 
0.003340 0.030921 
0.008957 0.027126 
0.014676 0.024038 
0.020445 0.021457 
0.025962 0.018219 
0.030061 0.014777 
0.034818 0.013006 
0.038715 0.010779 
0.041953 0.007996 
0.044281 0.007338 
0.045698 0.005162 
0.047267 0.004099 
0.047267 0.004555 
0.048381 0.003796 
0.048128 0.003340 
0.047470 0.003340 
0.046812 0.002480 
0.044686 0.002429 
0.043522 0.002581 
0.042004 0.000962 
0.040536 -0.000152 
0.038462 -0.001771 
0.035931 -0.003441 
0.033704 -0.005870 
0.031022 -0.007844 
0.028340 -0.009818 
0.025101 -0.014372 
0.022925 -0.018269 
0.019838 -0.021812 
0.015536 -0.025607 
0.013512 -0.029605 
0.010223 -0.032136 
0.007439 -0.035121 
0.005668 -0.038917 
0.003543 -0.041194 
0.002530 -0.044028 
0.000354 -0.044838 
-0.001164 -0.042966 
-0.001974 -0.042308 
-0.002530 -0.041599 
-0.003492 -0.038310 
-0.004403 -0.033957 
-0.005010 -0.029960 
-0.005567 -0.025759 
-0.005466 -0.020091 
-0.007389 -0.013613 
-0.008654 -0.007743 
-0.009565 -0.002986 
-0.011488 0.001670 
-0.014069 0.006528 
-0.017308 0.010223 
-0.020749 0.014119 
-0.023279 0.015992 
-0.025962 0.016245 
-0.029757 0.017055 
-0.032439 0.016144 
-0.036134 0.014271 
-0.038816 0.012045 
-0.040638 0.009717 
-0.042358 0.007389 
-0.043320 0.003694 
-0.044484 -0.000557 
-0.044636 -0.005263 
-0.043168 -0.009767 
-0.040334 -0.012146 
-0.037955 -0.015739 
-0.035020 -0.019990 
-0.031174 -0.022368 
-0.026215 -0.024494 
-0.020951 -0.025607 
-0.015891 -0.025455 
-0.010881 -0.024899 
-0.005516 -0.026113 
0.000253 -0.025911 
0.005010 -0.024342 
0.009059 -0.023330 
0.011994 -0.021913 
0.015840 -0.021002 
0.018320 -0.019231 
0.019383 -0.018623 
0.018623 -0.016802 
0.017409 -0.014474 
0.016043 -0.013360 
0.012753 -0.010931 
0.010476 -0.009868 
0.006073 -0.008553 
0.001316 -0.006225 
-0.003036 -0.005213 
-0.007692 -0.003796 
-0.012146 -0.001872 
-0.015739 -0.000759 
-0.019787 0.001619 
-0.023026 0.004150 
-0.023785 0.006680 
-0.025962 0.008553 
-0.026721 0.009717 
-0.027480 0.013512 
-0.027328 0.015739 
-0.027126 0.018067 
-0.026164 0.021204 
-0.023178 0.023937 
-0.021457 0.026771 
-0.018927 0.028796 
-0.018269 0.031225 
-0.015132 0.032540 
-0.011690 0.034970 
-0.010121 0.036336 
-0.006022 0.037146 
-0.003947 0.038259 
-0.002834 0.036285 
-0.000051 0.035071 
0.001974 0.034413 
0.004504 0.032136 
0.006427 0.028694 
0.006326 0.025911 
0.008097 0.022065 
0.009413 0.017662 
0.011134 0.014119 
0.013360 0.008603 
0.015030 0.004049 
0.016903 -0.000759 
0.018522 -0.006528 
0.020901 -0.010779 
0.021761 -0.015789 
0.024545 -0.021154 
0.027429 -0.026113 
0.028391 -0.030415 
0.029150 -0.033755 
0.031022 -0.037905 
0.033198 -0.041650 
0.032338 -0.043421 
0.033451 -0.043016 
0.033502 -0.043269 
0.032136 -0.043978 
0.032591 -0.042966 
0.031630 -0.041245 
0.028897 -0.037702 
0.026063 -0.034514 
0.023077 -0.030567 
0.019534 -0.024899 
0.016043 -0.021559 
0.011184 -0.016599 
0.006680 -0.010830 
0.001316 -0.005769 
-0.004302 0.000557 
-0.008654 0.006123 
-0.014170 0.010982 
-0.018725 0.015486 
-0.023381 0.020294 
-0.027682 0.024342 
-0.031478 0.027480 
-0.035729 0.031275 
-0.038816 0.033755 
-0.041549 0.036589 
-0.043016 0.039727 
-0.043573 0.040688 
-0.044231 0.042864 
-0.043927 0.043775 
-0.042915 0.043623 
-0.041093 0.045395 
-0.038512 0.044889 
-0.035425 0.043370 
-0.031832 0.042206 
-0.027024 0.040992 
-0.021356 0.039879 
-0.016194 0.037753 
-0.010476 0.035476 
-0.004251 0.033047 
0.002126 0.029858 
0.008451 0.026417 
0.014372 0.024038 
0.019028 0.021306 
0.023785 0.018117 
0.030719 0.015587 
0.034767 0.013512 
0.037449 0.011336 
0.041245 0.009261 
0.043623 0.007895 
0.045850 0.007439 
0.046255 0.007692 
0.047318 0.006174 
0.048988 0.005415 
0.048381 0.006123 
0.048178 0.006225 
0.047419 0.006326 
0.045698 0.006022 
0.044534 0.005213 
0.042409 0.004302 
0.039980 0.002986 
0.038411 0.001215 
0.035982 0.000354 
0.033300 -0.002986 
0.030668 -0.005668 
0.027480 -0.008603 
0.024494 -0.014018 
0.021812 -0.016903 
0.018725 -0.021356 
0.015283 -0.025607 
0.012348 -0.029251 
0.010172 -0.033198 
0.007237 -0.037298 
0.005314 -0.041043 
0.003593 -0.042308 
0.000506 -0.044079 
0.000000 -0.045698 
-0.001468 -0.046204 
-0.003391 -0.044383 
-0.002682 -0.042611 
-0.003036 -0.039727 
-0.003441 -0.036893 
-0.004352 -0.032743 
-0.005870 -0.025860 
-0.005364 -0.022723 
-0.005314 -0.016194 
-0.006781 -0.009767 
-0.007692 -0.005719 
-0.009970 0.000000 
-0.012196 0.004504 
-0.014828 0.008451 
-0.017966 0.011134 
-0.020395 0.012854 
-0.024696 0.014474 
-0.028239 0.015435 
-0.030921 0.013917 
-0.033553 0.013715 
-0.037702 0.011690 
-0.040435 0.007642 
-0.040941 0.005921 
-0.042257 0.001569 
-0.042611 -0.002075 
-0.043168 -0.005466 
-0.041245 -0.009767 
-0.039322 -0.013107 
-0.036842 -0.016599 
-0.032895 -0.019636 
-0.030415 -0.022217 
-0.024646 -0.023887 
-0.018320 -0.025000 
-0.013158 -0.026468 
-0.007844 -0.026518 
-0.002429 -0.025911 
0.002429 -0.026721 
0.007085 -0.025759 
0.010628 -0.025101 
0.013310 -0.024190 
0.017662 -0.022470 
0.019737 -0.021407 
0.020294 -0.019636 
0.020192 -0.018725 
0.018623 -0.016802 
0.015789 -0.015081 
0.011690 -0.013613 
0.007844 -0.012551 
0.004656 -0.010830 
0.000557 -0.008856 
-0.004757 -0.008401 
-0.008957 -0.006528 
-0.012804 -0.004352 
-0.016549 -0.002733 
-0.019686 -0.000810 
-0.022217 0.002632 
-0.024949 0.004960 
-0.026923 0.006478 
-0.027075 0.008654 
-0.028644 0.011640 
-0.029706 0.014929 
-0.029099 0.017004 
-0.027783 0.020496 
-0.025911 0.023887 
-0.024545 0.026366 
-0.022723 0.028188 
-0.020547 0.030820 
-0.019079 0.033097 
-0.016397 0.034970 
-0.013057 0.036589 
-0.011437 0.036741 
-0.009160 0.037601 
-0.007389 0.036994 
-0.006073 0.036640 
-0.003846 0.035779 
-0.002379 0.034261 
-0.000810 0.032034 
0.001974 0.028239 
0.004049 0.025051 
0.005617 0.020142 
0.008957 0.015941 
0.009615 0.012247 
0.011791 0.005972 
0.015789 0.000506 
0.016650 -0.004656 
0.019838 -0.010830 
0.022419 -0.015385 
0.024038 -0.020749 
0.026417 -0.026518 
0.027834 -0.030769 
0.029960 -0.035121 
0.031326 -0.038310 
0.032389 -0.041194 
0.033654 -0.043522 
0.035425 -0.044130 
0.034818 -0.044383 
0.032692 -0.044484 
0.033350 -0.042915 
0.032743 -0.041852 
0.030415 -0.039575 
0.028391 -0.035324 
0.025658 -0.031832 
0.022318 -0.026619 
0.018219 -0.021862 
0.013968 -0.017915 
0.009109 -0.012652 
0.004150 -0.007287 
-0.001063 -0.002328 
-0.006731 0.002581 
-0.011589 0.007692 
-0.016751 0.012399 
-0.021356 0.016751 
-0.025962 0.021255 
-0.029757 0.025455 
-0.032794 0.029403 
-0.036893 0.033097 
-0.039372 0.035374 
-0.041447 0.037905 
-0.042611 0.040587 
-0.043168 0.043117 
-0.043168 0.044636 
-0.042206 0.044939 
-0.040638 0.046711 
-0.037804 0.046812 
-0.035881 0.045901 
-0.032540 0.046204 
-0.027986 0.044838 
-0.022065 0.042561 
-0.017460 0.040334 
-0.012449 0.037854 
-0.005870 0.035526 
-0.001366 0.033249 
0.005516 0.030668 
0.010273 0.027024 
0.015385 0.023279 
0.021154 0.020142 
0.025000 0.018117 
0.029858 0.016043 
0.033097 0.012601 
0.037804 0.011032 
0.040030 0.009464 
0.041802 0.008451 
0.044180 0.007591 
0.044636 0.006326 
0.046002 0.006883 
0.046407 0.006731 
0.046913 0.007287 
0.046103 0.006781 
0.045648 0.006275 
0.045496 0.006123 
0.043826 0.005466 
0.042156 0.005364 
0.040283 0.002480 
0.038006 0.000455 
0.035223 -0.002379 
0.032642 -0.005870 
0.029960 -0.008300 
0.026923 -0.012449 
0.023229 -0.015992 
0.020091 -0.020698 
0.016498 -0.025000 
0.013107 -0.028188 
0.010982 -0.032844 
0.007945 -0.035628 
0.005719 -0.038613 
0.004150 -0.041498 
0.002227 -0.043269 
0.000455 -0.044281 
-0.000354 -0.042864 
-0.001113 -0.041802 
-0.001670 -0.040182 
-0.000759 -0.037601 
-0.000911 -0.032945 
-0.001721 -0.027834 
-0.002328 -0.024949 
-0.002885 -0.019787 
-0.002783 -0.013462 
-0.003593 -0.007996 
-0.005769 -0.004099 
-0.008198 0.000911 
-0.010374 0.005668 
-0.012955 0.008148 
-0.015486 0.011387 
-0.018421 0.012399 
-0.022419 0.013158 
-0.025354 0.014069 
-0.029403 0.012702 
-0.032895 0.011741 
-0.035121 0.009666 
-0.038968 0.006731 
-0.040688 0.003998 
-0.041700 0.000506 
-0.042713 -0.002277 
-0.041903 -0.005921 
-0.040638 -0.009464 
-0.039372 -0.013563 
-0.036994 -0.017763 
-0.033451 -0.019281 
-0.029049 -0.022520 
-0.023634 -0.024291 
-0.019585 -0.024646 
-0.014372 -0.026316 
-0.008603 -0.026872 
-0.003441 -0.026518 
0.002227 -0.027834 
0.006528 -0.028441 
0.010172 -0.026417 
0.013411 -0.026164 
0.016043 -0.024899 
0.017611 -0.022976 
0.017004 -0.020951 
0.015688 -0.020192 
0.015132 -0.020344 
0.013411 -0.018168 
0.010577 -0.016549 
0.006933 -0.014372 
0.003087 -0.013006 
-0.001417 -0.011285 
-0.005769 -0.009919 
-0.009413 -0.009008 
-0.013715 -0.006478 
-0.016194 -0.005010 
-0.019636 -0.001670 
-0.023229 0.001670 
-0.025860 0.002480 
-0.026670 0.005364 
-0.027126 0.007895 
-0.029150 0.010931 
-0.027834 0.014524 
-0.027834 0.015435 
-0.027075 0.019534 
-0.024949 0.023229 
-0.024443 0.025962 
-0.022267 0.028694 
-0.020800 0.030719 
-0.019383 0.033856 
-0.017105 0.035982 
-0.015385 0.037905 
-0.013866 0.036943 
-0.011437 0.037955 
-0.009109 0.038765 
-0.007591 0.038259 
-0.005617 0.038158 
-0.003340 0.035374 
-0.001265 0.033502 
0.000709 0.030162 
0.002682 0.027379 
0.005111 0.023583 
0.006781 0.019079 
0.009312 0.015182 
0.012196 0.009615 
0.013462 0.002986 
0.016903 -0.002277 
0.018826 -0.007743 
0.020294 -0.015132 
0.023482 -0.018725 
0.025051 -0.023836 
0.027783 -0.030111 
0.029302 -0.033704 
0.031984 -0.037196 
