1.000000 0.000000
0.997987 0.063424
0.991955 0.126592
0.981929 0.189251
0.967949 0.251148
0.950071 0.312033
0.928368 0.371662
0.902927 0.429795
0.873849 0.486197
0.841254 0.540641
0.805270 0.592908
0.766044 0.642788
0.723734 0.690079
0.678509 0.734592
0.630553 0.776146
0.580057 0.814576
0.527225 0.849725
0.472271 0.881453
0.415415 0.909632
0.356886 0.934148
0.296920 0.954902
0.235759 0.971812
0.173648 0.984808
0.110838 0.993838
0.047582 0.998867
-0.015866 0.999874
-0.079250 0.996855
-0.142315 0.989821
-0.204807 0.978802
-0.266474 0.963842
-0.327068 0.945001
-0.386345 0.922354
-0.444067 0.895994
-0.500000 0.866025
-0.553920 0.832570
-0.605610 0.795762
-0.654861 0.755750
-0.701475 0.712694
-0.745264 0.666769
-0.786053 0.618159
-0.823677 0.567060
-0.857983 0.513677
-0.888835 0.458227
-0.916108 0.400931
-0.939693 0.342020
-0.959493 0.281733
-0.975430 0.220311
-0.987439 0.158001
-0.995472 0.095056
-0.999497 0.031728
-0.999497 -0.031728
-0.995472 -0.095056
-0.987439 -0.158001
-0.975430 -0.220311
-0.959493 -0.281733
-0.939693 -0.342020
-0.916108 -0.400931
-0.888835 -0.458227
-0.857983 -0.513677
-0.823677 -0.567060
-0.786053 -0.618159
-0.745264 -0.666769
-0.701475 -0.712694
-0.654861 -0.755750
-0.605610 -0.795762
-0.553920 -0.832570
-0.500000 -0.866025
-0.444067 -0.895994
-0.386345 -0.922354
-0.327068 -0.945001
-0.266474 -0.963842
-0.204807 -0.978802
-0.142315 -0.989821
-0.079250 -0.996855
-0.015866 -0.999874
0.047582 -0.998867
0.110838 -0.993838
0.173648 -0.984808
0.235759 -0.971812
0.296920 -0.954902
0.356886 -0.934148
0.415415 -0.909632
0.472271 -0.881453
0.527225 -0.849725
0.580057 -0.814576
0.630553 -0.776146
0.678509 -0.734592
0.723734 -0.690079
0.766044 -0.642788
0.805270 -0.592908
0.841254 -0.540641
0.873849 -0.486197
0.902927 -0.429795
0.928368 -0.371662
0.950071 -0.312033
0.967949 -0.251148
0.981929 -0.189251
0.991955 -0.126592
0.997987 -0.063424
1.000000 -0.000000
1.250000 0.000000
1.247533 0.078488
1.240143 0.156667
1.227859 0.234227
1.210729 0.310862
1.188821 0.386271
1.162221 0.460156
1.131034 0.532224
1.095383 0.602192
1.055410 0.669783
1.011271 0.734732
0.963142 0.796780
0.911211 0.855684
0.855684 0.911211
0.796780 0.963142
0.734732 1.011271
0.669783 1.055410
0.602192 1.095383
0.532224 1.131034
0.460156 1.162221
0.386271 1.188821
0.310862 1.210729
0.234227 1.227859
0.156667 1.240143
0.078488 1.247533
-0.000000 1.250000
-0.078488 1.247533
-0.156667 1.240143
-0.234227 1.227859
-0.310862 1.210729
-0.386271 1.188821
-0.460156 1.162221
-0.532224 1.131034
-0.602192 1.095383
-0.669783 1.055410
-0.734732 1.011271
-0.796780 0.963142
-0.855684 0.911211
-0.911211 0.855684
-0.963142 0.796780
-1.011271 0.734732
-1.055410 0.669783
-1.095383 0.602192
-1.131034 0.532224
-1.162221 0.460156
-1.188821 0.386271
-1.210729 0.310862
-1.227859 0.234227
-1.240143 0.156667
-1.247533 0.078488
-1.250000 -0.000000
-1.247533 -0.078488
-1.240143 -0.156667
-1.227859 -0.234227
-1.210729 -0.310862
-1.188821 -0.386271
-1.162221 -0.460156
-1.131034 -0.532224
-1.095383 -0.602192
-1.055410 -0.669783
-1.011271 -0.734732
-0.963142 -0.796780
-0.911211 -0.855684
-0.855684 -0.911211
-0.796780 -0.963142
-0.734732 -1.011271
-0.669783 -1.055410
-0.602192 -1.095383
-0.532224 -1.131034
-0.460156 -1.162221
-0.386271 -1.188821
-0.310862 -1.210729
-0.234227 -1.227859
-0.156667 -1.240143
-0.078488 -1.247533
-0.000000 -1.250000
0.078488 -1.247533
0.156667 -1.240143
0.234227 -1.227859
0.310862 -1.210729
0.386271 -1.188821
0.460156 -1.162221
0.532224 -1.131034
0.602192 -1.095383
0.669783 -1.055410
0.734732 -1.011271
0.796780 -0.963142
0.855684 -0.911211
0.911211 -0.855684
0.963142 -0.796780
1.011271 -0.734732
1.055410 -0.669783
1.095383 -0.602192
1.131034 -0.532224
1.162221 -0.460156
1.188821 -0.386271
1.210729 -0.310862
1.227859 -0.234227
1.240143 -0.156667
1.247533 -0.078488
1.250000 -0.000000
1.500000 0.000000
1.497155 0.092341
1.488631 0.184332
1.474460 0.275624
1.454695 0.365871
1.429413 0.454729
1.398708 0.541862
1.362698 0.626941
1.321518 0.709640
1.275326 0.789648
1.224295 0.866661
1.168621 0.940386
1.108513 1.010543
1.044201 1.076868
0.975927 1.139107
0.903952 1.197026
0.828547 1.250404
0.750000 1.299038
0.668608 1.342745
0.584679 1.381358
0.498532 1.414732
0.410494 1.442738
0.320900 1.465272
0.230087 1.482248
0.138403 1.493601
0.046193 1.499289
-0.046193 1.499289
-0.138403 1.493601
-0.230087 1.482248
-0.320900 1.465272
-0.410494 1.442738
-0.498532 1.414732
-0.584679 1.381358
-0.668608 1.342745
-0.750000 1.299038
-0.828547 1.250404
-0.903952 1.197026
-0.975927 1.139107
-1.044201 1.076868
-1.108513 1.010543
-1.168621 0.940386
-1.224295 0.866661
-1.275326 0.789648
-1.321518 0.709640
-1.362698 0.626941
-1.398708 0.541862
-1.429413 0.454729
-1.454695 0.365871
-1.474460 0.275624
-1.488631 0.184332
-1.497155 0.092341
-1.500000 0.000000
-1.497155 -0.092341
-1.488631 -0.184332
-1.474460 -0.275624
-1.454695 -0.365871
-1.429413 -0.454729
-1.398708 -0.541862
-1.362698 -0.626941
-1.321518 -0.709640
-1.275326 -0.789648
-1.224295 -0.866661
-1.168621 -0.940386
-1.108513 -1.010543
-1.044201 -1.076868
-0.975927 -1.139107
-0.903952 -1.197026
-0.828547 -1.250404
-0.750000 -1.299038
-0.668608 -1.342745
-0.584679 -1.381358
-0.498532 -1.414732
-0.410494 -1.442738
-0.320900 -1.465272
-0.230087 -1.482248
-0.138403 -1.493601
-0.046193 -1.499289
0.046193 -1.499289
0.138403 -1.493601
0.230087 -1.482248
0.320900 -1.465272
0.410494 -1.442738
0.498532 -1.414732
0.584679 -1.381358
0.668608 -1.342745
0.750000 -1.299038
0.828547 -1.250404
0.903952 -1.197026
0.975927 -1.139107
1.044201 -1.076868
1.108513 -1.010543
1.168621 -0.940386
1.224295 -0.866661
1.275326 -0.789648
1.321518 -0.709640
1.362698 -0.626941
1.398708 -0.541862
1.429413 -0.454729
1.454695 -0.365871
1.474460 -0.275624
1.488631 -0.184332
1.497155 -0.092341
1.500000 -0.000000
1.750000 0.000000
1.746745 0.106687
1.736992 0.212977
1.720777 0.318475
1.698161 0.422788
1.669227 0.525528
1.634084 0.626313
1.592862 0.724769
1.545715 0.820528
1.492817 0.913234
1.434366 1.002544
1.370579 1.088124
1.301693 1.169656
1.227965 1.246837
1.149669 1.319379
1.067096 1.387013
0.980553 1.449488
0.890363 1.506570
0.796860 1.558048
0.700393 1.603730
0.601321 1.643446
0.500011 1.677048
0.396842 1.704411
0.292196 1.725434
0.186463 1.740038
0.080037 1.748169
-0.026687 1.749796
-0.133312 1.744915
-0.239441 1.733542
-0.344679 1.715720
-0.448635 1.691516
-0.550922 1.661019
-0.651160 1.624343
-0.748975 1.581624
-0.844004 1.533022
-0.935894 1.478717
-1.024301 1.418911
-1.108898 1.353826
-1.189370 1.283705
-1.265418 1.208808
-1.336758 1.129415
-1.403125 1.045820
-1.464273 0.958335
-1.519973 0.867284
-1.570019 0.773008
-1.614224 0.675855
-1.652424 0.576189
-1.684478 0.474379
-1.710264 0.370804
-1.729689 0.265850
-1.742679 0.159906
-1.749186 0.053368
-1.749186 -0.053368
-1.742679 -0.159906
-1.729689 -0.265850
-1.710264 -0.370804
-1.684478 -0.474379
-1.652424 -0.576189
-1.614224 -0.675855
-1.570019 -0.773008
-1.519973 -0.867284
-1.464273 -0.958335
-1.403125 -1.045820
-1.336758 -1.129415
-1.265418 -1.208808
-1.189370 -1.283705
-1.108898 -1.353826
-1.024301 -1.418911
-0.935894 -1.478717
-0.844004 -1.533022
-0.748975 -1.581624
-0.651160 -1.624343
-0.550922 -1.661019
-0.448635 -1.691516
-0.344679 -1.715720
-0.239441 -1.733542
-0.133312 -1.744915
-0.026687 -1.749796
0.080037 -1.748169
0.186463 -1.740038
0.292196 -1.725434
0.396842 -1.704411
0.500011 -1.677048
0.601321 -1.643446
0.700393 -1.603730
0.796860 -1.558048
0.890363 -1.506570
0.980553 -1.449488
1.067096 -1.387013
1.149669 -1.319379
1.227965 -1.246837
1.301693 -1.169656
1.370579 -1.088124
1.434366 -1.002544
1.492817 -0.913234
1.545715 -0.820528
1.592862 -0.724769
1.634084 -0.626313
1.669227 -0.525528
1.698161 -0.422788
1.720777 -0.318475
1.736992 -0.212977
1.746745 -0.106687
1.750000 -0.000000
2.000000 0.000000
1.996420 0.119608
1.985694 0.238788
1.967859 0.357114
1.942980 0.474161
1.911146 0.589510
1.872470 0.702750
1.827091 0.813473
1.775172 0.921285
1.716898 1.025799
1.652478 1.126640
1.582142 1.223449
1.506143 1.315877
1.424752 1.403596
1.338261 1.486290
1.246980 1.563663
1.151234 1.635439
1.051368 1.701360
0.947737 1.761191
0.840714 1.814717
0.730682 1.861747
0.618034 1.902113
0.503174 1.935669
0.386512 1.962297
0.268467 1.981900
0.149460 1.994408
0.029919 1.999776
-0.089730 1.997986
-0.209057 1.989044
-0.327636 1.972981
-0.445042 1.949856
-0.560855 1.919750
-0.674660 1.882773
-0.786050 1.839056
-0.894626 1.788755
-1.000000 1.732051
-1.101794 1.669147
-1.199644 1.600267
-1.293199 1.525659
-1.382125 1.445590
-1.466104 1.360345
-1.544834 1.270232
-1.618034 1.175571
-1.685442 1.076701
-1.746816 0.973978
-1.801938 0.867767
-1.850609 0.758451
-1.892655 0.646419
-1.927926 0.532074
-1.956295 0.415823
-1.977662 0.298085
-1.991949 0.179279
-1.999105 0.059831
-1.999105 -0.059831
-1.991949 -0.179279
-1.977662 -0.298085
-1.956295 -0.415823
-1.927926 -0.532074
-1.892655 -0.646419
-1.850609 -0.758451
-1.801938 -0.867767
-1.746816 -0.973978
-1.685442 -1.076701
-1.618034 -1.175571
-1.544834 -1.270232
-1.466104 -1.360345
-1.382125 -1.445590
-1.293199 -1.525659
-1.199644 -1.600267
-1.101794 -1.669147
-1.000000 -1.732051
-0.894626 -1.788755
-0.786050 -1.839056
-0.674660 -1.882773
-0.560855 -1.919750
-0.445042 -1.949856
-0.327636 -1.972981
-0.209057 -1.989044
-0.089730 -1.997986
0.029919 -1.999776
0.149460 -1.994408
0.268467 -1.981900
0.386512 -1.962297
0.503174 -1.935669
0.618034 -1.902113
0.730682 -1.861747
0.840714 -1.814717
0.947737 -1.761191
1.051368 -1.701360
1.151234 -1.635439
1.246980 -1.563663
1.338261 -1.486290
1.424752 -1.403596
1.506143 -1.315877
1.582142 -1.223449
1.652478 -1.126640
1.716898 -1.025799
1.775172 -0.921285
1.827091 -0.813473
1.872470 -0.702750
1.911146 -0.589510
1.942980 -0.474161
1.967859 -0.357114
1.985694 -0.238788
1.996420 -0.119608
2.000000 -0.000000
2.250000 0.000000
2.246048 0.133291
2.234207 0.266115
2.214519 0.398003
2.187052 0.528494
2.151902 0.657128
2.109194 0.783454
2.059078 0.907028
2.001728 1.027416
1.937348 1.144195
1.866163 1.256955
1.788422 1.365300
1.704400 1.468850
1.614391 1.567240
1.518712 1.660125
1.417698 1.747179
1.311704 1.828095
1.201103 1.902591
1.086282 1.970404
0.967647 2.031295
0.845612 2.085052
0.720607 2.131484
0.593071 2.170430
0.463452 2.201752
0.332205 2.225340
0.199791 2.241112
0.066675 2.249012
-0.066675 2.249012
-0.199791 2.241112
-0.332205 2.225340
-0.463452 2.201752
-0.593071 2.170430
-0.720607 2.131484
-0.845612 2.085052
-0.967647 2.031295
-1.086282 1.970404
-1.201103 1.902591
-1.311704 1.828095
-1.417698 1.747179
-1.518712 1.660125
-1.614391 1.567240
-1.704400 1.468850
-1.788422 1.365300
-1.866163 1.256955
-1.937348 1.144195
-2.001728 1.027416
-2.059078 0.907028
-2.109194 0.783454
-2.151902 0.657128
-2.187052 0.528494
-2.214519 0.398003
-2.234207 0.266115
-2.246048 0.133291
-2.250000 0.000000
-2.246048 -0.133291
-2.234207 -0.266115
-2.214519 -0.398003
-2.187052 -0.528494
-2.151902 -0.657128
-2.109194 -0.783454
-2.059078 -0.907028
-2.001728 -1.027416
-1.937348 -1.144195
-1.866163 -1.256955
-1.788422 -1.365300
-1.704400 -1.468850
-1.614391 -1.567240
-1.518712 -1.660125
-1.417698 -1.747179
-1.311704 -1.828095
-1.201103 -1.902591
-1.086282 -1.970404
-0.967647 -2.031295
-0.845612 -2.085052
-0.720607 -2.131484
-0.593071 -2.170430
-0.463452 -2.201752
-0.332205 -2.225340
-0.199791 -2.241112
-0.066675 -2.249012
0.066675 -2.249012
0.199791 -2.241112
0.332205 -2.225340
0.463452 -2.201752
0.593071 -2.170430
0.720607 -2.131484
0.845612 -2.085052
0.967647 -2.031295
1.086282 -1.970404
1.201103 -1.902591
1.311704 -1.828095
1.417698 -1.747179
1.518712 -1.660125
1.614391 -1.567240
1.704400 -1.468850
1.788422 -1.365300
1.866163 -1.256955
1.937348 -1.144195
2.001728 -1.027416
2.059078 -0.907028
2.109194 -0.783454
2.151902 -0.657128
2.187052 -0.528494
2.214519 -0.398003
2.234207 -0.266115
2.246048 -0.133291
2.250000 -0.000000
2.500000 0.000000
2.495770 0.145362
2.483096 0.290232
2.462019 0.434120
2.432612 0.576540
2.394974 0.717008
2.349232 0.855050
2.295540 0.990199
2.234082 1.121998
2.165064 1.250000
2.088720 1.373772
2.005308 1.492896
1.915111 1.606969
1.818434 1.715604
1.715604 1.818434
1.606969 1.915111
1.492896 2.005308
1.373772 2.088720
1.250000 2.165064
1.121998 2.234082
0.990199 2.295540
0.855050 2.349232
0.717008 2.394974
0.576540 2.432612
0.434120 2.462019
0.290232 2.483096
0.145362 2.495770
0.000000 2.500000
-0.145362 2.495770
-0.290232 2.483096
-0.434120 2.462019
-0.576540 2.432612
-0.717008 2.394974
-0.855050 2.349232
-0.990199 2.295540
-1.121998 2.234082
-1.250000 2.165064
-1.373772 2.088720
-1.492896 2.005308
-1.606969 1.915111
-1.715604 1.818434
-1.818434 1.715604
-1.915111 1.606969
-2.005308 1.492896
-2.088720 1.373772
-2.165064 1.250000
-2.234082 1.121998
-2.295540 0.990199
-2.349232 0.855050
-2.394974 0.717008
-2.432612 0.576540
-2.462019 0.434120
-2.483096 0.290232
-2.495770 0.145362
-2.500000 0.000000
-2.495770 -0.145362
-2.483096 -0.290232
-2.462019 -0.434120
-2.432612 -0.576540
-2.394974 -0.717008
-2.349232 -0.855050
-2.295540 -0.990199
-2.234082 -1.121998
-2.165064 -1.250000
-2.088720 -1.373772
-2.005308 -1.492896
-1.915111 -1.606969
-1.818434 -1.715604
-1.715604 -1.818434
-1.606969 -1.915111
-1.492896 -2.005308
-1.373772 -2.088720
-1.250000 -2.165064
-1.121998 -2.234082
-0.990199 -2.295540
-0.855050 -2.349232
-0.717008 -2.394974
-0.576540 -2.432612
-0.434120 -2.462019
-0.290232 -2.483096
-0.145362 -2.495770
-0.000000 -2.500000
0.145362 -2.495770
0.290232 -2.483096
0.434120 -2.462019
0.576540 -2.432612
0.717008 -2.394974
0.855050 -2.349232
0.990199 -2.295540
1.121998 -2.234082
1.250000 -2.165064
1.373772 -2.088720
1.492896 -2.005308
1.606969 -1.915111
1.715604 -1.818434
1.818434 -1.715604
1.915111 -1.606969
2.005308 -1.492896
2.088720 -1.373772
2.165064 -1.250000
2.234082 -1.121998
2.295540 -0.990199
2.349232 -0.855050
2.394974 -0.717008
2.432612 -0.576540
2.462019 -0.434120
2.483096 -0.290232
2.495770 -0.145362
2.500000 -0.000000
2.750000 0.000000
2.745432 0.158433
2.731745 0.316340
2.708982 0.473195
2.677221 0.628479
2.636567 0.781675
2.587154 0.932275
2.529146 1.079778
2.462737 1.223693
2.388147 1.363544
2.305624 1.498865
2.215442 1.629207
2.117901 1.754137
2.013324 1.873240
1.902058 1.986120
1.784475 2.092403
1.660964 2.191735
1.531935 2.283786
1.397817 2.368250
1.259055 2.444848
1.116112 2.513323
0.969460 2.573450
0.819588 2.625029
0.666994 2.667887
0.512184 2.701882
0.355673 2.726902
0.197979 2.742864
0.039629 2.749714
-0.118854 2.747430
-0.276941 2.736020
-0.434109 2.715520
-0.589834 2.686000
-0.743600 2.647557
-0.894896 2.600319
-1.043219 2.544444
-1.188077 2.480116
-1.328988 2.407549
-1.465484 2.326984
-1.597112 2.238690
-1.723435 2.142959
-1.844033 2.040109
-1.958504 1.930482
-2.066470 1.814442
-2.167572 1.692375
-2.261473 1.564686
-2.347861 1.431799
-2.426450 1.294156
-2.496979 1.152214
-2.559213 1.006444
-2.612945 0.857331
-2.657998 0.705370
-2.694221 0.551066
-2.721494 0.394932
-2.739726 0.237485
-2.748858 0.079249
-2.748858 -0.079249
-2.739726 -0.237485
-2.721494 -0.394932
-2.694221 -0.551066
-2.657998 -0.705370
-2.612945 -0.857331
-2.559213 -1.006444
-2.496979 -1.152214
-2.426450 -1.294156
-2.347861 -1.431799
-2.261473 -1.564686
-2.167572 -1.692375
-2.066470 -1.814442
-1.958504 -1.930482
-1.844033 -2.040109
-1.723435 -2.142959
-1.597112 -2.238690
-1.465484 -2.326984
-1.328988 -2.407549
-1.188077 -2.480116
-1.043219 -2.544444
-0.894896 -2.600319
-0.743600 -2.647557
-0.589834 -2.686000
-0.434109 -2.715520
-0.276941 -2.736020
-0.118854 -2.747430
0.039629 -2.749714
0.197979 -2.742864
0.355673 -2.726902
0.512184 -2.701882
0.666994 -2.667887
0.819588 -2.625029
0.969460 -2.573450
1.116112 -2.513323
1.259055 -2.444848
1.397817 -2.368250
1.531935 -2.283786
1.660964 -2.191735
1.784475 -2.092403
1.902058 -1.986120
2.013324 -1.873240
2.117901 -1.754137
2.215442 -1.629207
2.305624 -1.498865
2.388147 -1.363544
2.462737 -1.223693
2.529146 -1.079778
2.587154 -0.932275
2.636567 -0.781675
2.677221 -0.628479
2.708982 -0.473195
2.731745 -0.316340
2.745432 -0.158433
2.750000 -0.000000
3.000000 0.000000
2.995195 0.169725
2.980796 0.338907
2.956848 0.507002
2.923428 0.673474
2.880644 0.837789
2.828632 0.999419
2.767560 1.157849
2.697622 1.312569
2.619042 1.463085
2.532073 1.608914
2.436994 1.749589
2.334107 1.884660
2.223744 2.013694
2.106258 2.136277
1.982024 2.252017
1.851442 2.360543
1.714928 2.461508
1.572922 2.554587
1.425877 2.639484
1.274264 2.715925
1.118569 2.783667
0.959292 2.842492
0.796941 2.892211
0.632038 2.932666
0.465110 2.963726
0.296692 2.985293
0.127324 2.997297
-0.042453 2.999700
-0.212093 2.992493
-0.381053 2.975701
-0.548794 2.949377
-0.714776 2.913605
-0.878468 2.868500
-1.039347 2.814206
-1.196896 2.750898
-1.350611 2.678778
-1.500000 2.598076
-1.644584 2.509052
-1.783900 2.411991
-1.917501 2.307204
-2.044960 2.195026
-2.165868 2.075817
-2.279839 1.949958
-2.386506 1.817853
-2.485529 1.679924
-2.576590 1.536615
-2.659397 1.388383
-2.733685 1.235704
-2.799217 1.079066
-2.855782 0.918972
-2.903199 0.755934
-2.941316 0.590475
-2.970011 0.423124
-2.989192 0.254418
-2.998799 0.084897
-2.998799 -0.084897
-2.989192 -0.254418
-2.970011 -0.423124
-2.941316 -0.590475
-2.903199 -0.755934
-2.855782 -0.918972
-2.799217 -1.079066
-2.733685 -1.235704
-2.659397 -1.388383
-2.576590 -1.536615
-2.485529 -1.679924
-2.386506 -1.817853
-2.279839 -1.949958
-2.165868 -2.075817
-2.044960 -2.195026
-1.917501 -2.307204
-1.783900 -2.411991
-1.644584 -2.509052
-1.500000 -2.598076
-1.350611 -2.678778
-1.196896 -2.750898
-1.039347 -2.814206
-0.878468 -2.868500
-0.714776 -2.913605
-0.548794 -2.949377
-0.381053 -2.975701
-0.212093 -2.992493
-0.042453 -2.999700
0.127324 -2.997297
0.296692 -2.985293
0.465110 -2.963726
0.632038 -2.932666
0.796941 -2.892211
0.959292 -2.842492
1.118569 -2.783667
1.274264 -2.715925
1.425877 -2.639484
1.572922 -2.554587
1.714928 -2.461508
1.851442 -2.360543
1.982024 -2.252017
2.106258 -2.136277
2.223744 -2.013694
2.334107 -1.884660
2.436994 -1.749589
2.532073 -1.608914
2.619042 -1.463085
2.697622 -1.312569
2.767560 -1.157849
2.828632 -0.999419
2.880644 -0.837789
2.923428 -0.673474
2.956848 -0.507002
2.980796 -0.338907
2.995195 -0.169725
3.000000 -0.000000
3.250000 0.000000
3.244977 0.180618
3.229924 0.360678
3.204888 0.539623
3.169946 0.716899
3.125205 0.891960
3.070805 1.064265
3.006913 1.233279
2.933726 1.398481
2.851472 1.559361
2.760404 1.715421
2.660804 1.866179
2.552979 2.011168
2.437263 2.149941
2.314014 2.282069
2.183612 2.407143
2.046461 2.524776
1.902985 2.634606
1.753626 2.736292
1.598847 2.829521
1.439126 2.914003
1.274957 2.989479
1.106847 3.055714
0.935316 3.112504
0.760894 3.159674
0.584120 3.197077
0.405540 3.224599
0.225707 3.242153
0.045176 3.249686
-0.135494 3.247174
-0.315746 3.234626
-0.495021 3.212079
-0.672767 3.179605
-0.848433 3.137302
-1.021476 3.085302
-1.191363 3.023765
-1.357566 2.952882
-1.519574 2.872872
-1.676885 2.783982
-1.829012 2.686487
-1.975486 2.580688
-2.115855 2.466913
-2.249683 2.345512
-2.376557 2.216862
-2.496086 2.081359
-2.607899 1.939423
-2.711652 1.791492
-2.807023 1.638024
-2.893717 1.479493
-2.971468 1.316389
-3.040033 1.149216
-3.099202 0.978491
-3.148792 0.804741
-3.188649 0.628504
-3.218650 0.450324
-3.238702 0.270752
-3.248744 0.090344
-3.248744 -0.090344
-3.238702 -0.270752
-3.218650 -0.450324
-3.188649 -0.628504
-3.148792 -0.804741
-3.099202 -0.978491
-3.040033 -1.149216
-2.971468 -1.316389
-2.893717 -1.479493
-2.807023 -1.638024
-2.711652 -1.791492
-2.607899 -1.939423
-2.496086 -2.081359
-2.376557 -2.216862
-2.249683 -2.345512
-2.115855 -2.466913
-1.975486 -2.580688
-1.829012 -2.686487
-1.676885 -2.783982
-1.519574 -2.872872
-1.357566 -2.952882
-1.191363 -3.023765
-1.021476 -3.085302
-0.848433 -3.137302
-0.672767 -3.179605
-0.495021 -3.212079
-0.315746 -3.234626
-0.135494 -3.247174
0.045176 -3.249686
0.225707 -3.242153
0.405540 -3.224599
0.584120 -3.197077
0.760894 -3.159674
0.935316 -3.112504
1.106847 -3.055714
1.274957 -2.989479
1.439126 -2.914003
1.598847 -2.829521
1.753626 -2.736292
1.902985 -2.634606
2.046461 -2.524776
2.183612 -2.407143
2.314014 -2.282069
2.437263 -2.149941
2.552979 -2.011168
2.660804 -1.866179
2.760404 -1.715421
2.851472 -1.559361
2.933726 -1.398481
3.006913 -1.233279
3.070805 -1.064265
3.125205 -0.891960
3.169946 -0.716899
3.204888 -0.539623
3.229924 -0.360678
3.244977 -0.180618
3.250000 -0.000000
3.500000 0.000000
3.494685 0.192807
3.478757 0.385029
3.452265 0.576081
3.415287 0.765384
3.367938 0.952362
3.310360 1.136448
3.242729 1.317083
3.165250 1.493718
3.078158 1.665816
2.981718 1.832855
2.876222 1.994328
2.761992 2.149744
2.639373 2.298632
2.508739 2.440539
2.370486 2.575034
2.225033 2.701708
2.072823 2.820178
1.914319 2.930083
1.750000 3.031089
1.580367 3.122890
1.405934 3.205207
1.227231 3.277789
1.044802 3.340418
0.859199 3.392901
0.670987 3.435080
0.480737 3.466827
0.289028 3.488046
0.096440 3.498671
-0.096440 3.498671
-0.289028 3.488046
-0.480737 3.466827
-0.670987 3.435080
-0.859199 3.392901
-1.044802 3.340418
-1.227231 3.277789
-1.405934 3.205207
-1.580367 3.122890
-1.750000 3.031089
-1.914319 2.930083
-2.072823 2.820178
-2.225033 2.701708
-2.370486 2.575034
-2.508739 2.440539
-2.639373 2.298632
-2.761992 2.149744
-2.876222 1.994328
-2.981718 1.832855
-3.078158 1.665816
-3.165250 1.493718
-3.242729 1.317083
-3.310360 1.136448
-3.367938 0.952362
-3.415287 0.765384
-3.452265 0.576081
-3.478757 0.385029
-3.494685 0.192807
-3.500000 0.000000
-3.494685 -0.192807
-3.478757 -0.385029
-3.452265 -0.576081
-3.415287 -0.765384
-3.367938 -0.952362
-3.310360 -1.136448
-3.242729 -1.317083
-3.165250 -1.493718
-3.078158 -1.665816
-2.981718 -1.832855
-2.876222 -1.994328
-2.761992 -2.149744
-2.639373 -2.298632
-2.508739 -2.440539
-2.370486 -2.575034
-2.225033 -2.701708
-2.072823 -2.820178
-1.914319 -2.930083
-1.750000 -3.031089
-1.580367 -3.122890
-1.405934 -3.205207
-1.227231 -3.277789
-1.044802 -3.340418
-0.859199 -3.392901
-0.670987 -3.435080
-0.480737 -3.466827
-0.289028 -3.488046
-0.096440 -3.498671
0.096440 -3.498671
0.289028 -3.488046
0.480737 -3.466827
0.670987 -3.435080
0.859199 -3.392901
1.044802 -3.340418
1.227231 -3.277789
1.405934 -3.205207
1.580367 -3.122890
1.750000 -3.031089
1.914319 -2.930083
2.072823 -2.820178
2.225033 -2.701708
2.370486 -2.575034
2.508739 -2.440539
2.639373 -2.298632
2.761992 -2.149744
2.876222 -1.994328
2.981718 -1.832855
3.078158 -1.665816
3.165250 -1.493718
3.242729 -1.317083
3.310360 -1.136448
3.367938 -0.952362
3.415287 -0.765384
3.452265 -0.576081
3.478757 -0.385029
3.494685 -0.192807
3.500000 -0.000000
3.750000 0.000000
3.744500 0.203021
3.728017 0.405446
3.700599 0.606682
3.662327 0.806139
3.613312 1.003231
3.553699 1.197381
3.483663 1.388018
3.403408 1.574584
3.313170 1.756532
3.213214 1.933327
3.103834 2.104451
2.985349 2.269403
2.858108 2.427699
2.722483 2.578873
2.578873 2.722483
2.427699 2.858108
2.269403 2.985349
2.104451 3.103834
1.933327 3.213214
1.756532 3.313170
1.574584 3.403408
1.388018 3.483663
1.197381 3.553699
1.003231 3.613312
0.806139 3.662327
0.606682 3.700599
0.405446 3.728017
0.203021 3.744500
0.000000 3.750000
-0.203021 3.744500
-0.405446 3.728017
-0.606682 3.700599
-0.806139 3.662327
-1.003231 3.613312
-1.197381 3.553699
-1.388018 3.483663
-1.574584 3.403408
-1.756532 3.313170
-1.933327 3.213214
-2.104451 3.103834
-2.269403 2.985349
-2.427699 2.858108
-2.578873 2.722483
-2.722483 2.578873
-2.858108 2.427699
-2.985349 2.269403
-3.103834 2.104451
-3.213214 1.933327
-3.313170 1.756532
-3.403408 1.574584
-3.483663 1.388018
-3.553699 1.197381
-3.613312 1.003231
-3.662327 0.806139
-3.700599 0.606682
-3.728017 0.405446
-3.744500 0.203021
-3.750000 0.000000
-3.744500 -0.203021
-3.728017 -0.405446
-3.700599 -0.606682
-3.662327 -0.806139
-3.613312 -1.003231
-3.553699 -1.197381
-3.483663 -1.388018
-3.403408 -1.574584
-3.313170 -1.756532
-3.213214 -1.933327
-3.103834 -2.104451
-2.985349 -2.269403
-2.858108 -2.427699
-2.722483 -2.578873
-2.578873 -2.722483
-2.427699 -2.858108
-2.269403 -2.985349
-2.104451 -3.103834
-1.933327 -3.213214
-1.756532 -3.313170
-1.574584 -3.403408
-1.388018 -3.483663
-1.197381 -3.553699
-1.003231 -3.613312
-0.806139 -3.662327
-0.606682 -3.700599
-0.405446 -3.728017
-0.203021 -3.744500
-0.000000 -3.750000
0.203021 -3.744500
0.405446 -3.728017
0.606682 -3.700599
0.806139 -3.662327
1.003231 -3.613312
1.197381 -3.553699
1.388018 -3.483663
1.574584 -3.403408
1.756532 -3.313170
1.933327 -3.213214
2.104451 -3.103834
2.269403 -2.985349
2.427699 -2.858108
2.578873 -2.722483
2.722483 -2.578873
2.858108 -2.427699
2.985349 -2.269403
3.103834 -2.104451
3.213214 -1.933327
3.313170 -1.756532
3.403408 -1.574584
3.483663 -1.388018
3.553699 -1.197381
3.613312 -1.003231
3.662327 -0.806139
3.700599 -0.606682
3.728017 -0.405446
3.744500 -0.203021
3.750000 -0.000000
4.000000 0.000000
3.994233 0.214707
3.976951 0.428794
3.948201 0.641645
3.908068 0.852646
3.856667 1.061189
3.794146 1.266672
3.720685 1.468503
3.636497 1.666100
3.541824 1.858893
3.436939 2.046326
3.322144 2.227859
3.197771 2.402969
3.064178 2.571150
2.921750 2.731919
2.770897 2.884810
2.612056 3.029383
2.445683 3.165223
2.272259 3.291935
2.092283 3.409157
1.906275 3.516549
1.714770 3.613802
1.518321 3.700635
1.317495 3.776798
1.112870 3.842072
0.905036 3.896269
0.694593 3.939231
0.482147 3.970835
0.268311 3.990991
0.053701 3.999640
-0.161064 3.996756
-0.375364 3.982349
-0.588582 3.956459
-0.800103 3.919163
-1.009317 3.870566
-1.215621 3.810809
-1.418420 3.740065
-1.617129 3.658537
-1.811175 3.566461
-2.000000 3.464102
-2.183058 3.351754
-2.359822 3.229743
-2.529782 3.098420
-2.692447 2.958163
-2.847350 2.809377
-2.994043 2.652491
-3.132103 2.487957
-3.261133 2.316249
-3.380760 2.137863
-3.490640 1.953313
-3.590455 1.763132
-3.679918 1.567866
-3.758770 1.368081
-3.826786 1.164350
-3.883767 0.957263
-3.929551 0.747415
-3.964005 0.535413
-3.987029 0.321866
-3.998558 0.107392
-3.998558 -0.107392
-3.987029 -0.321866
-3.964005 -0.535413
-3.929551 -0.747415
-3.883767 -0.957263
-3.826786 -1.164350
-3.758770 -1.368081
-3.679918 -1.567866
-3.590455 -1.763132
-3.490640 -1.953313
-3.380760 -2.137863
-3.261133 -2.316249
-3.132103 -2.487957
-2.994043 -2.652491
-2.847350 -2.809377
-2.692447 -2.958163
-2.529782 -3.098420
-2.359822 -3.229743
-2.183058 -3.351754
-2.000000 -3.464102
-1.811175 -3.566461
-1.617129 -3.658537
-1.418420 -3.740065
-1.215621 -3.810809
-1.009317 -3.870566
-0.800103 -3.919163
-0.588582 -3.956459
-0.375364 -3.982349
-0.161064 -3.996756
0.053701 -3.999640
0.268311 -3.990991
0.482147 -3.970835
0.694593 -3.939231
0.905036 -3.896269
1.112870 -3.842072
1.317495 -3.776798
1.518321 -3.700635
1.714770 -3.613802
1.906275 -3.516549
2.092283 -3.409157
2.272259 -3.291935
2.445683 -3.165223
2.612056 -3.029383
2.770897 -2.884810
2.921750 -2.731919
3.064178 -2.571150
3.197771 -2.402969
3.322144 -2.227859
3.436939 -2.046326
3.541824 -1.858893
3.636497 -1.666100
3.720685 -1.468503
3.794146 -1.266672
3.856667 -1.061189
3.908068 -0.852646
3.948201 -0.641645
3.976951 -0.428794
3.994233 -0.214707
4.000000 -0.000000
4.250000 0.000000
4.244077 0.224295
4.226325 0.447965
4.196794 0.670387
4.155566 0.890940
4.102755 1.109010
4.038509 1.323988
3.963007 1.535277
3.876459 1.742287
3.779107 1.944440
3.671222 2.141174
3.553105 2.331940
3.425084 2.516207
3.287518 2.693460
3.140788 2.863206
2.985304 3.024973
2.821500 3.178307
2.649832 3.322784
2.470778 3.457999
2.284837 3.583576
2.092529 3.699165
1.894388 3.804444
1.690967 3.899119
1.482833 3.982927
1.270566 4.055633
1.054758 4.117036
0.836010 4.166964
0.614932 4.205277
0.392141 4.231870
0.168256 4.246668
-0.056098 4.249630
-0.280296 4.240747
-0.503712 4.220044
-0.725724 4.187580
-0.945714 4.143444
-1.163068 4.087759
-1.377180 4.020681
-1.587453 3.942397
-1.793302 3.853124
-1.994153 3.753112
-2.189446 3.642640
-2.378636 3.522015
-2.561197 3.391573
-2.736619 3.251679
-2.904414 3.102721
-3.064114 2.945116
-3.215273 2.779302
-3.357471 2.605741
-3.490311 2.424918
-3.613423 2.237337
-3.726463 2.043519
-3.829118 1.844006
-3.921100 1.639353
-4.002153 1.430131
-4.072051 1.216923
-4.130600 1.000323
-4.177636 0.780935
-4.213028 0.559371
-4.236678 0.336247
-4.248519 0.112187
-4.248519 -0.112187
-4.236678 -0.336247
-4.213028 -0.559371
-4.177636 -0.780935
-4.130600 -1.000323
-4.072051 -1.216923
-4.002153 -1.430131
-3.921100 -1.639353
-3.829118 -1.844006
-3.726463 -2.043519
-3.613423 -2.237337
-3.490311 -2.424918
-3.357471 -2.605741
-3.215273 -2.779302
-3.064114 -2.945116
-2.904414 -3.102721
-2.736619 -3.251679
-2.561197 -3.391573
-2.378636 -3.522015
-2.189446 -3.642640
-1.994153 -3.753112
-1.793302 -3.853124
-1.587453 -3.942397
-1.377180 -4.020681
-1.163068 -4.087759
-0.945714 -4.143444
-0.725724 -4.187580
-0.503712 -4.220044
-0.280296 -4.240747
-0.056098 -4.249630
0.168256 -4.246668
0.392141 -4.231870
0.614932 -4.205277
0.836010 -4.166964
1.054758 -4.117036
1.270566 -4.055633
1.482833 -3.982927
1.690967 -3.899119
1.894388 -3.804444
2.092529 -3.699165
2.284837 -3.583576
2.470778 -3.457999
2.649832 -3.322784
2.821500 -3.178307
2.985304 -3.024973
3.140788 -2.863206
3.287518 -2.693460
3.425084 -2.516207
3.553105 -2.331940
3.671222 -2.141174
3.779107 -1.944440
3.876459 -1.742287
3.963007 -1.535277
4.038509 -1.323988
4.102755 -1.109010
4.155566 -0.890940
4.196794 -0.670387
4.226325 -0.447965
4.244077 -0.224295
4.250000 -0.000000
4.500000 0.000000
4.493833 0.235512
4.475349 0.470378
4.444598 0.703955
4.401664 0.935603
4.346666 1.164686
4.279754 1.390576
4.201112 1.612656
4.110955 1.830315
4.009529 2.042957
3.897114 2.250000
3.774018 2.450876
3.640576 2.645034
3.497157 2.831942
3.344152 3.011088
3.181981 3.181981
3.011088 3.344152
2.831942 3.497157
2.645034 3.640576
2.450876 3.774018
2.250000 3.897114
2.042957 4.009529
1.830315 4.110955
1.612656 4.201112
1.390576 4.279754
1.164686 4.346666
0.935603 4.401664
0.703955 4.444598
0.470378 4.475349
0.235512 4.493833
0.000000 4.500000
-0.235512 4.493833
-0.470378 4.475349
-0.703955 4.444598
-0.935603 4.401664
-1.164686 4.346666
-1.390576 4.279754
-1.612656 4.201112
-1.830315 4.110955
-2.042957 4.009529
-2.250000 3.897114
-2.450876 3.774018
-2.645034 3.640576
-2.831942 3.497157
-3.011088 3.344152
-3.181981 3.181981
-3.344152 3.011088
-3.497157 2.831942
-3.640576 2.645034
-3.774018 2.450876
-3.897114 2.250000
-4.009529 2.042957
-4.110955 1.830315
-4.201112 1.612656
-4.279754 1.390576
-4.346666 1.164686
-4.401664 0.935603
-4.444598 0.703955
-4.475349 0.470378
-4.493833 0.235512
-4.500000 0.000000
-4.493833 -0.235512
-4.475349 -0.470378
-4.444598 -0.703955
-4.401664 -0.935603
-4.346666 -1.164686
-4.279754 -1.390576
-4.201112 -1.612656
-4.110955 -1.830315
-4.009529 -2.042957
-3.897114 -2.250000
-3.774018 -2.450876
-3.640576 -2.645034
-3.497157 -2.831942
-3.344152 -3.011088
-3.181981 -3.181981
-3.011088 -3.344152
-2.831942 -3.497157
-2.645034 -3.640576
-2.450876 -3.774018
-2.250000 -3.897114
-2.042957 -4.009529
-1.830315 -4.110955
-1.612656 -4.201112
-1.390576 -4.279754
-1.164686 -4.346666
-0.935603 -4.401664
-0.703955 -4.444598
-0.470378 -4.475349
-0.235512 -4.493833
-0.000000 -4.500000
0.235512 -4.493833
0.470378 -4.475349
0.703955 -4.444598
0.935603 -4.401664
1.164686 -4.346666
1.390576 -4.279754
1.612656 -4.201112
1.830315 -4.110955
2.042957 -4.009529
2.250000 -3.897114
2.450876 -3.774018
2.645034 -3.640576
2.831942 -3.497157
3.011088 -3.344152
3.181981 -3.181981
3.344152 -3.011088
3.497157 -2.831942
3.640576 -2.645034
3.774018 -2.450876
3.897114 -2.250000
4.009529 -2.042957
4.110955 -1.830315
4.201112 -1.612656
4.279754 -1.390576
4.346666 -1.164686
4.401664 -0.935603
4.444598 -0.703955
4.475349 -0.470378
4.493833 -0.235512
4.500000 -0.000000
4.750000 0.000000
4.743702 0.244524
4.724824 0.488400
4.693418 0.730980
4.649565 0.971622
4.593382 1.209688
4.525018 1.444545
4.444655 1.675572
4.352505 1.902156
4.248814 2.123696
4.133855 2.339603
4.007934 2.549307
3.871385 2.752250
3.724569 2.947895
3.567877 3.135723
3.401723 3.315235
3.226548 3.485955
3.042818 3.647432
2.851018 3.799236
2.651658 3.940966
2.445266 4.072244
2.232390 4.192724
2.013593 4.302086
1.789457 4.400039
1.560576 4.486324
1.327557 4.560712
1.091017 4.623006
0.851584 4.673040
0.609892 4.710683
0.366583 4.735833
0.122303 4.748425
-0.122303 4.748425
-0.366583 4.735833
-0.609892 4.710683
-0.851584 4.673040
-1.091017 4.623006
-1.327557 4.560712
-1.560576 4.486324
-1.789457 4.400039
-2.013593 4.302086
-2.232390 4.192724
-2.445266 4.072244
-2.651658 3.940966
-2.851018 3.799236
-3.042818 3.647432
-3.226548 3.485955
-3.401723 3.315235
-3.567877 3.135723
-3.724569 2.947895
-3.871385 2.752250
-4.007934 2.549307
-4.133855 2.339603
-4.248814 2.123696
-4.352505 1.902156
-4.444655 1.675572
-4.525018 1.444545
-4.593382 1.209688
-4.649565 0.971622
-4.693418 0.730980
-4.724824 0.488400
-4.743702 0.244524
-4.750000 0.000000
-4.743702 -0.244524
-4.724824 -0.488400
-4.693418 -0.730980
-4.649565 -0.971622
-4.593382 -1.209688
-4.525018 -1.444545
-4.444655 -1.675572
-4.352505 -1.902156
-4.248814 -2.123696
-4.133855 -2.339603
-4.007934 -2.549307
-3.871385 -2.752250
-3.724569 -2.947895
-3.567877 -3.135723
-3.401723 -3.315235
-3.226548 -3.485955
-3.042818 -3.647432
-2.851018 -3.799236
-2.651658 -3.940966
-2.445266 -4.072244
-2.232390 -4.192724
-2.013593 -4.302086
-1.789457 -4.400039
-1.560576 -4.486324
-1.327557 -4.560712
-1.091017 -4.623006
-0.851584 -4.673040
-0.609892 -4.710683
-0.366583 -4.735833
-0.122303 -4.748425
0.122303 -4.748425
0.366583 -4.735833
0.609892 -4.710683
0.851584 -4.673040
1.091017 -4.623006
1.327557 -4.560712
1.560576 -4.486324
1.789457 -4.400039
2.013593 -4.302086
2.232390 -4.192724
2.445266 -4.072244
2.651658 -3.940966
2.851018 -3.799236
3.042818 -3.647432
3.226548 -3.485955
3.401723 -3.315235
3.567877 -3.135723
3.724569 -2.947895
3.871385 -2.752250
4.007934 -2.549307
4.133855 -2.339603
4.248814 -2.123696
4.352505 -1.902156
4.444655 -1.675572
4.525018 -1.444545
4.593382 -1.209688
4.649565 -0.971622
4.693418 -0.730980
4.724824 -0.488400
4.743702 -0.244524
4.750000 -0.000000
5.000000 0.000000
4.993583 0.253246
4.974347 0.505842
4.942342 0.757139
4.897650 1.006493
4.840386 1.253263
4.770696 1.496816
4.688761 1.736526
4.594789 1.971779
4.489023 2.201971
4.371733 2.426510
4.243221 2.644820
4.103817 2.856341
3.953879 3.060530
3.793791 3.256862
3.623964 3.444835
3.444835 3.623964
3.256862 3.793791
3.060530 3.953879
2.856341 4.103817
2.644820 4.243221
2.426510 4.371733
2.201971 4.489023
1.971779 4.594789
1.736526 4.688761
1.496816 4.770696
1.253263 4.840386
1.006493 4.897650
0.757139 4.942342
0.505842 4.974347
0.253246 4.993583
0.000000 5.000000
-0.253246 4.993583
-0.505842 4.974347
-0.757139 4.942342
-1.006493 4.897650
-1.253263 4.840386
-1.496816 4.770696
-1.736526 4.688761
-1.971779 4.594789
-2.201971 4.489023
-2.426510 4.371733
-2.644820 4.243221
-2.856341 4.103817
-3.060530 3.953879
-3.256862 3.793791
-3.444835 3.623964
-3.623964 3.444835
-3.793791 3.256862
-3.953879 3.060530
-4.103817 2.856341
-4.243221 2.644820
-4.371733 2.426510
-4.489023 2.201971
-4.594789 1.971779
-4.688761 1.736526
-4.770696 1.496816
-4.840386 1.253263
-4.897650 1.006493
-4.942342 0.757139
-4.974347 0.505842
-4.993583 0.253246
-5.000000 0.000000
-4.993583 -0.253246
-4.974347 -0.505842
-4.942342 -0.757139
-4.897650 -1.006493
-4.840386 -1.253263
-4.770696 -1.496816
-4.688761 -1.736526
-4.594789 -1.971779
-4.489023 -2.201971
-4.371733 -2.426510
-4.243221 -2.644820
-4.103817 -2.856341
-3.953879 -3.060530
-3.793791 -3.256862
-3.623964 -3.444835
-3.444835 -3.623964
-3.256862 -3.793791
-3.060530 -3.953879
-2.856341 -4.103817
-2.644820 -4.243221
-2.426510 -4.371733
-2.201971 -4.489023
-1.971779 -4.594789
-1.736526 -4.688761
-1.496816 -4.770696
-1.253263 -4.840386
-1.006493 -4.897650
-0.757139 -4.942342
-0.505842 -4.974347
-0.253246 -4.993583
-0.000000 -5.000000
0.253246 -4.993583
0.505842 -4.974347
0.757139 -4.942342
1.006493 -4.897650
1.253263 -4.840386
1.496816 -4.770696
1.736526 -4.688761
1.971779 -4.594789
2.201971 -4.489023
2.426510 -4.371733
2.644820 -4.243221
2.856341 -4.103817
3.060530 -3.953879
3.256862 -3.793791
3.444835 -3.623964
3.623964 -3.444835
3.793791 -3.256862
3.953879 -3.060530
4.103817 -2.856341
4.243221 -2.644820
4.371733 -2.426510
4.489023 -2.201971
4.594789 -1.971779
4.688761 -1.736526
4.770696 -1.496816
4.840386 -1.253263
4.897650 -1.006493
4.942342 -0.757139
4.974347 -0.505842
4.993583 -0.253246
5.000000 -0.000000
5.250000 0.000000
5.243369 0.263783
5.223493 0.526899
5.190422 0.788684
5.144239 1.048477
5.085062 1.305622
5.013039 1.559468
4.928353 1.809375
4.831217 2.054712
4.721878 2.294858
4.600610 2.529207
4.467721 2.757167
4.323546 2.978162
4.168450 3.191634
4.002823 3.397044
3.827085 3.593872
3.641680 3.781622
3.447075 3.959820
3.243763 4.128014
3.032257 4.285781
2.813091 4.432722
2.586819 4.568465
2.354012 4.692667
2.115259 4.805016
1.871162 4.905227
1.622339 4.993047
1.369418 5.068254
1.113037 5.130658
0.853845 5.180101
0.592496 5.216459
0.329650 5.239640
0.065972 5.249585
-0.197873 5.246270
-0.461219 5.229701
-0.723399 5.199922
-0.983752 5.157008
-1.241620 5.101067
-1.496351 5.032239
-1.747303 4.950700
-1.993840 4.856655
-2.235341 4.750342
-2.471196 4.632029
-2.700808 4.502015
-2.923597 4.360628
-3.139001 4.208227
-3.346476 4.045195
-3.545497 3.871944
-3.735562 3.688912
-3.916191 3.496562
-4.086927 3.295380
-4.247339 3.085873
-4.397022 2.868570
-4.535598 2.644022
-4.662716 2.412794
-4.778056 2.175472
-4.881327 1.932654
-4.972266 1.684954
-5.050645 1.432998
-5.116266 1.177421
-5.168963 0.918871
-5.208602 0.657999
-5.235084 0.395466
-5.248342 0.131933
-5.248342 -0.131933
-5.235084 -0.395466
-5.208602 -0.657999
-5.168963 -0.918871
-5.116266 -1.177421
-5.050645 -1.432998
-4.972266 -1.684954
-4.881327 -1.932654
-4.778056 -2.175472
-4.662716 -2.412794
-4.535598 -2.644022
-4.397022 -2.868570
-4.247339 -3.085873
-4.086927 -3.295380
-3.916191 -3.496562
-3.735562 -3.688912
-3.545497 -3.871944
-3.346476 -4.045195
-3.139001 -4.208227
-2.923597 -4.360628
-2.700808 -4.502015
-2.471196 -4.632029
-2.235341 -4.750342
-1.993840 -4.856655
-1.747303 -4.950700
-1.496351 -5.032239
-1.241620 -5.101067
-0.983752 -5.157008
-0.723399 -5.199922
-0.461219 -5.229701
-0.197873 -5.246270
0.065972 -5.249585
0.329650 -5.239640
0.592496 -5.216459
0.853845 -5.180101
1.113037 -5.130658
1.369418 -5.068254
1.622339 -4.993047
1.871162 -4.905227
2.115259 -4.805016
2.354012 -4.692667
2.586819 -4.568465
2.813091 -4.432722
3.032257 -4.285781
3.243763 -4.128014
3.447075 -3.959820
3.641680 -3.781622
3.827085 -3.593872
4.002823 -3.397044
4.168450 -3.191634
4.323546 -2.978162
4.467721 -2.757167
4.600610 -2.529207
4.721878 -2.294858
4.831217 -2.054712
4.928353 -1.809375
5.013039 -1.559468
5.085062 -1.305622
5.144239 -1.048477
5.190422 -0.788684
5.223493 -0.526899
5.243369 -0.263783
5.250000 -0.000000
5.500000 0.000000
5.493270 0.271995
5.473098 0.543325
5.439531 0.813326
5.392654 1.081335
5.332579 1.346699
5.259455 1.608767
5.173460 1.866898
5.074805 2.120461
4.963731 2.368834
4.840510 2.611411
4.705443 2.847597
4.558861 3.076814
4.401123 3.298502
4.232615 3.512118
4.053748 3.717139
3.864962 3.913064
3.666717 4.099413
3.459500 4.275729
3.243816 4.441583
3.020194 4.596567
2.789181 4.740303
2.551343 4.872438
2.307261 4.992649
2.057533 5.100643
1.802769 5.196155
1.543594 5.278950
1.280642 5.348828
1.014556 5.405615
0.745986 5.449175
0.475592 5.479399
0.204033 5.496214
-0.068025 5.499579
-0.339916 5.489486
-0.610976 5.465959
-0.880540 5.429056
-1.147950 5.378867
-1.412550 5.315515
-1.673694 5.239155
-1.930742 5.149974
-2.183065 5.048191
-2.430045 4.934053
-2.671079 4.807841
-2.905577 4.669863
-3.132963 4.520458
-3.352684 4.359990
-3.564199 4.188853
-3.766992 4.007464
-3.960567 3.816269
-4.144450 3.615735
-4.318190 3.406352
-4.481363 3.188634
-4.633570 2.963112
-4.774437 2.730339
-4.903620 2.490885
-5.020804 2.245335
-5.125701 1.994290
-5.218054 1.738365
-5.297638 1.478185
-5.364258 1.214389
-5.417750 0.947620
-5.457984 0.678533
-5.484862 0.407785
-5.498317 0.136039
-5.498317 -0.136039
-5.484862 -0.407785
-5.457984 -0.678533
-5.417750 -0.947620
-5.364258 -1.214389
-5.297638 -1.478185
-5.218054 -1.738365
-5.125701 -1.994290
-5.020804 -2.245335
-4.903620 -2.490885
-4.774437 -2.730339
-4.633570 -2.963112
-4.481363 -3.188634
-4.318190 -3.406352
-4.144450 -3.615735
-3.960567 -3.816269
-3.766992 -4.007464
-3.564199 -4.188853
-3.352684 -4.359990
-3.132963 -4.520458
-2.905577 -4.669863
-2.671079 -4.807841
-2.430045 -4.934053
-2.183065 -5.048191
-1.930742 -5.149974
-1.673694 -5.239155
-1.412550 -5.315515
-1.147950 -5.378867
-0.880540 -5.429056
-0.610976 -5.465959
-0.339916 -5.489486
-0.068025 -5.499579
0.204033 -5.496214
0.475592 -5.479399
0.745986 -5.449175
1.014556 -5.405615
1.280642 -5.348828
1.543594 -5.278950
1.802769 -5.196155
2.057533 -5.100643
2.307261 -4.992649
2.551343 -4.872438
2.789181 -4.740303
3.020194 -4.596567
3.243816 -4.441583
3.459500 -4.275729
3.666717 -4.099413
3.864962 -3.913064
4.053748 -3.717139
4.232615 -3.512118
4.401123 -3.298502
4.558861 -3.076814
4.705443 -2.847597
4.840510 -2.611411
4.963731 -2.368834
5.074805 -2.120461
5.173460 -1.866898
5.259455 -1.608767
5.332579 -1.346699
5.392654 -1.081335
5.439531 -0.813326
5.473098 -0.543325
5.493270 -0.271995
5.500000 -0.000000
5.750000 0.000000
5.743074 0.282139
5.722312 0.563599
5.687765 0.843700
5.639515 1.121769
5.577680 1.397136
5.502407 1.669137
5.413878 1.937117
5.312307 2.200430
5.197938 2.458442
5.071047 2.710531
4.931940 2.956091
4.780950 3.194529
4.618443 3.425271
4.444810 3.647761
4.260469 3.861464
4.065864 4.065864
3.861464 4.260469
3.647761 4.444810
3.425271 4.618443
3.194529 4.780950
2.956091 4.931940
2.710531 5.071047
2.458442 5.197938
2.200430 5.312307
1.937117 5.413878
1.669137 5.502407
1.397136 5.577680
1.121769 5.639515
0.843700 5.687765
0.563599 5.722312
0.282139 5.743074
0.000000 5.750000
-0.282139 5.743074
-0.563599 5.722312
-0.843700 5.687765
-1.121769 5.639515
-1.397136 5.577680
-1.669137 5.502407
-1.937117 5.413878
-2.200430 5.312307
-2.458442 5.197938
-2.710531 5.071047
-2.956091 4.931940
-3.194529 4.780950
-3.425271 4.618443
-3.647761 4.444810
-3.861464 4.260469
-4.065864 4.065864
-4.260469 3.861464
-4.444810 3.647761
-4.618443 3.425271
-4.780950 3.194529
-4.931940 2.956091
-5.071047 2.710531
-5.197938 2.458442
-5.312307 2.200430
-5.413878 1.937117
-5.502407 1.669137
-5.577680 1.397136
-5.639515 1.121769
-5.687765 0.843700
-5.722312 0.563599
-5.743074 0.282139
-5.750000 0.000000
-5.743074 -0.282139
-5.722312 -0.563599
-5.687765 -0.843700
-5.639515 -1.121769
-5.577680 -1.397136
-5.502407 -1.669137
-5.413878 -1.937117
-5.312307 -2.200430
-5.197938 -2.458442
-5.071047 -2.710531
-4.931940 -2.956091
-4.780950 -3.194529
-4.618443 -3.425271
-4.444810 -3.647761
-4.260469 -3.861464
-4.065864 -4.065864
-3.861464 -4.260469
-3.647761 -4.444810
-3.425271 -4.618443
-3.194529 -4.780950
-2.956091 -4.931940
-2.710531 -5.071047
-2.458442 -5.197938
-2.200430 -5.312307
-1.937117 -5.413878
-1.669137 -5.502407
-1.397136 -5.577680
-1.121769 -5.639515
-0.843700 -5.687765
-0.563599 -5.722312
-0.282139 -5.743074
-0.000000 -5.750000
0.282139 -5.743074
0.563599 -5.722312
0.843700 -5.687765
1.121769 -5.639515
1.397136 -5.577680
1.669137 -5.502407
1.937117 -5.413878
2.200430 -5.312307
2.458442 -5.197938
2.710531 -5.071047
2.956091 -4.931940
3.194529 -4.780950
3.425271 -4.618443
3.647761 -4.444810
3.861464 -4.260469
4.065864 -4.065864
4.260469 -3.861464
4.444810 -3.647761
4.618443 -3.425271
4.780950 -3.194529
4.931940 -2.956091
5.071047 -2.710531
5.197938 -2.458442
5.312307 -2.200430
5.413878 -1.937117
5.502407 -1.669137
5.577680 -1.397136
5.639515 -1.121769
5.687765 -0.843700
5.722312 -0.563599
5.743074 -0.282139
5.750000 -0.000000
