35.969971
21.409912
41.189942
33.169921
21.5
28.410034
46.199951
61.48999
68.530029
29.539917
49.279907
105.900025
76.310059
72.339966
172.729981
103.099975
56.48999
77.709961
114.810059
137.420044
101.190064
123.219971
181.329956
175.910034
66.619995
119.839965
98.830078
138.859985
189.369995
94.419922
104.049927
114.869995
266.150025
175.52002
233.689941
571.28003
565.070069
453.810058
249.449952
220.01001
182.159912
162.25
157.5
108.379883
132.820069
81.610107
181.459961
231.560058
254.389892
184.799805
66
106.829834
110.610107
501.430176
137.330079
454.729981
396.040039
201.139893
235.899902
187.449951
98.969971
186.5
180.059814
134.150146
60.179932
201.209961
188.289795
257.48999
275.430176
126.839844
79.350097
106.73999
142.150146
179.479981
111.179931
88.73999
80.699951
53.040039
132.75
88.109863
67.080078
258.550049
147.27002
162.73999
101.699951
205.169922
263.099854
235.420044
320.040039
236.149902
169.25
650.699952
251.419922
218.119873
181.02002
83.199952
306.459961
190.189941
165.179932
160.189941
112.709961
151.380127
193.25
286.399903
104.929932
105.259766
113.159912
468.100098
128.550048
226.619873
137.720215
186.119873
130.920166
296.689941
355.899903
342.109863
357.76001
599.350097
459.439942
293.399902
384.449951
232.220215
147.890137
130.320068
530.470215
185.130127
252.399902
169.080078
116
87.060059
207.899903
297.609863
152.27002
184.939941
235.060058
527.879883
322.039551
522.429688
492.049805
258.510254
197.34961
568.709961
216.819824
305.930176
229.799805
312.789795
422.570068
711.709961
844.550049
341.839844
310.729981
433.75
268.48999
206.280029
336.25
247.699951
250.209961
157.01001
305.830078
123.560059
350.27002
161.760254
207.139649
219.02002
154.300293
112.709961
205.260254
171.720215
222.409668
125.219726
153.439942
203.510254
319.229981
207.189941
156.290039
617.649903
460.80957
270.760254
414.469726
219.22998
252.22998
486.429688
219.790039
463.929687
312.660156
347.580079
404.759765
441.219727
372.319824
280.47998
305.510254
216.240234
616.060059
207.209961
376.370117
383.740234
602.140136
506.689941
534.40039
315.109863
494.970215
264.570312
842.129883
416.290039
912.92041
623.629883
996.889648
931.810058
309.409668
733.120118
845.470215
465.489746
398.620118
425.459961
346.840332
549.300293
212.740234
254.199707
432.770508
608.280274
728.060547
416.770508
331.379883
2479.139649
1665.290039
1521.870117
459.680664
1272.660156
706.820313
415.740234
2181.440429
3477.649414
3388.75
3161.709961
2752.200195
2374.620118
1306.120118
1598.100586
917.44043
1544.830078
2269.160156
1119.708985
1106.679687
2209.169922
2170.909179
2348.849609
4948.009766
2137.160156
2247.269532
1456.719727
2346.179688
1979.929688
2039.439453
1158.729492
2499.370117
1882.390625
1043.860351
2371.969727
855.299805
1163.990234
2294.588867
966.279296
1393.680664
2400.610352
1168.730468
1468.950195
2154.009766
1277.169922
764.759766
1383.759766
939.110352
3616.149414
2530.919922
1376.09961
913.310546
1528.929687
1685.61914
1845.980468
1408.019531
1025.049804
811.580078
1309.679687
759.490235
656.25
770.770508
1392.490234
679.830078
1553.889649
1361.729493
1309.690429
1511.160156
1763.97998
1964.02002
1363.819825
1053.46045
967.840332
905.240234
711.03955
912.929688
575.800782
965.239258
860.200195
582.759765
1045.379882
1127.330078
929.639648
671.280274
1039.370117
1184.379883
816.669922
1131.459961
544.349609
1045.689453
725.139649
764.620118
842.740235
390.490235
487.540039
455.780273
262.600586
852.370118
1442.969726
1032.360352
1039.929688
791.190429
1251.319335
1110.890625
629.469726
1393.720215
733.649902
692.52002
595.229492
981.400391
595.939453
716.430664
405.819336
606.120117
628.299805
520.700196
294.510743
651.770019
473.940429
365.189941
1056.660157
685.010254
422.060058
592.680176
1426.360351
489.090332
715.330078
331.280273
342.859863
459.379883
221.009765
570.589844
246.119629
160.209961
1260.620117
478.360351
354.149903
415.990234
501.689454
329.479981
337.650391
90.690429
