0.044585 0.095146 
0.087408 0.051881 
0.113991 -0.002362 
0.124266 -0.064581 
0.130900 -0.130941 
0.137373 -0.194172 
0.147769 -0.246834 
0.154317 -0.285315 
0.155280 -0.299716 
0.147643 -0.293825 
0.130097 -0.273129 
0.101744 -0.239326 
0.065266 -0.196723 
0.026005 -0.153244 
-0.014386 -0.108124 
-0.065377 -0.058618 
-0.124015 -0.003125 
-0.180145 0.047737 
-0.224963 0.086232 
-0.250583 0.107458 
-0.257908 0.120247 
-0.246235 0.129976 
-0.213987 0.140962 
-0.162798 0.151442 
-0.094402 0.157586 
-0.019924 0.160628 
0.059418 0.153483 
0.133788 0.131870 
0.195017 0.104244 
0.238458 0.073978 
0.269603 0.040630 
0.288560 -0.004055 
0.290735 -0.060302 
0.278371 -0.119314 
0.257468 -0.174604 
0.225647 -0.217304 
0.189414 -0.244418 
0.156189 -0.254092 
0.127849 -0.245120 
0.095146 -0.215176 
0.051881 -0.165681 
-0.002362 -0.101622 
-0.064581 -0.024513 
-0.130941 0.054376 
-0.194172 0.123578 
-0.246834 0.182966 
-0.285315 0.230104 
-0.299716 0.262877 
-0.293825 0.281372 
-0.273129 0.285801 
-0.239326 0.276172 
-0.196723 0.251523 
-0.153244 0.218858 
-0.108124 0.186735 
-0.058618 0.158356 
-0.003125 0.130001 
0.047737 0.096255 
0.086232 0.053013 
0.107458 -0.001176 
0.120247 -0.063119 
0.129976 -0.129469 
0.140962 -0.195726 
0.151442 -0.248011 
0.157586 -0.283129 
0.160628 -0.300579 
0.153483 -0.297181 
0.131870 -0.275554 
0.104244 -0.242889 
0.073978 -0.206371 
0.040630 -0.166949 
-0.004055 -0.120535 
-0.060302 -0.065151 
-0.119314 -0.007973 
-0.174604 0.040713 
-0.217304 0.074166 
-0.244418 0.095934 
-0.254092 0.113350 
-0.245120 0.126027 
-0.215176 0.136176 
-0.165681 0.148256 
-0.101622 0.159386 
-0.024513 0.160890 
0.054376 0.148384 
0.123578 0.128340 
0.182966 0.105862 
0.230104 0.081013 
0.262877 0.046599 
0.281372 -0.001828 
0.285801 -0.058000 
0.276172 -0.115153 
0.251523 -0.168391 
0.218858 -0.213234 
0.186735 -0.242510 
0.158356 -0.252615 
0.130001 -0.246070 
0.096255 -0.220293 
0.053013 -0.170067 
-0.001176 -0.103771 
-0.063119 -0.029215 
-0.129469 0.046081 
-0.195726 0.117434 
-0.248011 0.179222 
-0.283129 0.225576 
-0.300579 0.260983 
-0.297181 0.282589 
-0.275554 0.288026 
-0.242889 0.276392 
-0.206371 0.251935 
-0.166949 0.223464 
-0.120535 0.195615 
-0.065151 0.170853 
-0.007973 0.140344 
0.040713 0.104948 
0.074166 0.064535 
0.095934 0.011343 
0.113350 -0.053858 
0.126027 -0.121112 
0.136176 -0.184295 
0.148256 -0.237256 
0.159386 -0.276344 
0.160890 -0.294092 
0.148384 -0.289137 
0.128340 -0.268004 
0.105862 -0.240643 
0.081013 -0.211146 
0.046599 -0.173487 
-0.001828 -0.121425 
-0.058000 -0.061717 
-0.115153 -0.008130 
-0.168391 0.034911 
-0.213234 0.069553 
-0.242510 0.094454 
-0.252615 0.108824 
-0.246070 0.122907 
-0.220293 0.137482 
-0.170067 0.152822 
-0.103771 0.162740 
-0.029215 0.158645 
0.046081 0.146187 
0.117434 0.130919 
0.179222 0.114492 
0.225576 0.088226 
0.260983 0.049326 
0.282589 0.001781 
0.288026 -0.053982 
0.276392 -0.112584 
0.251935 -0.166954 
0.223464 -0.210147 
0.195615 -0.239176 
0.170853 -0.256074 
0.140344 -0.252418 
0.104948 -0.225330 
0.064535 -0.177535 
0.011343 -0.114638 
-0.053858 -0.040761 
-0.121112 0.034678 
-0.184295 0.104965 
-0.237256 0.164443 
-0.276344 0.215005 
-0.294092 0.252669 
-0.289137 0.276744 
-0.268004 0.280536 
-0.240643 0.267093 
-0.211146 0.245169 
-0.173487 0.221809 
-0.121425 0.195483 
-0.061717 0.170669 
-0.008130 0.142864 
0.034911 0.110302 
0.069553 0.065562 
0.094454 0.010734 
0.108824 -0.052460 
0.122907 -0.117884 
0.137482 -0.181682 
0.152822 -0.237355 
0.162740 -0.277013 
0.158645 -0.292761 
0.146187 -0.286217 
0.130919 -0.269833 
0.114492 -0.250675 
0.088226 -0.221977 
0.049326 -0.177063 
0.001781 -0.123149 
-0.053982 -0.068109 
-0.112584 -0.014818 
-0.166954 0.030114 
-0.210147 0.064692 
-0.239176 0.086321 
-0.256074 0.103053 
-0.252418 0.121240 
-0.225330 0.140355 
-0.177535 0.155435 
-0.114638 0.159124 
-0.040761 0.155647 
0.034678 0.147526 
0.104965 0.136749 
0.164443 0.119417 
0.215005 0.092858 
0.252669 0.056378 
0.276744 0.006921 
0.280536 -0.049746 
0.267093 -0.107562 
0.245169 -0.158412 
0.221809 -0.203094 
0.195483 -0.236944 
0.170669 -0.254942 
0.142864 -0.250304 
0.110302 -0.225179 
0.065562 -0.178198 
0.010734 -0.115356 
-0.052460 -0.043477 
-0.117884 0.031317 
-0.181682 0.098519 
-0.237355 0.160373 
-0.277013 0.214317 
-0.292761 0.254996 
-0.286217 0.275985 
-0.269833 0.277879 
-0.250675 0.269096 
-0.221977 0.250386 
-0.177063 0.226015 
-0.123149 0.202955 
-0.068109 0.178972 
-0.014818 0.153017 
0.030114 0.118365 
0.064692 0.072964 
0.086321 0.019299 
0.103053 -0.042474 
0.121240 -0.108840 
0.140355 -0.177628 
0.155435 -0.234350 
0.159124 -0.268576 
0.155647 -0.281057 
0.147526 -0.282010 
0.136749 -0.274689 
0.119417 -0.255947 
0.092858 -0.222579 
0.056378 -0.178985 
0.006921 -0.126919 
-0.049746 -0.071970 
-0.107562 -0.018330 
-0.158412 0.027442 
-0.203094 0.056808 
-0.236944 0.077634 
-0.254942 0.099091 
-0.250304 0.122613 
-0.225179 0.141647 
-0.178198 0.152883 
-0.115356 0.156522 
-0.043477 0.155531 
0.031317 0.148101 
0.098519 0.138736 
0.160373 0.124244 
0.214317 0.098677 
0.254996 0.058282 
0.275985 0.007716 
0.277879 -0.046282 
0.269096 -0.102438 
0.250386 -0.155931 
0.226015 -0.202493 
0.202955 -0.239149 
0.178972 -0.256125 
0.153017 -0.255323 
0.118365 -0.231756 
0.072964 -0.186872 
0.019299 -0.124260 
-0.042474 -0.054068 
-0.108840 0.015192 
-0.177628 0.083381 
-0.234350 0.150717 
-0.268576 0.206361 
-0.281057 0.245380 
-0.282010 0.265740 
-0.274689 0.272397 
-0.255947 0.263653 
-0.222579 0.246012 
-0.178985 0.224347 
-0.126919 0.203921 
-0.071970 0.183568 
-0.018330 0.157479 
0.027442 0.120081 
0.056808 0.077509 
0.077634 0.026337 
0.099091 -0.036813 
0.122613 -0.108267 
0.141647 -0.175220 
0.152883 -0.225628 
0.156522 -0.257927 
0.155531 -0.275829 
0.148101 -0.281972 
0.138736 -0.276673 
0.124244 -0.256946 
0.098677 -0.224983 
0.058282 -0.183063 
0.007716 -0.130205 
-0.046282 -0.071821 
-0.102438 -0.018020 
-0.155931 0.020092 
-0.202493 0.048194 
-0.239149 0.075378 
-0.256125 0.102047 
-0.255323 0.124759 
-0.231756 0.141414 
-0.186872 0.153379 
-0.124260 0.157868 
-0.054068 0.156127 
0.015192 0.153540 
0.083381 0.147524 
0.150717 0.132437 
0.206361 0.104313 
0.245380 0.064465 
0.265740 0.014852 
0.272397 -0.038270 
0.263653 -0.094928 
0.246012 -0.150918 
0.224347 -0.197686 
0.203921 -0.233908 
0.183568 -0.256563 
0.157479 -0.258106 
0.120081 -0.233026 
0.077509 -0.187586 
0.026337 -0.130061 
-0.036813 -0.064362 
-0.108267 0.007473 
-0.175220 0.080692 
-0.225628 0.146180 
-0.257927 0.201653 
-0.275829 0.241175 
-0.281972 0.264172 
-0.276673 0.271223 
-0.256946 0.261470 
-0.224983 0.244855 
-0.183063 0.228513 
-0.130205 0.212116 
-0.071821 0.190178 
-0.018020 0.161448 
0.020092 0.129593 
0.048194 0.091182 
0.075378 0.036617 
0.102047 -0.033290 
0.124759 -0.104879 
0.141414 -0.166847 
0.153379 -0.215875 
0.157868 -0.251433 
0.156127 -0.273852 
0.153540 -0.281762 
0.147524 -0.274968 
0.132437 -0.259644 
0.104313 -0.231963 
0.064465 -0.188318 
0.014852 -0.131034 
-0.038270 -0.074614 
-0.094928 -0.027939 
-0.150918 0.009749 
-0.197686 0.042327 
-0.233908 0.071242 
-0.256563 0.098486 
-0.258106 0.122312 
-0.233026 0.138953 
-0.187586 0.150491 
-0.130061 0.154981 
-0.064362 0.156438 
0.007473 0.156790 
0.080692 0.151506 
0.146180 0.135932 
0.201653 0.106674 
0.241175 0.070213 
0.264172 0.022391 
0.271223 -0.032990 
0.261470 -0.090436 
0.244855 -0.143194 
0.228513 -0.193147 
0.212116 -0.234463 
0.190178 -0.257875 
0.161448 -0.256338 
0.129593 -0.233936 
0.091182 -0.193368 
0.036617 -0.139013 
-0.033290 -0.072636 
-0.104879 0.000676 
-0.166847 0.072652 
-0.215875 0.138986 
-0.251433 0.194681 
-0.273852 0.235861 
-0.281762 0.259392 
-0.274968 0.262104 
-0.259644 0.255128 
-0.231963 0.246362 
-0.188318 0.231775 
-0.131034 0.211845 
-0.074614 0.189401 
-0.027939 0.166451 
0.009749 0.139051 
0.042327 0.098105 
0.071242 0.038733 
0.098486 -0.030626 
0.122312 -0.098169 
0.138953 -0.157999 
0.150491 -0.210430 
0.154981 -0.248404 
0.156438 -0.268442 
0.156790 -0.276845 
0.151506 -0.276833 
0.135932 -0.265043 
0.106674 -0.233101 
0.070213 -0.185234 
0.022391 -0.131430 
-0.032990 -0.078519 
-0.090436 -0.033201 
-0.143194 0.005059 
-0.193147 0.039178 
-0.234463 0.070701 
-0.257875 0.099306 
-0.256338 0.122250 
-0.233936 0.138481 
-0.193368 0.147209 
-0.139013 0.154588 
-0.072636 0.161213 
0.000676 0.161486 
0.072652 0.154375 
0.138986 0.138954 
0.194681 0.114036 
0.235861 0.076604 
0.259392 0.028498 
0.262104 -0.024107 
0.255128 -0.078814 
0.246362 -0.136187 
0.231775 -0.189421 
0.211845 -0.231125 
0.189401 -0.252512 
0.166451 -0.251539 
0.139051 -0.232397 
0.098105 -0.196775 
0.038733 -0.143275 
-0.030626 -0.076989 
-0.098169 -0.006477 
-0.157999 0.064138 
-0.210430 0.132955 
-0.248404 0.191767 
-0.268442 0.229631 
-0.276845 0.248196 
-0.276833 0.256155 
-0.265043 0.255169 
-0.233101 0.246208 
-0.185234 0.230540 
-0.131430 0.209800 
-0.078519 0.193192 
-0.033201 0.175160 
0.005059 0.144974 
0.039178 0.099464 
0.070701 0.038914 
0.099306 -0.024250 
0.122250 -0.089328 
0.138481 -0.153778 
0.147209 -0.204952 
0.154588 -0.238609 
0.161213 -0.262109 
0.161486 -0.277685 
0.154375 -0.280770 
0.138954 -0.267255 
0.114036 -0.233911 
0.076604 -0.187359 
0.028498 -0.134879 
-0.024107 -0.084758 
-0.078814 -0.041504 
-0.136187 -0.003872 
-0.189421 0.031136 
-0.231125 0.066267 
-0.252512 0.095472 
-0.251539 0.115540 
-0.232397 0.130711 
-0.196775 0.144002 
-0.143275 0.154575 
-0.076989 0.159151 
-0.006477 0.161225 
0.064138 0.156477 
0.132955 0.142616 
0.191767 0.115618 
0.229631 0.079168 
0.248196 0.034026 
0.256155 -0.016966 
0.255169 -0.073419 
0.246208 -0.133189 
0.230540 -0.187798 
0.209800 -0.227874 
0.193192 -0.249765 
0.175160 -0.255568 
0.144974 -0.239925 
0.099464 -0.202687 
0.038914 -0.150657 
-0.024250 -0.088739 
-0.089328 -0.019105 
-0.153778 0.055682 
-0.204952 0.127202 
-0.238609 0.183573 
-0.262109 0.219260 
-0.277685 0.242087 
-0.280770 0.255459 
-0.267255 0.255972 
-0.233911 0.244258 
-0.187359 0.227088 
-0.134879 0.214372 
-0.084758 0.204318 
-0.041504 0.183673 
-0.003872 0.150292 
0.031136 0.106479 
0.066267 0.049639 
0.095472 -0.015959 
0.115540 -0.082760 
0.130711 -0.144038 
0.144002 -0.190645 
0.154575 -0.226531 
0.159151 -0.254825 
0.161225 -0.274362 
0.156477 -0.277645 
0.142616 -0.262409 
0.115618 -0.231133 
0.079168 -0.185892 
0.034026 -0.135613 
-0.016966 -0.088972 
-0.073419 -0.048620 
-0.133189 -0.009904 
-0.187798 0.030880 
-0.227874 0.063909 
-0.249765 0.090905 
-0.255568 0.112326 
-0.239925 0.129759 
-0.202687 0.142931 
-0.150657 0.152911 
-0.088739 0.160813 
-0.019105 0.164748 
0.055682 0.160590 
0.127202 0.144742 
0.183573 0.117819 
0.219260 0.084627 
0.242087 0.041994 
0.255459 -0.010571 
0.255972 -0.070390 
0.244258 -0.130065 
0.227088 -0.180823 
0.214372 -0.222342 
0.204318 -0.249494 
0.183673 -0.255089 
0.150292 -0.240323 
0.106479 -0.204554 
0.049639 -0.158055 
-0.015959 -0.098242 
-0.082760 -0.023575 
-0.144038 0.053408 
-0.190645 0.120812 
-0.226531 0.171957 
-0.254825 0.210570 
-0.274362 0.240241 
-0.277645 0.253107 
-0.262409 0.247655 
-0.231133 0.235984 
-0.185892 0.228960 
-0.135613 0.220837 
-0.088972 0.206719 
-0.048620 0.185779 
-0.009904 0.155536 
0.030880 0.111148 
0.063909 0.052798 
0.090905 -0.013540 
0.112326 -0.078728 
0.129759 -0.134604 
0.142931 -0.182076 
0.152911 -0.222573 
0.160813 -0.255114 
0.164748 -0.275778 
0.160590 -0.280309 
0.144742 -0.265124 
0.117819 -0.232147 
0.084627 -0.188055 
0.041994 -0.142715 
-0.010571 -0.098448 
-0.070390 -0.055655 
-0.130065 -0.012625 
-0.180823 0.025791 
-0.222342 0.058887 
-0.249494 0.087138 
-0.255089 0.110187 
-0.240323 0.126959 
-0.204554 0.140085 
-0.158055 0.151354 
-0.098242 0.161970 
-0.023575 0.165847 
0.053408 0.159878 
0.120812 0.144625 
0.171957 0.122808 
0.210570 0.091910 
0.240241 0.046511 
0.253107 -0.008362 
0.247655 -0.065574 
0.235984 -0.122740 
0.228960 -0.176213 
0.220837 -0.221040 
0.206719 -0.246404 
0.185779 -0.251453 
0.155536 -0.238019 
0.111148 -0.209767 
0.052798 -0.166210 
-0.013540 -0.101407 
-0.078728 -0.024743 
-0.134604 0.046803 
-0.182076 0.108894 
-0.222573 0.164354 
-0.255114 0.210091 
-0.275778 0.236939 
-0.280309 0.243208 
-0.265124 0.241397 
-0.232147 0.235547 
-0.188055 0.229978 
-0.142715 0.221376 
-0.098448 0.209032 
-0.055655 0.191320 
-0.012625 0.160162 
0.025791 0.112570 
0.058887 0.052435 
0.087138 -0.010011 
0.110187 -0.070164 
0.126959 -0.126957 
0.140085 -0.176941 
0.151354 -0.218772 
0.161970 -0.254234 
0.165847 -0.276327 
0.159878 -0.280125 
0.144625 -0.261471 
0.122808 -0.230379 
0.091910 -0.190019 
0.046511 -0.146725 
-0.008362 -0.102046 
-0.065574 -0.058194 
-0.122740 -0.015247 
-0.176213 0.023855 
-0.221040 0.056454 
-0.246404 0.084260 
-0.251453 0.108158 
-0.238019 0.124548 
-0.209767 0.139047 
-0.166210 0.154175 
-0.101407 0.163131 
-0.024743 0.164778 
0.046803 0.158777 
0.108894 0.148899 
0.164354 0.129264 
0.210091 0.094729 
0.236939 0.048321 
0.243208 -0.002957 
0.241397 -0.059704 
0.235547 -0.118817 
0.229978 -0.175714 
0.221376 -0.218743 
0.209032 -0.241058 
0.191320 -0.249868 
0.160162 -0.245082 
0.112570 -0.219020 
0.052435 -0.167474 
-0.010011 -0.102084 
-0.070164 -0.033178 
-0.126957 0.035092 
-0.176941 0.101968 
-0.218772 0.160975 
-0.254234 0.203142 
-0.276327 0.226245 
-0.280125 0.235968 
-0.261471 0.237273 
-0.230379 0.233211 
-0.190019 0.227784 
-0.146725 0.220215 
-0.102046 0.211400 
-0.058194 0.193828 
-0.015247 0.160607 
0.023855 0.112474 
0.056454 0.055298 
0.084260 -0.004768 
0.108158 -0.064342 
0.124548 -0.118942 
0.139047 -0.169761 
0.154175 -0.215556 
0.163131 -0.253749 
0.164778 -0.274967 
0.158777 -0.275792 
0.148899 -0.259786 
0.129264 -0.231029 
0.094729 -0.194846 
0.048321 -0.152476 
-0.002957 -0.106047 
-0.059704 -0.061811 
-0.118817 -0.019957 
-0.175714 0.021196 
-0.218743 0.054732 
-0.241058 0.080992 
-0.249868 0.101488 
-0.245082 0.120914 
-0.219020 0.140747 
-0.167474 0.154572 
-0.102084 0.161786 
-0.033178 0.165087 
0.035092 0.163108 
0.101968 0.153423 
0.160975 0.131456 
0.203142 0.096673 
0.226245 0.055629 
0.235968 0.005315 
0.237273 -0.052845 
0.233211 -0.116593 
0.227784 -0.169382 
0.220215 -0.207343 
0.211400 -0.235890 
0.193828 -0.252320 
0.160607 -0.246643 
0.112474 -0.215763 
0.055298 -0.167145 
-0.004768 -0.107332 
-0.064342 -0.040704 
-0.118942 0.029811 
-0.169761 0.099341 
-0.215556 0.156198 
-0.253749 0.196374 
-0.274967 0.220986 
-0.275792 0.234087 
-0.259786 0.235625 
-0.231029 0.232866 
-0.194846 0.229270 
-0.152476 0.226737 
-0.106047 0.217993 
-0.061811 0.198793 
-0.019957 0.164665 
0.021196 0.117231 
0.054732 0.061290 
0.080992 0.002696 
0.101488 -0.054744 
0.120914 -0.110960 
0.140747 -0.164642 
0.154572 -0.212868 
0.161786 -0.251779 
0.165087 -0.270924 
0.163108 -0.271404 
0.153423 -0.259320 
0.131456 -0.233230 
0.096673 -0.196549 
0.055629 -0.154310 
0.005315 -0.112183 
-0.052845 -0.068404 
-0.116593 -0.023359 
-0.169382 0.017625 
-0.207343 0.048363 
-0.235890 0.074194 
-0.252320 0.098043 
-0.246643 0.120749 
-0.215763 0.136902 
-0.167145 0.149219 
-0.107332 0.159017 
-0.040704 0.165981 
0.029811 0.165786 
0.099341 0.153026 
0.156198 0.130333 
0.196374 0.101722 
0.220986 0.061377 
0.234087 0.006241 
0.235625 -0.055150 
0.232866 -0.112736 
0.229270 -0.162087 
0.226737 -0.205991 
0.217993 -0.241459 
0.198793 -0.255889 
0.164665 -0.247009 
0.117231 -0.218181 
0.061290 -0.174954 
0.002696 -0.117312 
-0.054744 -0.048765 
-0.110960 0.024563 
-0.164642 0.091344 
-0.212868 0.145846 
-0.251779 0.188039 
-0.270924 0.214697 
-0.271404 0.227352 
-0.259320 0.230131 
-0.233230 0.231014 
-0.196549 0.230995 
-0.154310 0.229926 
-0.112183 0.222659 
-0.068404 0.203155 
-0.023359 0.167108 
0.017625 0.121287 
0.048363 0.067453 
0.074194 0.011181 
0.098043 -0.043862 
0.120749 -0.102354 
0.136902 -0.159434 
0.149219 -0.209945 
0.159017 -0.245198 
0.165981 -0.264568 
0.165786 -0.271010 
0.153026 -0.259767 
0.130333 -0.232664 
0.101722 -0.199694 
0.061377 -0.161665 
0.006241 -0.118027 
-0.055150 -0.070751 
-0.112736 -0.026190 
-0.162087 0.010692 
-0.205991 0.041726 
-0.241459 0.070344 
-0.255889 0.097297 
-0.247009 0.118000 
-0.218181 0.133307 
-0.174954 0.149339 
-0.117312 0.165550 
-0.048765 0.170392 
0.024563 0.165202 
0.091344 0.156004 
0.145846 0.140293 
0.188039 0.111213 
0.214697 0.066584 
0.227352 0.011407 
0.230131 -0.045185 
0.231014 -0.099008 
0.230995 -0.154119 
0.229926 -0.204079 
0.222659 -0.237647 
0.203155 -0.250181 
0.167108 -0.243360 
0.121287 -0.221752 
0.067453 -0.180511 
0.011181 -0.122943 
-0.043862 -0.053209 
-0.102354 0.017467 
-0.159434 0.083245 
-0.209945 0.139924 
-0.245198 0.181298 
-0.264568 0.206972 
-0.271010 0.219274 
-0.259767 0.223634 
-0.232664 0.227460 
-0.199694 0.231804 
-0.161665 0.231221 
-0.118027 0.224975 
-0.070751 0.203520 
-0.026190 0.166850 
0.010692 0.121059 
0.041726 0.071142 
0.070344 0.018546 
0.097297 -0.039676 
0.118000 -0.100131 
0.133307 -0.157133 
0.149339 -0.205872 
0.165550 -0.243406 
0.170392 -0.265881 
0.165202 -0.269632 
0.156004 -0.258811 
0.140293 -0.238229 
0.111213 -0.207794 
0.066584 -0.168244 
0.011407 -0.122237 
-0.045185 -0.074957 
-0.099008 -0.034550 
-0.154119 0.001696 
-0.204079 0.037458 
-0.237647 0.068704 
-0.250181 0.091787 
-0.243360 0.110143 
-0.221752 0.131741 
-0.180511 0.150427 
-0.122943 0.161111 
-0.053209 0.165500 
0.017467 0.166086 
0.083245 0.162840 
0.139924 0.145603 
0.181298 0.113232 
0.206972 0.068155 
0.219274 0.018681 
0.223634 -0.034409 
0.227460 -0.093353 
0.231804 -0.152476 
0.231221 -0.199908 
0.224975 -0.232141 
0.203520 -0.247088 
0.166850 -0.246290 
0.121059 -0.225309 
0.071142 -0.184349 
0.018546 -0.126618 
-0.039676 -0.058557 
-0.100131 0.012056 
-0.157133 0.078449 
-0.205872 0.134370 
-0.243406 0.173962 
-0.265881 0.198847 
-0.269632 0.213221 
-0.258811 0.221983 
-0.238229 0.228369 
-0.207794 0.233172 
-0.168244 0.236479 
-0.122237 0.227796 
-0.074957 0.203149 
-0.034550 0.169153 
0.001696 0.128862 
0.037458 0.081009 
0.068704 0.025644 
0.091787 -0.033768 
0.110143 -0.092624 
0.131741 -0.149645 
0.150427 -0.200591 
0.161111 -0.238207 
0.165500 -0.259428 
0.166086 -0.264612 
0.162840 -0.258207 
0.145603 -0.239548 
0.113232 -0.208007 
0.068155 -0.165657 
0.018681 -0.121086 
-0.034409 -0.081109 
-0.093353 -0.039005 
-0.152476 0.001653 
-0.199908 0.037029 
-0.232141 0.063859 
-0.247088 0.086238 
-0.246290 0.110366 
-0.225309 0.134415 
-0.184349 0.150008 
-0.126618 0.159581 
-0.058557 0.166722 
0.012056 0.173696 
0.078449 0.168873 
0.134370 0.146874 
0.173962 0.114359 
0.198847 0.076209 
0.213221 0.028394 
0.221983 -0.029107 
0.228369 -0.090756 
0.233172 -0.146857 
0.236479 -0.193935 
0.227796 -0.227684 
0.203149 -0.246879 
0.169153 -0.247532 
0.128862 -0.227767 
0.081009 -0.186874 
0.025644 -0.131468 
-0.033768 -0.064659 
-0.092624 0.005561 
-0.149645 0.071587 
-0.200591 0.125155 
-0.238207 0.166041 
-0.259428 0.191832 
-0.264612 0.206360 
-0.258207 0.215295 
-0.239548 0.225952 
-0.208007 0.235844 
-0.165657 0.236829 
-0.121086 0.224857 
-0.081109 0.203187 
-0.039005 0.172520 
0.001653 0.133632 
0.037029 0.085994 
0.063859 0.032293 
0.086238 -0.025773 
0.110366 -0.086293 
0.134415 -0.145925 
0.150008 -0.196467 
0.159581 -0.232001 
0.166722 -0.251583 
0.173696 -0.264505 
0.168873 -0.261484 
0.146874 -0.241472 
0.114359 -0.207795 
0.076209 -0.170784 
0.028394 -0.131799 
-0.029107 -0.087110 
-0.090756 -0.041839 
-0.146857 -0.002729 
-0.193935 0.028606 
-0.227684 0.055168 
-0.246879 0.083252 
-0.247532 0.110559 
-0.227767 0.130147 
-0.186874 0.143477 
-0.131468 0.157357 
-0.064659 0.171759 
0.005561 0.175569 
0.071587 0.166151 
0.125155 0.147341 
0.166041 0.119538 
0.191832 0.082455 
0.206360 0.033851 
0.215295 -0.024602 
0.225952 -0.083976 
0.235844 -0.138979 
0.236829 -0.187293 
0.224857 -0.224968 
0.203187 -0.244655 
0.172520 -0.245581 
0.133632 -0.227871 
0.085994 -0.191163 
0.032293 -0.135075 
-0.025773 -0.068603 
-0.086293 0.000742 
-0.145925 0.065117 
-0.196467 0.119826 
-0.232001 0.159483 
-0.251583 0.183181 
-0.264505 0.199662 
-0.261484 0.215820 
-0.241472 0.228728 
-0.207795 0.237855 
-0.170784 0.237978 
-0.131799 0.227934 
-0.087110 0.207659 
-0.041839 0.178201 
-0.002729 0.140195 
0.028606 0.092825 
0.055168 0.040983 
0.083252 -0.017985 
0.110559 -0.081640 
0.130147 -0.142086 
0.143477 -0.187920 
0.157357 -0.223618 
0.171759 -0.250824 
0.175569 -0.263564 
0.166151 -0.257562 
0.147341 -0.237262 
0.119538 -0.209729 
0.082455 -0.177878 
0.033851 -0.135995 
-0.024602 -0.089197 
-0.083976 -0.047023 
-0.138979 -0.012582 
-0.187293 0.018463 
-0.224968 0.050486 
-0.244655 0.080831 
-0.245581 0.102127 
-0.227871 0.119092 
-0.191163 0.138275 
-0.135075 0.156393 
-0.068603 0.168177 
0.000742 0.169593 
0.065117 0.162309 
0.119826 0.146734 
0.159483 0.122182 
0.183181 0.082990 
0.199662 0.031438 
0.215820 -0.021905 
0.228728 -0.079793 
0.237855 -0.136938 
0.237978 -0.187490 
0.227934 -0.225251 
0.207659 -0.246231 
0.178201 -0.250854 
0.140195 -0.234075 
0.092825 -0.194885 
0.040983 -0.139560 
-0.017985 -0.075454 
-0.081640 -0.005933 
-0.142086 0.059476 
-0.187920 0.111713 
-0.223618 0.148373 
-0.250824 0.175039 
-0.263564 0.195604 
-0.257562 0.212870 
-0.237262 0.226807 
-0.209729 0.234711 
-0.177878 0.235218 
-0.135995 0.227173 
-0.089197 0.206915 
-0.047023 0.177846 
-0.012582 0.142456 
0.018463 0.099780 
0.050486 0.045596 
0.080831 -0.015788 
0.102127 -0.078405 
0.119092 -0.133831 
0.138275 -0.181266 
0.156393 -0.221255 
0.168177 -0.250125 
0.169593 -0.260562 
0.162309 -0.255135 
0.146734 -0.240342 
0.122182 -0.216956 
0.082990 -0.181780 
0.031438 -0.136075 
-0.021905 -0.092850 
-0.079793 -0.056592 
-0.136938 -0.020331 
-0.187490 0.016689 
-0.225251 0.048751 
-0.246231 0.074004 
-0.250854 0.094847 
-0.234075 0.117803 
-0.194885 0.139916 
-0.139560 0.157458 
-0.075454 0.166464 
-0.005933 0.169909 
0.059476 0.165974 
0.111713 0.152236 
0.148373 0.124592 
0.175039 0.085448 
0.195604 0.038370 
0.212870 -0.015812 
0.226807 -0.074264 
0.234711 -0.130947 
0.235218 -0.180290 
0.227173 -0.219247 
0.206915 -0.243963 
0.177846 -0.248047 
0.142456 -0.231274 
0.099780 -0.195505 
0.045596 -0.141148 
-0.015788 -0.075423 
-0.078405 -0.006947 
-0.133831 0.056610 
-0.181266 0.106291 
-0.221255 0.142774 
-0.250125 0.172392 
-0.260562 0.196334 
-0.255135 0.213936 
-0.240342 0.227428 
-0.216956 0.239115 
-0.181780 0.240928 
-0.136075 0.230136 
-0.092850 0.211659 
-0.056592 0.187666 
-0.020331 0.154127 
0.016689 0.108766 
0.048751 0.051832 
0.074004 -0.007593 
0.094847 -0.066337 
0.117803 -0.122560 
0.139916 -0.174967 
0.157458 -0.216338 
0.166464 -0.240993 
0.169909 -0.251665 
0.165974 -0.253281 
0.152236 -0.241893 
0.124592 -0.214861 
0.085448 -0.175850 
0.038370 -0.136512 
-0.015812 -0.097947 
-0.074264 -0.058308 
-0.130947 -0.018044 
-0.180290 0.017584 
-0.219247 0.044454 
-0.243963 0.068143 
-0.248047 0.094305 
-0.231274 0.120293 
-0.195505 0.139653 
-0.141148 0.154409 
-0.075423 0.166458 
-0.006947 0.171549 
0.056610 0.169245 
0.106291 0.155002 
0.142774 0.128348 
0.172392 0.091840 
0.196334 0.043761 
0.213936 -0.010474 
0.227428 -0.067004 
0.239115 -0.124371 
0.240928 -0.176444 
0.230136 -0.216200 
0.211659 -0.241923 
0.187666 -0.249128 
0.154127 -0.235540 
0.108766 -0.200744 
0.051832 -0.147209 
-0.007593 -0.082245 
-0.066337 -0.014652 
-0.122560 0.043438 
-0.174967 0.092197 
-0.216338 0.132283 
-0.240993 0.162946 
-0.251665 0.187003 
-0.253281 0.204965 
-0.241893 0.223190 
-0.214861 0.233621 
-0.175850 0.234234 
-0.136512 0.225287 
-0.097947 0.211975 
-0.058308 0.189967 
-0.018044 0.154506 
0.017584 0.106814 
0.044454 0.053697 
0.068143 -0.000812 
0.094305 -0.060437 
0.120293 -0.121661 
0.139653 -0.172263 
0.154409 -0.210296 
0.166458 -0.236756 
0.171549 -0.254027 
0.169245 -0.256498 
0.155002 -0.242155 
0.128348 -0.214209 
0.091840 -0.180071 
0.043761 -0.143825 
-0.010474 -0.104217 
-0.067004 -0.061532 
-0.124371 -0.021745 
-0.176444 0.009030 
-0.216200 0.035564 
-0.241923 0.064221 
-0.249128 0.091203 
-0.235540 0.115407 
-0.200744 0.134255 
-0.147209 0.151546 
-0.082245 0.164250 
-0.014652 0.170046 
0.043438 0.167811 
0.092197 0.155544 
0.132283 0.129634 
0.162946 0.092929 
0.187003 0.047554 
0.204965 -0.004935 
0.223190 -0.062924 
0.233621 -0.120806 
0.234234 -0.172467 
0.225287 -0.212678 
0.211975 -0.239313 
0.189967 -0.248739 
0.154506 -0.236764 
0.106814 -0.200893 
0.053697 -0.147080 
-0.000812 -0.083583 
-0.060437 -0.019436 
-0.121661 0.040073 
-0.172263 0.089613 
-0.210296 0.128305 
-0.236756 0.159388 
-0.254027 0.185957 
-0.256498 0.209172 
-0.242155 0.225749 
-0.214209 0.234075 
-0.180071 0.233935 
-0.143825 0.231149 
-0.104217 0.220395 
-0.061532 0.194613 
-0.021745 0.157895 
0.009030 0.116525 
0.035564 0.067651 
0.064221 0.007623 
0.091203 -0.055790 
0.115407 -0.114011 
0.134255 -0.160408 
0.151546 -0.200248 
0.164250 -0.233534 
0.170046 -0.251591 
0.167811 -0.252125 
0.155544 -0.237282 
0.129634 -0.214736 
0.092929 -0.185126 
0.047554 -0.147969 
-0.004935 -0.105254 
-0.062924 -0.064159 
-0.120806 -0.029985 
-0.172467 0.001304 
-0.212678 0.032357 
-0.239313 0.060767 
-0.248739 0.087474 
-0.236764 0.110113 
-0.200893 0.130664 
-0.147080 0.148860 
-0.083583 0.162488 
-0.019436 0.169628 
0.040073 0.167963 
0.089613 0.155484 
0.128305 0.130319 
0.159388 0.094857 
0.185957 0.051408 
0.209172 -0.000465 
0.225749 -0.059143 
0.234075 -0.117636 
0.233935 -0.167593 
0.231149 -0.210667 
0.220395 -0.240361 
0.194613 -0.251205 
0.157895 -0.237900 
0.116525 -0.202395 
0.067651 -0.150571 
0.007623 -0.089246 
-0.055790 -0.024417 
-0.114011 0.033077 
-0.160408 0.079757 
-0.200248 0.118645 
-0.233534 0.153128 
-0.251591 0.183110 
-0.252125 0.206354 
-0.237282 0.220313 
-0.214736 0.230657 
-0.185126 0.237354 
-0.147969 0.234638 
-0.105254 0.219399 
-0.064159 0.195471 
-0.029985 0.163915 
0.001304 0.123466 
0.032357 0.070539 
0.060767 0.008257 
0.087474 -0.052421 
0.110113 -0.105808 
0.130664 -0.154812 
0.148860 -0.200254 
0.162488 -0.234671 
0.169628 -0.249879 
0.167963 -0.248476 
0.155484 -0.239690 
0.130319 -0.220285 
0.094857 -0.188043 
0.051408 -0.148519 
-0.000465 -0.107248 
-0.059143 -0.069072 
-0.117636 -0.035570 
-0.167593 -0.002889 
-0.210667 0.029208 
-0.240361 0.059466 
-0.251205 0.085022 
-0.237900 0.108312 
-0.202395 0.130864 
-0.150571 0.150101 
-0.089246 0.164579 
-0.024417 0.173758 
0.033077 0.172108 
0.079757 0.159867 
0.118645 0.136540 
0.153128 0.103634 
0.183110 0.060176 
0.206354 0.006304 
0.220313 -0.052434 
0.230657 -0.108394 
0.237354 -0.161596 
0.234638 -0.207857 
0.219399 -0.239451 
0.195471 -0.250214 
0.163915 -0.238211 
0.123466 -0.204589 
0.070539 -0.154550 
0.008257 -0.092345 
-0.052421 -0.030200 
-0.105808 0.023551 
-0.154812 0.069712 
-0.200254 0.112992 
-0.234671 0.151050 
-0.249879 0.179981 
-0.248476 0.199847 
-0.239690 0.218431 
-0.220285 0.233354 
-0.188043 0.239181 
-0.148519 0.234267 
-0.107248 0.219891 
-0.069072 0.200527 
-0.035570 0.171725 
-0.002889 0.129683 
0.029208 0.073801 
0.059466 0.015217 
0.085022 -0.040303 
0.108312 -0.095899 
0.130864 -0.149824 
0.150101 -0.194899 
0.164579 -0.224907 
0.173758 -0.241471 
0.172108 -0.247929 
0.159867 -0.241563 
0.136540 -0.219960 
0.103634 -0.187920 
0.060176 -0.150593 
0.006304 -0.111893 
-0.052434 -0.076976 
-0.108394 -0.040742 
-0.161596 -0.007106 
-0.207857 0.023800 
-0.239451 0.052188 
-0.250214 0.080077 
-0.238211 0.104058 
-0.204589 0.126031 
-0.154550 0.147386 
-0.092345 0.164277 
-0.030200 0.173532 
0.023551 0.171074 
0.069712 0.160052 
0.112992 0.138185 
0.151050 0.103984 
0.179981 0.059884 
0.199847 0.009011 
0.218431 -0.047503 
0.233354 -0.106305 
0.239181 -0.162069 
0.234267 -0.208194 
0.219891 -0.239897 
0.200527 -0.251987 
0.171725 -0.242955 
0.129683 -0.210572 
0.073801 -0.159025 
0.015217 -0.099752 
-0.040303 -0.044144 
-0.095899 0.008399 
-0.149824 0.059410 
-0.194899 0.105326 
-0.224907 0.140057 
-0.241471 0.166119 
-0.247929 0.190348 
-0.241563 0.212531 
-0.219960 0.227413 
-0.187920 0.231257 
-0.150593 0.228119 
-0.111893 0.219957 
-0.076976 0.203791 
-0.040742 0.173069 
-0.007106 0.128399 
0.023800 0.077914 
0.052188 0.024718 
0.080077 -0.033669 
0.104058 -0.091559 
0.126031 -0.143527 
0.147386 -0.186149 
0.164277 -0.217422 
0.173532 -0.237537 
0.171074 -0.246226 
0.160052 -0.237527 
0.138185 -0.215772 
0.103984 -0.184540 
0.059884 -0.150344 
0.009011 -0.113969 
-0.047503 -0.077344 
-0.106305 -0.041185 
-0.162069 -0.008634 
-0.208194 0.022867 
-0.239897 0.052559 
-0.251987 0.076828 
-0.242955 0.101643 
-0.210572 0.126729 
-0.159025 0.148964 
-0.099752 0.163190 
-0.044144 0.172768 
0.008399 0.174027 
0.059410 0.163821 
0.105326 0.141332 
0.140057 0.109199 
0.166119 0.067744 
0.190348 0.018539 
0.212531 -0.038887 
0.227413 -0.099241 
0.231257 -0.153853 
0.228119 -0.200175 
0.219957 -0.234438 
0.203791 -0.249722 
0.173069 -0.239719 
0.128399 -0.204852 
0.077914 -0.156886 
0.024718 -0.103475 
-0.033669 -0.048969 
-0.091559 0.007863 
-0.143527 0.058571 
-0.186149 0.100665 
-0.217422 0.134350 
-0.237537 0.164890 
-0.246226 0.193750 
-0.237527 0.214731 
-0.215772 0.225974 
-0.184540 0.230554 
-0.150344 0.234151 
-0.113969 0.228563 
-0.077344 0.208048 
-0.041185 0.175143 
-0.008634 0.135770 
0.022867 0.088525 
0.052559 0.032205 
0.076828 -0.027606 
0.101643 -0.085229 
0.126729 -0.134930 
0.148964 -0.177211 
0.163190 -0.213217 
0.172768 -0.236458 
0.174027 -0.244135 
0.163821 -0.235595 
0.141332 -0.214423 
0.109199 -0.187136 
0.067744 -0.153674 
0.018539 -0.116947 
-0.038887 -0.081615 
-0.099241 -0.047783 
-0.153853 -0.013361 
-0.200175 0.016863 
-0.234438 0.044708 
-0.249722 0.071836 
-0.239719 0.098422 
-0.204852 0.123790 
-0.156886 0.145198 
-0.103475 0.161134 
-0.048969 0.171713 
0.007863 0.173495 
0.058571 0.162977 
0.100665 0.142886 
0.134350 0.112457 
0.164890 0.073157 
0.193750 0.021447 
0.214731 -0.036915 
0.225974 -0.095590 
0.230554 -0.151060 
0.234151 -0.200903 
0.228563 -0.237344 
0.208048 -0.250229 
0.175143 -0.237899 
0.135770 -0.207460 
0.088525 -0.165013 
0.032205 -0.113806 
-0.027606 -0.057606 
-0.085229 -0.001254 
-0.134930 0.046993 
-0.177211 0.087222 
-0.213217 0.124457 
-0.236458 0.159487 
-0.244135 0.186625 
-0.235595 0.203745 
-0.214423 0.217303 
-0.187136 0.229344 
-0.153674 0.232508 
-0.116947 0.222834 
-0.081615 0.203092 
-0.047783 0.176039 
-0.013361 0.139287 
0.016863 0.089497 
0.044708 0.032470 
0.071836 -0.025773 
0.098422 -0.079836 
0.123790 -0.130270 
0.145198 -0.177172 
0.161134 -0.214129 
0.171713 -0.236407 
0.173495 -0.243706 
0.162977 -0.236792 
0.142886 -0.217307 
0.112457 -0.190434 
0.073157 -0.159192 
0.021447 -0.122788 
-0.036915 -0.085576 
-0.095590 -0.050196 
-0.151060 -0.018332 
-0.200903 0.012385 
-0.237344 0.040940 
-0.250229 0.070460 
-0.237899 0.097394 
-0.207460 0.122160 
-0.165013 0.144779 
-0.113806 0.164328 
-0.057606 0.174213 
-0.001254 0.175621 
0.046993 0.166523 
0.087222 0.149543 
0.124457 0.120901 
0.159487 0.079016 
0.186625 0.027871 
0.203745 -0.027787 
0.217303 -0.086129 
0.229344 -0.146376 
0.232508 -0.197655 
0.222834 -0.233329 
0.203092 -0.244234 
0.176039 -0.235321 
0.139287 -0.209562 
0.089497 -0.169346 
0.032470 -0.114452 
-0.025773 -0.058177 
-0.079836 -0.007870 
-0.130270 0.037176 
-0.177172 0.082551 
-0.214129 0.123883 
-0.236407 0.155606 
-0.243706 0.179673 
-0.236792 0.200419 
-0.217307 0.221118 
-0.190434 0.232456 
-0.159192 0.233910 
-0.122788 0.224820 
-0.085576 0.209329 
-0.050196 0.186105 
-0.018332 0.146507 
0.012385 0.095164 
0.040940 0.040863 
0.070460 -0.013432 
0.097394 -0.067331 
0.122160 -0.119953 
0.144779 -0.167277 
0.164328 -0.204106 
0.174213 -0.227530 
0.175621 -0.234654 
0.166523 -0.227999 
0.149543 -0.211670 
0.120901 -0.187524 
0.079016 -0.156845 
0.027871 -0.121603 
-0.027787 -0.085034 
-0.086129 -0.050867 
-0.146376 -0.019436 
-0.197655 0.010246 
-0.233329 0.039053 
-0.244234 0.067561 
-0.235321 0.094375 
-0.209562 0.120119 
-0.169346 0.143681 
-0.114452 0.160984 
-0.058177 0.170312 
-0.007870 0.172846 
0.037176 0.167715 
0.082551 0.150266 
0.123883 0.121446 
0.155606 0.081367 
0.179673 0.033304 
0.200419 -0.023251 
0.221118 -0.084688 
0.232456 -0.147249 
0.233910 -0.197311 
0.224820 -0.227995 
0.209329 -0.241943 
0.186105 -0.239507 
0.146507 -0.214246 
0.095164 -0.170426 
0.040863 -0.118748 
-0.013432 -0.069227 
-0.067331 -0.020825 
-0.119953 0.029008 
-0.167277 0.076328 
-0.204106 0.113487 
-0.227530 0.144143 
-0.234654 0.171471 
-0.227999 0.196314 
-0.211670 0.216490 
-0.187524 0.225963 
-0.156845 0.226837 
-0.121603 0.223147 
-0.085034 0.210724 
-0.050867 0.183631 
-0.019436 0.142484 
0.010246 0.095044 
0.039053 0.044194 
0.067561 -0.009679 
0.094375 -0.064740 
0.120119 -0.118266 
0.143681 -0.166889 
0.160984 -0.203771 
0.170312 -0.227883 
0.172846 -0.234601 
0.167715 -0.229742 
0.150266 -0.215531 
0.121446 -0.192559 
0.081367 -0.161434 
0.033304 -0.126387 
-0.023251 -0.091277 
-0.084688 -0.058041 
-0.147249 -0.027025 
-0.197311 0.003427 
-0.227995 0.032704 
-0.241943 0.059851 
-0.239507 0.089790 
-0.214246 0.117138 
-0.170426 0.138659 
-0.118748 0.156122 
-0.069227 0.167510 
-0.020825 0.172457 
0.029008 0.166640 
0.076328 0.150051 
0.113487 0.121722 
0.144143 0.084354 
0.171471 0.038259 
0.196314 -0.022157 
0.216490 -0.087186 
0.225963 -0.143832 
0.226837 -0.191022 
0.223147 -0.226118 
0.210724 -0.245167 
0.183631 -0.239294 
0.142484 -0.210671 
0.095044 -0.169099 
0.044194 -0.124330 
-0.009679 -0.075446 
-0.064740 -0.023762 
-0.118266 0.028682 
-0.166889 0.071955 
-0.203771 0.109191 
-0.227883 0.142931 
-0.234601 0.174529 
-0.229742 0.198787 
-0.215531 0.215417 
-0.192559 0.227102 
-0.161434 0.233757 
-0.126387 0.230747 
-0.091277 0.216295 
-0.058041 0.188640 
-0.027025 0.149225 
0.003427 0.103219 
0.032704 0.054113 
0.059851 0.000920 
0.089790 -0.055813 
0.117138 -0.111097 
0.138659 -0.159730 
0.156122 -0.197175 
0.167510 -0.221025 
0.172457 -0.230360 
0.166640 -0.227793 
0.150051 -0.215284 
0.121722 -0.192288 
0.084354 -0.161235 
0.038259 -0.128139 
-0.022157 -0.094218 
-0.087186 -0.060538 
-0.143832 -0.029237 
-0.191022 0.000134 
-0.226118 0.030442 
-0.245167 0.060890 
-0.239294 0.090290 
-0.210671 0.116646 
-0.169099 0.138147 
-0.124330 0.156592 
-0.075446 0.172140 
-0.023762 0.176815 
0.028682 0.168484 
0.071955 0.153694 
0.109191 0.131631 
0.142931 0.095009 
0.174529 0.043256 
0.198787 -0.017416 
0.215417 -0.076493 
0.227102 -0.132493 
0.233757 -0.184856 
0.230747 -0.225153 
0.216295 -0.241707 
0.188640 -0.234284 
0.149225 -0.209108 
0.103219 -0.174117 
0.054113 -0.131408 
0.000920 -0.080400 
-0.055813 -0.027868 
-0.111097 0.019141 
-0.159730 0.060818 
-0.197175 0.101339 
-0.221025 0.138101 
-0.230360 0.167346 
-0.227793 0.190810 
-0.215284 0.209385 
-0.192288 0.224066 
-0.161235 0.232876 
-0.128139 0.229687 
-0.094218 0.214585 
-0.060538 0.187865 
-0.029237 0.151806 
0.000134 0.108108 
0.030442 0.060500 
0.060890 0.006472 
0.090290 -0.050509 
0.116646 -0.107965 
0.138147 -0.156257 
0.156592 -0.192273 
0.172140 -0.216936 
0.176815 -0.228540 
0.168484 -0.228386 
0.153694 -0.215214 
0.131631 -0.194996 
0.095009 -0.165663 
0.043256 -0.131575 
-0.017416 -0.098359 
-0.076493 -0.066628 
-0.132493 -0.035648 
-0.184856 -0.007184 
-0.225153 0.025311 
-0.241707 0.058045 
-0.234284 0.085130 
-0.209108 0.108735 
-0.174117 0.134327 
-0.131408 0.157594 
-0.080400 0.169856 
-0.027868 0.171551 
0.019141 0.168050 
0.060818 0.158808 
0.101339 0.136278 
0.138101 0.095665 
0.167346 0.045777 
0.190810 -0.009760 
0.209385 -0.069118 
0.224066 -0.129652 
0.232876 -0.184181 
0.229687 -0.221611 
0.214585 -0.236258 
0.187865 -0.230766 
0.151806 -0.212253 
0.108108 -0.179026 
0.060500 -0.133131 
0.006472 -0.083222 
-0.050509 -0.034084 
-0.107965 0.011808 
-0.156257 0.055951 
-0.192273 0.098305 
-0.216936 0.133237 
-0.228540 0.161697 
-0.228386 0.186182 
-0.215214 0.208119 
-0.194996 0.226054 
-0.165663 0.233998 
-0.131575 0.230136 
-0.098359 0.214594 
-0.066628 0.189687 
-0.035648 0.155211 
-0.007184 0.114350 
0.025311 0.067234 
0.058045 0.011573 
0.085130 -0.047019 
0.108735 -0.101018 
0.134327 -0.148246 
0.157594 -0.186976 
0.169856 -0.212299 
0.171551 -0.224519 
0.168050 -0.226119 
0.158808 -0.215431 
0.136278 -0.194178 
0.095665 -0.165832 
0.045777 -0.131839 
-0.009760 -0.100491 
-0.069118 -0.071632 
-0.129652 -0.041522 
-0.184181 -0.008277 
-0.221611 0.024721 
-0.236258 0.052405 
-0.230766 0.078152 
-0.212253 0.106766 
-0.179026 0.134163 
-0.133131 0.152162 
-0.083222 0.163209 
-0.034084 0.170058 
0.011808 0.172346 
0.055951 0.162213 
0.098305 0.134811 
0.133237 0.095503 
0.161697 0.049739 
0.186182 -0.004118 
0.208119 -0.067813 
0.226054 -0.129677 
0.233998 -0.180499 
0.230136 -0.214839 
0.214594 -0.233385 
0.189687 -0.232678 
0.155211 -0.213641 
0.114350 -0.179171 
0.067234 -0.135965 
0.011573 -0.090043 
-0.047019 -0.043511 
-0.101018 0.004796 
-0.148246 0.051755 
-0.186976 0.092920 
-0.212299 0.125386 
-0.224519 0.154844 
-0.226119 0.182184 
-0.215431 0.207455 
-0.194178 0.224937 
-0.165832 0.232348 
-0.131839 0.229167 
-0.100491 0.214347 
-0.071632 0.191301 
-0.041522 0.160816 
-0.008277 0.120348 
0.024721 0.071910 
0.052405 0.016109 
0.078152 -0.041123 
0.106766 -0.095622 
0.134163 -0.144385 
0.152162 -0.183480 
0.163209 -0.209206 
0.170058 -0.222176 
0.172346 -0.224496 
0.162213 -0.215451 
0.134811 -0.193742 
0.095503 -0.164439 
0.049739 -0.134950 
-0.004118 -0.107314 
-0.067813 -0.076676 
-0.129677 -0.042048 
-0.180499 -0.010048 
-0.214839 0.018848 
-0.233385 0.048132 
-0.232678 0.078664 
-0.213641 0.107046 
-0.179171 0.131612 
-0.135965 0.150580 
-0.090043 0.165467 
-0.043511 0.176506 
0.004796 0.178084 
0.051755 0.162472 
0.092920 0.137779 
0.125386 0.105496 
0.154844 0.060245 
0.182184 0.001418 
0.207455 -0.062819 
0.224937 -0.122242 
0.232348 -0.172210 
0.229167 -0.210452 
0.214347 -0.230854 
0.191301 -0.230662 
0.160816 -0.211719 
0.120348 -0.179348 
0.071910 -0.139726 
0.016109 -0.096083 
-0.041123 -0.047764 
-0.095622 0.002354 
-0.144385 0.047039 
-0.183480 0.085028 
-0.209206 0.118674 
-0.222176 0.150722 
-0.224496 0.179697 
-0.215451 0.206137 
-0.193742 0.224276 
-0.164439 0.231161 
-0.134950 0.227583 
-0.107314 0.216185 
-0.076676 0.195346 
-0.042048 0.165876 
-0.010048 0.126573 
0.018848 0.076902 
0.048132 0.020526 
0.078664 -0.035704 
0.107046 -0.089606 
0.131612 -0.138313 
0.150580 -0.178013 
0.165467 -0.204793 
0.176506 -0.222265 
0.178084 -0.226506 
0.162472 -0.214662 
0.137779 -0.192241 
0.105496 -0.168278 
0.060245 -0.142656 
0.001418 -0.113184 
-0.062819 -0.080466 
-0.122242 -0.048771 
-0.172210 -0.019728 
-0.210452 0.010068 
-0.230854 0.042765 
-0.230662 0.074064 
-0.211719 0.099775 
-0.179348 0.122122 
-0.139726 0.144021 
-0.096083 0.163816 
-0.047764 0.174351 
0.002354 0.171619 
0.047039 0.160762 
0.085028 0.140701 
0.118674 0.107702 
0.150722 0.061524 
0.179697 0.001910 
0.206137 -0.059766 
0.224276 -0.118174 
0.231161 -0.169829 
0.227583 -0.209852 
0.216185 -0.230304 
0.195346 -0.229451 
0.165876 -0.211496 
0.126573 -0.184255 
0.076902 -0.147979 
0.020526 -0.102476 
-0.035704 -0.053346 
-0.089606 -0.005313 
-0.138313 0.039009 
-0.178013 0.076407 
-0.204793 0.110418 
-0.222265 0.145679 
-0.226506 0.177460 
-0.214662 0.203447 
-0.192241 0.221218 
-0.168278 0.227817 
-0.142656 0.226090 
-0.113184 0.217460 
-0.080466 0.200353 
-0.048771 0.171682 
-0.019728 0.130890 
0.010068 0.082719 
0.042765 0.029170 
0.074064 -0.027556 
0.099775 -0.081854 
0.122122 -0.128338 
0.144021 -0.167583 
0.163816 -0.199745 
0.174351 -0.217589 
0.171619 -0.218866 
0.160762 -0.206993 
0.140701 -0.189406 
0.107702 -0.168221 
0.061524 -0.142235 
0.001910 -0.111713 
-0.059766 -0.079396 
-0.118174 -0.051380 
-0.169829 -0.021160 
-0.209852 0.012423 
-0.230304 0.044411 
-0.229451 0.070083 
-0.211496 0.094596 
-0.184255 0.123075 
-0.147979 0.148487 
-0.102476 0.164800 
-0.053346 0.172123 
-0.005313 0.173203 
0.039009 0.165774 
0.076407 0.146984 
0.110418 0.112671 
0.145679 0.065021 
0.177460 0.007710 
0.203447 -0.051267 
0.221218 -0.111347 
0.227817 -0.166797 
0.226090 -0.205300 
0.217460 -0.222086 
0.200353 -0.223650 
0.171682 -0.210615 
0.130890 -0.186269 
0.082719 -0.149545 
0.029170 -0.103321 
-0.027556 -0.053193 
-0.081854 -0.008083 
-0.128338 0.033294 
-0.167583 0.071780 
-0.199745 0.106957 
-0.217589 0.143254 
-0.218866 0.176362 
-0.206993 0.202755 
-0.189406 0.217844 
-0.168221 0.225139 
-0.142235 0.226058 
-0.111713 0.219679 
-0.079396 0.202598 
-0.051380 0.174834 
-0.021160 0.135096 
0.012423 0.085526 
0.044411 0.031407 
0.070083 -0.021692 
0.094596 -0.074365 
0.123075 -0.123868 
0.148487 -0.167031 
0.164800 -0.198152 
0.172123 -0.213885 
0.173203 -0.215133 
0.165774 -0.208653 
0.146984 -0.194389 
0.112671 -0.172037 
0.065021 -0.142973 
0.007710 -0.116056 
-0.051267 -0.089100 
-0.111347 -0.058492 
-0.166797 -0.023151 
-0.205300 0.009566 
-0.222086 0.035806 
-0.223650 0.061815 
-0.210615 0.091264 
-0.186269 0.119949 
-0.149545 0.143489 
-0.103321 0.157934 
-0.053193 0.168142 
-0.008083 0.172584 
0.033294 0.166237 
0.071780 0.144677 
0.106957 0.110575 
0.143254 0.065727 
0.176362 0.011694 
0.202755 -0.051727 
0.217844 -0.114221 
0.225139 -0.165722 
0.226058 -0.202059 
0.219679 -0.222317 
0.202598 -0.226407 
0.174834 -0.217139 
0.135096 -0.193519 
0.085526 -0.153570 
0.031407 -0.108249 
-0.021692 -0.062026 
-0.074365 -0.016889 
-0.123868 0.023951 
-0.167031 0.061864 
-0.198152 0.100941 
-0.213885 0.140686 
-0.215133 0.174036 
-0.208653 0.198108 
-0.194389 0.215087 
-0.172037 0.225839 
-0.142973 0.227328 
-0.116056 0.221717 
-0.089100 0.207343 
-0.058492 0.179833 
-0.023151 0.139057 
0.009566 0.090676 
0.035806 0.039293 
0.061815 -0.013237 
0.091264 -0.067015 
0.119949 -0.120147 
0.143489 -0.163777 
0.157934 -0.191769 
0.168142 -0.207683 
0.172584 -0.213703 
0.166237 -0.210122 
0.144677 -0.193669 
0.110575 -0.170873 
0.065727 -0.146421 
0.011694 -0.121660 
-0.051727 -0.092456 
-0.114221 -0.057372 
-0.165722 -0.023715 
-0.202059 0.004422 
-0.222317 0.031165 
-0.226407 0.060187 
-0.217139 0.092542 
-0.193519 0.119942 
-0.153570 0.140126 
-0.108249 0.157933 
-0.062026 0.172647 
-0.016889 0.177294 
0.023951 0.168407 
0.061864 0.150018 
0.100941 0.119221 
0.140686 0.074617 
0.174036 0.018395 
0.198108 -0.045179 
0.215087 -0.105747 
0.225839 -0.155918 
0.227328 -0.193064 
0.221717 -0.216201 
0.207343 -0.224132 
0.179833 -0.215045 
0.139057 -0.190201 
0.090676 -0.153252 
0.039293 -0.109136 
-0.013237 -0.063348 
-0.067015 -0.021658 
-0.120147 0.017596 
-0.163777 0.058316 
-0.191769 0.098186 
-0.207683 0.137082 
-0.213703 0.169925 
-0.210122 0.194457 
-0.193669 0.211773 
-0.170873 0.222327 
-0.146421 0.226690 
-0.121660 0.224082 
-0.092456 0.209934 
-0.057372 0.181076 
-0.023715 0.140774 
0.004422 0.095973 
0.031165 0.048291 
0.060187 -0.005514 
0.092542 -0.063091 
0.119942 -0.116209 
0.140126 -0.155766 
0.157933 -0.185302 
0.172647 -0.205594 
0.177294 -0.213032 
0.168407 -0.206316 
0.150018 -0.191150 
0.119221 -0.173861 
0.074617 -0.152520 
0.018395 -0.126453 
-0.045179 -0.094792 
-0.105747 -0.061430 
-0.155918 -0.032477 
-0.193064 -0.004900 
-0.216201 0.024323 
-0.224132 0.056202 
-0.215045 0.085134 
-0.190201 0.111026 
-0.153252 0.134450 
-0.109136 0.156453 
-0.063348 0.169031 
-0.021658 0.171963 
0.017596 0.165448 
0.058316 0.150286 
0.098186 0.120579 
0.137082 0.075366 
0.169925 0.016699 
0.194457 -0.046082 
0.211773 -0.102453 
0.222327 -0.151841 
0.226690 -0.192345 
0.224082 -0.217032 
0.209934 -0.225157 
0.181076 -0.218682 
0.140774 -0.194500 
0.095973 -0.155869 
0.048291 -0.113873 
-0.005514 -0.073335 
-0.063091 -0.031960 
-0.116209 0.009018 
-0.155766 0.050966 
-0.185302 0.092719 
-0.205594 0.131630 
-0.213032 0.164207 
-0.206316 0.188691 
-0.191150 0.206549 
-0.173861 0.220239 
-0.152520 0.228345 
-0.126453 0.227679 
-0.094792 0.210214 
-0.061430 0.181134 
-0.032477 0.145985 
-0.004900 0.105858 
0.024323 0.055919 
0.056202 -0.002002 
0.085134 -0.057584 
0.111026 -0.107820 
0.134450 -0.148703 
0.156453 -0.181614 
0.169031 -0.200807 
0.171963 -0.206209 
0.165448 -0.199631 
0.150286 -0.190291 
0.120579 -0.176244 
0.075366 -0.153626 
0.016699 -0.123374 
-0.046082 -0.092045 
-0.102453 -0.064683 
-0.151841 -0.036125 
-0.192345 -0.004675 
-0.217032 0.025577 
-0.225157 0.055035 
-0.218682 0.082728 
-0.194500 0.110192 
-0.155869 0.136382 
-0.113873 0.156598 
-0.073335 0.168284 
-0.031960 0.172797 
0.009018 0.170878 
0.050966 0.156808 
0.092719 0.125052 
0.131630 0.077146 
0.164207 0.020785 
0.188691 -0.038910 
0.206549 -0.096705 
0.220239 -0.145678 
0.228345 -0.185963 
0.227679 -0.214909 
0.210214 -0.225985 
0.181134 -0.215825 
0.145985 -0.190560 
0.105858 -0.155786 
0.055919 -0.118709 
-0.002002 -0.079241 
-0.057584 -0.038629 
-0.107820 0.003911 
-0.148703 0.047004 
-0.181614 0.090258 
-0.200807 0.129005 
-0.206209 0.159782 
-0.199631 0.182838 
-0.190291 0.203324 
-0.176244 0.221833 
-0.153626 0.230584 
-0.123374 0.224735 
-0.092045 0.208600 
-0.064683 0.184641 
-0.036125 0.152548 
-0.004675 0.109181 
0.025577 0.058552 
0.055035 0.004287 
0.082728 -0.050826 
0.110192 -0.101918 
0.136382 -0.146028 
0.156598 -0.179014 
0.168284 -0.196272 
0.172797 -0.199431 
0.170878 -0.199931 
0.156808 -0.195144 
0.125052 -0.179000 
0.077146 -0.153340 
0.020785 -0.126254 
-0.038910 -0.099013 
-0.096705 -0.069537 
-0.145678 -0.039856 
-0.185963 -0.009258 
-0.214909 0.019360 
-0.225985 0.047467 
-0.215825 0.078319 
-0.190560 0.108376 
-0.155786 0.133197 
-0.118709 0.150165 
-0.079241 0.163876 
-0.038629 0.174600 
0.003911 0.175231 
0.047004 0.157992 
0.090258 0.125856 
0.129005 0.079463 
0.159782 0.023551 
0.182838 -0.034528 
0.203324 -0.088791 
0.221833 -0.141707 
0.230584 -0.185830 
0.224735 -0.215102 
0.208600 -0.224106 
0.184641 -0.215657 
0.152548 -0.191830 
0.109181 -0.160159 
0.058552 -0.124801 
0.004287 -0.087153 
-0.050826 -0.046583 
-0.101918 -0.004034 
-0.146028 0.041131 
-0.179014 0.084977 
-0.196272 0.121108 
-0.199431 0.149476 
-0.199931 0.176919 
-0.195144 0.202468 
-0.179000 0.219373 
-0.153340 0.226513 
-0.126254 0.222966 
-0.099013 0.210325 
-0.069537 0.187719 
-0.039856 0.155683 
-0.009258 0.113630 
0.019360 0.063758 
0.047467 0.012107 
0.078319 -0.043959 
0.108376 -0.098291 
0.133197 -0.141725 
0.150165 -0.168619 
0.163876 -0.186038 
0.174600 -0.197265 
0.175231 -0.201392 
0.157992 -0.194002 
0.125856 -0.176491 
0.079463 -0.154386 
0.023551 -0.129221 
-0.034528 -0.102597 
-0.088791 -0.071568 
-0.141707 -0.041230 
-0.185830 -0.014304 
-0.215102 0.013050 
-0.224106 0.045735 
-0.215657 0.078564 
-0.191830 0.105679 
-0.160159 0.128282 
-0.124801 0.148266 
-0.087153 0.164734 
-0.046583 0.175694 
-0.004034 0.175887 
0.041131 0.160720 
0.084977 0.126496 
0.121108 0.080795 
0.149476 0.028492 
0.176919 -0.026041 
0.202468 -0.081965 
0.219373 -0.136471 
0.226513 -0.181356 
0.222966 -0.210820 
0.210325 -0.220198 
0.187719 -0.211589 
0.155683 -0.191533 
0.113630 -0.162463 
0.063758 -0.128396 
0.012107 -0.093711 
-0.043959 -0.054191 
-0.098291 -0.006801 
-0.141725 0.039226 
-0.168619 0.077178 
-0.186038 0.112244 
-0.197265 0.144979 
-0.201392 0.174474 
-0.194002 0.199721 
-0.176491 0.215917 
-0.154386 0.221577 
-0.129221 0.221531 
-0.102597 0.212155 
-0.071568 0.189271 
-0.041230 0.156250 
-0.014304 0.117234 
0.013050 0.071155 
0.045735 0.015872 
0.078564 -0.043666 
0.105679 -0.095521 
0.128282 -0.133621 
0.148266 -0.161624 
0.164734 -0.183452 
0.175694 -0.197135 
0.175887 -0.199760 
0.160720 -0.190735 
0.126496 -0.174661 
0.080795 -0.156640 
0.028492 -0.132786 
-0.026041 -0.101787 
-0.081965 -0.071935 
-0.136471 -0.046715 
-0.181356 -0.019805 
-0.210820 0.011498 
-0.220198 0.044532 
-0.211589 0.074678 
-0.191533 0.101269 
-0.162463 0.124635 
-0.128396 0.146029 
-0.093711 0.167023 
-0.054191 0.178671 
-0.006801 0.179397 
0.039226 0.161625 
0.077178 0.127716 
0.112244 0.085591 
0.144979 0.036016 
0.174474 -0.018677 
0.199721 -0.077470 
0.215917 -0.134243 
0.221577 -0.179031 
0.221531 -0.207985 
0.212155 -0.217269 
0.189271 -0.209208 
0.156250 -0.189493 
0.117234 -0.165391 
0.071155 -0.136299 
0.015872 -0.098782 
-0.043666 -0.055412 
-0.095521 -0.010312 
-0.133621 0.031803 
-0.161624 0.070051 
-0.183452 0.106602 
-0.197135 0.141776 
-0.199760 0.173135 
-0.190735 0.196014 
-0.174661 0.211688 
-0.156640 0.222967 
-0.132786 0.225188 
-0.101787 0.212065 
-0.071935 0.190658 
-0.046715 0.162804 
-0.019805 0.125858 
0.011498 0.076237 
0.044532 0.017709 
0.074678 -0.037932 
0.101269 -0.086196 
0.124635 -0.123521 
0.146029 -0.155614 
0.167023 -0.180822 
0.178671 -0.193460 
0.179397 -0.194840 
0.161625 -0.189816 
0.127716 -0.177871 
0.085591 -0.156722 
0.036016 -0.129635 
-0.018677 -0.102275 
-0.077470 -0.075842 
-0.134243 -0.049102 
-0.179031 -0.020143 
-0.207985 0.011977 
-0.217269 0.043234 
-0.209208 0.072610 
-0.189493 0.097956 
-0.165391 0.122950 
-0.136299 0.147386 
-0.098782 0.168251 
-0.055412 0.181223 
-0.010312 0.179373 
0.031803 0.160828 
0.070051 0.129978 
0.106602 0.090950 
0.141776 0.042259 
0.173135 -0.015439 
0.196014 -0.074880 
0.211688 -0.130518 
0.222967 -0.177404 
0.225188 -0.206474 
0.212065 -0.214009 
0.190658 -0.208935 
0.162804 -0.194308 
0.125858 -0.173988 
0.076237 -0.144178 
0.017709 -0.104937 
-0.037932 -0.060985 
-0.086196 -0.019113 
-0.123521 0.019291 
-0.155614 0.058787 
-0.180822 0.099461 
-0.193460 0.134094 
-0.194840 0.162482 
-0.189816 0.186987 
-0.177871 0.208021 
-0.156722 0.218348 
-0.129635 0.217416 
-0.102275 0.209373 
-0.075842 0.192364 
-0.049102 0.166929 
-0.020143 0.127978 
0.011977 0.074322 
0.043234 0.018453 
0.072610 -0.031746 
0.097956 -0.077743 
0.122950 -0.121009 
0.147386 -0.154323 
0.168251 -0.176054 
0.181223 -0.190105 
0.179373 -0.196284 
0.160828 -0.192702 
0.129978 -0.178785 
0.090950 -0.156814 
0.042259 -0.131416 
-0.015439 -0.107418 
-0.074880 -0.082304 
-0.130518 -0.054797 
-0.177404 -0.023643 
-0.206474 0.008023 
-0.214009 0.038034 
-0.208935 0.066087 
-0.194308 0.092442 
-0.173988 0.119471 
-0.144178 0.147154 
-0.104937 0.170007 
-0.060985 0.181124 
-0.019113 0.176919 
0.019291 0.161562 
0.058787 0.134830 
0.099461 0.095667 
0.134094 0.048647 
0.162482 -0.008468 
0.186987 -0.070420 
0.208021 -0.127806 
0.218348 -0.172504 
0.217416 -0.197366 
0.209373 -0.206303 
0.192364 -0.205123 
0.166929 -0.196282 
0.127978 -0.176523 
0.074322 -0.144183 
0.018453 -0.104436 
-0.031746 -0.064926 
-0.077743 -0.026542 
-0.121009 0.015397 
-0.154323 0.058329 
-0.176054 0.095628 
-0.190105 0.129421 
-0.196284 0.161413 
-0.192702 0.188622 
-0.178785 0.207283 
-0.156814 0.217132 
-0.131416 0.216988 
-0.107418 0.212167 
-0.082304 0.200703 
-0.054797 0.172849 
-0.023643 0.129551 
0.008023 0.080518 
0.038034 0.027931 
0.066087 -0.024339 
0.092442 -0.073382 
0.119471 -0.113327 
0.147154 -0.145006 
0.170007 -0.169143 
0.181124 -0.187058 
0.176919 -0.194779 
0.161562 -0.189407 
0.134830 -0.174596 
0.095667 -0.153530 
0.048647 -0.132361 
-0.008468 -0.110469 
-0.070420 -0.084422 
-0.127806 -0.055803 
-0.172504 -0.024193 
-0.197366 0.006172 
-0.206303 0.035316 
-0.205123 0.060611 
-0.196282 0.089149 
-0.176523 0.120227 
-0.144183 0.147319 
-0.104436 0.168439 
-0.064926 0.178736 
-0.026542 0.176842 
0.015397 0.162412 
0.058329 0.136782 
0.095628 0.100852 
0.129421 0.052936 
0.161413 -0.006483 
0.188622 -0.068905 
0.207283 -0.127301 
0.217132 -0.168057 
0.216988 -0.192159 
0.212167 -0.204704 
0.200703 -0.209556 
0.172849 -0.201615 
0.129551 -0.178284 
0.080518 -0.147098 
0.027931 -0.112262 
-0.024339 -0.072670 
-0.073382 -0.031022 
-0.113327 0.010061 
-0.145006 0.049584 
-0.169143 0.087928 
-0.187058 0.124659 
-0.194779 0.158672 
-0.189407 0.186499 
-0.174596 0.201471 
-0.153530 0.211308 
-0.132361 0.219599 
-0.110469 0.218805 
-0.084422 0.203506 
-0.055803 0.171736 
-0.024193 0.132829 
0.006172 0.085839 
0.035316 0.033201 
0.060611 -0.019058 
0.089149 -0.066462 
0.120227 -0.106160 
0.147319 -0.138295 
0.168439 -0.166778 
0.178736 -0.187157 
0.176842 -0.194029 
0.162412 -0.187085 
0.136782 -0.174242 
0.100852 -0.157074 
0.052936 -0.136283 
-0.006483 -0.114057 
-0.068905 -0.088715 
-0.127301 -0.057120 
-0.168057 -0.025229 
-0.192159 0.002387 
-0.204704 0.028644 
-0.209556 0.056152 
-0.201615 0.086383 
-0.178284 0.117756 
-0.147098 0.145170 
-0.112262 0.166076 
-0.072670 0.176422 
-0.031022 0.175278 
0.010061 0.162757 
0.049584 0.140624 
0.087928 0.106030 
0.124659 0.057631 
0.158672 -0.004955 
0.186499 -0.067817 
0.201471 -0.120413 
0.211308 -0.158310 
0.219599 -0.186978 
0.218805 -0.204168 
0.203506 -0.207396 
0.171736 -0.199582 
0.132829 -0.178851 
0.085839 -0.150122 
0.033201 -0.115613 
-0.019058 -0.077094 
-0.066462 -0.034511 
-0.106160 0.005645 
-0.138295 0.042952 
-0.166778 0.083793 
-0.187157 0.125048 
-0.194029 0.157051 
-0.187085 0.178192 
-0.174242 0.195786 
-0.157074 0.213825 
-0.136283 0.222115 
-0.114057 0.219310 
-0.088715 0.203459 
-0.057120 0.175512 
-0.025229 0.136523 
0.002387 0.088266 
0.028644 0.036221 
0.056152 -0.015406 
0.086383 -0.060156 
0.117756 -0.099780 
0.145170 -0.137532 
0.166076 -0.168002 
0.176422 -0.184345 
0.175278 -0.190964 
0.162757 -0.186035 
0.140624 -0.173139 
0.106030 -0.158723 
0.057631 -0.141759 
-0.004955 -0.118307 
-0.067817 -0.088914 
-0.120413 -0.058870 
-0.158310 -0.030419 
-0.186978 -0.004357 
-0.204168 0.022709 
-0.207396 0.052532 
-0.199582 0.084952 
-0.178851 0.117254 
-0.150122 0.144868 
-0.115613 0.164713 
-0.077094 0.175354 
-0.034511 0.175193 
0.005645 0.166076 
0.042952 0.147972 
0.083793 0.112362 
0.125048 0.057915 
0.157051 -0.003535 
0.178192 -0.060793 
0.195786 -0.111465 
0.213825 -0.152586 
0.222115 -0.183343 
0.219310 -0.202118 
0.203459 -0.207104 
0.175512 -0.199087 
0.136523 -0.181725 
0.088266 -0.154562 
0.036221 -0.118095 
-0.015406 -0.080130 
-0.060156 -0.043710 
-0.099780 -0.005629 
-0.137532 0.038487 
-0.168002 0.083116 
-0.184345 0.120362 
-0.190964 0.146758 
-0.186035 0.171526 
-0.173139 0.192989 
-0.158723 0.211738 
-0.141759 0.221065 
-0.118307 0.218742 
-0.088914 0.204580 
-0.058870 0.179336 
-0.030419 0.139121 
-0.004357 0.090002 
0.022709 0.041211 
0.052532 -0.005943 
0.084952 -0.052577 
0.117254 -0.093099 
0.144868 -0.131270 
0.164713 -0.162450 
0.175354 -0.181298 
0.175193 -0.185635 
0.166076 -0.180200 
0.147972 -0.172441 
0.112362 -0.160983 
0.057915 -0.142715 
-0.003535 -0.118418 
-0.060793 -0.088768 
-0.111465 -0.059001 
-0.152586 -0.031957 
-0.183343 -0.007846 
-0.202118 0.020166 
-0.207104 0.052288 
-0.199087 0.084602 
-0.181725 0.117992 
-0.154562 0.145413 
-0.118095 0.162882 
-0.080130 0.173377 
-0.043710 0.179210 
-0.005629 0.175474 
0.038487 0.154240 
0.083116 0.115075 
0.120362 0.061017 
0.146758 0.002897 
0.171526 -0.051750 
0.192989 -0.102995 
0.211738 -0.147302 
0.221065 -0.179125 
0.218742 -0.196868 
0.204580 -0.204512 
0.179336 -0.200956 
0.139121 -0.183770 
0.090002 -0.154127 
0.041211 -0.120894 
-0.005943 -0.088953 
-0.052577 -0.052626 
-0.093099 -0.009991 
-0.131270 0.036291 
-0.162450 0.077208 
-0.181298 0.111682 
-0.185635 0.138909 
-0.180200 0.166103 
-0.172441 0.191276 
-0.160983 0.207830 
-0.142715 0.217882 
-0.118418 0.219735 
-0.088768 0.206105 
-0.059001 0.176863 
-0.031957 0.138021 
-0.007846 0.093294 
0.020166 0.046136 
0.052288 -0.000048 
0.084602 -0.046386 
0.117992 -0.090670 
0.145413 -0.131045 
0.162882 -0.161708 
0.173377 -0.177288 
0.179210 -0.182700 
0.175474 -0.181280 
0.154240 -0.177211 
0.115075 -0.165469 
0.061017 -0.145932 
0.002897 -0.119257 
-0.051750 -0.090937 
-0.102995 -0.065484 
-0.147302 -0.039822 
-0.179125 -0.013991 
-0.196868 0.012915 
-0.204512 0.046204 
-0.200956 0.083799 
-0.183770 0.114609 
-0.154127 0.137182 
-0.120894 0.156183 
-0.088953 0.172176 
-0.052626 0.181408 
-0.009991 0.177739 
0.036291 0.154184 
0.077208 0.112881 
0.111682 0.063299 
0.138909 0.008622 
0.166103 -0.047253 
0.191276 -0.099752 
0.207830 -0.141571 
0.217882 -0.172440 
0.219735 -0.195383 
0.206105 -0.206064 
0.176863 -0.199408 
0.138021 -0.179690 
0.093294 -0.154539 
0.046136 -0.126475 
-0.000048 -0.094487 
-0.046386 -0.055049 
-0.090670 -0.009466 
-0.131045 0.034528 
-0.161708 0.073065 
-0.177288 0.106503 
-0.182700 0.137353 
-0.181280 0.164376 
-0.177211 0.189630 
-0.165469 0.210660 
-0.145932 0.223289 
-0.119257 0.224207 
-0.090937 0.210263 
-0.065484 0.181743 
-0.039822 0.143641 
-0.013991 0.100197 
0.012915 0.056186 
0.046204 0.010155 
0.083799 -0.039263 
0.114609 -0.085345 
0.137182 -0.125474 
0.156183 -0.154132 
0.172176 -0.170060 
0.181408 -0.177535 
0.177739 -0.180850 
0.154184 -0.178700 
0.112881 -0.165140 
0.063299 -0.145204 
0.008622 -0.120678 
-0.047253 -0.092570 
-0.099752 -0.067771 
-0.141571 -0.046495 
-0.172440 -0.022307 
-0.195383 0.010604 
-0.206064 0.047452 
-0.199408 0.081164 
-0.179690 0.108397 
-0.154539 0.130787 
-0.126475 0.152960 
-0.094487 0.174217 
-0.055049 0.184977 
-0.009466 0.177997 
0.034528 0.152659 
0.073065 0.115182 
0.106503 0.068288 
0.137353 0.011902 
0.164376 -0.043723 
0.189630 -0.091606 
0.210660 -0.133944 
0.223289 -0.169879 
0.224207 -0.194746 
0.210263 -0.203079 
0.181743 -0.195616 
0.143641 -0.178310 
0.100197 -0.159504 
0.056186 -0.134488 
0.010155 -0.099351 
-0.039263 -0.057722 
-0.085345 -0.015993 
-0.125474 0.026911 
-0.154132 0.065832 
-0.170060 0.099466 
-0.177535 0.129939 
-0.180850 0.158411 
-0.178700 0.185073 
-0.165140 0.207739 
-0.145204 0.221640 
-0.120678 0.222393 
-0.092570 0.206441 
-0.067771 0.177770 
-0.046495 0.143178 
-0.022307 0.103636 
0.010604 0.060400 
0.047452 0.012005 
0.081164 -0.037079 
0.108397 -0.084569 
0.130787 -0.122828 
0.152960 -0.148820 
0.174217 -0.167021 
0.184977 -0.178377 
0.177997 -0.181257 
0.152659 -0.178596 
0.115182 -0.166881 
0.068288 -0.145735 
0.011902 -0.120022 
-0.043723 -0.096777 
-0.091606 -0.075939 
-0.133944 -0.053501 
-0.169879 -0.025508 
-0.194746 0.009576 
-0.203079 0.045764 
-0.195616 0.075551 
-0.178310 0.100377 
-0.159504 0.125675 
-0.134488 0.154835 
-0.099351 0.175846 
-0.057722 0.183768 
-0.015993 0.177652 
0.026911 0.156122 
0.065832 0.118146 
0.099466 0.069169 
0.129939 0.016387 
0.158411 -0.035384 
0.185073 -0.084566 
0.207739 -0.130743 
0.221640 -0.170450 
0.222393 -0.193057 
0.206441 -0.198476 
0.177770 -0.194191 
0.143178 -0.183871 
