#witness closest_landmark
0 7876
1 0
2 7876
3 8557
4 8557
5 8557
6 8557
7 8557
8 8557
9 8557
10 8557
11 8557
12 8557
13 8557
14 8557
15 9176
16 2141
17 2141
18 9176
19 9176
20 9176
21 22
22 2155
23 2155
24 2155
25 2155
26 2155
27 2155
28 28
29 28
30 2155
31 2155
32 2155
33 4961
34 4961
35 36
36 36
37 36
38 6574
39 39
40 39
41 2056
42 2056
43 7876
44 7876
45 5441
46 5441
47 6283
48 6283
49 5512
50 46
51 1061
52 1061
53 1061
54 1061
55 1061
56 60
57 60
58 60
59 60
60 60
61 60
62 60
63 60
64 185
65 6263
66 6263
67 6263
68 6263
69 6263
70 6263
71 6263
72 6263
73 6263
74 6263
75 6263
76 6263
77 6263
78 6263
79 6263
80 6263
81 6263
82 6263
83 6263
84 6263
85 6263
86 98
87 98
88 98
89 98
90 98
91 98
92 98
93 98
94 98
95 98
96 98
97 98
98 98
99 98
100 98
101 98
102 98
103 98
104 98
105 98
106 98
107 185
108 185
109 185
110 185
111 185
112 185
113 185
114 185
115 185
116 185
117 185
118 185
119 185
120 185
121 185
122 185
123 185
124 6263
125 6263
126 6263
127 6263
128 6263
129 6263
130 6263
131 6263
132 6263
133 6263
134 6263
135 6263
136 6263
137 6263
138 6263
139 6263
140 6263
141 6263
142 6263
143 6263
144 6263
145 6263
146 6263
147 6263
148 98
149 98
150 98
151 98
152 98
153 98
154 98
155 98
156 98
157 98
158 98
159 98
160 98
161 98
162 98
163 98
164 98
165 98
166 98
167 98
168 185
169 185
170 185
171 185
172 185
173 185
174 185
175 185
176 185
177 185
178 185
179 185
180 185
181 185
182 185
183 185
184 185
185 185
186 185
187 6263
188 6263
189 6263
190 6263
191 6263
192 6263
193 6263
194 6263
195 6263
196 6263
197 6263
198 6263
199 9191
200 6263
201 6263
202 6263
203 6263
204 6263
205 6263
206 6263
207 6263
208 6263
209 6263
210 98
211 98
212 98
213 98
214 98
215 98
216 98
217 98
218 98
219 98
220 98
221 98
222 98
223 98
224 98
225 98
226 98
227 98
228 98
229 98
230 185
231 185
232 185
233 185
234 185
235 185
236 185
237 185
238 185
239 185
240 185
241 185
242 185
243 185
244 185
245 185
246 185
247 185
248 185
249 185
250 6263
251 6263
252 6263
253 6263
254 6263
255 6263
256 6263
257 6263
258 6263
259 6263
260 6263
261 6263
262 6263
263 6263
264 6263
265 6263
266 6263
267 6263
268 6263
269 6263
270 6263
271 6263
272 98
273 98
274 98
275 98
276 98
277 98
278 98
279 98
280 98
281 98
282 98
283 98
284 98
285 98
286 98
287 98
288 98
289 98
290 98
291 98
292 185
293 185
294 185
295 185
296 185
297 185
298 185
299 185
300 185
301 185
302 185
303 185
304 185
305 185
306 185
307 185
308 185
309 185
310 185
311 185
312 6263
313 6263
314 6263
315 6263
316 6263
317 6263
318 6263
319 6263
320 6263
321 6263
322 6263
323 6263
324 6263
325 6263
326 6263
327 6263
328 6263
329 6263
330 6263
331 6263
332 457
333 457
334 6263
335 98
336 98
337 98
338 98
339 98
340 98
341 98
342 98
343 98
344 98
345 98
346 98
347 98
348 98
349 98
350 98
351 98
352 98
353 98
354 185
355 185
356 185
357 185
358 185
359 185
360 185
361 185
362 185
363 185
364 185
365 185
366 185
367 185
368 185
369 185
370 185
371 185
372 185
373 185
374 185
375 6263
376 6263
377 6263
378 6263
379 6263
380 6263
381 6263
382 6263
383 6263
384 6263
385 6263
386 6263
387 6263
388 6263
389 6263
390 6263
391 6263
392 6263
393 457
394 457
395 457
396 457
397 457
398 98
399 98
400 98
401 98
402 98
403 98
404 98
405 98
406 98
407 98
408 98
409 98
410 98
411 98
412 98
413 98
414 98
415 98
416 98
417 185
418 185
419 185
420 185
421 185
422 185
423 185
424 185
425 185
426 185
427 185
428 185
429 185
430 185
431 185
432 185
433 185
434 185
435 185
436 185
437 185
438 6263
439 6263
440 6263
441 6263
442 6263
443 6263
444 6263
445 6263
446 6263
447 6263
448 6263
449 6263
450 6263
451 6263
452 6263
453 6263
454 6263
455 457
456 457
457 457
458 457
459 457
460 457
461 98
462 98
463 98
464 98
465 98
466 98
467 98
468 98
469 98
470 98
471 98
472 98
473 98
474 98
475 98
476 98
477 98
478 98
479 185
480 185
481 185
482 185
483 185
484 185
485 185
486 185
487 185
488 185
489 185
490 185
491 185
492 185
493 185
494 185
495 185
496 185
497 185
498 185
499 185
500 185
501 6263
502 6263
503 6263
504 6263
505 6263
506 6263
507 6263
508 6263
509 6263
510 6263
511 6263
512 6263
513 6263
514 6263
515 6263
516 6263
517 457
518 457
519 457
520 457
521 457
522 457
523 457
524 98
525 98
526 98
527 98
528 98
529 98
530 98
531 98
532 98
533 98
534 98
535 98
536 98
537 98
538 98
539 728
540 728
541 185
542 185
543 185
544 185
545 185
546 185
547 185
548 185
549 185
550 185
551 185
552 185
553 185
554 185
555 185
556 185
557 185
558 185
559 185
560 185
561 185
562 185
563 185
564 6263
565 6263
566 6263
567 6263
568 6263
569 6263
570 6263
571 6263
572 6263
573 6263
574 6263
575 6263
576 6263
577 6263
578 6263
579 457
580 457
581 457
582 457
583 457
584 457
585 457
586 457
587 457
588 98
589 98
590 98
591 98
592 98
593 98
594 98
595 98
596 98
597 98
598 98
599 98
600 98
601 728
602 728
603 728
604 728
605 185
606 185
607 185
608 185
609 185
610 185
611 185
612 185
613 185
614 185
615 185
616 2247
617 2247
618 2247
619 2247
620 2247
621 185
622 185
623 185
624 185
625 185
626 185
627 185
628 6263
629 6263
630 6263
631 6263
632 6263
633 6263
634 6263
635 6263
636 6263
637 6263
638 6263
639 6263
640 6263
641 6263
642 457
643 457
644 457
645 457
646 457
647 457
648 457
649 457
650 457
651 98
652 98
653 98
654 98
655 98
656 98
657 98
658 98
659 98
660 98
661 98
662 98
663 728
664 728
665 728
666 728
667 728
668 185
669 185
670 185
671 185
672 185
673 185
674 185
675 185
676 185
677 2247
678 2247
679 2247
680 2247
681 2247
682 185
683 60
684 60
685 60
686 60
687 185
688 185
689 185
690 185
691 6263
692 6263
693 6263
694 822
695 822
696 6263
697 6263
698 6263
699 6263
700 6263
701 6263
702 6263
703 6263
704 457
705 457
706 457
707 457
708 457
709 457
710 6263
711 1612
712 1612
713 1612
714 457
715 98
716 98
717 98
718 98
719 98
720 98
721 98
722 98
723 1559
724 1559
725 1559
726 728
727 728
728 728
729 728
730 728
731 185
732 185
733 185
734 185
735 185
736 185
737 185
738 2247
739 185
740 185
741 2247
742 2247
743 60
744 60
745 60
746 60
747 60
748 60
749 60
750 60
751 60
752 60
753 185
754 185
755 6263
756 6263
757 822
758 822
759 822
760 6263
761 6263
762 6263
763 6263
764 6263
765 6263
766 6263
767 457
768 457
769 457
770 457
771 457
772 6263
773 1612
774 1612
775 1612
776 1612
777 457
778 98
779 98
780 98
781 98
782 98
783 98
784 98
785 1559
786 1559
787 1559
788 1559
789 728
790 728
791 728
792 728
793 728
794 728
795 185
796 185
797 185
798 185
799 2495
800 2495
801 2495
802 185
803 1061
804 1061
805 1061
806 1061
807 1061
808 60
809 60
810 60
811 60
812 60
813 60
814 60
815 60
816 60
817 60
818 185
819 6263
820 6263
821 822
822 822
823 822
824 822
825 6263
826 6263
827 6263
828 6263
829 6263
830 6263
831 457
832 457
833 457
834 457
835 1612
836 1612
837 1612
838 1612
839 1612
840 1612
841 457
842 98
843 98
844 98
845 2479
846 2479
847 98
848 1559
849 1559
850 1559
851 1559
852 728
853 728
854 728
855 728
856 728
857 728
858 728
859 185
860 2491
861 2491
862 185
863 2495
864 185
865 1061
866 1061
867 1061
868 1061
869 1061
870 1061
871 1061
872 1061
873 1061
874 60
875 60
876 60
877 60
878 60
879 60
880 60
881 60
882 60
883 60
884 6315
885 822
886 822
887 822
888 822
889 6263
890 6263
891 6263
892 6263
893 6263
894 6263
895 457
896 457
897 457
898 6263
899 1612
900 1612
901 1612
902 1612
903 1612
904 1612
905 457
906 457
907 1241
908 98
909 2479
910 2479
911 2479
912 98
913 1559
914 1559
915 1559
916 728
917 728
918 728
919 728
920 728
921 728
922 728
923 185
924 2491
925 2491
926 2495
927 1061
928 1061
929 1061
930 1061
931 1061
932 1061
933 1061
934 1061
935 1061
936 1061
937 1061
938 1061
939 1061
940 1061
941 60
942 60
943 60
944 60
945 60
946 60
947 60
948 60
949 6315
950 822
951 822
952 822
953 822
954 822
955 6263
956 6263
957 6263
958 6263
959 457
960 457
961 6263
962 6263
963 1612
964 1612
965 1612
966 1612
967 1612
968 1612
969 457
970 457
971 1241
972 1241
973 1241
974 2479
975 2479
976 2479
977 2479
978 98
979 1559
980 1559
981 728
982 728
983 728
984 728
985 728
986 728
987 2491
988 2491
989 2495
990 1061
991 1061
992 1061
993 1061
994 1061
995 1061
996 1061
997 1061
998 1061
999 1061
1000 1061
1001 1061
1002 1061
1003 1061
1004 1061
1005 1061
1006 1061
1007 60
1008 60
1009 60
1010 60
1011 60
1012 60
1013 60
1014 60
1015 6315
1016 822
1017 822
1018 822
1019 822
1020 6263
1021 6263
1022 4106
1023 4106
1024 4106
1025 5020
1026 5020
1027 5020
1028 1612
1029 1612
1030 1612
1031 1612
1032 1612
1033 1612
1034 1612
1035 457
1036 457
1037 1241
1038 6640
1039 6640
1040 6640
1041 4128
1042 2479
1043 2479
1044 4128
1045 1559
1046 1559
1047 98
1048 2491
1049 2491
1050 728
1051 728
1052 2491
1053 2491
1054 1061
1055 1061
1056 1061
1057 1061
1058 1061
1059 1061
1060 1061
1061 1061
1062 1061
1063 1061
1064 1061
1065 1061
1066 1061
1067 1061
1068 1061
1069 1061
1070 1061
1071 1061
1072 1061
1073 1061
1074 60
1075 60
1076 60
1077 60
1078 60
1079 60
1080 60
1081 60
1082 822
1083 822
1084 822
1085 822
1086 822
1087 4106
1088 4106
1089 4106
1090 5020
1091 5020
1092 5020
1093 5020
1094 5020
1095 1612
1096 1612
1097 1612
1098 1612
1099 1612
1100 1612
1101 457
1102 457
1103 1241
1104 6640
1105 6640
1106 6640
1107 6640
1108 6640
1109 2479
1110 4128
1111 1559
1112 98
1113 2491
1114 2491
1115 2491
1116 2491
1117 2491
1118 2491
1119 9044
1120 1061
1121 1061
1122 1061
1123 1061
1124 1061
1125 1061
1126 1061
1127 1061
1128 1061
1129 1061
1130 1061
1131 1061
1132 1061
1133 1061
1134 1061
1135 1061
1136 1061
1137 1061
1138 1061
1139 1061
1140 1061
1141 1061
1142 1061
1143 60
1144 60
1145 60
1146 60
1147 60
1148 60
1149 60
1150 822
1151 9323
1152 822
1153 822
1154 822
1155 4106
1156 5020
1157 5020
1158 5020
1159 5020
1160 5020
1161 5020
1162 5020
1163 1612
1164 1612
1165 1612
1166 1612
1167 1612
1168 4563
1169 6721
1170 4563
1171 6640
1172 6640
1173 6640
1174 6640
1175 6640
1176 6640
1177 6640
1178 4128
1179 4128
1180 2491
1181 2491
1182 2491
1183 2491
1184 2491
1185 2491
1186 1061
1187 1061
1188 1061
1189 1061
1190 1061
1191 1061
1192 1061
1193 1061
1194 1061
1195 1061
1196 1061
1197 1061
1198 1061
1199 1061
1200 1061
1201 1061
1202 1061
1203 1061
1204 1061
1205 1061
1206 1061
1207 1061
1208 1061
1209 1061
1210 1061
1211 1061
1212 1061
1213 1061
1214 60
1215 60
1216 60
1217 60
1218 60
1219 60
1220 822
1221 9323
1222 6263
1223 822
1224 822
1225 6263
1226 5020
1227 5020
1228 5020
1229 5020
1230 5020
1231 4563
1232 4563
1233 4563
1234 1612
1235 1612
1236 1612
1237 1612
1238 4563
1239 4563
1240 6721
1241 6640
1242 6640
1243 6640
1244 6640
1245 6640
1246 6640
1247 6640
1248 2479
1249 2491
1250 4128
1251 3532
1252 2491
1253 6734
1254 2491
1255 6734
1256 2491
1257 1909
1258 7808
1259 7808
1260 7808
1261 7808
1262 1061
1263 5441
1264 5441
1265 5441
1266 5441
1267 5441
1268 5441
1269 5441
1270 5441
1271 5441
1272 5441
1273 5441
1274 5441
1275 5441
1276 1061
1277 1061
1278 1061
1279 1061
1280 1061
1281 1061
1282 1061
1283 1061
1284 1061
1285 1061
1286 1061
1287 1061
1288 1061
1289 1061
1290 60
1291 60
1292 60
1293 60
1294 60
1295 60
1296 6315
1297 7779
1298 822
1299 822
1300 5020
1301 5020
1302 5020
1303 5020
1304 7784
1305 4563
1306 4563
1307 4563
1308 5020
1309 1612
1310 1612
1311 1612
1312 4563
1313 6721
1314 6721
1315 6640
1316 6640
1317 6640
1318 6640
1319 6640
1320 6640
1321 6724
1322 6724
1323 2784
1324 2784
1325 2491
1326 6734
1327 6734
1328 7808
1329 7808
1330 7808
1331 7808
1332 7808
1333 7808
1334 7808
1335 7808
1336 7808
1337 0
1338 0
1339 0
1340 0
1341 0
1342 0
1343 0
1344 0
1345 0
1346 0
1347 0
1348 0
1349 0
1350 0
1351 0
1352 0
1353 0
1354 0
1355 0
1356 0
1357 0
1358 0
1359 0
1360 0
1361 0
1362 0
1363 0
1364 0
1365 0
1366 0
1367 0
1368 0
1369 0
1370 0
1371 0
1372 0
1373 0
1374 0
1375 0
1376 0
1377 0
1378 0
1379 0
1380 0
1381 0
1382 0
1383 0
1384 0
1385 0
1386 0
1387 0
1388 0
1389 0
1390 0
1391 0
1392 7876
1393 7876
1394 8557
1395 8557
1396 8557
1397 8557
1398 8557
1399 8557
1400 8557
1401 8557
1402 8557
1403 8557
1404 8557
1405 8557
1406 8557
1407 8557
1408 9176
1409 2141
1410 9176
1411 9176
1412 9176
1413 9176
1414 9176
1415 2155
1416 2155
1417 2155
1418 2155
1419 2155
1420 2155
1421 28
1422 2155
1423 2155
1424 2155
1425 2155
1426 4961
1427 4961
1428 4961
1429 36
1430 7926
1431 6574
1432 6574
1433 6574
1434 6574
1435 2056
1436 2056
1437 7876
1438 7876
1439 7876
1440 5441
1441 5441
1442 5441
1443 5441
1444 5512
1445 5512
1446 46
1447 1061
1448 1061
1449 1061
1450 1061
1451 1061
1452 1061
1453 1061
1454 1061
1455 1061
1456 60
1457 60
1458 60
1459 60
1460 60
1461 60
1462 60
1463 60
1464 6263
1465 822
1466 822
1467 822
1468 822
1469 6263
1470 6263
1471 6263
1472 6263
1473 6263
1474 457
1475 457
1476 457
1477 457
1478 6263
1479 1612
1480 1612
1481 1612
1482 1612
1483 1612
1484 457
1485 457
1486 98
1487 98
1488 2479
1489 2479
1490 2479
1491 98
1492 1559
1493 1559
1494 1559
1495 728
1496 728
1497 728
1498 728
1499 728
1500 728
1501 728
1502 185
1503 2491
1504 2491
1505 2491
1506 2247
1507 1061
1508 1061
1509 1061
1510 1061
1511 1061
1512 1061
1513 1061
1514 1061
1515 1061
1516 1061
1517 1061
1518 1061
1519 60
1520 60
1521 60
1522 60
1523 60
1524 60
1525 60
1526 60
1527 60
1528 6315
1529 822
1530 822
1531 822
1532 822
1533 6263
1534 6263
1535 6263
1536 6263
1537 6263
1538 457
1539 457
1540 457
1541 457
1542 1612
1543 1612
1544 1612
1545 1612
1546 1612
1547 1612
1548 1612
1549 457
1550 1241
1551 1241
1552 1241
1553 2479
1554 2479
1555 2479
1556 98
1557 1559
1558 1559
1559 1559
1560 728
1561 728
1562 728
1563 728
1564 728
1565 728
1566 9044
1567 2491
1568 2491
1569 2495
1570 1061
1571 1061
1572 1061
1573 1061
1574 1061
1575 1061
1576 1061
1577 1061
1578 1061
1579 1061
1580 1061
1581 1061
1582 1061
1583 1061
1584 1061
1585 60
1586 60
1587 60
1588 60
1589 60
1590 60
1591 60
1592 60
1593 60
1594 822
1595 822
1596 822
1597 822
1598 822
1599 6263
1600 6263
1601 6263
1602 4106
1603 4106
1604 4106
1605 5020
1606 5020
1607 1612
1608 1612
1609 1612
1610 1612
1611 1612
1612 1612
1613 457
1614 457
1615 1241
1616 1241
1617 1241
1618 1241
1619 2479
1620 2479
1621 2479
1622 98
1623 1559
1624 1559
1625 728
1626 728
1627 728
1628 728
1629 728
1630 728
1631 2491
1632 2491
1633 6423
1634 1061
1635 1061
1636 1061
1637 1061
1638 1061
1639 1061
1640 1061
1641 1061
1642 1061
1643 1061
1644 1061
1645 1061
1646 1061
1647 1061
1648 1061
1649 1061
1650 1061
1651 1061
1652 60
1653 60
1654 60
1655 60
1656 60
1657 60
1658 60
1659 60
1660 822
1661 822
1662 822
1663 822
1664 822
1665 6263
1666 4106
1667 4106
1668 4106
1669 5020
1670 5020
1671 5020
1672 5020
1673 1612
1674 1612
1675 1612
1676 1612
1677 1612
1678 1612
1679 457
1680 457
1681 1241
1682 6640
1683 6640
1684 6640
1685 6640
1686 6640
1687 2479
1688 4128
1689 1559
1690 1559
1691 98
1692 2491
1693 2491
1694 2491
1695 2491
1696 2491
1697 2491
1698 1061
1699 1061
1700 1061
1701 1061
1702 1061
1703 1061
1704 1061
1705 1061
1706 1061
1707 1061
1708 1061
1709 1061
1710 1061
1711 1061
1712 1061
1713 1061
1714 1061
1715 1061
1716 1061
1717 1061
1718 1061
1719 1061
1720 60
1721 60
1722 60
1723 60
1724 60
1725 60
1726 60
1727 822
1728 822
1729 6315
1730 822
1731 822
1732 4106
1733 4106
1734 5020
1735 5020
1736 5020
1737 5020
1738 5020
1739 5020
1740 1612
1741 1612
1742 1612
1743 1612
1744 1612
1745 1612
1746 4563
1747 1241
1748 6721
1749 6640
1750 6640
1751 6640
1752 6640
1753 6640
1754 6640
1755 2479
1756 4128
1757 4128
1758 2491
1759 2491
1760 2491
1761 2491
1762 2491
1763 2491
1764 1061
1765 1061
1766 1061
1767 1061
1768 1061
1769 1061
1770 1061
1771 1061
1772 1061
1773 1061
1774 1061
1775 1061
1776 1061
1777 1061
1778 1061
1779 1061
1780 1061
1781 1061
1782 1061
1783 1061
1784 1061
1785 1061
1786 1061
1787 1061
1788 1061
1789 1061
1790 60
1791 60
1792 60
1793 60
1794 60
1795 60
1796 822
1797 9323
1798 6263
1799 822
1800 822
1801 4106
1802 5020
1803 5020
1804 5020
1805 5020
1806 5020
1807 5020
1808 4563
1809 1612
1810 1612
1811 1612
1812 1612
1813 1612
1814 4563
1815 4563
1816 4563
1817 6640
1818 6640
1819 6640
1820 6640
1821 6640
1822 6640
1823 6640
1824 2479
1825 4128
1826 2491
1827 2491
1828 2784
1829 2491
1830 7556
1831 2495
1832 1061
1833 1061
1834 1061
1835 1061
1836 1061
1837 1061
1838 1061
1839 1061
1840 1061
1841 1061
1842 1061
1843 1061
1844 1061
1845 1061
1846 1061
1847 1061
1848 1061
1849 1061
1850 1061
1851 1061
1852 1061
1853 1061
1854 1061
1855 1061
1856 1061
1857 1061
1858 1061
1859 1061
1860 1061
1861 1061
1862 1061
1863 60
1864 60
1865 60
1866 60
1867 60
1868 60
1869 60
1870 6263
1871 822
1872 822
1873 5020
1874 5020
1875 5020
1876 5020
1877 5020
1878 7784
1879 4563
1880 4563
1881 4563
1882 1612
1883 1612
1884 1612
1885 1612
1886 4563
1887 6721
1888 6721
1889 6640
1890 6640
1891 6640
1892 6640
1893 6640
1894 6640
1895 6724
1896 4128
1897 2784
1898 2784
1899 2491
1900 6734
1901 6734
1902 6734
1903 2247
1904 7808
1905 7808
1906 7808
1907 7808
1908 7808
1909 7808
1910 7808
1911 7808
1912 5441
1913 5441
1914 5441
1915 5441
1916 5441
1917 5441
1918 0
1919 0
1920 0
1921 0
1922 5441
1923 5441
1924 5441
1925 5441
1926 5441
1927 5441
1928 5441
1929 5441
1930 5441
1931 5441
1932 5441
1933 5441
1934 1061
1935 1061
1936 1061
1937 1061
1938 1061
1939 1061
1940 1061
1941 1061
1942 1061
1943 1061
1944 1061
1945 60
1946 60
1947 60
1948 60
1949 60
1950 60
1951 6315
1952 7779
1953 822
1954 822
1955 5020
1956 5020
1957 7784
1958 4563
1959 4563
1960 4563
1961 4563
1962 5020
1963 5020
1964 5020
1965 1612
1966 1612
1967 1241
1968 6721
1969 6640
1970 6640
1971 6640
1972 6640
1973 6640
1974 1241
1975 6724
1976 6724
1977 2784
1978 2784
1979 7801
1980 6734
1981 7808
1982 7808
1983 7808
1984 7808
1985 7808
1986 7808
1987 5441
1988 0
1989 0
1990 0
1991 0
1992 0
1993 0
1994 0
1995 0
1996 0
1997 0
1998 0
1999 0
2000 0
2001 0
2002 0
2003 7876
2004 7876
2005 7876
2006 8557
2007 8557
2008 8557
2009 8557
2010 8557
2011 8557
2012 8557
2013 8557
2014 8557
2015 8557
2016 8557
2017 8557
2018 8557
2019 8557
2020 8557
2021 8557
2022 8557
2023 8557
2024 8557
2025 8557
2026 2141
2027 2141
2028 2141
2029 9176
2030 9176
2031 9176
2032 9176
2033 9176
2034 9176
2035 9176
2036 9176
2037 28
2038 28
2039 2155
2040 2155
2041 2155
2042 2155
2043 2155
2044 2155
2045 2155
2046 4961
2047 4961
2048 36
2049 4961
2050 7124
2051 7926
2052 7926
2053 7926
2054 6574
2055 6574
2056 2056
2057 2056
2058 44
2059 44
2060 2056
2061 0
2062 0
2063 0
2064 0
2065 0
2066 0
2067 0
2068 0
2069 0
2070 0
2071 0
2072 0
2073 0
2074 0
2075 0
2076 0
2077 0
2078 0
2079 0
2080 0
2081 0
2082 0
2083 0
2084 0
2085 0
2086 0
2087 0
2088 0
2089 0
2090 0
2091 0
2092 0
2093 0
2094 0
2095 0
2096 0
2097 0
2098 0
2099 0
2100 0
2101 0
2102 0
2103 0
2104 0
2105 0
2106 0
2107 0
2108 0
2109 0
2110 0
2111 0
2112 0
2113 0
2114 0
2115 0
2116 0
2117 0
2118 0
2119 0
2120 0
2121 0
2122 0
2123 0
2124 7876
2125 7876
2126 8557
2127 8557
2128 8557
2129 8557
2130 8557
2131 8557
2132 8557
2133 8557
2134 8557
2135 8557
2136 8557
2137 8557
2138 8557
2139 8557
2140 9176
2141 2141
2142 9176
2143 9176
2144 9176
2145 9176
2146 9176
2147 2155
2148 2155
2149 2155
2150 2155
2151 2155
2152 28
2153 2155
2154 2155
2155 2155
2156 2155
2157 2155
2158 4961
2159 4961
2160 4961
2161 36
2162 6574
2163 6574
2164 39
2165 6574
2166 6574
2167 2056
2168 2056
2169 7876
2170 7876
2171 5441
2172 5441
2173 5441
2174 5441
2175 5512
2176 5512
2177 46
2178 1061
2179 1061
2180 1061
2181 1061
2182 1061
2183 1061
2184 1061
2185 1061
2186 1061
2187 60
2188 60
2189 60
2190 60
2191 60
2192 60
2193 60
2194 60
2195 6315
2196 822
2197 822
2198 822
2199 822
2200 6263
2201 6263
2202 6263
2203 6263
2204 6263
2205 6263
2206 457
2207 457
2208 457
2209 457
2210 6263
2211 1612
2212 1612
2213 1612
2214 1612
2215 1612
2216 457
2217 98
2218 98
2219 2479
2220 2479
2221 98
2222 98
2223 1559
2224 1559
2225 1559
2226 1559
2227 728
2228 728
2229 728
2230 728
2231 728
2232 728
2233 185
2234 2491
2235 2491
2236 2491
2237 185
2238 2495
2239 185
2240 1061
2241 1061
2242 1061
2243 1061
2244 1061
2245 1061
2246 1061
2247 1061
2248 1061
2249 60
2250 60
2251 60
2252 60
2253 60
2254 60
2255 60
2256 60
2257 60
2258 6315
2259 6315
2260 822
2261 822
2262 822
2263 822
2264 6263
2265 6263
2266 6263
2267 6263
2268 6263
2269 457
2270 457
2271 457
2272 457
2273 6263
2274 1612
2275 1612
2276 1612
2277 1612
2278 1612
2279 1612
2280 457
2281 98
2282 98
2283 98
2284 2479
2285 2479
2286 2479
2287 1559
2288 1559
2289 1559
2290 1559
2291 728
2292 728
2293 728
2294 728
2295 728
2296 728
2297 185
2298 185
2299 2491
2300 2491
2301 2247
2302 1061
2303 1061
2304 1061
2305 1061
2306 1061
2307 1061
2308 1061
2309 1061
2310 1061
2311 1061
2312 1061
2313 1061
2314 1061
2315 60
2316 60
2317 60
2318 60
2319 60
2320 60
2321 60
2322 60
2323 6263
2324 6315
2325 822
2326 822
2327 822
2328 822
2329 6263
2330 6263
2331 6263
2332 6263
2333 6263
2334 457
2335 457
2336 457
2337 1612
2338 1612
2339 1612
2340 1612
2341 1612
2342 1612
2343 1612
2344 457
2345 457
2346 1241
2347 1241
2348 1241
2349 2479
2350 2479
2351 2479
2352 98
2353 1559
2354 1559
2355 98
2356 728
2357 728
2358 728
2359 728
2360 728
2361 728
2362 2491
2363 2491
2364 2495
2365 1061
2366 1061
2367 1061
2368 1061
2369 1061
2370 1061
2371 1061
2372 1061
2373 1061
2374 1061
2375 1061
2376 1061
2377 1061
2378 1061
2379 1061
2380 1061
2381 60
2382 60
2383 60
2384 60
2385 60
2386 60
2387 60
2388 60
2389 6263
2390 822
2391 822
2392 822
2393 822
2394 6263
2395 6263
2396 6263
2397 4106
2398 4106
2399 4106
2400 5020
2401 5020
2402 1612
2403 1612
2404 1612
2405 1612
2406 1612
2407 1612
2408 1612
2409 457
2410 457
2411 1241
2412 1241
2413 6640
2414 6640
2415 2479
2416 2479
2417 2479
2418 4128
2419 1559
2420 1559
2421 728
2422 728
2423 728
2424 728
2425 728
2426 2491
2427 2491
2428 2495
2429 1061
2430 1061
2431 1061
2432 1061
2433 1061
2434 1061
2435 1061
2436 1061
2437 1061
2438 1061
2439 1061
2440 1061
2441 1061
2442 1061
2443 1061
2444 1061
2445 1061
2446 1061
2447 1061
2448 60
2449 60
2450 60
2451 60
2452 60
2453 60
2454 60
2455 60
2456 822
2457 822
2458 822
2459 822
2460 822
2461 4106
2462 4106
2463 4106
2464 5020
2465 5020
2466 5020
2467 5020
2468 5020
2469 1612
2470 1612
2471 1612
2472 1612
2473 1612
2474 1612
2475 457
2476 457
2477 1241
2478 6640
2479 6640
2480 6640
2481 6640
2482 6640
2483 2479
2484 4128
2485 1559
2486 98
2487 98
2488 2491
2489 2491
2490 2491
2491 2491
2492 2491
2493 2495
2494 1061
2495 1061
2496 1061
2497 1061
2498 1061
2499 1061
2500 1061
2501 1061
2502 1061
2503 1061
2504 1061
2505 1061
2506 1061
2507 1061
2508 1061
2509 1061
2510 1061
2511 1061
2512 1061
2513 1061
2514 1061
2515 1061
2516 1061
2517 60
2518 60
2519 60
2520 60
2521 60
2522 60
2523 60
2524 822
2525 9323
2526 822
2527 822
2528 4106
2529 4106
2530 5020
2531 5020
2532 5020
2533 5020
2534 5020
2535 5020
2536 1612
2537 1612
2538 1612
2539 1612
2540 1612
2541 1612
2542 4563
2543 6721
2544 6721
2545 6640
2546 6640
2547 6640
2548 6640
2549 6640
2550 6640
2551 2479
2552 4128
2553 4128
2554 2491
2555 2491
2556 2491
2557 2491
2558 2491
2559 2491
2560 1061
2561 1061
2562 1061
2563 1061
2564 1061
2565 1061
2566 1061
2567 1061
2568 1061
2569 1061
2570 1061
2571 1061
2572 1061
2573 1061
2574 1061
2575 1061
2576 1061
2577 1061
2578 1061
2579 1061
2580 1061
2581 1061
2582 1061
2583 1061
2584 1061
2585 1061
2586 1061
2587 60
2588 60
2589 60
2590 60
2591 60
2592 60
2593 822
2594 9323
2595 6263
2596 822
2597 822
2598 4106
2599 5020
2600 5020
2601 5020
2602 5020
2603 5020
2604 4563
2605 4563
2606 1612
2607 1612
2608 1612
2609 1612
2610 1612
2611 4563
2612 4563
2613 6721
2614 6640
2615 6640
2616 6640
2617 6640
2618 6640
2619 6640
2620 6640
2621 4128
2622 2491
2623 2491
2624 2784
2625 2491
2626 2491
2627 6734
2628 1061
2629 6734
2630 2495
2631 1909
2632 7808
2633 7808
2634 1061
2635 1061
2636 1061
2637 1061
2638 1061
2639 1061
2640 5441
2641 5441
2642 5441
2643 1061
2644 1061
2645 1061
2646 1061
2647 1061
2648 1061
2649 1061
2650 1061
2651 1061
2652 1061
2653 1061
2654 1061
2655 1061
2656 1061
2657 1061
2658 1061
2659 1061
2660 1061
2661 60
2662 60
2663 60
2664 60
2665 60
2666 60
2667 60
2668 4106
2669 7779
2670 822
2671 5020
2672 5020
2673 5020
2674 5020
2675 5020
2676 4563
2677 4563
2678 4563
2679 4563
2680 1612
2681 1612
2682 1612
2683 1612
2684 4563
2685 6721
2686 6721
2687 6640
2688 6640
2689 6640
2690 6640
2691 6640
2692 6640
2693 6724
2694 4128
2695 2784
2696 2784
2697 2491
2698 6734
2699 6734
2700 2495
2701 7808
2702 7808
2703 7808
2704 7808
2705 7808
2706 7808
2707 7808
2708 7808
2709 7808
2710 5441
2711 0
2712 0
2713 0
2714 0
2715 0
2716 0
2717 0
2718 0
2719 0
2720 0
2721 0
2722 0
2723 0
2724 0
2725 0
2726 0
2727 0
2728 0
2729 0
2730 0
2731 5441
2732 5441
2733 5441
2734 5441
2735 5441
2736 5441
2737 5441
2738 5441
2739 5441
2740 1061
2741 1061
2742 1061
2743 1061
2744 1061
2745 1061
2746 1061
2747 1061
2748 1061
2749 1061
2750 60
2751 60
2752 60
2753 60
2754 60
2755 7779
2756 7779
2757 7779
2758 822
2759 5020
2760 5020
2761 1612
2762 4563
2763 4563
2764 4563
2765 4563
2766 5020
2767 5020
2768 6640
2769 1612
2770 1612
2771 1241
2772 7798
2773 6640
2774 6640
2775 6640
2776 6640
2777 7798
2778 6724
2779 6724
2780 2784
2781 2784
2782 7801
2783 6734
2784 7808
2785 7808
2786 7808
2787 7808
2788 7808
2789 5441
2790 0
2791 0
2792 0
2793 0
2794 0
2795 0
2796 0
2797 0
2798 0
2799 7876
2800 7876
2801 7876
2802 8557
2803 8557
2804 8557
2805 8557
2806 8557
2807 8557
2808 8557
2809 8557
2810 8557
2811 8557
2812 8557
2813 8557
2814 8557
2815 8557
2816 8557
2817 8557
2818 8557
2819 8557
2820 8557
2821 8557
2822 8557
2823 8557
2824 8557
2825 2141
2826 2141
2827 9176
2828 9176
2829 9176
2830 9176
2831 9176
2832 5187
2833 9176
2834 9176
2835 9176
2836 2155
2837 2155
2838 2155
2839 2155
2840 2155
2841 2155
2842 2155
2843 2155
2844 2155
2845 8797
2846 7842
2847 5187
2848 7124
2849 4961
2850 7926
2851 7926
2852 7926
2853 7926
2854 7926
2855 6574
2856 3857
2857 44
2858 44
2859 7124
2860 7124
2861 7124
2862 8557
2863 8557
2864 3857
2865 2056
2866 2056
2867 2056
2868 4827
2869 4827
2870 4827
2871 4827
2872 4827
2873 4827
2874 4827
2875 8557
2876 8557
2877 8557
2878 8557
2879 8557
2880 8557
2881 8557
2882 8557
2883 8557
2884 8557
2885 8557
2886 8557
2887 8557
2888 8557
2889 8557
2890 8557
2891 8557
2892 8557
2893 8557
2894 8557
2895 8557
2896 8557
2897 8557
2898 2141
2899 2141
2900 2141
2901 9176
2902 9176
2903 9176
2904 9176
2905 9176
2906 9176
2907 9176
2908 9176
2909 28
2910 28
2911 2155
2912 2155
2913 2155
2914 2155
2915 2155
2916 2155
2917 2155
2918 7842
2919 4961
2920 36
2921 4961
2922 7124
2923 7926
2924 7926
2925 7926
2926 7926
2927 6574
2928 6574
2929 2056
2930 44
2931 44
2932 2056
2933 0
2934 0
2935 0
2936 0
2937 0
2938 0
2939 0
2940 0
2941 0
2942 0
2943 0
2944 0
2945 0
2946 0
2947 0
2948 0
2949 0
2950 0
2951 0
2952 0
2953 0
2954 0
2955 0
2956 0
2957 0
2958 0
2959 0
2960 0
2961 0
2962 0
2963 0
2964 0
2965 0
2966 0
2967 0
2968 0
2969 0
2970 0
2971 0
2972 0
2973 0
2974 0
2975 0
2976 7876
2977 7876
2978 8557
2979 8557
2980 8557
2981 8557
2982 8557
2983 8557
2984 8557
2985 8557
2986 8557
2987 8557
2988 8557
2989 8557
2990 8557
2991 8557
2992 8557
2993 9176
2994 2141
2995 9176
2996 9176
2997 9176
2998 9176
2999 9176
3000 9176
3001 2155
3002 2155
3003 2155
3004 2155
3005 28
3006 2155
3007 2155
3008 2155
3009 2155
3010 2155
3011 4961
3012 4961
3013 4961
3014 36
3015 4961
3016 6574
3017 39
3018 6574
3019 6574
3020 2056
3021 2056
3022 2056
3023 7876
3024 7876
3025 7876
3026 5441
3027 5441
3028 4827
3029 4827
3030 4827
3031 5441
3032 5441
3033 5512
3034 1061
3035 1061
3036 1061
3037 1061
3038 1061
3039 1061
3040 1061
3041 1061
3042 1061
3043 1061
3044 1061
3045 1061
3046 1061
3047 60
3048 60
3049 60
3050 60
3051 60
3052 60
3053 60
3054 822
3055 9323
3056 822
3057 822
3058 4106
3059 4106
3060 4106
3061 5020
3062 5020
3063 5020
3064 5020
3065 5020
3066 1612
3067 1612
3068 1612
3069 1612
3070 1612
3071 1612
3072 4563
3073 457
3074 1241
3075 6640
3076 6640
3077 6640
3078 6640
3079 6640
3080 6640
3081 2479
3082 4128
3083 4128
3084 728
3085 2491
3086 2491
3087 2491
3088 2491
3089 2491
3090 1061
3091 1061
3092 1061
3093 1061
3094 1061
3095 1061
3096 1061
3097 1061
3098 1061
3099 1061
3100 1061
3101 1061
3102 1061
3103 1061
3104 1061
3105 1061
3106 1061
3107 1061
3108 1061
3109 1061
3110 1061
3111 1061
3112 1061
3113 1061
3114 1061
3115 60
3116 60
3117 60
3118 60
3119 60
3120 60
3121 60
3122 9323
3123 6315
3124 822
3125 822
3126 822
3127 4106
3128 5020
3129 5020
3130 5020
3131 5020
3132 5020
3133 5020
3134 1612
3135 1612
3136 1612
3137 1612
3138 1612
3139 1612
3140 6721
3141 4563
3142 1241
3143 6640
3144 6640
3145 6640
3146 6640
3147 6640
3148 6640
3149 6640
3150 4128
3151 4128
3152 2491
3153 2491
3154 728
3155 2491
3156 2491
3157 1061
3158 1061
3159 1061
3160 1061
3161 1061
3162 1061
3163 1061
3164 1061
3165 1061
3166 1061
3167 1061
3168 1061
3169 1061
3170 1061
3171 1061
3172 1061
3173 1061
3174 1061
3175 1061
3176 1061
3177 1061
3178 1061
3179 1061
3180 1061
3181 1061
3182 1061
3183 1061
3184 1061
3185 1061
3186 1061
3187 60
3188 60
3189 60
3190 60
3191 60
3192 60
3193 60
3194 6263
3195 4106
3196 822
3197 822
3198 5020
3199 5020
3200 5020
3201 5020
3202 5020
3203 4563
3204 4563
3205 4563
3206 1612
3207 1612
3208 1612
3209 1612
3210 4563
3211 4563
3212 6721
3213 6640
3214 6640
3215 6640
3216 6640
3217 6640
3218 6640
3219 6640
3220 4128
3221 4128
3222 2784
3223 2491
3224 2784
3225 6734
3226 6734
3227 6734
3228 2495
3229 7808
3230 7808
3231 7808
3232 7808
3233 7808
3234 7808
3235 1061
3236 5441
3237 5441
3238 5441
3239 5441
3240 5441
3241 5441
3242 5441
3243 5441
3244 5441
3245 5441
3246 5441
3247 5441
3248 5441
3249 5441
3250 5441
3251 5441
3252 1061
3253 1061
3254 1061
3255 1061
3256 1061
3257 1061
3258 1061
3259 1061
3260 1061
3261 1061
3262 1061
3263 1061
3264 1061
3265 60
3266 60
3267 60
3268 60
3269 60
3270 60
3271 4106
3272 7779
3273 822
3274 822
3275 5020
3276 5020
3277 5020
3278 5020
3279 4563
3280 4563
3281 4563
3282 4563
3283 5020
3284 1612
3285 1612
3286 1612
3287 6721
3288 6721
3289 457
3290 6640
3291 6640
3292 6640
3293 6640
3294 6640
3295 6724
3296 6724
3297 2784
3298 2784
3299 7801
3300 6734
3301 6734
3302 7808
3303 7808
3304 7808
3305 7808
3306 7808
3307 7808
3308 7808
3309 5441
3310 0
3311 0
3312 0
3313 0
3314 0
3315 0
3316 0
3317 0
3318 0
3319 0
3320 0
3321 0
3322 0
3323 0
3324 0
3325 0
3326 0
3327 0
3328 0
3329 0
3330 0
3331 0
3332 0
3333 0
3334 0
3335 0
3336 0
3337 7876
3338 7876
3339 8557
3340 8557
3341 8557
3342 8557
3343 8557
3344 8557
3345 8557
3346 8557
3347 8557
3348 8557
3349 8557
3350 8557
3351 8557
3352 8557
3353 8557
3354 8557
3355 8557
3356 2141
3357 2141
3358 2141
3359 9176
3360 9176
3361 9176
3362 9176
3363 9176
3364 9176
3365 9176
3366 9176
3367 2155
3368 28
3369 2155
3370 2155
3371 2155
3372 2155
3373 2155
3374 2155
3375 4961
3376 4961
3377 4961
3378 4961
3379 4961
3380 7926
3381 6574
3382 6574
3383 6574
3384 6574
3385 2056
3386 2056
3387 2056
3388 7876
3389 7876
3390 7876
3391 4827
3392 4827
3393 5441
3394 5441
3395 5441
3396 5441
3397 5441
3398 5441
3399 5441
3400 5441
3401 5441
3402 5441
3403 5441
3404 5441
3405 1061
3406 1061
3407 1061
3408 1061
3409 1061
3410 1061
3411 1061
3412 1061
3413 1061
3414 1061
3415 1061
3416 1061
3417 1061
3418 60
3419 60
3420 60
3421 60
3422 60
3423 60
3424 60
3425 4106
3426 822
3427 822
3428 5020
3429 5020
3430 5020
3431 5020
3432 5020
3433 7784
3434 4563
3435 4563
3436 4563
3437 1612
3438 1612
3439 1612
3440 1612
3441 4563
3442 6721
3443 6721
3444 6640
3445 6640
3446 6640
3447 6640
3448 6640
3449 6640
3450 6724
3451 4128
3452 2784
3453 2784
3454 2491
3455 6734
3456 6734
3457 6734
3458 2247
3459 7808
3460 7808
3461 7808
3462 7808
3463 7808
3464 7808
3465 7808
3466 7808
3467 5441
3468 5441
3469 5441
3470 5441
3471 5441
3472 5441
3473 5441
3474 5441
3475 5441
3476 5441
3477 5441
3478 5441
3479 5441
3480 5441
3481 5441
3482 5441
3483 5441
3484 5441
3485 5441
3486 5441
3487 5441
3488 5441
3489 1061
3490 1061
3491 1061
3492 1061
3493 1061
3494 1061
3495 1061
3496 1061
3497 1061
3498 1061
3499 1061
3500 60
3501 60
3502 60
3503 60
3504 60
3505 60
3506 7779
3507 7779
3508 822
3509 5020
3510 5020
3511 5020
3512 5020
3513 4563
3514 4563
3515 4563
3516 4563
3517 5020
3518 5020
3519 1612
3520 1612
3521 5020
3522 6721
3523 7798
3524 6640
3525 6640
3526 6640
3527 6640
3528 6640
3529 6724
3530 6721
3531 2784
3532 2784
3533 7801
3534 6734
3535 7556
3536 7808
3537 7808
3538 7808
3539 7808
3540 7808
3541 5441
3542 0
3543 0
3544 0
3545 0
3546 0
3547 0
3548 0
3549 0
3550 0
3551 0
3552 0
3553 0
3554 0
3555 0
3556 0
3557 0
3558 7876
3559 7876
3560 7876
3561 8557
3562 8557
3563 8557
3564 8557
3565 8557
3566 8557
3567 8557
3568 8557
3569 8557
3570 8557
3571 8557
3572 8557
3573 8557
3574 8557
3575 8557
3576 8557
3577 8557
3578 8557
3579 8557
3580 8557
3581 2141
3582 2141
3583 2141
3584 9176
3585 9176
3586 9176
3587 9176
3588 9176
3589 9176
3590 9176
3591 9176
3592 28
3593 28
3594 2155
3595 2155
3596 2155
3597 2155
3598 2155
3599 2155
3600 2155
3601 4961
3602 4961
3603 36
3604 4961
3605 7124
3606 7926
3607 7926
3608 7926
3609 6574
3610 6574
3611 2056
3612 2056
3613 44
3614 44
3615 2056
3616 4827
3617 0
3618 0
3619 0
3620 0
3621 0
3622 0
3623 0
3624 0
3625 0
3626 0
3627 0
3628 0
3629 0
3630 0
3631 0
3632 0
3633 0
3634 0
3635 0
3636 0
3637 0
3638 0
3639 0
3640 0
3641 0
3642 0
3643 0
3644 0
3645 0
3646 0
3647 0
3648 0
3649 0
3650 0
3651 0
3652 0
3653 0
3654 0
3655 0
3656 0
3657 5441
3658 5441
3659 5441
3660 5441
3661 5441
3662 5441
3663 5441
3664 1061
3665 1061
3666 1061
3667 1061
3668 1061
3669 1061
3670 1061
3671 1061
3672 1061
3673 60
3674 60
3675 60
3676 60
3677 60
3678 7779
3679 7779
3680 7779
3681 822
3682 5020
3683 5020
3684 4563
3685 4563
3686 4563
3687 4563
3688 5020
3689 5020
3690 7784
3691 6640
3692 1612
3693 5020
3694 7798
3695 6640
3696 6640
3697 6640
3698 6640
3699 7798
3700 1612
3701 6724
3702 2784
3703 2784
3704 7801
3705 7808
3706 7808
3707 7808
3708 7808
3709 5441
3710 1061
3711 0
3712 0
3713 0
3714 0
3715 6963
3716 6963
3717 50
3718 8557
3719 8557
3720 8557
3721 8557
3722 8557
3723 8557
3724 8557
3725 8557
3726 8557
3727 8557
3728 8557
3729 8557
3730 8557
3731 8557
3732 8557
3733 8557
3734 8557
3735 8557
3736 8557
3737 8557
3738 8557
3739 8557
3740 8557
3741 8557
3742 2141
3743 2141
3744 2141
3745 2141
3746 9176
3747 9176
3748 9176
3749 5187
3750 5187
3751 5187
3752 5187
3753 9176
3754 9176
3755 6110
3756 2155
3757 2155
3758 2155
3759 2155
3760 2155
3761 2155
3762 2155
3763 5187
3764 5187
3765 7124
3766 4961
3767 7842
3768 7926
3769 7926
3770 7926
3771 5187
3772 7124
3773 7124
3774 7124
3775 7124
3776 7124
3777 7124
3778 7124
3779 7124
3780 7124
3781 7124
3782 8557
3783 8557
3784 8557
3785 8557
3786 8557
3787 8557
3788 8557
3789 8557
3790 8557
3791 8557
3792 8557
3793 8557
3794 8557
3795 8557
3796 8557
3797 8557
3798 8557
3799 8557
3800 8557
3801 8557
3802 8557
3803 8557
3804 8557
3805 8557
3806 8557
3807 8557
3808 8557
3809 2141
3810 2141
3811 2141
3812 9176
3813 9176
3814 9176
3815 9176
3816 5187
3817 5187
3818 5187
3819 9176
3820 9176
3821 9176
3822 2155
3823 2155
3824 2155
3825 2155
3826 2155
3827 2155
3828 2155
3829 2155
3830 2155
3831 5187
3832 5187
3833 7842
3834 7842
3835 7926
3836 7926
3837 7926
3838 7926
3839 7124
3840 6574
3841 6574
3842 7124
3843 7124
3844 7124
3845 7124
3846 7124
3847 7124
3848 8557
3849 8557
3850 8557
3851 8557
3852 8557
3853 8557
3854 8557
3855 8557
3856 8557
3857 8557
3858 8557
3859 8557
3860 8557
3861 8557
3862 8557
3863 8557
3864 8557
3865 8557
3866 8557
3867 8557
3868 8557
3869 8557
3870 8557
3871 8557
3872 8557
3873 8557
3874 8557
3875 8557
3876 8557
3877 8557
3878 2141
3879 2141
3880 2141
3881 9176
3882 9176
3883 9176
3884 9176
3885 5187
3886 5187
3887 9176
3888 9176
3889 2155
3890 2155
3891 2155
3892 2155
3893 2155
3894 2155
3895 2155
3896 2155
3897 2155
3898 2155
3899 8797
3900 5187
3901 5187
3902 7842
3903 7926
3904 7926
3905 7926
3906 7926
3907 7926
3908 6574
3909 6574
3910 3857
3911 44
3912 7124
3913 7124
3914 7124
3915 7124
3916 8557
3917 8557
3918 8557
3919 8557
3920 8557
3921 8557
3922 8557
3923 8557
3924 8557
3925 8557
3926 8557
3927 8557
3928 8557
3929 8557
3930 8557
3931 8557
3932 8557
3933 8557
3934 8557
3935 8557
3936 8557
3937 8557
3938 8557
3939 8557
3940 8557
3941 8557
3942 8557
3943 8557
3944 8557
3945 8557
3946 8557
3947 8557
3948 8557
3949 8557
3950 2141
3951 2141
3952 9176
3953 9176
3954 9176
3955 9176
3956 9176
3957 9176
3958 9176
3959 9176
3960 28
3961 28
3962 2155
3963 2155
3964 2155
3965 2155
3966 2155
3967 2155
3968 2155
3969 2155
3970 7842
3971 4961
3972 4961
3973 5187
3974 4961
3975 7926
3976 7926
3977 7926
3978 7926
3979 6574
3980 6574
3981 3857
3982 44
3983 44
3984 4827
3985 2056
3986 0
3987 0
3988 0
3989 0
3990 0
3991 0
3992 0
3993 0
3994 0
3995 0
3996 0
3997 0
3998 0
3999 0
4000 0
4001 0
4002 0
4003 0
4004 0
4005 0
4006 0
4007 0
4008 0
4009 7876
4010 7876
4011 4827
4012 8557
4013 8557
4014 8557
4015 8557
4016 8557
4017 8557
4018 8557
4019 8557
4020 8557
4021 8557
4022 8557
4023 8557
4024 8557
4025 8557
4026 8557
4027 8557
4028 8557
4029 8557
4030 2141
4031 2141
4032 2141
4033 9176
4034 9176
4035 9176
4036 9176
4037 9176
4038 9176
4039 9176
4040 9176
4041 2155
4042 28
4043 2155
4044 2155
4045 2155
4046 2155
4047 2155
4048 2155
4049 4961
4050 4961
4051 4961
4052 36
4053 4961
4054 7926
4055 7926
4056 6574
4057 6574
4058 6574
4059 2056
4060 2056
4061 2056
4062 2056
4063 7876
4064 7876
4065 4827
4066 5441
4067 0
4068 0
4069 0
4070 0
4071 0
4072 0
4073 0
4074 0
4075 5441
4076 5441
4077 5441
4078 5441
4079 5441
4080 5441
4081 5441
4082 5441
4083 5441
4084 1061
4085 1061
4086 1061
4087 1061
4088 1061
4089 1061
4090 1061
4091 1061
4092 1061
4093 1061
4094 1061
4095 1061
4096 60
4097 60
4098 60
4099 60
4100 60
4101 60
4102 60
4103 7779
4104 822
4105 822
4106 5020
4107 5020
4108 5020
4109 5020
4110 7784
4111 4563
4112 4563
4113 4563
4114 5020
4115 1612
4116 1612
4117 1612
4118 4563
4119 6721
4120 6721
4121 6640
4122 6640
4123 6640
4124 6640
4125 6640
4126 6640
4127 6724
4128 6724
4129 2784
4130 2784
4131 2491
4132 6734
4133 6734
4134 7808
4135 7808
4136 7808
4137 7808
4138 7808
4139 7808
4140 7808
4141 7808
4142 5441
4143 0
4144 0
4145 0
4146 0
4147 0
4148 0
4149 0
4150 0
4151 0
4152 0
4153 0
4154 0
4155 0
4156 0
4157 0
4158 0
4159 0
4160 0
4161 0
4162 0
4163 0
4164 0
4165 0
4166 0
4167 0
4168 0
4169 0
4170 0
4171 0
4172 0
4173 0
4174 0
4175 0
4176 0
4177 0
4178 0
4179 0
4180 0
4181 0
4182 0
4183 0
4184 0
4185 0
4186 7876
4187 7876
4188 8557
4189 8557
4190 8557
4191 8557
4192 8557
4193 8557
4194 8557
4195 8557
4196 8557
4197 8557
4198 8557
4199 8557
4200 8557
4201 8557
4202 9176
4203 9176
4204 2141
4205 9176
4206 9176
4207 9176
4208 9176
4209 9176
4210 2155
4211 2155
4212 2155
4213 2155
4214 2155
4215 28
4216 2155
4217 2155
4218 2155
4219 2155
4220 2155
4221 4961
4222 4961
4223 4961
4224 36
4225 7926
4226 6574
4227 39
4228 6574
4229 6574
4230 2056
4231 2056
4232 2056
4233 7876
4234 7876
4235 5441
4236 5441
4237 5441
4238 5441
4239 4827
4240 5441
4241 5512
4242 46
4243 1061
4244 1061
4245 1061
4246 1061
4247 1061
4248 1061
4249 1061
4250 1061
4251 1061
4252 1061
4253 1061
4254 1061
4255 60
4256 60
4257 60
4258 60
4259 60
4260 60
4261 60
4262 822
4263 822
4264 822
4265 822
4266 822
4267 4106
4268 4106
4269 4106
4270 5020
4271 5020
4272 5020
4273 5020
4274 1612
4275 1612
4276 1612
4277 1612
4278 1612
4279 1612
4280 1612
4281 457
4282 457
4283 1241
4284 6640
4285 6640
4286 6640
4287 6640
4288 2479
4289 2479
4290 4128
4291 1559
4292 98
4293 98
4294 2491
4295 2491
4296 2491
4297 2491
4298 2491
4299 2491
4300 1061
4301 1061
4302 1061
4303 1061
4304 1061
4305 1061
4306 1061
4307 1061
4308 1061
4309 1061
4310 1061
4311 1061
4312 1061
4313 1061
4314 1061
4315 1061
4316 1061
4317 1061
4318 1061
4319 1061
4320 1061
4321 60
4322 60
4323 60
4324 60
4325 60
4326 60
4327 60
4328 60
4329 822
4330 822
4331 822
4332 822
4333 822
4334 4106
4335 4106
4336 5020
4337 5020
4338 5020
4339 5020
4340 5020
4341 1612
4342 1612
4343 1612
4344 1612
4345 1612
4346 1612
4347 4563
4348 1241
4349 1241
4350 6640
4351 6640
4352 6640
4353 6640
4354 6640
4355 6640
4356 2479
4357 4128
4358 4128
4359 98
4360 2491
4361 2491
4362 2491
4363 2491
4364 2491
4365 2495
4366 1061
4367 1061
4368 1061
4369 1061
4370 1061
4371 1061
4372 1061
4373 1061
4374 1061
4375 1061
4376 1061
4377 1061
4378 1061
4379 1061
4380 1061
4381 1061
4382 1061
4383 1061
4384 1061
4385 1061
4386 1061
4387 1061
4388 1061
4389 1061
4390 1061
4391 60
4392 60
4393 60
4394 60
4395 60
4396 60
4397 60
4398 9323
4399 6263
4400 822
4401 822
4402 4106
4403 5020
4404 5020
4405 5020
4406 5020
4407 5020
4408 5020
4409 4563
4410 1612
4411 1612
4412 1612
4413 1612
4414 1612
4415 4563
4416 4563
4417 4563
4418 6640
4419 6640
4420 6640
4421 6640
4422 6640
4423 6640
4424 6640
4425 2479
4426 4128
4427 2491
4428 2491
4429 2491
4430 2491
4431 2491
4432 2491
4433 1061
4434 1061
4435 1061
4436 1061
4437 1061
4438 1061
4439 1061
4440 1061
4441 1061
4442 1061
4443 1061
4444 1061
4445 1061
4446 1061
4447 1061
4448 1061
4449 1061
4450 1061
4451 1061
4452 1061
4453 1061
4454 1061
4455 1061
4456 1061
4457 1061
4458 1061
4459 1061
4460 1061
4461 1061
4462 1061
4463 60
4464 60
4465 60
4466 60
4467 60
4468 60
4469 60
4470 6263
4471 4106
4472 822
4473 822
4474 5020
4475 5020
4476 5020
4477 5020
4478 5020
4479 4563
4480 4563
4481 4563
4482 1612
4483 1612
4484 1612
4485 1612
4486 4563
4487 4563
4488 6721
4489 6640
4490 6640
4491 6640
4492 6640
4493 6640
4494 6640
4495 6640
4496 6724
4497 4128
4498 2784
4499 2491
4500 728
4501 6734
4502 6734
4503 6734
4504 7556
4505 7808
4506 7808
4507 7808
4508 7808
4509 7808
4510 7808
4511 7808
4512 5441
4513 5441
4514 5441
4515 5441
4516 5441
4517 5441
4518 5441
4519 5441
4520 5441
4521 5441
4522 5441
4523 5441
4524 5441
4525 5441
4526 5441
4527 5441
4528 5441
4529 5441
4530 5441
4531 1061
4532 1061
4533 1061
4534 1061
4535 1061
4536 1061
4537 1061
4538 1061
4539 1061
4540 1061
4541 1061
4542 1061
4543 60
4544 60
4545 60
4546 60
4547 60
4548 60
4549 4106
4550 7779
4551 822
4552 822
4553 5020
4554 5020
4555 7784
4556 4563
4557 4563
4558 4563
4559 4563
4560 5020
4561 5020
4562 1612
4563 1612
4564 1612
4565 6721
4566 6721
4567 6640
4568 6640
4569 6640
4570 6640
4571 6640
4572 6724
4573 6724
4574 6724
4575 2784
4576 2784
4577 7801
4578 6734
4579 7808
4580 7808
4581 7808
4582 7808
4583 7808
4584 7808
4585 7808
4586 5441
4587 0
4588 0
4589 0
4590 0
4591 0
4592 0
4593 0
4594 0
4595 0
4596 0
4597 0
4598 0
4599 0
4600 0
4601 0
4602 0
4603 0
4604 0
4605 0
4606 0
4607 7876
4608 7876
4609 7876
4610 8557
4611 8557
4612 8557
4613 8557
4614 8557
4615 8557
4616 8557
4617 8557
4618 8557
4619 8557
4620 8557
4621 8557
4622 8557
4623 8557
4624 8557
4625 8557
4626 8557
4627 8557
4628 9176
4629 2141
4630 2141
4631 9176
4632 9176
4633 9176
4634 9176
4635 9176
4636 9176
4637 9176
4638 9176
4639 2155
4640 28
4641 2155
4642 2155
4643 2155
4644 2155
4645 2155
4646 2155
4647 8797
4648 4961
4649 4961
4650 4961
4651 4961
4652 4961
4653 39
4654 7926
4655 6574
4656 6574
4657 6574
4658 2056
4659 2056
4660 2056
4661 2056
4662 2056
4663 4827
4664 0
4665 0
4666 0
4667 0
4668 0
4669 0
4670 0
4671 0
4672 0
4673 0
4674 0
4675 0
4676 0
4677 0
4678 5441
4679 5441
4680 5441
4681 5441
4682 5441
4683 5441
4684 5441
4685 5441
4686 5441
4687 1061
4688 1061
4689 1061
4690 1061
4691 1061
4692 1061
4693 1061
4694 1061
4695 1061
4696 1061
4697 1061
4698 1061
4699 60
4700 60
4701 60
4702 60
4703 60
4704 60
4705 7779
4706 7779
4707 822
4708 5020
4709 5020
4710 5020
4711 5020
4712 4563
4713 4563
4714 4563
4715 4563
4716 5020
4717 5020
4718 1612
4719 1612
4720 5020
4721 6721
4722 6721
4723 6640
4724 6640
4725 6640
4726 6640
4727 6640
4728 6724
4729 6721
4730 2784
4731 2784
4732 2784
4733 7801
4734 6734
4735 7808
4736 7808
4737 7808
4738 7808
4739 7808
4740 7808
4741 7808
4742 0
4743 0
4744 0
4745 0
4746 0
4747 0
4748 0
4749 0
4750 0
4751 0
4752 0
4753 0
4754 0
4755 0
4756 0
4757 0
4758 0
4759 0
4760 0
4761 0
4762 0
4763 0
4764 7876
4765 7876
4766 8557
4767 8557
4768 8557
4769 8557
4770 8557
4771 8557
4772 8557
4773 8557
4774 8557
4775 8557
4776 8557
4777 8557
4778 8557
4779 8557
4780 8557
4781 8557
4782 8557
4783 8557
4784 8557
4785 2141
4786 2141
4787 9176
4788 9176
4789 9176
4790 9176
4791 9176
4792 9176
4793 9176
4794 9176
4795 2155
4796 28
4797 2155
4798 2155
4799 2155
4800 2155
4801 2155
4802 2155
4803 2155
4804 4961
4805 4961
4806 4961
4807 4961
4808 4961
4809 7926
4810 7926
4811 6574
4812 6574
4813 6574
4814 2056
4815 2056
4816 2056
4817 2056
4818 7876
4819 7876
4820 4827
4821 0
4822 0
4823 0
4824 0
4825 0
4826 0
4827 0
4828 0
4829 0
4830 0
4831 0
4832 0
4833 5441
4834 5441
4835 5441
4836 5441
4837 5441
4838 5441
4839 5441
4840 5441
4841 5441
4842 1061
4843 1061
4844 1061
4845 1061
4846 1061
4847 1061
4848 1061
4849 1061
4850 1061
4851 1061
4852 1061
4853 1061
4854 60
4855 60
4856 60
4857 60
4858 60
4859 60
4860 7779
4861 7779
4862 822
4863 6263
4864 5020
4865 5020
4866 5020
4867 4563
4868 4563
4869 4563
4870 4563
4871 5020
4872 5020
4873 1612
4874 1612
4875 1612
4876 6721
4877 6721
4878 6640
4879 6640
4880 6640
4881 6640
4882 6640
4883 6724
4884 6721
4885 6724
4886 2784
4887 2784
4888 7801
4889 6734
4890 2495
4891 7808
4892 7808
4893 7808
4894 7808
4895 7808
4896 7808
4897 5441
4898 0
4899 0
4900 0
4901 0
4902 0
4903 0
4904 0
4905 0
4906 0
4907 0
4908 0
4909 0
4910 0
4911 0
4912 0
4913 0
4914 0
4915 0
4916 0
4917 0
4918 0
4919 0
4920 0
4921 0
4922 0
4923 7876
4924 7876
4925 8557
4926 8557
4927 8557
4928 8557
4929 8557
4930 8557
4931 8557
4932 8557
4933 8557
4934 8557
4935 8557
4936 8557
4937 8557
4938 8557
4939 8557
4940 8557
4941 8557
4942 8557
4943 2141
4944 2141
4945 9176
4946 9176
4947 9176
4948 9176
4949 9176
4950 9176
4951 9176
4952 9176
4953 2155
4954 28
4955 28
4956 2155
4957 2155
4958 2155
4959 2155
4960 2155
4961 8797
4962 4961
4963 4961
4964 4961
4965 4961
4966 7926
4967 7926
4968 6574
4969 6574
4970 6574
4971 6574
4972 2056
4973 2056
4974 2056
4975 2056
4976 7876
4977 7876
4978 4827
4979 5441
4980 0
4981 0
4982 0
4983 0
4984 0
4985 5441
4986 5441
4987 5441
4988 5441
4989 5441
4990 5441
4991 5441
4992 5441
4993 5441
4994 1061
4995 1061
4996 1061
4997 1061
4998 1061
4999 1061
5000 1061
5001 1061
5002 1061
5003 1061
5004 1061
5005 1061
5006 1061
5007 60
5008 60
5009 60
5010 60
5011 60
5012 60
5013 6263
5014 4106
5015 822
5016 822
5017 5020
5018 5020
5019 5020
5020 5020
5021 5020
5022 4563
5023 4563
5024 4563
5025 5020
5026 1612
5027 1612
5028 1612
5029 4563
5030 6721
5031 6721
5032 6640
5033 6640
5034 6640
5035 6640
5036 6640
5037 6640
5038 6724
5039 6724
5040 2784
5041 2784
5042 2491
5043 2784
5044 6734
5045 6734
5046 7808
5047 7808
5048 7808
5049 7808
5050 7808
5051 7808
5052 7808
5053 7808
5054 7808
5055 7808
5056 0
5057 0
5058 0
5059 0
5060 0
5061 0
5062 0
5063 0
5064 0
5065 0
5066 0
5067 0
5068 0
5069 0
5070 0
5071 0
5072 0
5073 0
5074 0
5075 0
5076 0
5077 0
5078 0
5079 0
5080 0
5081 5441
5082 5441
5083 5441
5084 5441
5085 5441
5086 5441
5087 5441
5088 5441
5089 1061
5090 1061
5091 1061
5092 1061
5093 1061
5094 1061
5095 1061
5096 1061
5097 1061
5098 60
5099 60
5100 60
5101 60
5102 60
5103 60
5104 7779
5105 7779
5106 822
5107 822
5108 5020
5109 5020
5110 4563
5111 4563
5112 4563
5113 4563
5114 4563
5115 5020
5116 5020
5117 1612
5118 1612
5119 5020
5120 7798
5121 7798
5122 6640
5123 6640
5124 6640
5125 6640
5126 1612
5127 6724
5128 6721
5129 2784
5130 2784
5131 6734
5132 7808
5133 7808
5134 7808
5135 7808
5136 7808
5137 5441
5138 0
5139 0
5140 0
5141 0
5142 0
5143 0
5144 0
5145 50
5146 7876
5147 7876
5148 8557
5149 8557
5150 8557
5151 8557
5152 8557
5153 8557
5154 8557
5155 8557
5156 8557
5157 8557
5158 8557
5159 8557
5160 8557
5161 8557
5162 8557
5163 8557
5164 8557
5165 8557
5166 8557
5167 8557
5168 8557
5169 8557
5170 8557
5171 2141
5172 2141
5173 2141
5174 9176
5175 9176
5176 9176
5177 9176
5178 9176
5179 5187
5180 9176
5181 9176
5182 9176
5183 2155
5184 2155
5185 2155
5186 2155
5187 2155
5188 2155
5189 2155
5190 2155
5191 2155
5192 2155
5193 8797
5194 5187
5195 7124
5196 7842
5197 7926
5198 7926
5199 7926
5200 7926
5201 7124
5202 6574
5203 6574
5204 3857
5205 7124
5206 7124
5207 7124
5208 7124
5209 8557
5210 8557
5211 8557
5212 8557
5213 8557
5214 8557
5215 8557
5216 8557
5217 8557
5218 8557
5219 8557
5220 8557
5221 8557
5222 8557
5223 8557
5224 8557
5225 8557
5226 8557
5227 8557
5228 8557
5229 8557
5230 8557
5231 8557
5232 8557
5233 8557
5234 8557
5235 8557
5236 8557
5237 8557
5238 8557
5239 8557
5240 8557
5241 8557
5242 2141
5243 2141
5244 2141
5245 9176
5246 9176
5247 9176
5248 9176
5249 9176
5250 9176
5251 9176
5252 9176
5253 28
5254 2155
5255 2155
5256 2155
5257 2155
5258 2155
5259 2155
5260 2155
5261 2155
5262 8797
5263 7842
5264 4961
5265 5187
5266 7124
5267 7926
5268 7926
5269 7926
5270 7926
5271 7926
5272 6574
5273 6574
5274 3857
5275 44
5276 44
5277 7124
5278 4827
5279 3857
5280 0
5281 0
5282 0
5283 0
5284 0
5285 0
5286 0
5287 0
5288 0
5289 0
5290 0
5291 0
5292 0
5293 0
5294 0
5295 0
5296 0
5297 4827
5298 4827
5299 4827
5300 8557
5301 8557
5302 8557
5303 8557
5304 8557
5305 8557
5306 8557
5307 8557
5308 8557
5309 8557
5310 8557
5311 8557
5312 8557
5313 8557
5314 8557
5315 8557
5316 8557
5317 8557
5318 8557
5319 9176
5320 2141
5321 2141
5322 9176
5323 9176
5324 9176
5325 9176
5326 9176
5327 9176
5328 9176
5329 9176
5330 2155
5331 28
5332 2155
5333 2155
5334 2155
5335 2155
5336 2155
5337 2155
5338 8797
5339 4961
5340 4961
5341 36
5342 4961
5343 7124
5344 39
5345 7926
5346 6574
5347 6574
5348 6574
5349 2056
5350 2056
5351 2056
5352 3857
5353 2056
5354 4827
5355 0
5356 0
5357 0
5358 0
5359 0
5360 0
5361 0
5362 0
5363 0
5364 0
5365 0
5366 0
5367 0
5368 0
5369 0
5370 0
5371 0
5372 0
5373 0
5374 5441
5375 5441
5376 5441
5377 5441
5378 5441
5379 5441
5380 5441
5381 5441
5382 5441
5383 1061
5384 1061
5385 1061
5386 1061
5387 1061
5388 1061
5389 1061
5390 1061
5391 1061
5392 1061
5393 1061
5394 60
5395 60
5396 60
5397 60
5398 60
5399 60
5400 7779
5401 7779
5402 822
5403 5020
5404 5020
5405 5020
5406 4563
5407 4563
5408 4563
5409 4563
5410 4563
5411 5020
5412 5020
5413 1612
5414 1612
5415 5020
5416 6721
5417 7798
5418 6640
5419 6640
5420 6640
5421 6640
5422 1612
5423 6724
5424 6721
5425 2784
5426 2784
5427 7801
5428 6734
5429 7808
5430 7808
5431 7808
5432 7808
5433 7808
5434 7808
5435 1061
5436 0
5437 0
5438 0
5439 0
5440 0
5441 0
5442 0
5443 0
5444 0
5445 0
5446 0
5447 0
5448 0
5449 0
5450 7876
5451 7876
5452 7876
5453 8557
5454 8557
5455 8557
5456 8557
5457 8557
5458 8557
5459 8557
5460 8557
5461 8557
5462 8557
5463 8557
5464 8557
5465 8557
5466 8557
5467 8557
5468 8557
5469 8557
5470 8557
5471 8557
5472 8557
5473 2141
5474 2141
5475 2141
5476 9176
5477 9176
5478 9176
5479 9176
5480 9176
5481 9176
5482 9176
5483 9176
5484 28
5485 28
5486 2155
5487 2155
5488 2155
5489 2155
5490 2155
5491 2155
5492 2155
5493 8797
5494 4961
5495 4961
5496 4961
5497 7124
5498 7926
5499 7926
5500 7926
5501 7926
5502 6574
5503 6574
5504 2056
5505 44
5506 44
5507 7876
5508 0
5509 0
5510 0
5511 0
5512 0
5513 0
5514 0
5515 0
5516 0
5517 0
5518 0
5519 0
5520 0
5521 0
5522 0
5523 0
5524 0
5525 0
5526 0
5527 0
5528 0
5529 0
5530 0
5531 0
5532 0
5533 0
5534 0
5535 0
5536 0
5537 0
5538 0
5539 0
5540 0
5541 0
5542 0
5543 0
5544 0
5545 7876
5546 7876
5547 7876
5548 8557
5549 8557
5550 8557
5551 8557
5552 8557
5553 8557
5554 8557
5555 8557
5556 8557
5557 8557
5558 8557
5559 8557
5560 8557
5561 8557
5562 8557
5563 9176
5564 2141
5565 2141
5566 9176
5567 9176
5568 9176
5569 9176
5570 9176
5571 9176
5572 2155
5573 2155
5574 2155
5575 28
5576 28
5577 2155
5578 2155
5579 2155
5580 2155
5581 2155
5582 4961
5583 4961
5584 4961
5585 36
5586 7926
5587 6574
5588 39
5589 6574
5590 6574
5591 2056
5592 2056
5593 2056
5594 2056
5595 7876
5596 7876
5597 5441
5598 5441
5599 4827
5600 4827
5601 5441
5602 5441
5603 5441
5604 5441
5605 5441
5606 1061
5607 1061
5608 1061
5609 1061
5610 1061
5611 1061
5612 1061
5613 1061
5614 1061
5615 1061
5616 1061
5617 1061
5618 1061
5619 1061
5620 60
5621 60
5622 60
5623 60
5624 60
5625 60
5626 822
5627 9323
5628 6263
5629 822
5630 822
5631 4106
5632 5020
5633 5020
5634 5020
5635 5020
5636 5020
5637 5020
5638 4563
5639 1612
5640 1612
5641 1612
5642 1612
5643 1612
5644 4563
5645 4563
5646 4563
5647 6640
5648 6640
5649 6640
5650 6640
5651 6640
5652 6640
5653 6640
5654 4128
5655 4128
5656 2491
5657 2491
5658 2491
5659 2491
5660 2491
5661 2491
5662 1061
5663 1061
5664 1061
5665 1061
5666 1061
5667 1061
5668 1061
5669 1061
5670 1061
5671 1061
5672 1061
5673 1061
5674 1061
5675 1061
5676 1061
5677 1061
5678 1061
5679 1061
5680 1061
5681 1061
5682 1061
5683 1061
5684 1061
5685 1061
5686 1061
5687 1061
5688 1061
5689 1061
5690 1061
5691 60
5692 60
5693 60
5694 60
5695 60
5696 60
5697 60
5698 6263
5699 4106
5700 822
5701 822
5702 5020
5703 5020
5704 5020
5705 5020
5706 5020
5707 7784
5708 4563
5709 4563
5710 1612
5711 1612
5712 1612
5713 1612
5714 1612
5715 4563
5716 6721
5717 6721
5718 6640
5719 6640
5720 6640
5721 6640
5722 6640
5723 6640
5724 6724
5725 4128
5726 4128
5727 2784
5728 728
5729 6734
5730 6734
5731 6734
5732 2491
5733 7808
5734 7808
5735 7808
5736 7808
5737 7808
5738 7808
5739 7808
5740 5441
5741 5441
5742 5441
5743 5441
5744 5441
5745 5441
5746 5441
5747 5441
5748 5441
5749 5441
5750 5441
5751 5441
5752 5441
5753 5441
5754 5441
5755 5441
5756 1061
5757 1061
5758 1061
5759 1061
5760 1061
5761 1061
5762 1061
5763 1061
5764 1061
5765 1061
5766 1061
5767 1061
5768 1061
5769 60
5770 60
5771 60
5772 60
5773 60
5774 60
5775 4106
5776 7779
5777 822
5778 822
5779 5020
5780 5020
5781 5020
5782 5020
5783 4563
5784 4563
5785 4563
5786 4563
5787 5020
5788 1612
5789 1612
5790 1612
5791 6721
5792 6721
5793 457
5794 6640
5795 6640
5796 6640
5797 6640
5798 6640
5799 6724
5800 6724
5801 2784
5802 2784
5803 7801
5804 6734
5805 6734
5806 7808
5807 7808
5808 7808
5809 7808
5810 7808
5811 7808
5812 7808
5813 5441
5814 0
5815 0
5816 0
5817 0
5818 0
5819 0
5820 0
5821 0
5822 0
5823 0
5824 0
5825 0
5826 0
5827 0
5828 0
5829 0
5830 0
5831 0
5832 0
5833 0
5834 0
5835 0
5836 0
5837 0
5838 0
5839 0
5840 0
5841 0
5842 7876
5843 7876
5844 8557
5845 8557
5846 8557
5847 8557
5848 8557
5849 8557
5850 8557
5851 8557
5852 8557
5853 8557
5854 8557
5855 8557
5856 8557
5857 8557
5858 8557
5859 8557
5860 8557
5861 2141
5862 2141
5863 2141
5864 9176
5865 9176
5866 9176
5867 9176
5868 9176
5869 9176
5870 9176
5871 9176
5872 2155
5873 28
5874 2155
5875 2155
5876 2155
5877 2155
5878 2155
5879 8797
5880 4961
5881 4961
5882 4961
5883 4961
5884 7926
5885 7926
5886 6574
5887 6574
5888 6574
5889 2056
5890 2056
5891 2056
5892 2056
5893 7876
5894 7876
5895 7876
5896 4827
5897 4827
5898 5441
5899 5441
5900 5441
5901 5441
5902 5441
5903 5441
5904 5441
5905 5441
5906 5441
5907 5441
5908 1061
5909 1061
5910 1061
5911 1061
5912 1061
5913 1061
5914 1061
5915 1061
5916 1061
5917 1061
5918 1061
5919 1061
5920 1061
5921 1061
5922 60
5923 60
5924 60
5925 60
5926 60
5927 60
5928 60
5929 6263
5930 822
5931 822
5932 6263
5933 5020
5934 5020
5935 5020
5936 5020
5937 5020
5938 4563
5939 4563
5940 4563
5941 1612
5942 1612
5943 1612
5944 1612
5945 4563
5946 4563
5947 6721
5948 6640
5949 6640
5950 6640
5951 6640
5952 6640
5953 6640
5954 6640
5955 2479
5956 2491
5957 2784
5958 2491
5959 2491
5960 6734
5961 6734
5962 2491
5963 7808
5964 7808
5965 7808
5966 7808
5967 7808
5968 7808
5969 7808
5970 7808
5971 5441
5972 5441
5973 5441
5974 5441
5975 5441
5976 5441
5977 5441
5978 5441
5979 5441
5980 5441
5981 5441
5982 5441
5983 5441
5984 5441
5985 5441
5986 5441
5987 5441
5988 5441
5989 1061
5990 1061
5991 1061
5992 1061
5993 1061
5994 1061
5995 1061
5996 1061
5997 1061
5998 1061
5999 1061
6000 1061
6001 60
6002 60
6003 60
6004 60
6005 60
6006 60
6007 4106
6008 7779
6009 822
6010 822
6011 5020
6012 5020
6013 5020
6014 7784
6015 4563
6016 4563
6017 4563
6018 5020
6019 5020
6020 1612
6021 1612
6022 1612
6023 6721
6024 6721
6025 7798
6026 6640
6027 6640
6028 6640
6029 6640
6030 6640
6031 6724
6032 6724
6033 2784
6034 2784
6035 7801
6036 6734
6037 6734
6038 7808
6039 7808
6040 7808
6041 7808
6042 7808
6043 7808
6044 5441
6045 0
6046 0
6047 0
6048 0
6049 0
6050 0
6051 0
6052 0
6053 0
6054 0
6055 0
6056 0
6057 0
6058 0
6059 0
6060 0
6061 0
6062 0
6063 0
6064 0
6065 0
6066 0
6067 0
6068 7876
6069 7876
6070 8557
6071 8557
6072 8557
6073 8557
6074 8557
6075 8557
6076 8557
6077 8557
6078 8557
6079 8557
6080 8557
6081 8557
6082 8557
6083 8557
6084 8557
6085 8557
6086 8557
6087 8557
6088 9176
6089 2141
6090 2141
6091 9176
6092 9176
6093 9176
6094 9176
6095 9176
6096 9176
6097 9176
6098 9176
6099 2155
6100 28
6101 2155
6102 2155
6103 2155
6104 2155
6105 2155
6106 2155
6107 4961
6108 4961
6109 4961
6110 36
6111 4961
6112 7926
6113 7926
6114 6574
6115 6574
6116 6574
6117 2056
6118 2056
6119 2056
6120 2056
6121 2056
6122 7876
6123 4827
6124 0
6125 0
6126 0
6127 0
6128 0
6129 0
6130 0
6131 0
6132 0
6133 0
6134 5441
6135 5441
6136 5441
6137 5441
6138 5441
6139 5441
6140 5441
6141 5441
6142 5441
6143 1061
6144 1061
6145 1061
6146 1061
6147 1061
6148 1061
6149 1061
6150 1061
6151 1061
6152 1061
6153 1061
6154 1061
6155 60
6156 60
6157 60
6158 60
6159 60
6160 822
6161 6263
6162 7779
6163 822
6164 822
6165 5020
6166 5020
6167 5020
6168 5020
6169 4563
6170 4563
6171 4563
6172 4563
6173 5020
6174 1612
6175 1612
6176 1612
6177 4563
6178 6721
6179 6721
6180 6640
6181 6640
6182 6640
6183 6640
6184 6640
6185 6724
6186 6724
6187 2784
6188 2784
6189 2784
6190 6734
6191 6734
6192 2491
6193 7808
6194 7808
6195 7808
6196 7808
6197 7808
6198 7808
6199 7808
6200 5441
6201 0
6202 0
6203 0
6204 0
6205 0
6206 0
6207 0
6208 0
6209 0
6210 0
6211 0
6212 0
6213 0
6214 0
6215 0
6216 0
6217 0
6218 0
6219 0
6220 0
6221 0
6222 0
6223 0
6224 0
6225 0
6226 0
6227 0
6228 0
6229 0
6230 0
6231 0
6232 0
6233 0
6234 0
6235 7876
6236 7876
6237 8557
6238 8557
6239 8557
6240 8557
6241 8557
6242 8557
6243 8557
6244 8557
6245 8557
6246 8557
6247 8557
6248 8557
6249 8557
6250 8557
6251 8557
6252 8557
6253 2141
6254 2141
6255 9176
6256 9176
6257 9176
6258 9176
6259 9176
6260 9176
6261 9176
6262 2155
6263 2155
6264 2155
6265 28
6266 2155
6267 2155
6268 2155
6269 2155
6270 2155
6271 4961
6272 4961
6273 4961
6274 36
6275 4961
6276 7926
6277 39
6278 6574
6279 6574
6280 6574
6281 2056
6282 2056
6283 2056
6284 7876
6285 7876
6286 5441
6287 5441
6288 4827
6289 4827
6290 5441
6291 5441
6292 5441
6293 5441
6294 5441
6295 1061
6296 1061
6297 1061
6298 1061
6299 1061
6300 1061
6301 1061
6302 1061
6303 1061
6304 1061
6305 1061
6306 1061
6307 1061
6308 1061
6309 60
6310 60
6311 60
6312 60
6313 60
6314 60
6315 60
6316 9323
6317 6263
6318 822
6319 822
6320 4106
6321 4106
6322 5020
6323 5020
6324 5020
6325 5020
6326 5020
6327 5020
6328 1612
6329 1612
6330 1612
6331 1612
6332 1612
6333 1612
6334 6721
6335 4563
6336 1241
6337 6640
6338 6640
6339 6640
6340 6640
6341 6640
6342 6640
6343 2479
6344 4128
6345 2491
6346 2491
6347 2491
6348 2491
6349 2491
6350 7556
6351 1061
6352 1061
6353 1061
6354 1061
6355 1061
6356 1061
6357 1061
6358 1061
6359 1061
6360 1061
6361 1061
6362 1061
6363 1061
6364 1061
6365 1061
6366 1061
6367 1061
6368 1061
6369 1061
6370 1061
6371 1061
6372 1061
6373 1061
6374 1061
6375 1061
6376 1061
6377 1061
6378 1061
6379 1061
6380 1061
6381 60
6382 60
6383 60
6384 60
6385 60
6386 60
6387 9323
6388 6263
6389 822
6390 822
6391 6263
6392 5020
6393 5020
6394 5020
6395 5020
6396 5020
6397 4563
6398 4563
6399 4563
6400 1612
6401 1612
6402 1612
6403 1612
6404 4563
6405 4563
6406 6721
6407 6640
6408 6640
6409 6640
6410 6640
6411 6640
6412 6640
6413 6640
6414 2479
6415 2491
6416 2784
6417 2491
6418 2784
6419 6734
6420 6734
6421 6734
6422 2495
6423 7808
6424 7808
6425 7808
6426 7808
6427 7808
6428 7808
6429 5441
6430 5441
6431 5441
6432 5441
6433 5441
6434 5441
6435 5441
6436 5441
6437 5441
6438 5441
6439 5441
6440 5441
6441 5441
6442 5441
6443 5441
6444 5441
6445 5441
6446 1061
6447 1061
6448 1061
6449 1061
6450 1061
6451 1061
6452 1061
6453 1061
6454 1061
6455 1061
6456 1061
6457 1061
6458 1061
6459 60
6460 60
6461 60
6462 60
6463 60
6464 60
6465 4106
6466 7779
6467 822
6468 822
6469 5020
6470 5020
6471 5020
6472 5020
6473 4563
6474 4563
6475 4563
6476 4563
6477 5020
6478 1612
6479 1612
6480 1612
6481 6721
6482 6721
6483 1241
6484 6640
6485 6640
6486 6640
6487 6640
6488 6640
6489 6724
6490 6724
6491 2784
6492 2784
6493 7801
6494 6734
6495 6734
6496 7808
6497 7808
6498 7808
6499 7808
6500 7808
6501 7808
6502 7808
6503 5441
6504 0
6505 0
6506 0
6507 0
6508 0
6509 0
6510 0
6511 0
6512 0
6513 0
6514 0
6515 0
6516 0
6517 0
6518 0
6519 0
6520 0
6521 0
6522 0
6523 0
6524 0
6525 0
6526 0
6527 0
6528 0
6529 0
6530 7876
6531 7876
6532 8557
6533 8557
6534 8557
6535 8557
6536 8557
6537 8557
6538 8557
6539 8557
6540 8557
6541 8557
6542 8557
6543 8557
6544 8557
6545 8557
6546 8557
6547 8557
6548 8557
6549 9176
6550 2141
6551 2141
6552 9176
6553 9176
6554 9176
6555 9176
6556 9176
6557 9176
6558 9176
6559 9176
6560 2155
6561 28
6562 2155
6563 2155
6564 2155
6565 2155
6566 2155
6567 2155
6568 4961
6569 4961
6570 4961
6571 36
6572 4961
6573 7926
6574 6574
6575 6574
6576 6574
6577 6574
6578 2056
6579 2056
6580 2056
6581 2056
6582 7876
6583 7876
6584 4827
6585 4827
6586 5441
6587 5441
6588 0
6589 5441
6590 5441
6591 5441
6592 5441
6593 5441
6594 5441
6595 5441
6596 5441
6597 5441
6598 5441
6599 1061
6600 1061
6601 1061
6602 1061
6603 1061
6604 1061
6605 1061
6606 1061
6607 1061
6608 1061
6609 1061
6610 1061
6611 1061
6612 60
6613 60
6614 60
6615 60
6616 60
6617 60
6618 60
6619 4106
6620 822
6621 822
6622 5020
6623 5020
6624 5020
6625 5020
6626 5020
6627 4563
6628 4563
6629 4563
6630 4563
6631 1612
6632 1612
6633 1612
6634 1612
6635 4563
6636 6721
6637 6721
6638 6640
6639 6640
6640 6640
6641 6640
6642 6640
6643 6640
6644 6724
6645 4128
6646 2784
6647 2784
6648 2491
6649 2784
6650 6734
6651 2491
6652 7808
6653 7808
6654 7808
6655 7808
6656 7808
6657 7808
6658 7808
6659 7808
6660 7808
6661 5441
6662 5441
6663 5441
6664 0
6665 0
6666 0
6667 0
6668 0
6669 0
6670 0
6671 0
6672 0
6673 0
6674 0
6675 0
6676 5441
6677 5441
6678 5441
6679 5441
6680 5441
6681 5441
6682 5441
6683 5441
6684 5441
6685 5441
6686 1061
6687 1061
6688 1061
6689 1061
6690 1061
6691 1061
6692 1061
6693 1061
6694 1061
6695 1061
6696 1061
6697 60
6698 60
6699 60
6700 60
6701 60
6702 60
6703 7779
6704 7779
6705 822
6706 5020
6707 5020
6708 5020
6709 4563
6710 4563
6711 4563
6712 4563
6713 5020
6714 5020
6715 5020
6716 1612
6717 1612
6718 5020
6719 6721
6720 6721
6721 6640
6722 6640
6723 6640
6724 6640
6725 1612
6726 6724
6727 6721
6728 2784
6729 2784
6730 7801
6731 6734
6732 7808
6733 7808
6734 7808
6735 7808
6736 7808
6737 5441
6738 0
6739 0
6740 0
6741 0
6742 0
6743 0
6744 0
6745 0
6746 0
6747 0
6748 0
6749 0
6750 7876
6751 7876
6752 7876
6753 8557
6754 8557
6755 8557
6756 8557
6757 8557
6758 8557
6759 8557
6760 8557
6761 8557
6762 8557
6763 8557
6764 8557
6765 8557
6766 8557
6767 8557
6768 8557
6769 8557
6770 8557
6771 8557
6772 8557
6773 8557
6774 9176
6775 2141
6776 2141
6777 9176
6778 9176
6779 9176
6780 9176
6781 9176
6782 9176
6783 9176
6784 9176
6785 28
6786 28
6787 2155
6788 2155
6789 2155
6790 2155
6791 2155
6792 2155
6793 2155
6794 8797
6795 7842
6796 4961
6797 4961
6798 5187
6799 4961
6800 7926
6801 7926
6802 7926
6803 7926
6804 6574
6805 6574
6806 3857
6807 44
6808 44
6809 4827
6810 2056
6811 0
6812 0
6813 0
6814 0
6815 0
6816 0
6817 0
6818 0
6819 0
6820 0
6821 0
6822 0
6823 0
6824 0
6825 0
6826 0
6827 0
6828 0
6829 0
6830 0
6831 0
6832 0
6833 0
6834 0
6835 7876
6836 7876
6837 4827
6838 8557
6839 8557
6840 8557
6841 8557
6842 8557
6843 8557
6844 8557
6845 8557
6846 8557
6847 8557
6848 8557
6849 8557
6850 8557
6851 8557
6852 8557
6853 8557
6854 8557
6855 9176
6856 2141
6857 2141
6858 9176
6859 9176
6860 9176
6861 9176
6862 9176
6863 9176
6864 9176
6865 9176
6866 2155
6867 28
6868 28
6869 2155
6870 2155
6871 2155
6872 2155
6873 2155
6874 8797
6875 4961
6876 4961
6877 4961
6878 4961
6879 7926
6880 7926
6881 6574
6882 6574
6883 6574
6884 6574
6885 2056
6886 2056
6887 2056
6888 2056
6889 7876
6890 7876
6891 4827
6892 0
6893 0
6894 0
6895 0
6896 0
6897 0
6898 0
6899 5441
6900 5441
6901 5441
6902 5441
6903 5441
6904 5441
6905 5441
6906 5441
6907 5441
6908 1061
6909 1061
6910 1061
6911 1061
6912 1061
6913 1061
6914 1061
6915 1061
6916 1061
6917 1061
6918 1061
6919 1061
6920 1061
6921 60
6922 60
6923 60
6924 60
6925 60
6926 60
6927 6263
6928 7779
6929 822
6930 822
6931 5020
6932 5020
6933 5020
6934 5020
6935 4563
6936 4563
6937 4563
6938 4563
6939 5020
6940 1612
6941 1612
6942 1612
6943 4563
6944 6721
6945 6721
6946 6640
6947 6640
6948 6640
6949 6640
6950 6640
6951 6640
6952 6724
6953 6724
6954 2784
6955 2784
6956 2491
6957 6734
6958 6734
6959 7808
6960 7808
6961 7808
6962 7808
6963 7808
6964 7808
6965 7808
6966 7808
6967 7808
6968 0
6969 0
6970 0
6971 0
6972 0
6973 0
6974 0
6975 0
6976 0
6977 0
6978 0
6979 0
6980 0
6981 0
6982 0
6983 0
6984 0
6985 0
6986 0
6987 0
6988 0
6989 0
6990 0
6991 0
6992 0
6993 0
6994 0
6995 0
6996 0
6997 0
6998 0
6999 0
7000 0
7001 0
7002 0
7003 0
7004 0
7005 0
7006 0
7007 0
7008 0
7009 0
7010 0
7011 5441
7012 5441
7013 5441
7014 5441
7015 5441
7016 5441
7017 5441
7018 1061
7019 1061
7020 1061
7021 1061
7022 1061
7023 1061
7024 1061
7025 1061
7026 1061
7027 60
7028 60
7029 60
7030 60
7031 60
7032 7779
7033 7779
7034 7779
7035 822
7036 5020
7037 1612
7038 4563
7039 4563
7040 4563
7041 4563
7042 5020
7043 5020
7044 6640
7045 6640
7046 1612
7047 6711
7048 7798
7049 6640
7050 6640
7051 6640
7052 6640
7053 1612
7054 6724
7055 6724
7056 2784
7057 2784
7058 7801
7059 7808
7060 7808
7061 7808
7062 7808
7063 5441
7064 0
7065 0
7066 0
7067 0
7068 6963
7069 6963
7070 8557
7071 8557
7072 8557
7073 8557
7074 8557
7075 8557
7076 8557
7077 8557
7078 8557
7079 8557
7080 8557
7081 8557
7082 8557
7083 8557
7084 8557
7085 8557
7086 8557
7087 8557
7088 8557
7089 8557
7090 8557
7091 8557
7092 8557
7093 8557
7094 8557
7095 2141
7096 2141
7097 2141
7098 2141
7099 9176
7100 9176
7101 5187
7102 5187
7103 5187
7104 5187
7105 5187
7106 5187
7107 5187
7108 6110
7109 6110
7110 6110
7111 6110
7112 6110
7113 5187
7114 5187
7115 5187
7116 5187
7117 7124
7118 8797
7119 7842
7120 7926
7121 7926
7122 7926
7123 5187
7124 7124
7125 7124
7126 7124
7127 7124
7128 7124
7129 7124
7130 7124
7131 7124
7132 7124
7133 7124
7134 7124
7135 7124
7136 8557
7137 8557
7138 8557
7139 8557
7140 8557
7141 8557
7142 8557
7143 8557
7144 8557
7145 8557
7146 8557
7147 8557
7148 8557
7149 8557
7150 8557
7151 8557
7152 8557
7153 8557
7154 8557
7155 8557
7156 8557
7157 8557
7158 8557
7159 8557
7160 2141
7161 2141
7162 2141
7163 2141
7164 9176
7165 9176
7166 5187
7167 5187
7168 5187
7169 5187
7170 5187
7171 5187
7172 9176
7173 6110
7174 6110
7175 2155
7176 2155
7177 2155
7178 2155
7179 2155
7180 5187
7181 5187
7182 5187
7183 7124
7184 7124
7185 7842
7186 7926
7187 7926
7188 7926
7189 5187
7190 7124
7191 7124
7192 7124
7193 7124
7194 7124
7195 7124
7196 7124
7197 7124
7198 7124
7199 7124
7200 7124
7201 8557
7202 8557
7203 8557
7204 8557
7205 8557
7206 8557
7207 8557
7208 8557
7209 8557
7210 8557
7211 8557
7212 8557
7213 8557
7214 8557
7215 8557
7216 8557
7217 8557
7218 8557
7219 8557
7220 8557
7221 8557
7222 8557
7223 8557
7224 8557
7225 8557
7226 2141
7227 2141
7228 2141
7229 2141
7230 9176
7231 9176
7232 9176
7233 5187
7234 5187
7235 5187
7236 5187
7237 9176
7238 9176
7239 9176
7240 2155
7241 2155
7242 2155
7243 2155
7244 2155
7245 2155
7246 2155
7247 2155
7248 5187
7249 5187
7250 7124
7251 7842
7252 7926
7253 7926
7254 7926
7255 7926
7256 7124
7257 6574
7258 7124
7259 7124
7260 7124
7261 7124
7262 7124
7263 7124
7264 7124
7265 7124
7266 8557
7267 8557
7268 8557
7269 8557
7270 8557
7271 8557
7272 8557
7273 8557
7274 8557
7275 8557
7276 8557
7277 8557
7278 8557
7279 8557
7280 8557
7281 8557
7282 8557
7283 8557
7284 8557
7285 8557
7286 8557
7287 8557
7288 8557
7289 8557
7290 8557
7291 8557
7292 8557
7293 8557
7294 2141
7295 2141
7296 2141
7297 2141
7298 9176
7299 9176
7300 9176
7301 9176
7302 5187
7303 5187
7304 9176
7305 9176
7306 2155
7307 2155
7308 2155
7309 2155
7310 2155
7311 2155
7312 2155
7313 2155
7314 2155
7315 2155
7316 8797
7317 5187
7318 7124
7319 7842
7320 7926
7321 7926
7322 7926
7323 7926
7324 7926
7325 6574
7326 6574
7327 3857
7328 7124
7329 7124
7330 7124
7331 7124
7332 7124
7333 8557
7334 8557
7335 8557
7336 8557
7337 8557
7338 8557
7339 8557
7340 8557
7341 8557
7342 8557
7343 8557
7344 8557
7345 8557
7346 8557
7347 8557
7348 8557
7349 8557
7350 8557
7351 8557
7352 8557
7353 8557
7354 8557
7355 8557
7356 8557
7357 8557
7358 8557
7359 8557
7360 8557
7361 8557
7362 8557
7363 8557
7364 8557
7365 2141
7366 2141
7367 2141
7368 9176
7369 9176
7370 9176
7371 9176
7372 9176
7373 9176
7374 9176
7375 9176
7376 28
7377 2155
7378 2155
7379 2155
7380 2155
7381 2155
7382 2155
7383 2155
7384 2155
7385 8797
7386 7842
7387 4961
7388 5187
7389 4961
7390 7926
7391 7926
7392 7926
7393 7926
7394 7926
7395 7124
7396 6574
7397 3857
7398 44
7399 44
7400 7124
7401 4827
7402 8557
7403 3857
7404 0
7405 0
7406 0
7407 0
7408 0
7409 0
7410 0
7411 0
7412 0
7413 0
7414 0
7415 0
7416 0
7417 0
7418 4827
7419 4827
7420 4827
7421 8557
7422 8557
7423 8557
7424 8557
7425 8557
7426 8557
7427 8557
7428 8557
7429 8557
7430 8557
7431 8557
7432 8557
7433 8557
7434 8557
7435 8557
7436 8557
7437 8557
7438 8557
7439 8557
7440 8557
7441 2141
7442 2141
7443 2141
7444 9176
7445 9176
7446 9176
7447 9176
7448 9176
7449 9176
7450 9176
7451 9176
7452 28
7453 28
7454 2155
7455 2155
7456 2155
7457 2155
7458 2155
7459 2155
7460 8797
7461 4961
7462 4961
7463 36
7464 4961
7465 7124
7466 7926
7467 7926
7468 7926
7469 6574
7470 6574
7471 2056
7472 2056
7473 44
7474 3857
7475 2056
7476 4827
7477 0
7478 0
7479 0
7480 0
7481 0
7482 0
7483 0
7484 0
7485 0
7486 0
7487 0
7488 0
7489 0
7490 0
7491 0
7492 0
7493 0
7494 0
7495 0
7496 0
7497 0
7498 0
7499 0
7500 0
7501 0
7502 5441
7503 5441
7504 5441
7505 5441
7506 5441
7507 5441
7508 5441
7509 5441
7510 1061
7511 1061
7512 1061
7513 1061
7514 1061
7515 1061
7516 1061
7517 1061
7518 1061
7519 1061
7520 60
7521 60
7522 60
7523 60
7524 60
7525 60
7526 7779
7527 7779
7528 822
7529 822
7530 5020
7531 5020
7532 1612
7533 4563
7534 4563
7535 4563
7536 4563
7537 5020
7538 5020
7539 6640
7540 1612
7541 5020
7542 6721
7543 7798
7544 6640
7545 6640
7546 6640
7547 6640
7548 1612
7549 6724
7550 6721
7551 2784
7552 2784
7553 7801
7554 6734
7555 7808
7556 7808
7557 7808
7558 7808
7559 7808
7560 5441
7561 0
7562 0
7563 0
7564 0
7565 0
7566 0
7567 0
7568 0
7569 0
7570 7808
7571 7876
7572 7876
7573 8557
7574 8557
7575 8557
7576 8557
7577 8557
7578 8557
7579 8557
7580 8557
7581 8557
7582 8557
7583 8557
7584 8557
7585 8557
7586 8557
7587 8557
7588 8557
7589 8557
7590 8557
7591 8557
7592 8557
7593 8557
7594 8557
7595 8557
7596 2141
7597 2141
7598 2141
7599 9176
7600 9176
7601 9176
7602 9176
7603 9176
7604 9176
7605 9176
7606 9176
7607 2155
7608 2155
7609 2155
7610 2155
7611 2155
7612 2155
7613 2155
7614 2155
7615 2155
7616 8797
7617 7842
7618 5187
7619 5187
7620 4961
7621 7926
7622 7926
7623 7926
7624 7926
7625 7926
7626 6574
7627 3857
7628 44
7629 44
7630 7124
7631 7124
7632 7124
7633 8557
7634 8557
7635 3857
7636 0
7637 0
7638 0
7639 0
7640 0
7641 0
7642 0
7643 0
7644 0
7645 4827
7646 4827
7647 4827
7648 4827
7649 8557
7650 8557
7651 8557
7652 8557
7653 8557
7654 8557
7655 8557
7656 8557
7657 8557
7658 8557
7659 8557
7660 8557
7661 8557
7662 8557
7663 8557
7664 8557
7665 8557
7666 8557
7667 8557
7668 8557
7669 8557
7670 9176
7671 2141
7672 2141
7673 9176
7674 9176
7675 9176
7676 9176
7677 9176
7678 9176
7679 9176
7680 9176
7681 28
7682 28
7683 2155
7684 2155
7685 2155
7686 2155
7687 2155
7688 2155
7689 2155
7690 7842
7691 4961
7692 4961
7693 4961
7694 7124
7695 39
7696 7926
7697 7926
7698 6574
7699 6574
7700 2056
7701 2056
7702 44
7703 44
7704 2056
7705 4827
7706 0
7707 0
7708 0
7709 0
7710 0
7711 0
7712 0
7713 0
7714 0
7715 0
7716 0
7717 0
7718 0
7719 0
7720 0
7721 0
7722 0
7723 0
7724 0
7725 0
7726 0
7727 0
7728 0
7729 0
7730 0
7731 0
7732 0
7733 0
7734 0
7735 0
7736 0
7737 0
7738 0
7739 0
7740 0
7741 0
7742 0
7743 0
7744 0
7745 0
7746 0
7747 0
7748 0
7749 0
7750 0
7751 0
7752 0
7753 0
7754 0
7755 0
7756 0
7757 5441
7758 5441
7759 5441
7760 5441
7761 5441
7762 5441
7763 1061
7764 1061
7765 1061
7766 1061
7767 1061
7768 1061
7769 1061
7770 1061
7771 1061
7772 60
7773 60
7774 60
7775 60
7776 60
7777 7779
7778 7779
7779 7779
7780 822
7781 5020
7782 1612
7783 4563
7784 4563
7785 4563
7786 4563
7787 5020
7788 5020
7789 6640
7790 6640
7791 1612
7792 1241
7793 7798
7794 6640
7795 6640
7796 6640
7797 7798
7798 1612
7799 6724
7800 6724
7801 2784
7802 2784
7803 7808
7804 7808
7805 7808
7806 7808
7807 1061
7808 1061
7809 0
7810 0
7811 0
7812 6963
7813 6963
7814 8557
7815 8557
7816 8557
7817 8557
7818 8557
7819 8557
7820 8557
7821 8557
7822 8557
7823 8557
7824 8557
7825 8557
7826 8557
7827 8557
7828 8557
7829 8557
7830 8557
7831 8557
7832 8557
7833 8557
7834 8557
7835 8557
7836 8557
7837 8557
7838 8557
7839 2141
7840 2141
7841 2141
7842 2141
7843 9176
7844 9176
7845 5187
7846 5187
7847 5187
7848 5187
7849 5187
7850 5187
7851 5187
7852 5187
7853 5187
7854 5187
7855 5187
7856 5187
7857 5187
7858 5187
7859 5187
7860 5187
7861 7124
7862 7124
7863 2141
7864 7926
7865 7926
7866 5187
7867 7124
7868 7124
7869 7124
7870 7124
7871 7124
7872 7124
7873 7124
7874 7124
7875 7124
7876 7124
7877 7124
7878 7124
7879 7124
7880 7124
7881 8557
7882 8557
7883 8557
7884 8557
7885 8557
7886 8557
7887 8557
7888 8557
7889 8557
7890 8557
7891 8557
7892 8557
7893 8557
7894 8557
7895 8557
7896 8557
7897 8557
7898 8557
7899 8557
7900 8557
7901 8557
7902 8557
7903 8557
7904 2141
7905 2141
7906 2141
7907 2141
7908 9176
7909 9176
7910 5187
7911 5187
7912 5187
7913 5187
7914 5187
7915 5187
7916 5187
7917 6110
7918 6110
7919 6110
7920 6110
7921 6110
7922 6110
7923 5187
7924 5187
7925 5187
7926 5187
7927 7124
7928 7842
7929 7926
7930 7926
7931 7926
7932 5187
7933 7124
7934 7124
7935 7124
7936 7124
7937 7124
7938 7124
7939 7124
7940 7124
7941 7124
7942 7124
7943 7124
7944 7124
7945 8557
7946 8557
7947 8557
7948 8557
7949 8557
7950 8557
7951 8557
7952 8557
7953 8557
7954 8557
7955 8557
7956 8557
7957 8557
7958 8557
7959 8557
7960 8557
7961 8557
7962 8557
7963 8557
7964 8557
7965 8557
7966 8557
7967 8557
7968 8557
7969 2141
7970 2141
7971 2141
7972 2141
7973 9176
7974 9176
7975 9176
7976 5187
7977 5187
7978 5187
7979 5187
7980 5187
7981 9176
7982 9176
7983 6110
7984 2155
7985 2155
7986 2155
7987 2155
7988 2155
7989 6110
7990 5187
7991 5187
7992 5187
7993 8797
7994 7842
7995 7926
7996 7926
7997 7926
7998 7926
7999 7124
8000 7124
8001 7124
8002 7124
8003 7124
8004 7124
8005 7124
8006 7124
8007 7124
8008 7124
8009 7124
8010 8557
8011 8557
8012 8557
8013 8557
8014 8557
8015 8557
8016 8557
8017 8557
8018 8557
8019 8557
8020 8557
8021 8557
8022 8557
8023 8557
8024 8557
8025 8557
8026 8557
8027 8557
8028 8557
8029 8557
8030 8557
8031 8557
8032 8557
8033 8557
8034 8557
8035 8557
8036 2141
8037 2141
8038 2141
8039 9176
8040 9176
8041 9176
8042 9176
8043 5187
8044 5187
8045 5187
8046 9176
8047 9176
8048 9176
8049 2155
8050 2155
8051 2155
8052 2155
8053 2155
8054 2155
8055 2155
8056 2155
8057 2155
8058 5187
8059 5187
8060 7842
8061 7842
8062 7926
8063 7926
8064 7926
8065 7926
8066 7926
8067 6574
8068 7124
8069 7124
8070 7124
8071 7124
8072 7124
8073 7124
8074 7124
8075 8557
8076 8557
8077 8557
8078 8557
8079 8557
8080 8557
8081 8557
8082 8557
8083 8557
8084 8557
8085 8557
8086 8557
8087 8557
8088 8557
8089 8557
8090 8557
8091 8557
8092 8557
8093 8557
8094 8557
8095 8557
8096 8557
8097 8557
8098 8557
8099 8557
8100 8557
8101 8557
8102 8557
8103 8557
8104 2141
8105 2141
8106 2141
8107 9176
8108 9176
8109 9176
8110 9176
8111 5187
8112 5187
8113 9176
8114 9176
8115 9176
8116 2155
8117 2155
8118 2155
8119 2155
8120 2155
8121 2155
8122 2155
8123 2155
8124 2155
8125 2155
8126 8797
8127 5187
8128 7124
8129 7842
8130 7926
8131 7926
8132 7926
8133 7926
8134 7124
8135 6574
8136 6574
8137 3857
8138 7124
8139 7124
8140 7124
8141 7124
8142 8557
8143 8557
8144 8557
8145 8557
8146 8557
8147 8557
8148 8557
8149 8557
8150 8557
8151 8557
8152 8557
8153 8557
8154 8557
8155 8557
8156 8557
8157 8557
8158 8557
8159 8557
8160 8557
8161 8557
8162 8557
8163 8557
8164 8557
8165 8557
8166 8557
8167 8557
8168 8557
8169 8557
8170 8557
8171 8557
8172 8557
8173 8557
8174 8557
8175 2141
8176 2141
8177 2141
8178 9176
8179 9176
8180 9176
8181 9176
8182 9176
8183 9176
8184 9176
8185 9176
8186 28
8187 2155
8188 2155
8189 2155
8190 2155
8191 2155
8192 2155
8193 2155
8194 2155
8195 2155
8196 7842
8197 4961
8198 5187
8199 7124
8200 4961
8201 7926
8202 7926
8203 7926
8204 7926
8205 7926
8206 6574
8207 3857
8208 44
8209 44
8210 7124
8211 4827
8212 3857
8213 0
8214 0
8215 0
8216 0
8217 0
8218 0
8219 0
8220 0
8221 0
8222 0
8223 0
8224 0
8225 0
8226 0
8227 0
8228 0
8229 0
8230 0
8231 4827
8232 4827
8233 4827
8234 8557
8235 8557
8236 8557
8237 8557
8238 8557
8239 8557
8240 8557
8241 8557
8242 8557
8243 8557
8244 8557
8245 8557
8246 8557
8247 8557
8248 8557
8249 8557
8250 8557
8251 8557
8252 8557
8253 2141
8254 2141
8255 2141
8256 9176
8257 9176
8258 9176
8259 9176
8260 9176
8261 9176
8262 9176
8263 2155
8264 28
8265 28
8266 2155
8267 2155
8268 2155
8269 2155
8270 2155
8271 2155
8272 8797
8273 4961
8274 4961
8275 36
8276 4961
8277 7926
8278 7926
8279 7926
8280 6574
8281 6574
8282 2056
8283 2056
8284 44
8285 2056
8286 3857
8287 2056
8288 4827
8289 0
8290 0
8291 0
8292 0
8293 0
8294 0
8295 0
8296 0
8297 0
8298 0
8299 0
8300 0
8301 0
8302 0
8303 0
8304 0
8305 0
8306 5441
8307 5441
8308 5441
8309 5441
8310 5441
8311 5441
8312 5441
8313 5441
8314 5441
8315 1061
8316 1061
8317 1061
8318 1061
8319 1061
8320 1061
8321 1061
8322 1061
8323 1061
8324 1061
8325 1061
8326 60
8327 60
8328 60
8329 60
8330 60
8331 60
8332 7779
8333 7779
8334 822
8335 5020
8336 5020
8337 5020
8338 5020
8339 4563
8340 4563
8341 4563
8342 4563
8343 5020
8344 5020
8345 1612
8346 1612
8347 5020
8348 6721
8349 7798
8350 6640
8351 6640
8352 6640
8353 6640
8354 1612
8355 6724
8356 7804
8357 2784
8358 2784
8359 7801
8360 6734
8361 7808
8362 7808
8363 7808
8364 7808
8365 7808
8366 7808
8367 5441
8368 0
8369 0
8370 0
8371 0
8372 0
8373 0
8374 0
8375 0
8376 0
8377 0
8378 0
8379 0
8380 0
8381 0
8382 0
8383 0
8384 0
8385 7876
8386 7876
8387 7876
8388 8557
8389 8557
8390 8557
8391 8557
8392 8557
8393 8557
8394 8557
8395 8557
8396 8557
8397 8557
8398 8557
8399 8557
8400 8557
8401 8557
8402 8557
8403 8557
8404 8557
8405 8557
8406 8557
8407 9176
8408 2141
8409 2141
8410 9176
8411 9176
8412 9176
8413 9176
8414 9176
8415 9176
8416 9176
8417 9176
8418 28
8419 28
8420 2155
8421 2155
8422 2155
8423 2155
8424 2155
8425 2155
8426 2155
8427 4961
8428 4961
8429 4961
8430 4961
8431 7124
8432 39
8433 7926
8434 7926
8435 6574
8436 6574
8437 2056
8438 2056
8439 44
8440 3857
8441 2056
8442 4827
8443 0
8444 0
8445 0
8446 0
8447 0
8448 0
8449 0
8450 0
8451 0
8452 0
8453 0
8454 0
8455 0
8456 0
8457 0
8458 0
8459 0
8460 0
8461 0
8462 0
8463 0
8464 0
8465 0
8466 0
8467 0
8468 0
8469 0
8470 0
8471 0
8472 0
8473 0
8474 0
8475 0
8476 0
8477 0
8478 5441
8479 5441
8480 5441
8481 5441
8482 5441
8483 5441
8484 5441
8485 5441
8486 1061
8487 1061
8488 1061
8489 1061
8490 1061
8491 1061
8492 1061
8493 1061
8494 1061
8495 60
8496 60
8497 60
8498 60
8499 60
8500 7779
8501 7779
8502 7779
8503 822
8504 5020
8505 5020
8506 4563
8507 4563
8508 4563
8509 4563
8510 4563
8511 5020
8512 5020
8513 6640
8514 1612
8515 5020
8516 7798
8517 7798
8518 6640
8519 6640
8520 6640
8521 7798
8522 1612
8523 6724
8524 6721
8525 2784
8526 2784
8527 6734
8528 7808
8529 7808
8530 7808
8531 7808
8532 5441
8533 0
8534 0
8535 0
8536 0
8537 0
8538 0
8539 6963
8540 50
8541 7876
8542 8557
8543 8557
8544 8557
8545 8557
8546 8557
8547 8557
8548 8557
8549 8557
8550 8557
8551 8557
8552 8557
8553 8557
8554 8557
8555 8557
8556 8557
8557 8557
8558 8557
8559 8557
8560 8557
8561 8557
8562 8557
8563 8557
8564 8557
8565 8557
8566 2141
8567 2141
8568 2141
8569 9176
8570 9176
8571 9176
8572 9176
8573 5187
8574 5187
8575 5187
8576 9176
8577 9176
8578 2155
8579 2155
8580 2155
8581 2155
8582 2155
8583 2155
8584 2155
8585 2155
8586 2155
8587 5187
8588 5187
8589 7124
8590 5187
8591 7926
8592 7926
8593 7926
8594 7926
8595 7926
8596 6574
8597 6574
8598 7124
8599 7124
8600 7124
8601 7124
8602 7124
8603 7124
8604 7124
8605 8557
8606 8557
8607 8557
8608 8557
8609 8557
8610 8557
8611 8557
8612 8557
8613 8557
8614 8557
8615 8557
8616 8557
8617 8557
8618 8557
8619 8557
8620 8557
8621 8557
8622 8557
8623 8557
8624 8557
8625 8557
8626 8557
8627 8557
8628 8557
8629 8557
8630 8557
8631 8557
8632 8557
8633 8557
8634 2141
8635 2141
8636 2141
8637 9176
8638 9176
8639 9176
8640 9176
8641 5187
8642 5187
8643 9176
8644 9176
8645 9176
8646 2155
8647 2155
8648 2155
8649 2155
8650 2155
8651 2155
8652 2155
8653 2155
8654 2155
8655 8797
8656 7842
8657 5187
8658 7124
8659 7842
8660 7926
8661 7926
8662 7926
8663 7926
8664 7124
8665 6574
8666 3857
8667 3857
8668 7124
8669 7124
8670 7124
8671 7124
8672 8557
8673 8557
8674 8557
8675 8557
8676 8557
8677 8557
8678 8557
8679 8557
8680 8557
8681 8557
8682 8557
8683 8557
8684 8557
8685 8557
8686 8557
8687 8557
8688 8557
8689 8557
8690 8557
8691 8557
8692 8557
8693 8557
8694 8557
8695 8557
8696 8557
8697 8557
8698 8557
8699 8557
8700 8557
8701 8557
8702 8557
8703 8557
8704 8557
8705 8557
8706 2141
8707 2141
8708 2141
8709 9176
8710 9176
8711 9176
8712 9176
8713 9176
8714 9176
8715 9176
8716 9176
8717 28
8718 2155
8719 2155
8720 2155
8721 2155
8722 2155
8723 2155
8724 2155
8725 2155
8726 7842
8727 4961
8728 4961
8729 5187
8730 4961
8731 7926
8732 7926
8733 7926
8734 7926
8735 7926
8736 6574
8737 3857
8738 44
8739 44
8740 4827
8741 2056
8742 0
8743 0
8744 0
8745 0
8746 0
8747 0
8748 0
8749 0
8750 0
8751 0
8752 0
8753 0
8754 0
8755 0
8756 0
8757 0
8758 0
8759 0
8760 0
8761 0
8762 0
8763 0
8764 7876
8765 4827
8766 8557
8767 8557
8768 8557
8769 8557
8770 8557
8771 8557
8772 8557
8773 8557
8774 8557
8775 8557
8776 8557
8777 8557
8778 8557
8779 8557
8780 8557
8781 8557
8782 8557
8783 8557
8784 8557
8785 2141
8786 2141
8787 2141
8788 9176
8789 9176
8790 9176
8791 9176
8792 9176
8793 9176
8794 9176
8795 2155
8796 28
8797 28
8798 2155
8799 2155
8800 2155
8801 2155
8802 2155
8803 2155
8804 4961
8805 4961
8806 4961
8807 36
8808 4961
8809 7926
8810 7926
8811 6574
8812 6574
8813 6574
8814 2056
8815 2056
8816 2056
8817 2056
8818 7876
8819 7876
8820 4827
8821 0
8822 0
8823 0
8824 0
8825 0
8826 0
8827 0
8828 0
8829 0
8830 0
8831 0
8832 0
8833 5441
8834 5441
8835 5441
8836 5441
8837 5441
8838 5441
8839 5441
8840 5441
8841 5441
8842 1061
8843 1061
8844 1061
8845 1061
8846 1061
8847 1061
8848 1061
8849 1061
8850 1061
8851 1061
8852 1061
8853 60
8854 60
8855 60
8856 60
8857 60
8858 60
8859 60
8860 7779
8861 7779
8862 822
8863 5020
8864 5020
8865 5020
8866 5020
8867 4563
8868 4563
8869 4563
8870 4563
8871 5020
8872 5020
8873 1612
8874 1612
8875 1612
8876 6721
8877 6721
8878 6640
8879 6640
8880 6640
8881 6640
8882 6640
8883 6724
8884 6721
8885 6724
8886 2784
8887 2784
8888 7801
8889 6734
8890 2491
8891 7808
8892 7808
8893 7808
8894 7808
8895 7808
8896 7808
8897 7808
8898 0
8899 0
8900 0
8901 0
8902 0
8903 0
8904 0
8905 0
8906 0
8907 0
8908 0
8909 0
8910 0
8911 0
8912 0
8913 0
8914 0
8915 0
8916 0
8917 0
8918 0
8919 0
8920 0
8921 0
8922 0
8923 0
8924 7876
8925 7876
8926 7876
8927 8557
8928 8557
8929 8557
8930 8557
8931 8557
8932 8557
8933 8557
8934 8557
8935 8557
8936 8557
8937 8557
8938 8557
8939 8557
8940 8557
8941 8557
8942 8557
8943 8557
8944 2141
8945 2141
8946 9176
8947 9176
8948 9176
8949 9176
8950 9176
8951 9176
8952 9176
8953 9176
8954 2155
8955 28
8956 28
8957 2155
8958 2155
8959 2155
8960 2155
8961 2155
8962 8797
8963 4961
8964 4961
8965 4961
8966 4961
8967 7926
8968 7926
8969 6574
8970 6574
8971 6574
8972 2056
8973 2056
8974 2056
8975 2056
8976 7876
8977 7876
8978 7876
8979 4827
8980 4827
8981 5441
8982 5441
8983 0
8984 5441
8985 5441
8986 5441
8987 5441
8988 5441
8989 5441
8990 5441
8991 5441
8992 5441
8993 1061
8994 1061
8995 1061
8996 1061
8997 1061
8998 1061
8999 1061
9000 1061
9001 1061
9002 1061
9003 1061
9004 1061
9005 1061
9006 60
9007 60
9008 60
9009 60
9010 60
9011 60
9012 60
9013 6263
9014 4106
9015 822
9016 822
9017 5020
9018 5020
9019 5020
9020 5020
9021 5020
9022 4563
9023 4563
9024 4563
9025 5020
9026 1612
9027 1612
9028 1612
9029 4563
9030 6721
9031 6721
9032 6640
9033 6640
9034 6640
9035 6640
9036 6640
9037 6640
9038 6724
9039 6724
9040 2784
9041 2784
9042 2491
9043 6734
9044 6734
9045 6734
9046 2495
9047 7808
9048 7808
9049 7808
9050 7808
9051 7808
9052 7808
9053 7808
9054 7808
9055 7808
9056 5441
9057 5441
9058 5441
9059 0
9060 0
9061 0
9062 0
9063 0
9064 0
9065 0
9066 0
9067 0
9068 0
9069 0
9070 5441
9071 5441
9072 5441
9073 5441
9074 5441
9075 5441
9076 5441
9077 5441
9078 5441
9079 5441
9080 1061
9081 1061
9082 1061
9083 1061
9084 1061
9085 1061
9086 1061
9087 1061
9088 1061
9089 1061
9090 1061
9091 60
9092 60
9093 60
9094 60
9095 60
9096 60
9097 7779
9098 7779
9099 822
9100 5020
9101 5020
9102 5020
9103 7784
9104 4563
9105 4563
9106 4563
9107 4563
9108 5020
9109 5020
9110 1612
9111 1612
9112 5020
9113 6721
9114 7798
9115 6640
9116 6640
9117 6640
9118 6640
9119 1612
9120 6724
9121 6721
9122 2784
9123 2784
9124 7801
9125 6734
9126 7808
9127 7808
9128 7808
9129 7808
9130 7808
9131 5441
9132 0
9133 0
9134 0
9135 0
9136 0
9137 0
9138 0
9139 0
9140 0
9141 0
9142 0
9143 0
9144 0
9145 7876
9146 7876
9147 7876
9148 8557
9149 8557
9150 8557
9151 8557
9152 8557
9153 8557
9154 8557
9155 8557
9156 8557
9157 8557
9158 8557
9159 8557
9160 8557
9161 8557
9162 8557
9163 8557
9164 8557
9165 8557
9166 8557
9167 8557
9168 8557
9169 2141
9170 2141
9171 2141
9172 9176
9173 9176
9174 9176
9175 9176
9176 9176
9177 9176
9178 9176
9179 9176
9180 28
9181 2155
9182 2155
9183 2155
9184 2155
9185 2155
9186 2155
9187 2155
9188 2155
9189 8797
9190 4961
9191 4961
9192 5187
9193 7124
9194 7926
9195 7926
9196 7926
9197 7926
9198 6574
9199 6574
9200 3857
9201 44
9202 44
9203 4827
9204 4827
9205 0
9206 0
9207 0
9208 0
9209 0
9210 0
9211 0
9212 0
9213 0
9214 0
9215 0
9216 0
9217 0
9218 0
9219 0
9220 0
9221 0
9222 0
9223 0
9224 0
9225 0
9226 0
9227 0
9228 0
9229 0
9230 0
9231 0
9232 0
9233 7876
9234 7876
9235 8557
9236 8557
9237 8557
9238 8557
9239 8557
9240 8557
9241 8557
9242 8557
9243 8557
9244 8557
9245 8557
9246 8557
9247 8557
9248 8557
9249 8557
9250 8557
9251 8557
9252 9176
9253 2141
9254 2141
9255 9176
9256 9176
9257 9176
9258 9176
9259 9176
9260 9176
9261 9176
9262 9176
9263 2155
9264 28
9265 2155
9266 2155
9267 2155
9268 2155
9269 2155
9270 2155
9271 4961
9272 4961
9273 4961
9274 36
9275 4961
9276 7926
9277 39
9278 6574
9279 6574
9280 6574
9281 2056
9282 2056
9283 2056
9284 2056
9285 7876
9286 7876
9287 7876
9288 4827
9289 5441
9290 5441
9291 5441
9292 5441
9293 5441
9294 5441
9295 5441
9296 5441
9297 5441
9298 5441
9299 5441
9300 5441
9301 1061
9302 1061
9303 1061
9304 1061
9305 1061
9306 1061
9307 1061
9308 1061
9309 1061
9310 1061
9311 1061
9312 1061
9313 1061
9314 1061
9315 60
9316 60
9317 60
9318 60
9319 60
9320 60
9321 6263
9322 4106
9323 822
9324 822
9325 5020
9326 5020
9327 5020
9328 5020
9329 5020
9330 4563
9331 4563
9332 4563
9333 5020
9334 1612
9335 1612
9336 1612
9337 1612
9338 4563
9339 6721
9340 6721
9341 6640
9342 6640
9343 6640
9344 6640
9345 6640
9346 6640
9347 6724
9348 4128
9349 2784
9350 2784
9351 2491
9352 2784
9353 6734
9354 2491
9355 7808
9356 7808
9357 7808
9358 7808
9359 7808
9360 7808
9361 7808
9362 7808
9363 7808
9364 5441
9365 5441
9366 5441
9367 5441
9368 5441
9369 0
9370 0
9371 0
9372 0
9373 0
9374 0
9375 5441
9376 5441
9377 5441
9378 5441
9379 5441
9380 5441
9381 5441
9382 5441
9383 5441
9384 5441
9385 5441
9386 5441
9387 1061
9388 1061
9389 1061
9390 1061
9391 1061
9392 1061
9393 1061
9394 1061
9395 1061
9396 1061
9397 1061
9398 60
9399 60
9400 60
9401 60
9402 60
9403 60
9404 7779
9405 7779
9406 822
9407 5020
9408 5020
9409 5020
9410 4563
9411 4563
9412 4563
9413 4563
9414 4563
9415 5020
9416 5020
9417 1612
9418 1612
9419 5020
9420 6721
9421 7798
9422 6640
9423 6640
9424 6640
9425 6640
9426 1612
9427 6724
9428 7804
9429 2784
9430 2784
9431 7801
9432 6734
9433 7808
9434 7808
9435 7808
9436 7808
9437 7808
9438 7808
9439 5441
9440 0
9441 0
9442 0
9443 0
9444 0
9445 0
9446 0
9447 0
9448 0
9449 0
9450 0
9451 0
9452 0
9453 0
9454 7876
9455 7876
9456 7876
9457 8557
9458 8557
9459 8557
9460 8557
9461 8557
9462 8557
9463 8557
9464 8557
9465 8557
9466 8557
9467 8557
9468 8557
9469 8557
9470 8557
9471 8557
9472 8557
9473 8557
9474 8557
9475 8557
9476 8557
9477 8557
9478 2141
9479 2141
9480 9176
9481 9176
9482 9176
9483 9176
9484 9176
9485 9176
9486 9176
9487 9176
9488 28
9489 28
9490 2155
9491 2155
9492 2155
9493 2155
9494 2155
9495 2155
9496 2155
9497 8797
9498 4961
9499 4961
9500 4961
9501 5187
9502 7926
9503 7926
9504 7926
9505 7926
9506 6574
9507 6574
9508 2056
9509 44
9510 44
9511 7876
9512 4827
9513 0
9514 0
9515 0
9516 0
9517 0
9518 0
9519 0
9520 0
9521 0
9522 0
9523 0
9524 0
9525 0
9526 0
9527 0
9528 0
9529 0
9530 0
9531 0
9532 0
9533 0
9534 0
9535 0
9536 0
9537 0
9538 0
9539 0
9540 0
9541 0
9542 0
9543 0
9544 0
9545 0
9546 0
9547 0
9548 0
9549 0
9550 0
9551 0
9552 0
9553 0
9554 0
9555 7876
9556 7876
9557 8557
9558 8557
9559 8557
9560 8557
9561 8557
9562 8557
9563 8557
9564 8557
9565 8557
9566 8557
9567 8557
9568 8557
9569 8557
9570 8557
9571 8557
9572 9176
9573 2141
9574 2141
9575 9176
9576 9176
9577 9176
9578 9176
9579 9176
9580 2155
9581 2155
9582 2155
9583 2155
9584 28
9585 2155
9586 2155
9587 2155
9588 2155
9589 2155
9590 8797
9591 4961
9592 4961
9593 4961
9594 4961
9595 7926
9596 6574
9597 6574
9598 6574
9599 6574
9600 2056
9601 2056
9602 2056
9603 7876
9604 7876
9605 5441
9606 5441
9607 5441
9608 4827
9609 4827
9610 5441
9611 5441
9612 5512
9613 1061
9614 1061
9615 1061
9616 1061
9617 1061
9618 1061
9619 1061
9620 1061
9621 1061
9622 1061
9623 1061
9624 1061
9625 1061
9626 60
9627 60
9628 60
9629 60
9630 60
9631 60
9632 60
9633 822
9634 9323
9635 822
9636 822
9637 822
9638 4106
9639 4106
9640 5020
9641 5020
9642 5020
9643 5020
9644 5020
9645 1612
9646 1612
9647 1612
9648 1612
9649 1612
9650 1612
9651 4563
9652 457
9653 457
9654 6640
9655 6640
9656 6640
9657 6640
9658 6640
9659 6640
9660 2479
9661 4128
9662 4128
9663 98
9664 2491
9665 2491
9666 2491
9667 2491
9668 2491
9669 2495
9670 1061
9671 1061
9672 1061
9673 1061
9674 1061
9675 1061
9676 1061
9677 1061
9678 1061
9679 1061
9680 1061
9681 1061
9682 1061
9683 1061
9684 1061
9685 1061
9686 1061
9687 1061
9688 1061
9689 1061
9690 1061
9691 1061
9692 1061
9693 1061
9694 1061
9695 60
9696 60
9697 60
9698 60
9699 60
9700 60
9701 822
9702 9323
9703 6263
9704 822
9705 822
9706 4106
9707 5020
9708 5020
9709 5020
9710 5020
9711 5020
9712 5020
9713 4563
9714 1612
9715 1612
9716 1612
9717 1612
9718 1612
9719 4563
9720 4563
9721 4563
9722 6640
9723 6640
9724 6640
9725 6640
9726 6640
9727 6640
9728 6640
9729 2479
9730 4128
9731 2491
9732 2491
9733 2491
9734 2491
9735 2491
9736 2491
9737 1061
9738 1061
9739 1061
9740 1061
9741 1061
9742 1061
9743 1061
9744 1061
9745 1061
9746 1061
9747 1061
9748 1061
9749 1061
9750 1061
9751 1061
9752 1061
9753 1061
9754 1061
9755 1061
9756 1061
9757 1061
9758 1061
9759 1061
9760 1061
9761 1061
9762 1061
9763 1061
9764 1061
9765 1061
9766 1061
9767 60
9768 60
9769 60
9770 60
9771 60
9772 60
9773 9323
9774 6263
9775 822
9776 822
9777 5020
9778 5020
9779 5020
9780 5020
9781 5020
9782 5020
9783 4563
9784 4563
9785 4563
9786 1612
9787 1612
9788 1612
9789 1612
9790 4563
9791 6721
9792 6721
9793 6640
9794 6640
9795 6640
9796 6640
9797 6640
9798 6640
9799 6640
9800 2479
9801 2491
9802 2784
9803 2491
9804 2491
9805 6734
9806 6734
9807 2491
9808 7808
9809 7808
9810 7808
9811 7808
9812 7808
9813 7808
9814 7808
9815 5441
9816 5441
9817 5441
9818 5441
9819 5441
9820 5441
9821 5441
9822 5441
9823 5441
9824 5441
9825 5441
9826 5441
9827 5441
9828 5441
9829 5441
9830 5441
9831 5441
9832 5441
9833 1061
9834 1061
9835 1061
9836 1061
9837 1061
9838 1061
9839 1061
9840 1061
9841 1061
9842 1061
9843 1061
9844 1061
9845 60
9846 60
9847 60
9848 60
9849 60
9850 60
9851 60
9852 7779
9853 7779
9854 822
9855 5020
9856 5020
9857 5020
9858 5020
9859 4563
9860 4563
9861 4563
9862 4563
9863 5020
9864 5020
9865 1612
9866 1612
9867 5020
9868 6721
9869 6721
9870 6640
9871 6640
9872 6640
9873 6640
9874 6640
9875 6724
9876 6724
9877 2784
9878 2784
9879 7801
9880 2780
9881 6734
9882 7808
9883 7808
9884 7808
9885 7808
9886 7808
9887 7808
9888 7808
9889 5441
9890 0
9891 0
9892 0
9893 0
9894 0
9895 0
9896 0
9897 0
9898 0
9899 0
9900 0
9901 0
9902 0
9903 0
9904 0
9905 0
9906 0
9907 0
9908 0
9909 0
9910 0
9911 0
9912 0
9913 0
9914 7876
9915 7876
9916 8557
9917 8557
9918 8557
9919 8557
9920 8557
9921 8557
9922 8557
9923 8557
9924 8557
9925 8557
9926 8557
9927 8557
9928 8557
9929 8557
9930 8557
9931 8557
9932 8557
9933 8557
9934 2141
9935 2141
9936 2141
9937 9176
9938 9176
9939 9176
9940 9176
9941 9176
9942 9176
9943 9176
9944 2155
9945 28
9946 28
9947 2155
9948 2155
9949 2155
9950 2155
9951 2155
9952 2155
9953 4961
9954 4961
9955 4961
9956 4961
9957 4961
9958 7926
9959 6574
9960 6574
9961 6574
9962 6574
9963 2056
9964 2056
9965 2056
9966 2056
9967 7876
9968 7876
9969 4827
9970 5441
9971 0
9972 0
9973 0
9974 0
9975 0
9976 0
9977 5441
9978 5441
9979 5441
9980 5441
9981 5441
9982 5441
9983 5441
9984 5441
9985 5441
9986 1061
9987 1061
9988 1061
9989 1061
9990 1061
9991 1061
9992 1061
9993 1061
9994 1061
9995 1061
9996 1061
9997 1061
9998 1061
9999 1061
