0.064311: [0,850] [0,843] [524,759] [1786,699] [1786,722] [778,1138] [1475,30] [1163,1054] [1163,310] [1163,1158] [1722,1009] [855,30,386] [855,386,30] [855,850] [839,699] [839,722] [30,1475] [30,855,386] [30,386,855] [30,1009] [1142,310] [1142,1138] [699,1786] [699,839] [699,828] [521,759] [722,1786] [722,839] [722,843] [1054,1163] [310,1163] [310,1142] [386,855,30] [386,30,855] [1009,1722] [1009,30] [759,524] [759,521] [1158,1163] [1138,778] [1138,1142] [828,699] [850,0] [850,855] [843,0] [843,722]
0.128621: [0,722,843] [0,1419] [0,843,722] [1150,1142,310] [1150,310,1142] [1150,310,1158] [1150,1158,310] [492,506] [1735,162] [1735,1999] [1171,699,828] [1171,1054] [1171,828,699] [524,526] [1786,839,699] [1786,839,722] [1786,699,839] [1786,699,828] [1786,722,839] [1786,828,699] [1786,1388] [778,1142,1138] [778,162,1138] [778,1138,1142] [778,1138,162] [1475,30,386] [1475,386,30] [1163,1054,310] [1163,310,1054] [1163,310,1158] [1163,1158,310] [1722,855] [1722,521,759] [1722,759,521] [855,1722] [895,1999] [895,526] [839,1786,699] [839,1786,722] [839,699,1786] [839,722,1786] [839,722,843] [839,843,722] [30,1475,386] [30,386,1475] [506,492] [1142,1150,310] [1142,778,1138] [1142,310,1150] [1142,1138,778] [162,1735] [162,778,1138] [162,1138,778] [699,1171,828] [699,1786,839] [699,1786,828] [699,839,1786] [699,828,1171] [699,828,1786] [521,1722,759] [521,759,1722] [722,0,843] [722,1786,839] [722,839,1786] [722,839,843] [722,843,0] [722,843,839] [1054,1171] [1054,1163,310] [1054,310,1163] [310,1150,1142] [310,1150,1158] [310,1163,1054] [310,1163,1158] [310,1142,1150] [310,1054,1163] [310,1158,1150] [310,1158,1163] [386,1475,30] [386,30,1475] [1419,0] [759,1722,521] [759,521,1722] [1158,1150,310] [1158,1163,310] [1158,310,1150] [1158,310,1163] [1138,778,1142] [1138,778,162] [1138,1142,778] [1138,162,778] [828,1171,699] [828,1786,699] [828,699,1171] [828,699,1786] [1999,1735] [1999,895] [1388,1786] [843,0,722] [843,839,722] [843,722,0] [843,722,839] [526,524] [526,895]
0.192932: [492,475] [1735,895,1999] [1735,1999,895] [516,30,1009] [516,1009,30] [524,421] [1786,722,1388] [1786,1388,722] [778,1142,310] [778,310,1142] [1475,30,512] [1475,512,30] [895,1735,1999] [895,1999,1735] [475,492] [30,516,1009] [30,1475,512] [30,512,1475] [30,1009,516] [421,524] [421,1388] [1142,778,310] [1142,310,778] [722,1786,1388] [722,1388,1786] [310,778,1142] [310,1142,778] [512,1475,30] [512,30,1475] [1009,516,30] [1009,30,516] [828,1999] [1999,1735,895] [1999,895,1735] [1999,828] [1999,1388] [1388,1786,722] [1388,421] [1388,722,1786] [1388,1999]
0.257242: [516,30,512] [516,512,30] [468,855,386] [468,475] [468,386,855] [524,421,759] [524,759,421] [855,468,386] [855,386,468] [475,468] [30,516,512] [30,512,516] [506,512] [421,524,759] [421,759,524] [512,516,30] [512,30,516] [512,506] [386,468,855] [386,855,468] [759,524,421] [759,421,524]
0.321553: [524,421,526] [524,526,421] [1722,521,1009] [1722,1009,521] [421,524,526] [421,526,524] [521,1722,1009] [521,1009,1722] [1009,1722,521] [1009,521,1722] [526,524,421] [526,421,524]
0.385864: [516,521,1009] [516,1009,521] [521,516,1009] [521,1009,516] [1009,516,521] [1009,521,516]
0.450174: [524,521,759] [524,759,521] [1786,699,722] [1786,722,699] [1786,828,1999] [1786,1999,828] [1786,1999,1388] [1786,1388,1999] [778,1054,310] [778,310,1054] [778,310,1138] [778,1138,310] [839,699,722] [839,722,699] [1142,310,1138] [1142,1138,310] [699,1786,722] [699,839,722] [699,722,1786] [699,722,839] [521,524,759] [521,759,524] [722,1786,699] [722,839,699] [722,699,1786] [722,699,839] [1054,778,310] [1054,310,778] [310,778,1054] [310,778,1138] [310,1142,1138] [310,1054,778] [310,1138,778] [310,1138,1142] [759,524,521] [759,521,524] [1138,778,310] [1138,1142,310] [1138,310,778] [1138,310,1142] [828,1786,1999] [828,1999,1786] [1999,1786,828] [1999,1786,1388] [1999,828,1786] [1999,1388,1786] [1388,1786,1999] [1388,1999,1786]
0.514485: [0,722,1419] [0,1419,722] [524,759,526] [524,526,759] [421,759,526] [421,526,759] [722,0,1419] [722,1419,0] [1419,0,722] [1419,722,0] [759,524,526] [759,421,526] [759,526,524] [759,526,421] [526,524,759] [526,421,759] [526,759,524] [526,759,421]
0.578796: [1150,1142,1158] [1150,1158,1142] [516,1475,30] [516,1475,512] [516,30,1475] [516,512,1475] [524,895,421] [524,895,526] [524,421,895] [524,526,895] [1475,516,30] [1475,516,512] [1475,30,516] [1475,512,516] [895,524,421] [895,524,526] [895,421,524] [895,421,1388] [895,421,526] [895,1999,1388] [895,1388,421] [895,1388,1999] [895,1388,526] [895,526,524] [895,526,421] [895,526,1388] [30,516,1475] [30,1475,516] [421,524,895] [421,895,524] [421,895,1388] [421,895,526] [421,1388,895] [421,1388,526] [421,526,895] [421,526,1388] [1142,1150,1158] [1142,310,1158] [1142,1158,1150] [1142,1158,310] [310,1142,1158] [310,1158,1142] [512,516,1475] [512,1475,516] [1158,1150,1142] [1158,1142,1150] [1158,1142,310] [1158,310,1142] [1999,895,1388] [1999,1388,895] [1388,895,421] [1388,895,1999] [1388,895,526] [1388,421,895] [1388,421,526] [1388,1999,895] [1388,526,895] [1388,526,421] [526,524,895] [526,895,524] [526,895,421] [526,895,1388] [526,421,895] [526,421,1388] [526,1388,895] [526,1388,421]
0.643106: [0,1419,850] [0,850,1419] [1171,1163,1054] [1171,1054,1163] [1786,839,828] [1786,828,839] [1475,512,386] [1475,386,512] [1163,1171,1054] [1163,1054,1171] [1722,855,850] [1722,850,855] [855,1722,850] [855,850,1722] [839,1786,828] [839,699,828] [839,828,1786] [839,828,699] [30,512,386] [30,386,512] [421,722,1388] [421,1388,722] [699,839,828] [699,828,839] [722,421,1388] [722,1388,421] [1054,1171,1163] [1054,1163,1171] [512,1475,386] [512,30,386] [512,386,1475] [512,386,30] [386,1475,512] [386,30,512] [386,512,1475] [386,512,30] [1419,0,850] [1419,850,0] [828,1786,839] [828,839,1786] [828,839,699] [828,699,839] [850,0,1419] [850,1722,855] [850,855,1722] [850,1419,0] [1388,421,722] [1388,722,421]
0.707417: [0,839,722] [0,839,843] [0,722,839] [0,1419,843] [0,850,843] [0,843,839] [0,843,1419] [0,843,850] [1171,699,1054] [1171,1054,699] [1171,1054,828] [1171,828,1054] [778,1163,1054] [778,1163,310] [778,1054,1163] [778,310,1163] [1163,778,1054] [1163,778,310] [1163,1054,778] [1163,310,778] [1722,1009,759] [1722,759,1009] [839,0,722] [839,0,843] [839,722,0] [839,843,0] [699,1171,1054] [699,1054,1171] [699,1054,828] [699,828,1054] [521,1009,759] [521,759,1009] [722,0,839] [722,839,0] [722,1419,843] [722,843,1419] [1054,1171,699] [1054,1171,828] [1054,778,1163] [1054,1163,778] [1054,699,1171] [1054,699,828] [1054,828,1171] [1054,828,699] [310,778,1163] [310,1163,778] [1419,0,843] [1419,722,843] [1419,850,843] [1419,843,0] [1419,843,722] [1419,843,850] [1009,1722,759] [1009,521,759] [1009,759,1722] [1009,759,521] [759,1722,1009] [759,521,1009] [759,1009,1722] [759,1009,521] [828,1171,1054] [828,699,1054] [828,1054,1171] [828,1054,699] [850,0,843] [850,1419,843] [850,843,0] [850,843,1419] [843,0,839] [843,0,1419] [843,0,850] [843,839,0] [843,722,1419] [843,1419,0] [843,1419,722] [843,1419,850] [843,850,0] [843,850,1419]
0.771727: [1735,162,1999] [1735,1999,162] [516,512,1009] [516,1009,512] [468,855,30] [468,30,855] [468,30,386] [468,386,30] [1786,839,843] [1786,722,828] [1786,722,843] [1786,828,722] [1786,843,839] [1786,843,722] [1163,1054,1158] [1163,1158,1054] [855,468,30] [855,30,468] [839,1786,843] [839,722,828] [839,828,722] [839,843,1786] [30,468,855] [30,468,386] [30,855,468] [30,512,1009] [30,386,468] [30,1009,512] [162,1735,1999] [162,1999,1735] [699,722,828] [699,828,722] [722,1786,828] [722,1786,843] [722,839,828] [722,699,828] [722,828,1786] [722,828,839] [722,828,699] [722,843,1786] [1054,1163,1158] [1054,310,1158] [1054,1158,1163] [1054,1158,310] [310,1054,1158] [310,1158,1054] [512,516,1009] [512,30,1009] [512,1009,516] [512,1009,30] [386,468,30] [386,30,468] [1009,516,512] [1009,30,512] [1009,512,516] [1009,512,30] [1158,1163,1054] [1158,1054,1163] [1158,1054,310] [1158,310,1054] [828,1786,722] [828,839,722] [828,699,722] [828,722,1786] [828,722,839] [828,722,699] [1999,1735,162] [1999,162,1735] [843,1786,839] [843,1786,722] [843,839,1786] [843,722,1786]
0.836038: [0,855,850] [0,850,855] [1150,1163,310] [1150,1163,1158] [1150,310,1163] [1150,1158,1163] [1735,895,526] [1735,1999,526] [1735,526,895] [1735,526,1999] [516,1722,521] [516,1722,1009] [516,521,1722] [516,1009,1722] [468,475,386] [468,386,475] [524,895,1388] [524,421,1388] [524,1388,895] [524,1388,421] [524,1388,526] [524,526,1388] [1786,421,722] [1786,421,1388] [1786,722,421] [1786,828,1388] [1786,1388,421] [1786,1388,828] [1163,1150,310] [1163,1150,1158] [1163,310,1150] [1163,1158,1150] [1722,516,521] [1722,516,1009] [1722,521,516] [1722,1009,516] [855,0,850] [855,850,0] [895,1735,526] [895,524,1388] [895,1999,526] [895,1388,524] [895,526,1735] [895,526,1999] [475,468,386] [475,386,468] [421,524,1388] [421,1786,722] [421,1786,1388] [421,722,1786] [421,1388,524] [421,1388,1786] [521,516,1722] [521,1722,516] [722,1786,421] [722,421,1786] [722,828,1388] [722,1388,828] [310,1150,1163] [310,1163,1150] [386,468,475] [386,475,468] [1009,516,1722] [1009,1722,516] [1158,1150,1163] [1158,1163,1150] [828,1786,1388] [828,722,1388] [828,1999,1388] [828,1388,1786] [828,1388,722] [828,1388,1999] [1999,1735,526] [1999,895,526] [1999,828,1388] [1999,1388,828] [1999,1388,526] [1999,526,1735] [1999,526,895] [1999,526,1388] [850,0,855] [850,855,0] [1388,524,895] [1388,524,421] [1388,524,526] [1388,1786,421] [1388,1786,828] [1388,895,524] [1388,421,524] [1388,421,1786] [1388,722,828] [1388,828,1786] [1388,828,722] [1388,828,1999] [1388,1999,828] [1388,1999,526] [1388,526,524] [1388,526,1999] [526,1735,895] [526,1735,1999] [526,524,1388] [526,895,1735] [526,895,1999] [526,1999,1735] [526,1999,895] [526,1999,1388] [526,1388,524] [526,1388,1999]
0.900349: [516,1475,386] [516,1722,30] [516,30,1722] [516,30,386] [516,512,386] [516,386,1475] [516,386,30] [516,386,512] [1786,839,1388] [1786,1388,839] [1475,516,386] [1475,386,516] [1722,516,30] [1722,855,30] [1722,855,1009] [1722,30,516] [1722,30,855] [1722,30,1009] [1722,1009,855] [1722,1009,30] [855,1722,30] [855,1722,1009] [855,30,1722] [855,30,1009] [855,1009,1722] [855,1009,30] [839,1786,1388] [839,722,1388] [839,828,1388] [839,1388,1786] [839,1388,722] [839,1388,828] [30,516,1722] [30,516,386] [30,1722,516] [30,1722,855] [30,1722,1009] [30,855,1722] [30,855,1009] [30,386,516] [30,1009,1722] [30,1009,855] [722,839,1388] [722,1388,839] [512,516,386] [512,386,516] [386,516,1475] [386,516,30] [386,516,512] [386,1475,516] [386,30,516] [386,512,516] [1009,1722,855] [1009,1722,30] [1009,855,1722] [1009,855,30] [1009,30,1722] [1009,30,855] [828,839,1388] [828,1388,839] [1388,1786,839] [1388,839,1786] [1388,839,722] [1388,839,828] [1388,722,839] [1388,828,839]
0.964659: [1475,506,512] [1475,512,506] [506,1475,512] [506,512,1475] [421,722,1419] [421,1419,722] [421,1419,759] [421,759,1419] [722,421,1419] [722,1419,421] [512,1475,506] [512,506,1475] [1419,421,722] [1419,421,759] [1419,722,421] [1419,759,421] [759,421,1419] [759,1419,421]
1.028970: [0,722,850] [0,850,722] [1150,778,1163] [1150,778,1142] [1150,778,310] [1150,1163,778] [1150,1142,778] [1150,310,778] [516,1475,1009] [516,386,1009] [516,1009,1475] [516,1009,386] [468,1475,475] [468,1475,30] [468,1475,386] [468,475,1475] [468,30,1475] [468,386,1475] [524,895,759] [524,759,895] [524,759,1388] [524,1388,759] [778,1150,1163] [778,1150,1142] [778,1150,310] [778,1163,1150] [778,1142,1150] [778,1142,162] [778,162,1142] [778,310,1150] [1475,516,1009] [1475,468,475] [1475,468,30] [1475,468,386] [1475,475,468] [1475,475,386] [1475,30,468] [1475,30,1009] [1475,512,1009] [1475,386,468] [1475,386,475] [1475,386,1009] [1475,1009,516] [1475,1009,30] [1475,1009,512] [1475,1009,386] [1163,1150,778] [1163,778,1150] [1722,1419,759] [1722,1419,850] [1722,759,1419] [1722,850,1419] [855,386,1009] [855,1009,386] [895,524,759] [895,421,759] [895,759,524] [895,759,421] [895,759,1388] [895,759,526] [895,1388,759] [895,526,759] [475,468,1475] [475,1475,468] [475,1475,386] [475,386,1475] [30,468,1475] [30,1475,468] [30,1475,1009] [30,386,1009] [30,1009,1475] [30,1009,386] [421,895,759] [421,759,895] [421,759,1388] [421,1388,759] [1142,1150,778] [1142,778,1150] [1142,778,162] [1142,162,778] [1142,162,1138] [1142,1138,162] [162,778,1142] [162,1142,778] [162,1142,1138] [162,1138,1142] [722,0,850] [722,1419,850] [722,850,0] [722,850,1419] [722,850,843] [722,843,850] [310,1150,778] [310,778,1150] [512,1475,1009] [512,386,1009] [512,1009,1475] [512,1009,386] [386,516,1009] [386,468,1475] [386,1475,468] [386,1475,475] [386,1475,1009] [386,855,1009] [386,475,1475] [386,30,1009] [386,512,1009] [386,1009,516] [386,1009,1475] [386,1009,855] [386,1009,30] [386,1009,512] [1419,1722,759] [1419,1722,850] [1419,722,850] [1419,759,1722] [1419,850,1722] [1419,850,722] [1009,516,1475] [1009,516,386] [1009,1475,516] [1009,1475,30] [1009,1475,512] [1009,1475,386] [1009,855,386] [1009,30,1475] [1009,30,386] [1009,512,1475] [1009,512,386] [1009,386,516] [1009,386,1475] [1009,386,855] [1009,386,30] [1009,386,512] [759,524,895] [759,524,1388] [759,1722,1419] [759,895,524] [759,895,421] [759,895,1388] [759,895,526] [759,421,895] [759,421,1388] [759,1419,1722] [759,1388,524] [759,1388,895] [759,1388,421] [759,1388,526] [759,526,895] [759,526,1388] [1138,1142,162] [1138,162,1142] [850,0,722] [850,1722,1419] [850,722,0] [850,722,1419] [850,722,843] [850,1419,1722] [850,1419,722] [850,843,722] [1388,524,759] [1388,895,759] [1388,421,759] [1388,759,524] [1388,759,895] [1388,759,421] [1388,759,526] [1388,526,759] [843,722,850] [843,850,722] [526,895,759] [526,759,895] [526,759,1388] [526,1388,759]
1.093281: [0,1722,855] [0,1722,1419] [0,1722,850] [0,855,1722] [0,1419,1722] [0,850,1722] [1150,778,1158] [1150,1158,778] [492,475,506] [492,506,475] [1735,828,1999] [1735,1999,828] [468,855,850] [468,850,855] [524,1722,421] [524,1722,521] [524,1722,759] [524,421,1722] [524,521,1722] [524,759,1722] [1786,895,421] [1786,895,1999] [1786,895,1388] [1786,421,895] [1786,699,1388] [1786,699,843] [1786,722,1999] [1786,1999,895] [1786,1999,722] [1786,1388,895] [1786,1388,699] [1786,843,699] [778,1150,1158] [778,1163,1158] [778,1142,1054] [778,1142,1158] [778,1054,1142] [778,1054,1158] [778,310,1158] [778,1158,1150] [778,1158,1163] [778,1158,1142] [778,1158,1054] [778,1158,310] [1475,475,506] [1475,506,475] [1163,778,1158] [1163,1158,778] [1722,0,855] [1722,0,1419] [1722,0,850] [1722,524,421] [1722,524,521] [1722,524,759] [1722,855,0] [1722,421,524] [1722,421,1419] [1722,421,759] [1722,521,524] [1722,1419,0] [1722,1419,421] [1722,759,524] [1722,759,421] [1722,850,0] [855,0,1722] [855,468,850] [855,1722,0] [855,850,468] [895,1786,421] [895,1786,1999] [895,1786,1388] [895,421,1786] [895,1999,1786] [895,1388,1786] [839,699,1388] [839,699,843] [839,1388,699] [839,843,699] [475,492,506] [475,1475,506] [475,506,492] [475,506,1475] [506,492,475] [506,1475,475] [506,475,492] [506,475,1475] [421,524,1722] [421,1786,895] [421,1722,524] [421,1722,1419] [421,1722,759] [421,895,1786] [421,1419,1722] [421,759,1722] [1142,778,1054] [1142,778,1158] [1142,1054,778] [1142,1054,310] [1142,1054,1158] [1142,310,1054] [1142,1158,778] [1142,1158,1054] [699,1786,1388] [699,1786,843] [699,839,1388] [699,839,843] [699,722,1388] [699,722,843] [699,828,1388] [699,1388,1786] [699,1388,839] [699,1388,722] [699,1388,828] [699,843,1786] [699,843,839] [699,843,722] [521,524,1722] [521,1722,524] [722,1786,1999] [722,699,1388] [722,699,843] [722,828,1999] [722,1999,1786] [722,1999,828] [722,1999,1388] [722,1388,699] [722,1388,1999] [722,843,699] [1054,778,1142] [1054,778,1158] [1054,1142,778] [1054,1142,310] [1054,1142,1158] [1054,310,1142] [1054,1158,778] [1054,1158,1142] [310,778,1158] [310,1142,1054] [310,1054,1142] [310,1158,778] [1419,0,1722] [1419,1722,0] [1419,1722,421] [1419,421,1722] [759,524,1722] [759,1722,524] [759,1722,421] [759,421,1722] [1158,1150,778] [1158,778,1150] [1158,778,1163] [1158,778,1142] [1158,778,1054] [1158,778,310] [1158,1163,778] [1158,1142,778] [1158,1142,1054] [1158,1054,778] [1158,1054,1142] [1158,310,778] [828,1735,1999] [828,699,1388] [828,722,1999] [828,1999,1735] [828,1999,722] [828,1388,699] [1999,1735,828] [1999,1786,895] [1999,1786,722] [1999,895,1786] [1999,722,1786] [1999,722,828] [1999,722,1388] [1999,828,1735] [1999,828,722] [1999,1388,722] [850,0,1722] [850,468,855] [850,1722,0] [850,855,468] [1388,1786,895] [1388,1786,699] [1388,895,1786] [1388,839,699] [1388,699,1786] [1388,699,839] [1388,699,722] [1388,699,828] [1388,722,699] [1388,722,1999] [1388,828,699] [1388,1999,722] [843,1786,699] [843,839,699] [843,699,1786] [843,699,839] [843,699,722] [843,722,699]
1.157591: [0,855,1419] [0,1419,855] [1150,778,1138] [1150,1163,1142] [1150,1142,1163] [1150,1142,1138] [1150,310,1138] [1150,1138,778] [1150,1138,1142] [1150,1138,310] [1735,778,162] [1735,162,778] [1171,1786,699] [1171,1786,828] [1171,699,1786] [1171,828,1786] [468,1475,855] [468,855,1475] [524,421,521] [524,521,421] [1786,1171,699] [1786,1171,828] [1786,421,1999] [1786,699,1171] [1786,699,1999] [1786,828,1171] [1786,1999,421] [1786,1999,699] [778,1150,1138] [778,1735,162] [778,1163,1142] [778,1142,1163] [778,162,1735] [778,1138,1150] [1475,468,855] [1475,855,468] [1475,855,30] [1475,855,386] [1475,855,1009] [1475,30,855] [1475,386,855] [1475,1009,855] [1163,1150,1142] [1163,778,1142] [1163,1142,1150] [1163,1142,778] [1163,1142,1054] [1163,1142,310] [1163,1142,1158] [1163,1054,1142] [1163,310,1142] [1163,1158,1142] [1722,855,1419] [1722,421,521] [1722,521,421] [1722,1419,855] [855,0,1419] [855,468,1475] [855,1475,468] [855,1475,30] [855,1475,386] [855,1475,1009] [855,1722,1419] [855,30,1475] [855,386,1475] [855,1419,0] [855,1419,1722] [855,1419,850] [855,1009,1475] [855,850,1419] [895,421,1999] [895,1999,421] [30,1475,855] [30,855,1475] [421,524,521] [421,1786,1999] [421,1722,521] [421,895,1999] [421,521,524] [421,521,1722] [421,521,759] [421,722,1999] [421,759,521] [421,1999,1786] [421,1999,895] [421,1999,722] [421,1999,1388] [421,1999,526] [421,1388,1999] [421,526,1999] [1142,1150,1163] [1142,1150,1138] [1142,778,1163] [1142,1163,1150] [1142,1163,778] [1142,1163,1054] [1142,1163,310] [1142,1163,1158] [1142,1054,1163] [1142,310,1163] [1142,1158,1163] [1142,1138,1150] [162,1735,778] [162,778,1735] [699,1171,1786] [699,1786,1171] [699,1786,1999] [699,722,1999] [699,828,1999] [699,1999,1786] [699,1999,722] [699,1999,828] [699,1999,1388] [699,1388,1999] [521,524,421] [521,1722,421] [521,421,524] [521,421,1722] [521,421,759] [521,759,421] [722,421,1999] [722,699,1999] [722,1999,421] [722,1999,699] [1054,1163,1142] [1054,1142,1163] [310,1150,1138] [310,1163,1142] [310,1142,1163] [310,1138,1150] [386,1475,855] [386,855,1475] [1419,0,855] [1419,1722,855] [1419,855,0] [1419,855,1722] [1419,855,850] [1419,850,855] [1009,1475,855] [1009,855,1475] [759,421,521] [759,521,421] [1158,1163,1142] [1158,1142,1163] [1138,1150,778] [1138,1150,1142] [1138,1150,310] [1138,778,1150] [1138,1142,1150] [1138,310,1150] [828,1171,1786] [828,1786,1171] [828,699,1999] [828,1999,699] [1999,1786,421] [1999,1786,699] [1999,895,421] [1999,421,1786] [1999,421,895] [1999,421,722] [1999,421,1388] [1999,421,526] [1999,699,1786] [1999,699,722] [1999,699,828] [1999,699,1388] [1999,722,421] [1999,722,699] [1999,828,699] [1999,1388,421] [1999,1388,699] [1999,526,421] [850,855,1419] [850,1419,855] [1388,421,1999] [1388,699,1999] [1388,1999,421] [1388,1999,699] [526,421,1999] [526,1999,421]
1.221902: [0,1786,839] [0,1786,722] [0,1786,843] [0,839,1786] [0,839,1419] [0,722,1786] [0,1419,839] [0,843,1786] [1735,778,1138] [1735,895,828] [1735,162,1138] [1735,1138,778] [1735,1138,162] [1735,828,895] [516,1722,386] [516,386,1722] [468,30,850] [468,850,30] [1786,0,839] [1786,0,722] [1786,0,843] [1786,895,828] [1786,839,0] [1786,722,0] [1786,828,895] [1786,843,0] [778,1735,1138] [778,162,310] [778,310,162] [778,1138,1735] [1722,516,386] [1722,855,386] [1722,30,386] [1722,30,850] [1722,386,516] [1722,386,855] [1722,386,30] [1722,386,1009] [1722,1009,386] [1722,850,30] [855,1722,386] [855,30,850] [855,386,1722] [855,850,30] [895,1735,828] [895,1786,828] [895,828,1735] [895,828,1786] [895,828,1999] [895,828,1388] [895,1999,828] [895,1388,828] [839,0,1786] [839,0,1419] [839,1786,0] [839,722,1419] [839,1419,0] [839,1419,722] [839,1419,843] [839,843,1419] [30,468,850] [30,1722,386] [30,1722,850] [30,855,850] [30,386,1722] [30,850,468] [30,850,1722] [30,850,855] [1142,162,310] [1142,310,162] [162,1735,1138] [162,778,310] [162,1142,310] [162,310,778] [162,310,1142] [162,310,1138] [162,1138,1735] [162,1138,310] [722,0,1786] [722,1786,0] [722,839,1419] [722,1419,839] [310,778,162] [310,1142,162] [310,162,778] [310,162,1142] [310,162,1138] [310,1138,162] [386,516,1722] [386,1722,516] [386,1722,855] [386,1722,30] [386,1722,1009] [386,855,1722] [386,30,1722] [386,1009,1722] [1419,0,839] [1419,839,0] [1419,839,722] [1419,839,843] [1419,722,839] [1419,843,839] [1009,1722,386] [1009,386,1722] [1138,1735,778] [1138,1735,162] [1138,778,1735] [1138,162,1735] [1138,162,310] [1138,310,162] [828,1735,895] [828,1786,895] [828,895,1735] [828,895,1786] [828,895,1999] [828,895,1388] [828,1999,895] [828,1388,895] [1999,895,828] [1999,828,895] [850,468,30] [850,1722,30] [850,855,30] [850,30,468] [850,30,1722] [850,30,855] [1388,895,828] [1388,828,895] [843,0,1786] [843,1786,0] [843,839,1419] [843,1419,839]
1.286213: [0,1786,1388] [0,839,1388] [0,722,1388] [0,1388,1786] [0,1388,839] [0,1388,722] [0,1388,843] [0,843,1388] [1150,778,1054] [1150,1163,1054] [1150,1142,1054] [1150,1054,778] [1150,1054,1163] [1150,1054,1142] [1150,1054,310] [1150,1054,1158] [1150,310,1054] [1150,1158,1054] [1735,895,1388] [1735,162,828] [1735,828,162] [1735,828,1388] [1735,1999,1388] [1735,1388,895] [1735,1388,828] [1735,1388,1999] [1735,1388,526] [1735,526,1388] [1171,1786,839] [1171,1163,310] [1171,839,1786] [1171,839,699] [1171,839,828] [1171,699,839] [1171,1054,310] [1171,310,1163] [1171,310,1054] [1171,828,839] [516,1722,759] [516,521,759] [516,1009,759] [516,759,1722] [516,759,521] [516,759,1009] [468,386,850] [468,850,386] [524,521,526] [524,526,521] [1786,0,1388] [1786,1171,839] [1786,839,1171] [1786,1388,0] [1786,1388,843] [1786,843,1388] [778,1150,1054] [778,1054,1150] [1163,1150,1054] [1163,1171,310] [1163,1054,1150] [1163,310,1171] [1722,516,759] [1722,855,759] [1722,386,850] [1722,759,516] [1722,759,855] [1722,850,386] [855,1722,759] [855,386,850] [855,1419,759] [855,1009,759] [855,759,1722] [855,759,1419] [855,759,1009] [855,850,386] [895,1735,1388] [895,1388,1735] [839,0,1388] [839,1171,1786] [839,1171,699] [839,1171,828] [839,1786,1171] [839,699,1171] [839,828,1171] [839,1388,0] [839,1388,843] [839,843,1388] [30,386,850] [30,850,386] [421,521,526] [421,526,521] [1142,1150,1054] [1142,1054,1150] [162,1735,828] [162,828,1735] [162,828,1999] [162,1999,828] [699,1171,839] [699,839,1171] [699,1388,843] [699,843,1388] [521,516,759] [521,524,526] [521,421,526] [521,759,516] [521,759,526] [521,526,524] [521,526,421] [521,526,759] [722,0,1388] [722,1388,0] [722,1388,843] [722,843,1388] [1054,1150,778] [1054,1150,1163] [1054,1150,1142] [1054,1150,310] [1054,1150,1158] [1054,1171,310] [1054,778,1150] [1054,1163,1150] [1054,1142,1150] [1054,310,1150] [1054,310,1171] [1054,1158,1150] [310,1150,1054] [310,1171,1163] [310,1171,1054] [310,1163,1171] [310,1054,1150] [310,1054,1171] [386,468,850] [386,1722,850] [386,855,850] [386,30,850] [386,850,468] [386,850,1722] [386,850,855] [386,850,30] [1419,855,759] [1419,759,855] [1009,516,759] [1009,855,759] [1009,759,516] [1009,759,855] [759,516,1722] [759,516,521] [759,516,1009] [759,1722,516] [759,1722,855] [759,855,1722] [759,855,1419] [759,855,1009] [759,521,516] [759,521,526] [759,1419,855] [759,1009,516] [759,1009,855] [759,526,521] [1158,1150,1054] [1158,1054,1150] [828,1735,162] [828,1735,1388] [828,1171,839] [828,839,1171] [828,162,1735] [828,162,1999] [828,1999,162] [828,1388,1735] [1999,1735,1388] [1999,162,828] [1999,828,162] [1999,1388,1735] [850,468,386] [850,1722,386] [850,855,386] [850,30,386] [850,386,468] [850,386,1722] [850,386,855] [850,386,30] [1388,0,1786] [1388,0,839] [1388,0,722] [1388,0,843] [1388,1735,895] [1388,1735,828] [1388,1735,1999] [1388,1735,526] [1388,1786,0] [1388,1786,843] [1388,895,1735] [1388,839,0] [1388,839,843] [1388,699,843] [1388,722,0] [1388,722,843] [1388,828,1735] [1388,1999,1735] [1388,843,0] [1388,843,1786] [1388,843,839] [1388,843,699] [1388,843,722] [1388,526,1735] [843,0,1388] [843,1786,1388] [843,839,1388] [843,699,1388] [843,722,1388] [843,1388,0] [843,1388,1786] [843,1388,839] [843,1388,699] [843,1388,722] [526,1735,1388] [526,524,521] [526,421,521] [526,521,524] [526,521,421] [526,521,759] [526,759,521] [526,1388,1735]
