1
1 40 42 1
1 33 38 1
1 37 39 1
1 17 31 1
1 4 20 1
1 28 14 1
1 29 14 1
1 24 12 1
1 25 12 1
1 26 13 1
1 30 7 1
1 9 19 1
1 25 2 1
1 26 6 1
1 9 20 1
1 10 21 1
1 42 11 1
1 1 35 1
1 34 4 1
1 33 10 1
1 41 5 1
1 8 37 1
1 11 36 1
1 16 34 1
1 16 37 1
1 16 39 1
1 42 18 1
1 41 18 1
1 19 3 1
1 21 6 1
1 0 22 1
1 0 28 1
1 8 31 1
1 1 23 1
1 29 7 1
1 32 3 1
1 24 5 1
1 0 38 1
1 32 15 1
1 38 22 1
1 17 35 1
1 36 23 1
1 33 22 1
1 10 22 1
1 8 39 1
2 41 42 18 1
1 30 15 2
1 40 36 2
1 27 13 2
1 28 38 2
1 40 11 2
1 40 18 2
1 11 23 2
2 8 17 31 2
2 8 37 39 2
2 28 29 14 2
2 33 38 22 2
2 0 38 22 2
2 33 10 22 2
2 41 18 5 2
2 16 37 39 2
2 40 11 36 2
2 17 35 31 2
2 0 28 38 2
2 8 37 31 2
2 40 18 42 2
1 41 42 3
1 8 17 3
1 2 27 3
2 17 35 1 3
2 16 34 39 3
2 1 35 23 3
2 11 36 23 3
1 37 31 4
2 40 42 11 4
2 33 10 21 5
2 0 28 14 8
2 16 34 4 9
2 1 36 23 9
2 40 41 18 9
2 40 41 42 9
2 40 18 42 9
2 41 18 42 9
2 1 35 36 9
2 1 35 23 9
2 1 36 23 9
2 35 36 23 9
2 40 42 11 9
2 40 42 36 9
2 40 11 36 9
2 42 11 36 9
2 0 33 38 10
2 0 33 22 10
2 0 38 22 10
2 33 38 22 10
2 40 42 11 10
2 40 42 18 10
2 40 11 18 10
2 42 11 18 10
2 16 8 37 10
2 16 8 39 10
2 16 37 39 10
2 8 37 39 10
2 29 14 7 11
2 8 17 37 11
2 8 17 31 11
2 8 37 31 11
2 17 37 31 11
2 40 11 36 11
2 40 11 23 11
2 40 36 23 11
2 11 36 23 11
2 8 39 37 13
2 8 39 31 13
2 8 37 31 13
2 39 37 31 13
2 33 10 38 13
2 33 10 22 13
2 33 38 22 13
2 10 38 22 13
2 40 42 11 13
2 40 42 36 13
2 40 42 18 13
2 40 11 36 13
2 40 11 18 13
2 40 36 18 13
2 42 11 36 13
2 42 11 18 13
2 42 36 18 13
2 11 36 18 13
2 29 30 7 14
2 24 41 5 14
2 0 28 38 14
2 0 28 14 14
2 0 38 14 14
2 28 38 14 14
2 41 18 42 14
2 41 18 5 14
2 41 42 5 14
2 18 42 5 14
2 17 35 1 14
2 17 35 31 14
2 17 1 31 14
2 35 1 31 14
2 16 34 37 14
2 16 34 39 14
2 16 37 39 14
2 34 37 39 14
2 16 34 4 14
2 16 34 39 14
2 16 4 39 14
2 34 4 39 14
2 40 41 18 14
2 40 41 11 14
2 40 41 42 14
2 40 18 11 14
2 40 18 42 14
2 40 11 42 14
2 41 18 11 14
2 41 18 42 14
2 41 11 42 14
2 18 11 42 14
2 8 17 35 15
2 8 17 31 15
2 8 35 31 15
2 17 35 31 15
2 40 42 11 15
2 40 42 36 15
2 40 42 23 15
2 40 11 36 15
2 40 11 23 15
2 40 36 23 15
2 42 11 36 15
2 42 11 23 15
2 42 36 23 15
2 11 36 23 15
2 0 33 38 17
2 24 41 18 17
2 24 41 5 17
2 24 18 5 17
2 41 18 5 17
2 0 28 22 17
2 0 28 38 17
2 0 22 38 17
2 28 22 38 17
2 8 17 35 17
2 8 17 37 17
2 8 17 31 17
2 8 35 37 17
2 8 35 31 17
2 8 37 31 17
2 17 35 37 17
2 17 35 31 17
2 17 37 31 17
2 35 37 31 17
2 8 17 39 17
2 8 17 37 17
2 8 17 31 17
2 8 39 37 17
2 8 39 31 17
2 8 37 31 17
2 17 39 37 17
2 17 39 31 17
2 17 37 31 17
2 39 37 31 17
2 16 8 34 17
2 16 8 37 17
2 16 8 39 17
2 16 34 37 17
2 16 34 39 17
2 16 37 39 17
2 8 34 37 17
2 8 34 39 17
2 8 37 39 17
2 34 37 39 17
2 19 32 3 18
2 20 34 4 18
2 33 10 21 18
2 33 10 22 18
2 33 21 22 18
2 10 21 22 18
2 8 16 31 18
2 8 16 37 18
2 8 16 39 18
2 8 31 37 18
2 8 31 39 18
2 8 37 39 18
2 16 31 37 18
2 16 31 39 18
2 16 37 39 18
2 31 37 39 18
2 40 41 18 18
2 40 41 42 18
2 40 41 5 18
2 40 18 42 18
2 40 18 5 18
2 40 42 5 18
2 41 18 42 18
2 41 18 5 18
2 41 42 5 18
2 18 42 5 18
2 0 33 10 18
2 0 33 38 18
2 0 33 22 18
2 0 10 38 18
2 0 10 22 18
2 0 38 22 18
2 33 10 38 18
2 33 10 22 18
2 33 38 22 18
2 10 38 22 18
2 10 21 6 19
2 0 28 29 19
2 0 28 14 19
2 0 29 14 19
2 28 29 14 19
2 0 33 28 19
2 0 33 22 19
2 0 33 38 19
2 0 28 22 19
2 0 28 38 19
2 0 22 38 19
2 33 28 22 19
2 33 28 38 19
2 33 22 38 19
2 28 22 38 19
2 36 40 42 19
2 36 40 11 19
2 36 40 18 19
2 36 40 23 19
2 36 42 11 19
2 36 42 18 19
2 36 42 23 19
2 36 11 18 19
2 36 11 23 19
2 36 18 23 19
2 40 42 11 19
2 40 42 18 19
2 40 42 23 19
2 40 11 18 19
2 40 11 23 19
2 40 18 23 19
2 42 11 18 19
2 42 11 23 19
2 42 18 23 19
2 11 18 23 19
2 36 40 41 19
2 36 40 42 19
2 36 40 11 19
2 36 40 18 19
2 36 41 42 19
2 36 41 11 19
2 36 41 18 19
2 36 42 11 19
2 36 42 18 19
2 36 11 18 19
2 40 41 42 19
2 40 41 11 19
2 40 41 18 19
2 40 42 11 19
2 40 42 18 19
2 40 11 18 19
2 41 42 11 19
2 41 42 18 19
2 41 11 18 19
2 42 11 18 19
2 7 30 15 20
2 26 21 6 20
2 40 36 23 20
2 23 1 35 20
2 23 1 17 20
2 23 35 17 20
2 1 35 17 20
2 16 34 4 20
2 16 34 37 20
2 16 34 39 20
2 16 4 37 20
2 16 4 39 20
2 16 37 39 20
2 34 4 37 20
2 34 4 39 20
2 34 37 39 20
2 4 37 39 20
2 5 40 41 20
2 5 40 42 20
2 5 40 11 20
2 5 40 18 20
2 5 41 42 20
2 5 41 11 20
2 5 41 18 20
2 5 42 11 20
2 5 42 18 20
2 5 11 18 20
2 40 41 42 20
2 40 41 11 20
2 40 41 18 20
2 40 42 11 20
2 40 42 18 20
2 40 11 18 20
2 41 42 11 20
2 41 42 18 20
2 41 11 18 20
2 42 11 18 20
2 0 33 28 21
2 0 33 38 21
2 0 28 38 21
2 33 28 38 21
2 0 28 38 21
2 0 28 14 21
2 0 28 29 21
2 0 38 14 21
2 0 38 29 21
2 0 14 29 21
2 28 38 14 21
2 28 38 29 21
2 28 14 29 21
2 38 14 29 21
2 37 39 8 21
2 37 39 16 21
2 37 39 17 21
2 37 39 31 21
2 37 8 16 21
2 37 8 17 21
2 37 8 31 21
2 37 16 17 21
2 37 16 31 21
2 37 17 31 21
2 39 8 16 21
2 39 8 17 21
2 39 8 31 21
2 39 16 17 21
2 39 16 31 21
2 39 17 31 21
2 8 16 17 21
2 8 16 31 21
2 8 17 31 21
2 16 17 31 21
2 32 30 15 22
2 32 3 15 22
2 28 29 14 22
2 28 29 7 22
2 28 14 7 22
2 29 14 7 22
2 30 29 14 22
2 30 29 7 22
2 30 14 7 22
2 29 14 7 22
2 33 10 38 22
2 33 10 22 22
2 33 10 21 22
2 33 38 22 22
2 33 38 21 22
2 33 22 21 22
2 10 38 22 22
2 10 38 21 22
2 10 22 21 22
2 38 22 21 22
2 11 1 35 22
2 11 1 36 22
2 11 1 23 22
2 11 35 36 22
2 11 35 23 22
2 11 36 23 22
2 1 35 36 22
2 1 35 23 22
2 1 36 23 22
2 35 36 23 22
2 35 37 39 22
2 35 37 8 22
2 35 37 17 22
2 35 37 31 22
2 35 39 8 22
2 35 39 17 22
2 35 39 31 22
2 35 8 17 22
2 35 8 31 22
2 35 17 31 22
2 37 39 8 22
2 37 39 17 22
2 37 39 31 22
2 37 8 17 22
2 37 8 31 22
2 37 17 31 22
2 39 8 17 22
2 39 8 31 22
2 39 17 31 22
2 8 17 31 22
2 5 40 41 22
2 5 40 42 22
2 5 40 18 22
2 5 40 24 22
2 5 41 42 22
2 5 41 18 22
2 5 41 24 22
2 5 42 18 22
2 5 42 24 22
2 5 18 24 22
2 40 41 42 22
2 40 41 18 22
2 40 41 24 22
2 40 42 18 22
2 40 42 24 22
2 40 18 24 22
2 41 42 18 22
2 41 42 24 22
2 41 18 24 22
2 42 18 24 22
2 28 38 14 23
2 24 12 5 23
2 15 29 30 23
2 15 29 7 23
2 15 30 7 23
2 29 30 7 23
2 33 10 21 23
2 33 10 6 23
2 33 21 6 23
2 10 21 6 23
2 1 11 36 23
2 1 11 23 23
2 1 36 23 23
2 11 36 23 23
2 1 35 17 23
2 1 35 36 23
2 1 35 23 23
2 1 17 36 23
2 1 17 23 23
2 1 36 23 23
2 35 17 36 23
2 35 17 23 23
2 35 36 23 23
2 17 36 23 23
2 34 4 37 23
2 34 4 39 23
2 34 4 8 23
2 34 4 16 23
2 34 37 39 23
2 34 37 8 23
2 34 37 16 23
2 34 39 8 23
2 34 39 16 23
2 34 8 16 23
2 4 37 39 23
2 4 37 8 23
2 4 37 16 23
2 4 39 8 23
2 4 39 16 23
2 4 8 16 23
2 37 39 8 23
2 37 39 16 23
2 37 8 16 23
2 39 8 16 23
2 25 2 27 24
2 24 25 12 24
2 38 28 29 24
2 38 28 14 24
2 38 29 14 24
2 28 29 14 24
2 32 7 30 24
2 32 7 15 24
2 32 30 15 24
2 7 30 15 24
2 32 3 30 24
2 32 3 15 24
2 32 30 15 24
2 3 30 15 24
2 24 41 18 24
2 24 41 42 24
2 24 41 5 24
2 24 18 42 24
2 24 18 5 24
2 24 42 5 24
2 41 18 42 24
2 41 18 5 24
2 41 42 5 24
2 18 42 5 24
2 40 1 11 24
2 40 1 36 24
2 40 1 23 24
2 40 11 36 24
2 40 11 23 24
2 40 36 23 24
2 1 11 36 24
2 1 11 23 24
2 1 36 23 24
2 11 36 23 24
2 8 17 35 24
2 8 17 1 24
2 8 17 31 24
2 8 35 1 24
2 8 35 31 24
2 8 1 31 24
2 17 35 1 24
2 17 35 31 24
2 17 1 31 24
2 35 1 31 24
2 0 33 38 24
2 0 33 10 24
2 0 33 22 24
2 0 33 28 24
2 0 38 10 24
2 0 38 22 24
2 0 38 28 24
2 0 10 22 24
2 0 10 28 24
2 0 22 28 24
2 33 38 10 24
2 33 38 22 24
2 33 38 28 24
2 33 10 22 24
2 33 10 28 24
2 33 22 28 24
2 38 10 22 24
2 38 10 28 24
2 38 22 28 24
2 10 22 28 24
2 2 27 13 25
2 25 2 12 25
2 26 13 6 25
2 26 27 13 25
2 0 22 28 25
2 0 22 14 25
2 0 22 38 25
2 0 28 14 25
2 0 28 38 25
2 0 14 38 25
2 22 28 14 25
2 22 28 38 25
2 22 14 38 25
2 28 14 38 25
2 1 35 37 25
2 1 35 8 25
2 1 35 17 25
2 1 35 31 25
2 1 37 8 25
2 1 37 17 25
2 1 37 31 25
2 1 8 17 25
2 1 8 31 25
2 1 17 31 25
2 35 37 8 25
2 35 37 17 25
2 35 37 31 25
2 35 8 17 25
2 35 8 31 25
2 35 17 31 25
2 37 8 17 25
2 37 8 31 25
2 37 17 31 25
2 8 17 31 25
2 34 37 39 25
2 34 37 8 25
2 34 37 16 25
2 34 37 31 25
2 34 39 8 25
2 34 39 16 25
2 34 39 31 25
2 34 8 16 25
2 34 8 31 25
2 34 16 31 25
2 37 39 8 25
2 37 39 16 25
2 37 39 31 25
2 37 8 16 25
2 37 8 31 25
2 37 16 31 25
2 39 8 16 25
2 39 8 31 25
2 39 16 31 25
2 8 16 31 25
2 1 35 36 25
2 1 35 40 25
2 1 35 11 25
2 1 35 23 25
2 1 36 40 25
2 1 36 11 25
2 1 36 23 25
2 1 40 11 25
2 1 40 23 25
2 1 11 23 25
2 35 36 40 25
2 35 36 11 25
2 35 36 23 25
2 35 40 11 25
2 35 40 23 25
2 35 11 23 25
2 36 40 11 25
2 36 40 23 25
2 36 11 23 25
2 40 11 23 25
2 23 1 35 26
2 23 1 31 26
2 23 1 17 26
2 23 35 31 26
2 23 35 17 26
2 23 31 17 26
2 1 35 31 26
2 1 35 17 26
2 1 31 17 26
2 35 31 17 26
2 1 35 36 26
2 1 35 11 26
2 1 35 17 26
2 1 35 23 26
2 1 36 11 26
2 1 36 17 26
2 1 36 23 26
2 1 11 17 26
2 1 11 23 26
2 1 17 23 26
2 35 36 11 26
2 35 36 17 26
2 35 36 23 26
2 35 11 17 26
2 35 11 23 26
2 35 17 23 26
2 36 11 17 26
2 36 11 23 26
2 36 17 23 26
2 11 17 23 26
2 0 33 38 26
2 0 33 14 26
2 0 33 22 26
2 0 33 28 26
2 0 38 14 26
2 0 38 22 26
2 0 38 28 26
2 0 14 22 26
2 0 14 28 26
2 0 22 28 26
2 33 38 14 26
2 33 38 22 26
2 33 38 28 26
2 33 14 22 26
2 33 14 28 26
2 33 22 28 26
2 38 14 22 26
2 38 14 28 26
2 38 22 28 26
2 14 22 28 26
2 36 40 41 26
2 36 40 42 26
2 36 40 11 26
2 36 40 18 26
2 36 40 23 26
2 36 41 42 26
2 36 41 11 26
2 36 41 18 26
2 36 41 23 26
2 36 42 11 26
2 36 42 18 26
2 36 42 23 26
2 36 11 18 26
2 36 11 23 26
2 36 18 23 26
2 40 41 42 26
2 40 41 11 26
2 40 41 18 26
2 40 41 23 26
2 40 42 11 26
2 40 42 18 26
2 40 42 23 26
2 40 11 18 26
2 40 11 23 26
2 40 18 23 26
2 41 42 11 26
2 41 42 18 26
2 41 42 23 26
2 41 11 18 26
2 41 11 23 26
2 41 18 23 26
2 42 11 18 26
2 42 11 23 26
2 42 18 23 26
2 11 18 23 26
2 9 19 20 27
2 16 20 34 27
2 16 20 4 27
2 16 34 4 27
2 20 34 4 27
2 0 33 28 27
2 0 33 14 27
2 0 33 38 27
2 0 28 14 27
2 0 28 38 27
2 0 14 38 27
2 33 28 14 27
2 33 28 38 27
2 33 14 38 27
2 28 14 38 27
2 1 35 36 27
2 1 35 17 27
2 1 35 23 27
2 1 35 31 27
2 1 36 17 27
2 1 36 23 27
2 1 36 31 27
2 1 17 23 27
2 1 17 31 27
2 1 23 31 27
2 35 36 17 27
2 35 36 23 27
2 35 36 31 27
2 35 17 23 27
2 35 17 31 27
2 35 23 31 27
2 36 17 23 27
2 36 17 31 27
2 36 23 31 27
2 17 23 31 27
2 36 5 40 27
2 36 5 41 27
2 36 5 42 27
2 36 5 11 27
2 36 5 18 27
2 36 40 41 27
2 36 40 42 27
2 36 40 11 27
2 36 40 18 27
2 36 41 42 27
2 36 41 11 27
2 36 41 18 27
2 36 42 11 27
2 36 42 18 27
2 36 11 18 27
2 5 40 41 27
2 5 40 42 27
2 5 40 11 27
2 5 40 18 27
2 5 41 42 27
2 5 41 11 27
2 5 41 18 27
2 5 42 11 27
2 5 42 18 27
2 5 11 18 27
2 40 41 42 27
2 40 41 11 27
2 40 41 18 27
2 40 42 11 27
2 40 42 18 27
2 40 11 18 27
2 41 42 11 27
2 41 42 18 27
2 41 11 18 27
2 42 11 18 27
2 35 37 39 27
2 35 37 8 27
2 35 37 16 27
2 35 37 17 27
2 35 37 31 27
2 35 39 8 27
2 35 39 16 27
2 35 39 17 27
2 35 39 31 27
2 35 8 16 27
2 35 8 17 27
2 35 8 31 27
2 35 16 17 27
2 35 16 31 27
2 35 17 31 27
2 37 39 8 27
2 37 39 16 27
2 37 39 17 27
2 37 39 31 27
2 37 8 16 27
2 37 8 17 27
2 37 8 31 27
2 37 16 17 27
2 37 16 31 27
2 37 17 31 27
2 39 8 16 27
2 39 8 17 27
2 39 8 31 27
2 39 16 17 27
2 39 16 31 27
2 39 17 31 27
2 8 16 17 27
2 8 16 31 27
2 8 17 31 27
2 16 17 31 27
2 3 9 19 28
2 4 20 9 28
2 24 41 12 28
2 24 41 5 28
2 24 12 5 28
2 41 12 5 28
2 26 21 6 28
2 26 21 13 28
2 26 6 13 28
2 21 6 13 28
2 24 25 12 28
2 24 25 5 28
2 24 12 5 28
2 25 12 5 28
2 1 35 36 28
2 1 35 40 28
2 1 35 11 28
2 1 35 17 28
2 1 35 23 28
2 1 35 31 28
2 1 36 40 28
2 1 36 11 28
2 1 36 17 28
2 1 36 23 28
2 1 36 31 28
2 1 40 11 28
2 1 40 17 28
2 1 40 23 28
2 1 40 31 28
2 1 11 17 28
2 1 11 23 28
2 1 11 31 28
2 1 17 23 28
2 1 17 31 28
2 1 23 31 28
2 35 36 40 28
2 35 36 11 28
2 35 36 17 28
2 35 36 23 28
2 35 36 31 28
2 35 40 11 28
2 35 40 17 28
2 35 40 23 28
2 35 40 31 28
2 35 11 17 28
2 35 11 23 28
2 35 11 31 28
2 35 17 23 28
2 35 17 31 28
2 35 23 31 28
2 36 40 11 28
2 36 40 17 28
2 36 40 23 28
2 36 40 31 28
2 36 11 17 28
2 36 11 23 28
2 36 11 31 28
2 36 17 23 28
2 36 17 31 28
2 36 23 31 28
2 40 11 17 28
2 40 11 23 28
2 40 11 31 28
2 40 17 23 28
2 40 17 31 28
2 40 23 31 28
2 11 17 23 28
2 11 17 31 28
2 11 23 31 28
2 17 23 31 28
2 26 10 21 29
2 26 10 6 29
2 26 21 6 29
2 10 21 6 29
2 25 2 27 29
2 25 2 12 29
2 25 27 12 29
2 2 27 12 29
2 24 25 2 29
2 24 25 12 29
2 24 2 12 29
2 25 2 12 29
2 26 27 13 29
2 26 27 6 29
2 26 13 6 29
2 27 13 6 29
2 1 36 40 29
2 1 36 42 29
2 1 36 11 29
2 1 36 23 29
2 1 40 42 29
2 1 40 11 29
2 1 40 23 29
2 1 42 11 29
2 1 42 23 29
2 1 11 23 29
2 36 40 42 29
2 36 40 11 29
2 36 40 23 29
2 36 42 11 29
2 36 42 23 29
2 36 11 23 29
2 40 42 11 29
2 40 42 23 29
2 40 11 23 29
2 42 11 23 29
2 1 35 36 29
2 1 35 40 29
2 1 35 11 29
2 1 35 17 29
2 1 35 23 29
2 1 36 40 29
2 1 36 11 29
2 1 36 17 29
2 1 36 23 29
2 1 40 11 29
2 1 40 17 29
2 1 40 23 29
2 1 11 17 29
2 1 11 23 29
2 1 17 23 29
2 35 36 40 29
2 35 36 11 29
2 35 36 17 29
2 35 36 23 29
2 35 40 11 29
2 35 40 17 29
2 35 40 23 29
2 35 11 17 29
2 35 11 23 29
2 35 17 23 29
2 36 40 11 29
2 36 40 17 29
2 36 40 23 29
2 36 11 17 29
2 36 11 23 29
2 36 17 23 29
2 40 11 17 29
2 40 11 23 29
2 40 17 23 29
2 11 17 23 29
2 2 26 27 30
2 2 26 13 30
2 2 27 13 30
2 26 27 13 30
2 32 19 3 30
2 32 19 15 30
2 32 3 15 30
2 19 3 15 30
2 24 41 18 30
2 24 41 12 30
2 24 41 5 30
2 24 18 12 30
2 24 18 5 30
2 24 12 5 30
2 41 18 12 30
2 41 18 5 30
2 41 12 5 30
2 18 12 5 30
2 33 10 22 30
2 33 10 21 30
2 33 10 6 30
2 33 22 21 30
2 33 22 6 30
2 33 21 6 30
2 10 22 21 30
2 10 22 6 30
2 10 21 6 30
2 22 21 6 30
2 38 28 29 30
2 38 28 14 30
2 38 28 7 30
2 38 29 14 30
2 38 29 7 30
2 38 14 7 30
2 28 29 14 30
2 28 29 7 30
2 28 14 7 30
2 29 14 7 30
2 0 38 7 30
2 0 38 14 30
2 0 38 28 30
2 0 38 29 30
2 0 7 14 30
2 0 7 28 30
2 0 7 29 30
2 0 14 28 30
2 0 14 29 30
2 0 28 29 30
2 38 7 14 30
2 38 7 28 30
2 38 7 29 30
2 38 14 28 30
2 38 14 29 30
2 38 28 29 30
2 7 14 28 30
2 7 14 29 30
2 7 28 29 30
2 14 28 29 30
2 3 9 19 31
2 3 9 20 31
2 3 19 20 31
2 9 19 20 31
2 4 34 20 31
2 4 34 9 31
2 4 20 9 31
2 34 20 9 31
2 3 32 19 31
2 3 32 9 31
2 3 19 9 31
2 32 19 9 31
2 25 2 27 31
2 25 2 13 31
2 25 27 13 31
2 2 27 13 31
2 33 38 6 31
2 33 38 10 31
2 33 38 21 31
2 33 38 22 31
2 33 6 10 31
2 33 6 21 31
2 33 6 22 31
2 33 10 21 31
2 33 10 22 31
2 33 21 22 31
2 38 6 10 31
2 38 6 21 31
2 38 6 22 31
2 38 10 21 31
2 38 10 22 31
2 38 21 22 31
2 6 10 21 31
2 6 10 22 31
2 6 21 22 31
2 10 21 22 31
2 0 33 38 31
2 0 33 10 31
2 0 33 21 31
2 0 33 22 31
2 0 38 10 31
2 0 38 21 31
2 0 38 22 31
2 0 10 21 31
2 0 10 22 31
2 0 21 22 31
2 33 38 10 31
2 33 38 21 31
2 33 38 22 31
2 33 10 21 31
2 33 10 22 31
2 33 21 22 31
2 38 10 21 31
2 38 10 22 31
2 38 21 22 31
2 10 21 22 31
2 1 35 36 31
2 1 35 40 31
2 1 35 42 31
2 1 35 11 31
2 1 35 23 31
2 1 36 40 31
2 1 36 42 31
2 1 36 11 31
2 1 36 23 31
2 1 40 42 31
2 1 40 11 31
2 1 40 23 31
2 1 42 11 31
2 1 42 23 31
2 1 11 23 31
2 35 36 40 31
2 35 36 42 31
2 35 36 11 31
2 35 36 23 31
2 35 40 42 31
2 35 40 11 31
2 35 40 23 31
2 35 42 11 31
2 35 42 23 31
2 35 11 23 31
2 36 40 42 31
2 36 40 11 31
2 36 40 23 31
2 36 42 11 31
2 36 42 23 31
2 36 11 23 31
2 40 42 11 31
2 40 42 23 31
2 40 11 23 31
2 42 11 23 31
2 1 35 36 31
2 1 35 11 31
2 1 35 17 31
2 1 35 23 31
2 1 35 31 31
2 1 36 11 31
2 1 36 17 31
2 1 36 23 31
2 1 36 31 31
2 1 11 17 31
2 1 11 23 31
2 1 11 31 31
2 1 17 23 31
2 1 17 31 31
2 1 23 31 31
2 35 36 11 31
2 35 36 17 31
2 35 36 23 31
2 35 36 31 31
2 35 11 17 31
2 35 11 23 31
2 35 11 31 31
2 35 17 23 31
2 35 17 31 31
2 35 23 31 31
2 36 11 17 31
2 36 11 23 31
2 36 11 31 31
2 36 17 23 31
2 36 17 31 31
2 36 23 31 31
2 11 17 23 31
2 11 17 31 31
2 11 23 31 31
2 17 23 31 31
2 1 36 40 31
2 1 36 42 31
2 1 36 11 31
2 1 36 18 31
2 1 36 23 31
2 1 40 42 31
2 1 40 11 31
2 1 40 18 31
2 1 40 23 31
2 1 42 11 31
2 1 42 18 31
2 1 42 23 31
2 1 11 18 31
2 1 11 23 31
2 1 18 23 31
2 36 40 42 31
2 36 40 11 31
2 36 40 18 31
2 36 40 23 31
2 36 42 11 31
2 36 42 18 31
2 36 42 23 31
2 36 11 18 31
2 36 11 23 31
2 36 18 23 31
2 40 42 11 31
2 40 42 18 31
2 40 42 23 31
2 40 11 18 31
2 40 11 23 31
2 40 18 23 31
2 42 11 18 31
2 42 11 23 31
2 42 18 23 31
2 11 18 23 31
2 9 19 20 32
2 9 19 4 32
2 9 20 4 32
2 19 20 4 32
2 16 20 34 32
2 16 20 4 32
2 16 20 39 32
2 16 34 4 32
2 16 34 39 32
2 16 4 39 32
2 20 34 4 32
2 20 34 39 32
2 20 4 39 32
2 34 4 39 32
2 5 40 41 32
2 5 40 42 32
2 5 40 11 32
2 5 40 18 32
2 5 40 24 32
2 5 41 42 32
2 5 41 11 32
2 5 41 18 32
2 5 41 24 32
2 5 42 11 32
2 5 42 18 32
2 5 42 24 32
2 5 11 18 32
2 5 11 24 32
2 5 18 24 32
2 40 41 42 32
2 40 41 11 32
2 40 41 18 32
2 40 41 24 32
2 40 42 11 32
2 40 42 18 32
2 40 42 24 32
2 40 11 18 32
2 40 11 24 32
2 40 18 24 32
2 41 42 11 32
2 41 42 18 32
2 41 42 24 32
2 41 11 18 32
2 41 11 24 32
2 41 18 24 32
2 42 11 18 32
2 42 11 24 32
2 42 18 24 32
2 11 18 24 32
2 30 28 29 33
2 30 28 14 33
2 30 28 7 33
2 30 29 14 33
2 30 29 7 33
2 30 14 7 33
2 28 29 14 33
2 28 29 7 33
2 28 14 7 33
2 29 14 7 33
2 34 4 37 33
2 34 4 39 33
2 34 4 16 33
2 34 4 20 33
2 34 37 39 33
2 34 37 16 33
2 34 37 20 33
2 34 39 16 33
2 34 39 20 33
2 34 16 20 33
2 4 37 39 33
2 4 37 16 33
2 4 37 20 33
2 4 39 16 33
2 4 39 20 33
2 4 16 20 33
2 37 39 16 33
2 37 39 20 33
2 37 16 20 33
2 39 16 20 33
2 0 38 14 33
2 0 38 22 33
2 0 38 28 33
2 0 38 29 33
2 0 14 22 33
2 0 14 28 33
2 0 14 29 33
2 0 22 28 33
2 0 22 29 33
2 0 28 29 33
2 38 14 22 33
2 38 14 28 33
2 38 14 29 33
2 38 22 28 33
2 38 22 29 33
2 38 28 29 33
2 14 22 28 33
2 14 22 29 33
2 14 28 29 33
2 22 28 29 33
2 1 35 37 33
2 1 35 39 33
2 1 35 8 33
2 1 35 17 33
2 1 35 31 33
2 1 37 39 33
2 1 37 8 33
2 1 37 17 33
2 1 37 31 33
2 1 39 8 33
2 1 39 17 33
2 1 39 31 33
2 1 8 17 33
2 1 8 31 33
2 1 17 31 33
2 35 37 39 33
2 35 37 8 33
2 35 37 17 33
2 35 37 31 33
2 35 39 8 33
2 35 39 17 33
2 35 39 31 33
2 35 8 17 33
2 35 8 31 33
2 35 17 31 33
2 37 39 8 33
2 37 39 17 33
2 37 39 31 33
2 37 8 17 33
2 37 8 31 33
2 37 17 31 33
2 39 8 17 33
2 39 8 31 33
2 39 17 31 33
2 8 17 31 33
2 34 4 37 33
2 34 4 39 33
2 34 4 8 33
2 34 4 16 33
2 34 4 31 33
2 34 37 39 33
2 34 37 8 33
2 34 37 16 33
2 34 37 31 33
2 34 39 8 33
2 34 39 16 33
2 34 39 31 33
2 34 8 16 33
2 34 8 31 33
2 34 16 31 33
2 4 37 39 33
2 4 37 8 33
2 4 37 16 33
2 4 37 31 33
2 4 39 8 33
2 4 39 16 33
2 4 39 31 33
2 4 8 16 33
2 4 8 31 33
2 4 16 31 33
2 37 39 8 33
2 37 39 16 33
2 37 39 31 33
2 37 8 16 33
2 37 8 31 33
2 37 16 31 33
2 39 8 16 33
2 39 8 31 33
2 39 16 31 33
2 8 16 31 33
2 1 35 8 34
2 1 35 17 34
2 1 35 23 34
2 1 35 31 34
2 1 8 17 34
2 1 8 23 34
2 1 8 31 34
2 1 17 23 34
2 1 17 31 34
2 1 23 31 34
2 35 8 17 34
2 35 8 23 34
2 35 8 31 34
2 35 17 23 34
2 35 17 31 34
2 35 23 31 34
2 8 17 23 34
2 8 17 31 34
2 8 23 31 34
2 17 23 31 34
2 0 33 38 34
2 0 33 14 34
2 0 33 22 34
2 0 33 28 34
2 0 33 29 34
2 0 38 14 34
2 0 38 22 34
2 0 38 28 34
2 0 38 29 34
2 0 14 22 34
2 0 14 28 34
2 0 14 29 34
2 0 22 28 34
2 0 22 29 34
2 0 28 29 34
2 33 38 14 34
2 33 38 22 34
2 33 38 28 34
2 33 38 29 34
2 33 14 22 34
2 33 14 28 34
2 33 14 29 34
2 33 22 28 34
2 33 22 29 34
2 33 28 29 34
2 38 14 22 34
2 38 14 28 34
2 38 14 29 34
2 38 22 28 34
2 38 22 29 34
2 38 28 29 34
2 14 22 28 34
2 14 22 29 34
2 14 28 29 34
2 22 28 29 34
2 34 37 39 34
2 34 37 8 34
2 34 37 16 34
2 34 37 17 34
2 34 37 31 34
2 34 39 8 34
2 34 39 16 34
2 34 39 17 34
2 34 39 31 34
2 34 8 16 34
2 34 8 17 34
2 34 8 31 34
2 34 16 17 34
2 34 16 31 34
2 34 17 31 34
2 37 39 8 34
2 37 39 16 34
2 37 39 17 34
2 37 39 31 34
2 37 8 16 34
2 37 8 17 34
2 37 8 31 34
2 37 16 17 34
2 37 16 31 34
2 37 17 31 34
2 39 8 16 34
2 39 8 17 34
2 39 8 31 34
2 39 16 17 34
2 39 16 31 34
2 39 17 31 34
2 8 16 17 34
2 8 16 31 34
2 8 17 31 34
2 16 17 31 34
2 1 35 36 34
2 1 35 40 34
2 1 35 42 34
2 1 35 11 34
2 1 35 18 34
2 1 35 23 34
2 1 36 40 34
2 1 36 42 34
2 1 36 11 34
2 1 36 18 34
2 1 36 23 34
2 1 40 42 34
2 1 40 11 34
2 1 40 18 34
2 1 40 23 34
2 1 42 11 34
2 1 42 18 34
2 1 42 23 34
2 1 11 18 34
2 1 11 23 34
2 1 18 23 34
2 35 36 40 34
2 35 36 42 34
2 35 36 11 34
2 35 36 18 34
2 35 36 23 34
2 35 40 42 34
2 35 40 11 34
2 35 40 18 34
2 35 40 23 34
2 35 42 11 34
2 35 42 18 34
2 35 42 23 34
2 35 11 18 34
2 35 11 23 34
2 35 18 23 34
2 36 40 42 34
2 36 40 11 34
2 36 40 18 34
2 36 40 23 34
2 36 42 11 34
2 36 42 18 34
2 36 42 23 34
2 36 11 18 34
2 36 11 23 34
2 36 18 23 34
2 40 42 11 34
2 40 42 18 34
2 40 42 23 34
2 40 11 18 34
2 40 11 23 34
2 40 18 23 34
2 42 11 18 34
2 42 11 23 34
2 42 18 23 34
2 11 18 23 34
2 16 20 34 35
2 16 20 4 35
2 16 20 9 35
2 16 34 4 35
2 16 34 9 35
2 16 4 9 35
2 20 34 4 35
2 20 34 9 35
2 20 4 9 35
2 34 4 9 35
2 1 35 37 35
2 1 35 39 35
2 1 35 8 35
2 1 35 16 35
2 1 35 17 35
2 1 35 31 35
2 1 37 39 35
2 1 37 8 35
2 1 37 16 35
2 1 37 17 35
2 1 37 31 35
2 1 39 8 35
2 1 39 16 35
2 1 39 17 35
2 1 39 31 35
2 1 8 16 35
2 1 8 17 35
2 1 8 31 35
2 1 16 17 35
2 1 16 31 35
2 1 17 31 35
2 35 37 39 35
2 35 37 8 35
2 35 37 16 35
2 35 37 17 35
2 35 37 31 35
2 35 39 8 35
2 35 39 16 35
2 35 39 17 35
2 35 39 31 35
2 35 8 16 35
2 35 8 17 35
2 35 8 31 35
2 35 16 17 35
2 35 16 31 35
2 35 17 31 35
2 37 39 8 35
2 37 39 16 35
2 37 39 17 35
2 37 39 31 35
2 37 8 16 35
2 37 8 17 35
2 37 8 31 35
2 37 16 17 35
2 37 16 31 35
2 37 17 31 35
2 39 8 16 35
2 39 8 17 35
2 39 8 31 35
2 39 16 17 35
2 39 16 31 35
2 39 17 31 35
2 8 16 17 35
2 8 16 31 35
2 8 17 31 35
2 16 17 31 35
2 36 5 40 35
2 36 5 41 35
2 36 5 42 35
2 36 5 11 35
2 36 5 18 35
2 36 5 23 35
2 36 40 41 35
2 36 40 42 35
2 36 40 11 35
2 36 40 18 35
2 36 40 23 35
2 36 41 42 35
2 36 41 11 35
2 36 41 18 35
2 36 41 23 35
2 36 42 11 35
2 36 42 18 35
2 36 42 23 35
2 36 11 18 35
2 36 11 23 35
2 36 18 23 35
2 5 40 41 35
2 5 40 42 35
2 5 40 11 35
2 5 40 18 35
2 5 40 23 35
2 5 41 42 35
2 5 41 11 35
2 5 41 18 35
2 5 41 23 35
2 5 42 11 35
2 5 42 18 35
2 5 42 23 35
2 5 11 18 35
2 5 11 23 35
2 5 18 23 35
2 40 41 42 35
2 40 41 11 35
2 40 41 18 35
2 40 41 23 35
2 40 42 11 35
2 40 42 18 35
2 40 42 23 35
2 40 11 18 35
2 40 11 23 35
2 40 18 23 35
2 41 42 11 35
2 41 42 18 35
2 41 42 23 35
2 41 11 18 35
2 41 11 23 35
2 41 18 23 35
2 42 11 18 35
2 42 11 23 35
2 42 18 23 35
2 11 18 23 35
2 14 15 29 36
2 14 15 30 36
2 14 15 7 36
2 14 29 30 36
2 14 29 7 36
2 14 30 7 36
2 15 29 30 36
2 15 29 7 36
2 15 30 7 36
2 29 30 7 36
2 0 33 38 37
2 0 33 14 37
2 0 33 28 37
2 0 33 29 37
2 0 38 14 37
2 0 38 28 37
2 0 38 29 37
2 0 14 28 37
2 0 14 29 37
2 0 28 29 37
2 33 38 14 37
2 33 38 28 37
2 33 38 29 37
2 33 14 28 37
2 33 14 29 37
2 33 28 29 37
2 38 14 28 37
2 38 14 29 37
2 38 28 29 37
2 14 28 29 37
2 1 35 37 37
2 1 35 8 37
2 1 35 17 37
2 1 35 23 37
2 1 35 31 37
2 1 37 8 37
2 1 37 17 37
2 1 37 23 37
2 1 37 31 37
2 1 8 17 37
2 1 8 23 37
2 1 8 31 37
2 1 17 23 37
2 1 17 31 37
2 1 23 31 37
2 35 37 8 37
2 35 37 17 37
2 35 37 23 37
2 35 37 31 37
2 35 8 17 37
2 35 8 23 37
2 35 8 31 37
2 35 17 23 37
2 35 17 31 37
2 35 23 31 37
2 37 8 17 37
2 37 8 23 37
2 37 8 31 37
2 37 17 23 37
2 37 17 31 37
2 37 23 31 37
2 8 17 23 37
2 8 17 31 37
2 8 23 31 37
2 17 23 31 37
2 34 35 37 37
2 34 35 39 37
2 34 35 8 37
2 34 35 16 37
2 34 35 17 37
2 34 35 31 37
2 34 37 39 37
2 34 37 8 37
2 34 37 16 37
2 34 37 17 37
2 34 37 31 37
2 34 39 8 37
2 34 39 16 37
2 34 39 17 37
2 34 39 31 37
2 34 8 16 37
2 34 8 17 37
2 34 8 31 37
2 34 16 17 37
2 34 16 31 37
2 34 17 31 37
2 35 37 39 37
2 35 37 8 37
2 35 37 16 37
2 35 37 17 37
2 35 37 31 37
2 35 39 8 37
2 35 39 16 37
2 35 39 17 37
2 35 39 31 37
2 35 8 16 37
2 35 8 17 37
2 35 8 31 37
2 35 16 17 37
2 35 16 31 37
2 35 17 31 37
2 37 39 8 37
2 37 39 16 37
2 37 39 17 37
2 37 39 31 37
2 37 8 16 37
2 37 8 17 37
2 37 8 31 37
2 37 16 17 37
2 37 16 31 37
2 37 17 31 37
2 39 8 16 37
2 39 8 17 37
2 39 8 31 37
2 39 16 17 37
2 39 16 31 37
2 39 17 31 37
2 8 16 17 37
2 8 16 31 37
2 8 17 31 37
2 16 17 31 37
2 36 5 40 37
2 36 5 41 37
2 36 5 42 37
2 36 5 11 37
2 36 5 18 37
2 36 5 24 37
2 36 40 41 37
2 36 40 42 37
2 36 40 11 37
2 36 40 18 37
2 36 40 24 37
2 36 41 42 37
2 36 41 11 37
2 36 41 18 37
2 36 41 24 37
2 36 42 11 37
2 36 42 18 37
2 36 42 24 37
2 36 11 18 37
2 36 11 24 37
2 36 18 24 37
2 5 40 41 37
2 5 40 42 37
2 5 40 11 37
2 5 40 18 37
2 5 40 24 37
2 5 41 42 37
2 5 41 11 37
2 5 41 18 37
2 5 41 24 37
2 5 42 11 37
2 5 42 18 37
2 5 42 24 37
2 5 11 18 37
2 5 11 24 37
2 5 18 24 37
2 40 41 42 37
2 40 41 11 37
2 40 41 18 37
2 40 41 24 37
2 40 42 11 37
2 40 42 18 37
2 40 42 24 37
2 40 11 18 37
2 40 11 24 37
2 40 18 24 37
2 41 42 11 37
2 41 42 18 37
2 41 42 24 37
2 41 11 18 37
2 41 11 24 37
2 41 18 24 37
2 42 11 18 37
2 42 11 24 37
2 42 18 24 37
2 11 18 24 37
2 7 14 15 38
2 7 14 28 38
2 7 14 29 38
2 7 14 30 38
2 7 15 28 38
2 7 15 29 38
2 7 15 30 38
2 7 28 29 38
2 7 28 30 38
2 7 29 30 38
2 14 15 28 38
2 14 15 29 38
2 14 15 30 38
2 14 28 29 38
2 14 28 30 38
2 14 29 30 38
2 15 28 29 38
2 15 28 30 38
2 15 29 30 38
2 28 29 30 38
2 0 33 38 38
2 0 33 10 38
2 0 33 21 38
2 0 33 22 38
2 0 33 28 38
2 0 38 10 38
2 0 38 21 38
2 0 38 22 38
2 0 38 28 38
2 0 10 21 38
2 0 10 22 38
2 0 10 28 38
2 0 21 22 38
2 0 21 28 38
2 0 22 28 38
2 33 38 10 38
2 33 38 21 38
2 33 38 22 38
2 33 38 28 38
2 33 10 21 38
2 33 10 22 38
2 33 10 28 38
2 33 21 22 38
2 33 21 28 38
2 33 22 28 38
2 38 10 21 38
2 38 10 22 38
2 38 10 28 38
2 38 21 22 38
2 38 21 28 38
2 38 22 28 38
2 10 21 22 38
2 10 21 28 38
2 10 22 28 38
2 21 22 28 38
2 33 10 26 39
2 33 10 21 39
2 33 10 6 39
2 33 26 21 39
2 33 26 6 39
2 33 21 6 39
2 10 26 21 39
2 10 26 6 39
2 10 21 6 39
2 26 21 6 39
2 5 41 42 39
2 5 41 12 39
2 5 41 18 39
2 5 41 24 39
2 5 42 12 39
2 5 42 18 39
2 5 42 24 39
2 5 12 18 39
2 5 12 24 39
2 5 18 24 39
2 41 42 12 39
2 41 42 18 39
2 41 42 24 39
2 41 12 18 39
2 41 12 24 39
2 41 18 24 39
2 42 12 18 39
2 42 12 24 39
2 42 18 24 39
2 12 18 24 39
2 0 33 38 39
2 0 33 7 39
2 0 33 14 39
2 0 33 28 39
2 0 33 29 39
2 0 38 7 39
2 0 38 14 39
2 0 38 28 39
2 0 38 29 39
2 0 7 14 39
2 0 7 28 39
2 0 7 29 39
2 0 14 28 39
2 0 14 29 39
2 0 28 29 39
2 33 38 7 39
2 33 38 14 39
2 33 38 28 39
2 33 38 29 39
2 33 7 14 39
2 33 7 28 39
2 33 7 29 39
2 33 14 28 39
2 33 14 29 39
2 33 28 29 39
2 38 7 14 39
2 38 7 28 39
2 38 7 29 39
2 38 14 28 39
2 38 14 29 39
2 38 28 29 39
2 7 14 28 39
2 7 14 29 39
2 7 28 29 39
2 14 28 29 39
2 1 35 36 39
2 1 35 8 39
2 1 35 17 39
2 1 35 23 39
2 1 35 31 39
2 1 36 8 39
2 1 36 17 39
2 1 36 23 39
2 1 36 31 39
2 1 8 17 39
2 1 8 23 39
2 1 8 31 39
2 1 17 23 39
2 1 17 31 39
2 1 23 31 39
2 35 36 8 39
2 35 36 17 39
2 35 36 23 39
2 35 36 31 39
2 35 8 17 39
2 35 8 23 39
2 35 8 31 39
2 35 17 23 39
2 35 17 31 39
2 35 23 31 39
2 36 8 17 39
2 36 8 23 39
2 36 8 31 39
2 36 17 23 39
2 36 17 31 39
2 36 23 31 39
2 8 17 23 39
2 8 17 31 39
2 8 23 31 39
2 17 23 31 39
2 1 36 40 39
2 1 36 41 39
2 1 36 42 39
2 1 36 11 39
2 1 36 18 39
2 1 36 23 39
2 1 40 41 39
2 1 40 42 39
2 1 40 11 39
2 1 40 18 39
2 1 40 23 39
2 1 41 42 39
2 1 41 11 39
2 1 41 18 39
2 1 41 23 39
2 1 42 11 39
2 1 42 18 39
2 1 42 23 39
2 1 11 18 39
2 1 11 23 39
2 1 18 23 39
2 36 40 41 39
2 36 40 42 39
2 36 40 11 39
2 36 40 18 39
2 36 40 23 39
2 36 41 42 39
2 36 41 11 39
2 36 41 18 39
2 36 41 23 39
2 36 42 11 39
2 36 42 18 39
2 36 42 23 39
2 36 11 18 39
2 36 11 23 39
2 36 18 23 39
2 40 41 42 39
2 40 41 11 39
2 40 41 18 39
2 40 41 23 39
2 40 42 11 39
2 40 42 18 39
2 40 42 23 39
2 40 11 18 39
2 40 11 23 39
2 40 18 23 39
2 41 42 11 39
2 41 42 18 39
2 41 42 23 39
2 41 11 18 39
2 41 11 23 39
2 41 18 23 39
2 42 11 18 39
2 42 11 23 39
2 42 18 23 39
2 11 18 23 39
2 1 35 36 39
2 1 35 37 39
2 1 35 8 39
2 1 35 17 39
2 1 35 23 39
2 1 35 31 39
2 1 36 37 39
2 1 36 8 39
2 1 36 17 39
2 1 36 23 39
2 1 36 31 39
2 1 37 8 39
2 1 37 17 39
2 1 37 23 39
2 1 37 31 39
2 1 8 17 39
2 1 8 23 39
2 1 8 31 39
2 1 17 23 39
2 1 17 31 39
2 1 23 31 39
2 35 36 37 39
2 35 36 8 39
2 35 36 17 39
2 35 36 23 39
2 35 36 31 39
2 35 37 8 39
2 35 37 17 39
2 35 37 23 39
2 35 37 31 39
2 35 8 17 39
2 35 8 23 39
2 35 8 31 39
2 35 17 23 39
2 35 17 31 39
2 35 23 31 39
2 36 37 8 39
2 36 37 17 39
2 36 37 23 39
2 36 37 31 39
2 36 8 17 39
2 36 8 23 39
2 36 8 31 39
2 36 17 23 39
2 36 17 31 39
2 36 23 31 39
2 37 8 17 39
2 37 8 23 39
2 37 8 31 39
2 37 17 23 39
2 37 17 31 39
2 37 23 31 39
2 8 17 23 39
2 8 17 31 39
2 8 23 31 39
2 17 23 31 39
2 0 28 29 40
2 0 28 14 40
2 0 28 7 40
2 0 29 14 40
2 0 29 7 40
2 0 14 7 40
2 28 29 14 40
2 28 29 7 40
2 28 14 7 40
2 29 14 7 40
2 34 4 37 41
2 34 4 39 41
2 34 4 8 41
2 34 4 16 41
2 34 4 20 41
2 34 37 39 41
2 34 37 8 41
2 34 37 16 41
2 34 37 20 41
2 34 39 8 41
2 34 39 16 41
2 34 39 20 41
2 34 8 16 41
2 34 8 20 41
2 34 16 20 41
2 4 37 39 41
2 4 37 8 41
2 4 37 16 41
2 4 37 20 41
2 4 39 8 41
2 4 39 16 41
2 4 39 20 41
2 4 8 16 41
2 4 8 20 41
2 4 16 20 41
2 37 39 8 41
2 37 39 16 41
2 37 39 20 41
2 37 8 16 41
2 37 8 20 41
2 37 16 20 41
2 39 8 16 41
2 39 8 20 41
2 39 16 20 41
2 8 16 20 41
2 1 35 36 41
2 1 35 40 41
2 1 35 42 41
2 1 35 11 41
2 1 35 17 41
2 1 35 23 41
2 1 36 40 41
2 1 36 42 41
2 1 36 11 41
2 1 36 17 41
2 1 36 23 41
2 1 40 42 41
2 1 40 11 41
2 1 40 17 41
2 1 40 23 41
2 1 42 11 41
2 1 42 17 41
2 1 42 23 41
2 1 11 17 41
2 1 11 23 41
2 1 17 23 41
2 35 36 40 41
2 35 36 42 41
2 35 36 11 41
2 35 36 17 41
2 35 36 23 41
2 35 40 42 41
2 35 40 11 41
2 35 40 17 41
2 35 40 23 41
2 35 42 11 41
2 35 42 17 41
2 35 42 23 41
2 35 11 17 41
2 35 11 23 41
2 35 17 23 41
2 36 40 42 41
2 36 40 11 41
2 36 40 17 41
2 36 40 23 41
2 36 42 11 41
2 36 42 17 41
2 36 42 23 41
2 36 11 17 41
2 36 11 23 41
2 36 17 23 41
2 40 42 11 41
2 40 42 17 41
2 40 42 23 41
2 40 11 17 41
2 40 11 23 41
2 40 17 23 41
2 42 11 17 41
2 42 11 23 41
2 42 17 23 41
2 11 17 23 41
2 1 35 36 41
2 1 35 40 41
2 1 35 42 41
2 1 35 11 41
2 1 35 17 41
2 1 35 23 41
2 1 35 31 41
2 1 36 40 41
2 1 36 42 41
2 1 36 11 41
2 1 36 17 41
2 1 36 23 41
2 1 36 31 41
2 1 40 42 41
2 1 40 11 41
2 1 40 17 41
2 1 40 23 41
2 1 40 31 41
2 1 42 11 41
2 1 42 17 41
2 1 42 23 41
2 1 42 31 41
2 1 11 17 41
2 1 11 23 41
2 1 11 31 41
2 1 17 23 41
2 1 17 31 41
2 1 23 31 41
2 35 36 40 41
2 35 36 42 41
2 35 36 11 41
2 35 36 17 41
2 35 36 23 41
2 35 36 31 41
2 35 40 42 41
2 35 40 11 41
2 35 40 17 41
2 35 40 23 41
2 35 40 31 41
2 35 42 11 41
2 35 42 17 41
2 35 42 23 41
2 35 42 31 41
2 35 11 17 41
2 35 11 23 41
2 35 11 31 41
2 35 17 23 41
2 35 17 31 41
2 35 23 31 41
2 36 40 42 41
2 36 40 11 41
2 36 40 17 41
2 36 40 23 41
2 36 40 31 41
2 36 42 11 41
2 36 42 17 41
2 36 42 23 41
2 36 42 31 41
2 36 11 17 41
2 36 11 23 41
2 36 11 31 41
2 36 17 23 41
2 36 17 31 41
2 36 23 31 41
2 40 42 11 41
2 40 42 17 41
2 40 42 23 41
2 40 42 31 41
2 40 11 17 41
2 40 11 23 41
2 40 11 31 41
2 40 17 23 41
2 40 17 31 41
2 40 23 31 41
2 42 11 17 41
2 42 11 23 41
2 42 11 31 41
2 42 17 23 41
2 42 17 31 41
2 42 23 31 41
2 11 17 23 41
2 11 17 31 41
2 11 23 31 41
2 17 23 31 41
2 1 35 36 41
2 1 35 40 41
2 1 35 41 41
2 1 35 42 41
2 1 35 11 41
2 1 35 18 41
2 1 35 23 41
2 1 36 40 41
2 1 36 41 41
2 1 36 42 41
2 1 36 11 41
2 1 36 18 41
2 1 36 23 41
2 1 40 41 41
2 1 40 42 41
2 1 40 11 41
2 1 40 18 41
2 1 40 23 41
2 1 41 42 41
2 1 41 11 41
2 1 41 18 41
2 1 41 23 41
2 1 42 11 41
2 1 42 18 41
2 1 42 23 41
2 1 11 18 41
2 1 11 23 41
2 1 18 23 41
2 35 36 40 41
2 35 36 41 41
2 35 36 42 41
2 35 36 11 41
2 35 36 18 41
2 35 36 23 41
2 35 40 41 41
2 35 40 42 41
2 35 40 11 41
2 35 40 18 41
2 35 40 23 41
2 35 41 42 41
2 35 41 11 41
2 35 41 18 41
2 35 41 23 41
2 35 42 11 41
2 35 42 18 41
2 35 42 23 41
2 35 11 18 41
2 35 11 23 41
2 35 18 23 41
2 36 40 41 41
2 36 40 42 41
2 36 40 11 41
2 36 40 18 41
2 36 40 23 41
2 36 41 42 41
2 36 41 11 41
2 36 41 18 41
2 36 41 23 41
2 36 42 11 41
2 36 42 18 41
2 36 42 23 41
2 36 11 18 41
2 36 11 23 41
2 36 18 23 41
2 40 41 42 41
2 40 41 11 41
2 40 41 18 41
2 40 41 23 41
2 40 42 11 41
2 40 42 18 41
2 40 42 23 41
2 40 11 18 41
2 40 11 23 41
2 40 18 23 41
2 41 42 11 41
2 41 42 18 41
2 41 42 23 41
2 41 11 18 41
2 41 11 23 41
2 41 18 23 41
2 42 11 18 41
2 42 11 23 41
2 42 18 23 41
2 11 18 23 41
2 32 7 29 42
2 32 7 30 42
2 32 7 15 42
2 32 29 30 42
2 32 29 15 42
2 32 30 15 42
2 7 29 30 42
2 7 29 15 42
2 7 30 15 42
2 29 30 15 42
2 33 38 6 42
2 33 38 10 42
2 33 38 21 42
2 33 38 22 42
2 33 38 28 42
2 33 6 10 42
2 33 6 21 42
2 33 6 22 42
2 33 6 28 42
2 33 10 21 42
2 33 10 22 42
2 33 10 28 42
2 33 21 22 42
2 33 21 28 42
2 33 22 28 42
2 38 6 10 42
2 38 6 21 42
2 38 6 22 42
2 38 6 28 42
2 38 10 21 42
2 38 10 22 42
2 38 10 28 42
2 38 21 22 42
2 38 21 28 42
2 38 22 28 42
2 6 10 21 42
2 6 10 22 42
2 6 10 28 42
2 6 21 22 42
2 6 21 28 42
2 6 22 28 42
2 10 21 22 42
2 10 21 28 42
2 10 22 28 42
2 21 22 28 42
2 35 36 40 42
2 35 36 42 42
2 35 36 11 42
2 35 36 18 42
2 35 36 23 42
2 35 40 42 42
2 35 40 11 42
2 35 40 18 42
2 35 40 23 42
2 35 42 11 42
2 35 42 18 42
2 35 42 23 42
2 35 11 18 42
2 35 11 23 42
2 35 18 23 42
2 36 40 42 42
2 36 40 11 42
2 36 40 18 42
2 36 40 23 42
2 36 42 11 42
2 36 42 18 42
2 36 42 23 42
2 36 11 18 42
2 36 11 23 42
2 36 18 23 42
2 40 42 11 42
2 40 42 18 42
2 40 42 23 42
2 40 11 18 42
2 40 11 23 42
2 40 18 23 42
2 42 11 18 42
2 42 11 23 42
2 42 18 23 42
2 11 18 23 42
2 0 33 38 42
2 0 33 10 42
2 0 33 14 42
2 0 33 22 42
2 0 33 28 42
2 0 38 10 42
2 0 38 14 42
2 0 38 22 42
2 0 38 28 42
2 0 10 14 42
2 0 10 22 42
2 0 10 28 42
2 0 14 22 42
2 0 14 28 42
2 0 22 28 42
2 33 38 10 42
2 33 38 14 42
2 33 38 22 42
2 33 38 28 42
2 33 10 14 42
2 33 10 22 42
2 33 10 28 42
2 33 14 22 42
2 33 14 28 42
2 33 22 28 42
2 38 10 14 42
2 38 10 22 42
2 38 10 28 42
2 38 14 22 42
2 38 14 28 42
2 38 22 28 42
2 10 14 22 42
2 10 14 28 42
2 10 22 28 42
2 14 22 28 42
2 1 35 37 42
2 1 35 39 42
2 1 35 8 42
2 1 35 17 42
2 1 35 23 42
2 1 35 31 42
2 1 37 39 42
2 1 37 8 42
2 1 37 17 42
2 1 37 23 42
2 1 37 31 42
2 1 39 8 42
2 1 39 17 42
2 1 39 23 42
2 1 39 31 42
2 1 8 17 42
2 1 8 23 42
2 1 8 31 42
2 1 17 23 42
2 1 17 31 42
2 1 23 31 42
2 35 37 39 42
2 35 37 8 42
2 35 37 17 42
2 35 37 23 42
2 35 37 31 42
2 35 39 8 42
2 35 39 17 42
2 35 39 23 42
2 35 39 31 42
2 35 8 17 42
2 35 8 23 42
2 35 8 31 42
2 35 17 23 42
2 35 17 31 42
2 35 23 31 42
2 37 39 8 42
2 37 39 17 42
2 37 39 23 42
2 37 39 31 42
2 37 8 17 42
2 37 8 23 42
2 37 8 31 42
2 37 17 23 42
2 37 17 31 42
2 37 23 31 42
2 39 8 17 42
2 39 8 23 42
2 39 8 31 42
2 39 17 23 42
2 39 17 31 42
2 39 23 31 42
2 8 17 23 42
2 8 17 31 42
2 8 23 31 42
2 17 23 31 42
2 35 36 40 42
2 35 36 41 42
2 35 36 42 42
2 35 36 11 42
2 35 36 18 42
2 35 36 23 42
2 35 40 41 42
2 35 40 42 42
2 35 40 11 42
2 35 40 18 42
2 35 40 23 42
2 35 41 42 42
2 35 41 11 42
2 35 41 18 42
2 35 41 23 42
2 35 42 11 42
2 35 42 18 42
2 35 42 23 42
2 35 11 18 42
2 35 11 23 42
2 35 18 23 42
2 36 40 41 42
2 36 40 42 42
2 36 40 11 42
2 36 40 18 42
2 36 40 23 42
2 36 41 42 42
2 36 41 11 42
2 36 41 18 42
2 36 41 23 42
2 36 42 11 42
2 36 42 18 42
2 36 42 23 42
2 36 11 18 42
2 36 11 23 42
2 36 18 23 42
2 40 41 42 42
2 40 41 11 42
2 40 41 18 42
2 40 41 23 42
2 40 42 11 42
2 40 42 18 42
2 40 42 23 42
2 40 11 18 42
2 40 11 23 42
2 40 18 23 42
2 41 42 11 42
2 41 42 18 42
2 41 42 23 42
2 41 11 18 42
2 41 11 23 42
2 41 18 23 42
2 42 11 18 42
2 42 11 23 42
2 42 18 23 42
2 11 18 23 42
2 0 33 38 43
2 0 33 6 43
2 0 33 10 43
2 0 33 21 43
2 0 33 22 43
2 0 33 28 43
2 0 38 6 43
2 0 38 10 43
2 0 38 21 43
2 0 38 22 43
2 0 38 28 43
2 0 6 10 43
2 0 6 21 43
2 0 6 22 43
2 0 6 28 43
2 0 10 21 43
2 0 10 22 43
2 0 10 28 43
2 0 21 22 43
2 0 21 28 43
2 0 22 28 43
2 33 38 6 43
2 33 38 10 43
2 33 38 21 43
2 33 38 22 43
2 33 38 28 43
2 33 6 10 43
2 33 6 21 43
2 33 6 22 43
2 33 6 28 43
2 33 10 21 43
2 33 10 22 43
2 33 10 28 43
2 33 21 22 43
2 33 21 28 43
2 33 22 28 43
2 38 6 10 43
2 38 6 21 43
2 38 6 22 43
2 38 6 28 43
2 38 10 21 43
2 38 10 22 43
2 38 10 28 43
2 38 21 22 43
2 38 21 28 43
2 38 22 28 43
2 6 10 21 43
2 6 10 22 43
2 6 10 28 43
2 6 21 22 43
2 6 21 28 43
2 6 22 28 43
2 10 21 22 43
2 10 21 28 43
2 10 22 28 43
2 21 22 28 43
2 0 33 38 43
2 0 33 10 43
2 0 33 14 43
2 0 33 22 43
2 0 33 28 43
2 0 33 29 43
2 0 38 10 43
2 0 38 14 43
2 0 38 22 43
2 0 38 28 43
2 0 38 29 43
2 0 10 14 43
2 0 10 22 43
2 0 10 28 43
2 0 10 29 43
2 0 14 22 43
2 0 14 28 43
2 0 14 29 43
2 0 22 28 43
2 0 22 29 43
2 0 28 29 43
2 33 38 10 43
2 33 38 14 43
2 33 38 22 43
2 33 38 28 43
2 33 38 29 43
2 33 10 14 43
2 33 10 22 43
2 33 10 28 43
2 33 10 29 43
2 33 14 22 43
2 33 14 28 43
2 33 14 29 43
2 33 22 28 43
2 33 22 29 43
2 33 28 29 43
2 38 10 14 43
2 38 10 22 43
2 38 10 28 43
2 38 10 29 43
2 38 14 22 43
2 38 14 28 43
2 38 14 29 43
2 38 22 28 43
2 38 22 29 43
2 38 28 29 43
2 10 14 22 43
2 10 14 28 43
2 10 14 29 43
2 10 22 28 43
2 10 22 29 43
2 10 28 29 43
2 14 22 28 43
2 14 22 29 43
2 14 28 29 43
2 22 28 29 43
2 34 4 37 43
2 34 4 39 43
2 34 4 8 43
2 34 4 16 43
2 34 4 17 43
2 34 4 31 43
2 34 37 39 43
2 34 37 8 43
2 34 37 16 43
2 34 37 17 43
2 34 37 31 43
2 34 39 8 43
2 34 39 16 43
2 34 39 17 43
2 34 39 31 43
2 34 8 16 43
2 34 8 17 43
2 34 8 31 43
2 34 16 17 43
2 34 16 31 43
2 34 17 31 43
2 4 37 39 43
2 4 37 8 43
2 4 37 16 43
2 4 37 17 43
2 4 37 31 43
2 4 39 8 43
2 4 39 16 43
2 4 39 17 43
2 4 39 31 43
2 4 8 16 43
2 4 8 17 43
2 4 8 31 43
2 4 16 17 43
2 4 16 31 43
2 4 17 31 43
2 37 39 8 43
2 37 39 16 43
2 37 39 17 43
2 37 39 31 43
2 37 8 16 43
2 37 8 17 43
2 37 8 31 43
2 37 16 17 43
2 37 16 31 43
2 37 17 31 43
2 39 8 16 43
2 39 8 17 43
2 39 8 31 43
2 39 16 17 43
2 39 16 31 43
2 39 17 31 43
2 8 16 17 43
2 8 16 31 43
2 8 17 31 43
2 16 17 31 43
2 1 35 36 43
2 1 35 37 43
2 1 35 39 43
2 1 35 8 43
2 1 35 17 43
2 1 35 23 43
2 1 35 31 43
2 1 36 37 43
2 1 36 39 43
2 1 36 8 43
2 1 36 17 43
2 1 36 23 43
2 1 36 31 43
2 1 37 39 43
2 1 37 8 43
2 1 37 17 43
2 1 37 23 43
2 1 37 31 43
2 1 39 8 43
2 1 39 17 43
2 1 39 23 43
2 1 39 31 43
2 1 8 17 43
2 1 8 23 43
2 1 8 31 43
2 1 17 23 43
2 1 17 31 43
2 1 23 31 43
2 35 36 37 43
2 35 36 39 43
2 35 36 8 43
2 35 36 17 43
2 35 36 23 43
2 35 36 31 43
2 35 37 39 43
2 35 37 8 43
2 35 37 17 43
2 35 37 23 43
2 35 37 31 43
2 35 39 8 43
2 35 39 17 43
2 35 39 23 43
2 35 39 31 43
2 35 8 17 43
2 35 8 23 43
2 35 8 31 43
2 35 17 23 43
2 35 17 31 43
2 35 23 31 43
2 36 37 39 43
2 36 37 8 43
2 36 37 17 43
2 36 37 23 43
2 36 37 31 43
2 36 39 8 43
2 36 39 17 43
2 36 39 23 43
2 36 39 31 43
2 36 8 17 43
2 36 8 23 43
2 36 8 31 43
2 36 17 23 43
2 36 17 31 43
2 36 23 31 43
2 37 39 8 43
2 37 39 17 43
2 37 39 23 43
2 37 39 31 43
2 37 8 17 43
2 37 8 23 43
2 37 8 31 43
2 37 17 23 43
2 37 17 31 43
2 37 23 31 43
2 39 8 17 43
2 39 8 23 43
2 39 8 31 43
2 39 17 23 43
2 39 17 31 43
2 39 23 31 43
2 8 17 23 43
2 8 17 31 43
2 8 23 31 43
2 17 23 31 43
2 1 35 36 43
2 1 35 40 43
2 1 35 42 43
2 1 35 11 43
2 1 35 17 43
2 1 35 18 43
2 1 35 23 43
2 1 35 31 43
2 1 36 40 43
2 1 36 42 43
2 1 36 11 43
2 1 36 17 43
2 1 36 18 43
2 1 36 23 43
2 1 36 31 43
2 1 40 42 43
2 1 40 11 43
2 1 40 17 43
2 1 40 18 43
2 1 40 23 43
2 1 40 31 43
2 1 42 11 43
2 1 42 17 43
2 1 42 18 43
2 1 42 23 43
2 1 42 31 43
2 1 11 17 43
2 1 11 18 43
2 1 11 23 43
2 1 11 31 43
2 1 17 18 43
2 1 17 23 43
2 1 17 31 43
2 1 18 23 43
2 1 18 31 43
2 1 23 31 43
2 35 36 40 43
2 35 36 42 43
2 35 36 11 43
2 35 36 17 43
2 35 36 18 43
2 35 36 23 43
2 35 36 31 43
2 35 40 42 43
2 35 40 11 43
2 35 40 17 43
2 35 40 18 43
2 35 40 23 43
2 35 40 31 43
2 35 42 11 43
2 35 42 17 43
2 35 42 18 43
2 35 42 23 43
2 35 42 31 43
2 35 11 17 43
2 35 11 18 43
2 35 11 23 43
2 35 11 31 43
2 35 17 18 43
2 35 17 23 43
2 35 17 31 43
2 35 18 23 43
2 35 18 31 43
2 35 23 31 43
2 36 40 42 43
2 36 40 11 43
2 36 40 17 43
2 36 40 18 43
2 36 40 23 43
2 36 40 31 43
2 36 42 11 43
2 36 42 17 43
2 36 42 18 43
2 36 42 23 43
2 36 42 31 43
2 36 11 17 43
2 36 11 18 43
2 36 11 23 43
2 36 11 31 43
2 36 17 18 43
2 36 17 23 43
2 36 17 31 43
2 36 18 23 43
2 36 18 31 43
2 36 23 31 43
2 40 42 11 43
2 40 42 17 43
2 40 42 18 43
2 40 42 23 43
2 40 42 31 43
2 40 11 17 43
2 40 11 18 43
2 40 11 23 43
2 40 11 31 43
2 40 17 18 43
2 40 17 23 43
2 40 17 31 43
2 40 18 23 43
2 40 18 31 43
2 40 23 31 43
2 42 11 17 43
2 42 11 18 43
2 42 11 23 43
2 42 11 31 43
2 42 17 18 43
2 42 17 23 43
2 42 17 31 43
2 42 18 23 43
2 42 18 31 43
2 42 23 31 43
2 11 17 18 43
2 11 17 23 43
2 11 17 31 43
2 11 18 23 43
2 11 18 31 43
2 11 23 31 43
2 17 18 23 43
2 17 18 31 43
2 17 23 31 43
2 18 23 31 43
2 19 32 3 44
2 19 32 15 44
2 19 32 9 44
2 19 3 15 44
2 19 3 9 44
2 19 15 9 44
2 32 3 15 44
2 32 3 9 44
2 32 15 9 44
2 3 15 9 44
2 0 33 38 44
2 0 33 6 44
2 0 33 10 44
2 0 33 21 44
2 0 33 22 44
2 0 38 6 44
2 0 38 10 44
2 0 38 21 44
2 0 38 22 44
2 0 6 10 44
2 0 6 21 44
2 0 6 22 44
2 0 10 21 44
2 0 10 22 44
2 0 21 22 44
2 33 38 6 44
2 33 38 10 44
2 33 38 21 44
2 33 38 22 44
2 33 6 10 44
2 33 6 21 44
2 33 6 22 44
2 33 10 21 44
2 33 10 22 44
2 33 21 22 44
2 38 6 10 44
2 38 6 21 44
2 38 6 22 44
2 38 10 21 44
2 38 10 22 44
2 38 21 22 44
2 6 10 21 44
2 6 10 22 44
2 6 21 22 44
2 10 21 22 44
2 5 40 41 44
2 5 40 42 44
2 5 40 12 44
2 5 40 18 44
2 5 40 24 44
2 5 41 42 44
2 5 41 12 44
2 5 41 18 44
2 5 41 24 44
2 5 42 12 44
2 5 42 18 44
2 5 42 24 44
2 5 12 18 44
2 5 12 24 44
2 5 18 24 44
2 40 41 42 44
2 40 41 12 44
2 40 41 18 44
2 40 41 24 44
2 40 42 12 44
2 40 42 18 44
2 40 42 24 44
2 40 12 18 44
2 40 12 24 44
2 40 18 24 44
2 41 42 12 44
2 41 42 18 44
2 41 42 24 44
2 41 12 18 44
2 41 12 24 44
2 41 18 24 44
2 42 12 18 44
2 42 12 24 44
2 42 18 24 44
2 12 18 24 44
2 1 35 36 44
2 1 35 40 44
2 1 35 42 44
2 1 35 11 44
2 1 35 17 44
2 1 35 18 44
2 1 35 23 44
2 1 36 40 44
2 1 36 42 44
2 1 36 11 44
2 1 36 17 44
2 1 36 18 44
2 1 36 23 44
2 1 40 42 44
2 1 40 11 44
2 1 40 17 44
2 1 40 18 44
2 1 40 23 44
2 1 42 11 44
2 1 42 17 44
2 1 42 18 44
2 1 42 23 44
2 1 11 17 44
2 1 11 18 44
2 1 11 23 44
2 1 17 18 44
2 1 17 23 44
2 1 18 23 44
2 35 36 40 44
2 35 36 42 44
2 35 36 11 44
2 35 36 17 44
2 35 36 18 44
2 35 36 23 44
2 35 40 42 44
2 35 40 11 44
2 35 40 17 44
2 35 40 18 44
2 35 40 23 44
2 35 42 11 44
2 35 42 17 44
2 35 42 18 44
2 35 42 23 44
2 35 11 17 44
2 35 11 18 44
2 35 11 23 44
2 35 17 18 44
2 35 17 23 44
2 35 18 23 44
2 36 40 42 44
2 36 40 11 44
2 36 40 17 44
2 36 40 18 44
2 36 40 23 44
2 36 42 11 44
2 36 42 17 44
2 36 42 18 44
2 36 42 23 44
2 36 11 17 44
2 36 11 18 44
2 36 11 23 44
2 36 17 18 44
2 36 17 23 44
2 36 18 23 44
2 40 42 11 44
2 40 42 17 44
2 40 42 18 44
2 40 42 23 44
2 40 11 17 44
2 40 11 18 44
2 40 11 23 44
2 40 17 18 44
2 40 17 23 44
2 40 18 23 44
2 42 11 17 44
2 42 11 18 44
2 42 11 23 44
2 42 17 18 44
2 42 17 23 44
2 42 18 23 44
2 11 17 18 44
2 11 17 23 44
2 11 18 23 44
2 17 18 23 44
2 32 3 7 45
2 32 3 30 45
2 32 3 15 45
2 32 7 30 45
2 32 7 15 45
2 32 30 15 45
2 3 7 30 45
2 3 7 15 45
2 3 30 15 45
2 7 30 15 45
2 38 7 14 45
2 38 7 28 45
2 38 7 29 45
2 38 7 30 45
2 38 14 28 45
2 38 14 29 45
2 38 14 30 45
2 38 28 29 45
2 38 28 30 45
2 38 29 30 45
2 7 14 28 45
2 7 14 29 45
2 7 14 30 45
2 7 28 29 45
2 7 28 30 45
2 7 29 30 45
2 14 28 29 45
2 14 28 30 45
2 14 29 30 45
2 28 29 30 45
2 34 4 39 45
2 34 4 9 45
2 34 4 16 45
2 34 4 20 45
2 34 39 9 45
2 34 39 16 45
2 34 39 20 45
2 34 9 16 45
2 34 9 20 45
2 34 16 20 45
2 4 39 9 45
2 4 39 16 45
2 4 39 20 45
2 4 9 16 45
2 4 9 20 45
2 4 16 20 45
2 39 9 16 45
2 39 9 20 45
2 39 16 20 45
2 9 16 20 45
2 0 38 7 45
2 0 38 14 45
2 0 38 28 45
2 0 38 29 45
2 0 38 30 45
2 0 7 14 45
2 0 7 28 45
2 0 7 29 45
2 0 7 30 45
2 0 14 28 45
2 0 14 29 45
2 0 14 30 45
2 0 28 29 45
2 0 28 30 45
2 0 29 30 45
2 38 7 14 45
2 38 7 28 45
2 38 7 29 45
2 38 7 30 45
2 38 14 28 45
2 38 14 29 45
2 38 14 30 45
2 38 28 29 45
2 38 28 30 45
2 38 29 30 45
2 7 14 28 45
2 7 14 29 45
2 7 14 30 45
2 7 28 29 45
2 7 28 30 45
2 7 29 30 45
2 14 28 29 45
2 14 28 30 45
2 14 29 30 45
2 28 29 30 45
2 0 33 38 45
2 0 33 7 45
2 0 33 14 45
2 0 33 22 45
2 0 33 28 45
2 0 33 29 45
2 0 38 7 45
2 0 38 14 45
2 0 38 22 45
2 0 38 28 45
2 0 38 29 45
2 0 7 14 45
2 0 7 22 45
2 0 7 28 45
2 0 7 29 45
2 0 14 22 45
2 0 14 28 45
2 0 14 29 45
2 0 22 28 45
2 0 22 29 45
2 0 28 29 45
2 33 38 7 45
2 33 38 14 45
2 33 38 22 45
2 33 38 28 45
2 33 38 29 45
2 33 7 14 45
2 33 7 22 45
2 33 7 28 45
2 33 7 29 45
2 33 14 22 45
2 33 14 28 45
2 33 14 29 45
2 33 22 28 45
2 33 22 29 45
2 33 28 29 45
2 38 7 14 45
2 38 7 22 45
2 38 7 28 45
2 38 7 29 45
2 38 14 22 45
2 38 14 28 45
2 38 14 29 45
2 38 22 28 45
2 38 22 29 45
2 38 28 29 45
2 7 14 22 45
2 7 14 28 45
2 7 14 29 45
2 7 22 28 45
2 7 22 29 45
2 7 28 29 45
2 14 22 28 45
2 14 22 29 45
2 14 28 29 45
2 22 28 29 45
2 1 34 35 45
2 1 34 37 45
2 1 34 39 45
2 1 34 8 45
2 1 34 16 45
2 1 34 17 45
2 1 34 31 45
2 1 35 37 45
2 1 35 39 45
2 1 35 8 45
2 1 35 16 45
2 1 35 17 45
2 1 35 31 45
2 1 37 39 45
2 1 37 8 45
2 1 37 16 45
2 1 37 17 45
2 1 37 31 45
2 1 39 8 45
2 1 39 16 45
2 1 39 17 45
2 1 39 31 45
2 1 8 16 45
2 1 8 17 45
2 1 8 31 45
2 1 16 17 45
2 1 16 31 45
2 1 17 31 45
2 34 35 37 45
2 34 35 39 45
2 34 35 8 45
2 34 35 16 45
2 34 35 17 45
2 34 35 31 45
2 34 37 39 45
2 34 37 8 45
2 34 37 16 45
2 34 37 17 45
2 34 37 31 45
2 34 39 8 45
2 34 39 16 45
2 34 39 17 45
2 34 39 31 45
2 34 8 16 45
2 34 8 17 45
2 34 8 31 45
2 34 16 17 45
2 34 16 31 45
2 34 17 31 45
2 35 37 39 45
2 35 37 8 45
2 35 37 16 45
2 35 37 17 45
2 35 37 31 45
2 35 39 8 45
2 35 39 16 45
2 35 39 17 45
2 35 39 31 45
2 35 8 16 45
2 35 8 17 45
2 35 8 31 45
2 35 16 17 45
2 35 16 31 45
2 35 17 31 45
2 37 39 8 45
2 37 39 16 45
2 37 39 17 45
2 37 39 31 45
2 37 8 16 45
2 37 8 17 45
2 37 8 31 45
2 37 16 17 45
2 37 16 31 45
2 37 17 31 45
2 39 8 16 45
2 39 8 17 45
2 39 8 31 45
2 39 16 17 45
2 39 16 31 45
2 39 17 31 45
2 8 16 17 45
2 8 16 31 45
2 8 17 31 45
2 16 17 31 45
2 24 25 12 46
2 24 25 5 46
2 24 25 41 46
2 24 12 5 46
2 24 12 41 46
2 24 5 41 46
2 25 12 5 46
2 25 12 41 46
2 25 5 41 46
2 12 5 41 46
2 32 19 3 46
2 32 19 30 46
2 32 19 15 46
2 32 3 30 46
2 32 3 15 46
2 32 30 15 46
2 19 3 30 46
2 19 3 15 46
2 19 30 15 46
2 3 30 15 46
2 32 7 14 46
2 32 7 15 46
2 32 7 29 46
2 32 7 30 46
2 32 14 15 46
2 32 14 29 46
2 32 14 30 46
2 32 15 29 46
2 32 15 30 46
2 32 29 30 46
2 7 14 15 46
2 7 14 29 46
2 7 14 30 46
2 7 15 29 46
2 7 15 30 46
2 7 29 30 46
2 14 15 29 46
2 14 15 30 46
2 14 29 30 46
2 15 29 30 46
2 34 4 37 46
2 34 4 39 46
2 34 4 8 46
2 34 4 16 46
2 34 4 20 46
2 34 4 31 46
2 34 37 39 46
2 34 37 8 46
2 34 37 16 46
2 34 37 20 46
2 34 37 31 46
2 34 39 8 46
2 34 39 16 46
2 34 39 20 46
2 34 39 31 46
2 34 8 16 46
2 34 8 20 46
2 34 8 31 46
2 34 16 20 46
2 34 16 31 46
2 34 20 31 46
2 4 37 39 46
2 4 37 8 46
2 4 37 16 46
2 4 37 20 46
2 4 37 31 46
2 4 39 8 46
2 4 39 16 46
2 4 39 20 46
2 4 39 31 46
2 4 8 16 46
2 4 8 20 46
2 4 8 31 46
2 4 16 20 46
2 4 16 31 46
2 4 20 31 46
2 37 39 8 46
2 37 39 16 46
2 37 39 20 46
2 37 39 31 46
2 37 8 16 46
2 37 8 20 46
2 37 8 31 46
2 37 16 20 46
2 37 16 31 46
2 37 20 31 46
2 39 8 16 46
2 39 8 20 46
2 39 8 31 46
2 39 16 20 46
2 39 16 31 46
2 39 20 31 46
2 8 16 20 46
2 8 16 31 46
2 8 20 31 46
2 16 20 31 46
2 1 35 36 46
2 1 35 37 46
2 1 35 39 46
2 1 35 8 46
2 1 35 16 46
2 1 35 17 46
2 1 35 31 46
2 1 36 37 46
2 1 36 39 46
2 1 36 8 46
2 1 36 16 46
2 1 36 17 46
2 1 36 31 46
2 1 37 39 46
2 1 37 8 46
2 1 37 16 46
2 1 37 17 46
2 1 37 31 46
2 1 39 8 46
2 1 39 16 46
2 1 39 17 46
2 1 39 31 46
2 1 8 16 46
2 1 8 17 46
2 1 8 31 46
2 1 16 17 46
2 1 16 31 46
2 1 17 31 46
2 35 36 37 46
2 35 36 39 46
2 35 36 8 46
2 35 36 16 46
2 35 36 17 46
2 35 36 31 46
2 35 37 39 46
2 35 37 8 46
2 35 37 16 46
2 35 37 17 46
2 35 37 31 46
2 35 39 8 46
2 35 39 16 46
2 35 39 17 46
2 35 39 31 46
2 35 8 16 46
2 35 8 17 46
2 35 8 31 46
2 35 16 17 46
2 35 16 31 46
2 35 17 31 46
2 36 37 39 46
2 36 37 8 46
2 36 37 16 46
2 36 37 17 46
2 36 37 31 46
2 36 39 8 46
2 36 39 16 46
2 36 39 17 46
2 36 39 31 46
2 36 8 16 46
2 36 8 17 46
2 36 8 31 46
2 36 16 17 46
2 36 16 31 46
2 36 17 31 46
2 37 39 8 46
2 37 39 16 46
2 37 39 17 46
2 37 39 31 46
2 37 8 16 46
2 37 8 17 46
2 37 8 31 46
2 37 16 17 46
2 37 16 31 46
2 37 17 31 46
2 39 8 16 46
2 39 8 17 46
2 39 8 31 46
2 39 16 17 46
2 39 16 31 46
2 39 17 31 46
2 8 16 17 46
2 8 16 31 46
2 8 17 31 46
2 16 17 31 46
2 34 35 4 46
2 34 35 37 46
2 34 35 39 46
2 34 35 8 46
2 34 35 16 46
2 34 35 17 46
2 34 35 31 46
2 34 4 37 46
2 34 4 39 46
2 34 4 8 46
2 34 4 16 46
2 34 4 17 46
2 34 4 31 46
2 34 37 39 46
2 34 37 8 46
2 34 37 16 46
2 34 37 17 46
2 34 37 31 46
2 34 39 8 46
2 34 39 16 46
2 34 39 17 46
2 34 39 31 46
2 34 8 16 46
2 34 8 17 46
2 34 8 31 46
2 34 16 17 46
2 34 16 31 46
2 34 17 31 46
2 35 4 37 46
2 35 4 39 46
2 35 4 8 46
2 35 4 16 46
2 35 4 17 46
2 35 4 31 46
2 35 37 39 46
2 35 37 8 46
2 35 37 16 46
2 35 37 17 46
2 35 37 31 46
2 35 39 8 46
2 35 39 16 46
2 35 39 17 46
2 35 39 31 46
2 35 8 16 46
2 35 8 17 46
2 35 8 31 46
2 35 16 17 46
2 35 16 31 46
2 35 17 31 46
2 4 37 39 46
2 4 37 8 46
2 4 37 16 46
2 4 37 17 46
2 4 37 31 46
2 4 39 8 46
2 4 39 16 46
2 4 39 17 46
2 4 39 31 46
2 4 8 16 46
2 4 8 17 46
2 4 8 31 46
2 4 16 17 46
2 4 16 31 46
2 4 17 31 46
2 37 39 8 46
2 37 39 16 46
2 37 39 17 46
2 37 39 31 46
2 37 8 16 46
2 37 8 17 46
2 37 8 31 46
2 37 16 17 46
2 37 16 31 46
2 37 17 31 46
2 39 8 16 46
2 39 8 17 46
2 39 8 31 46
2 39 16 17 46
2 39 16 31 46
2 39 17 31 46
2 8 16 17 46
2 8 16 31 46
2 8 17 31 46
2 16 17 31 46
2 1 35 36 46
2 1 35 37 46
2 1 35 39 46
2 1 35 8 46
2 1 35 16 46
2 1 35 17 46
2 1 35 23 46
2 1 35 31 46
2 1 36 37 46
2 1 36 39 46
2 1 36 8 46
2 1 36 16 46
2 1 36 17 46
2 1 36 23 46
2 1 36 31 46
2 1 37 39 46
2 1 37 8 46
2 1 37 16 46
2 1 37 17 46
2 1 37 23 46
2 1 37 31 46
2 1 39 8 46
2 1 39 16 46
2 1 39 17 46
2 1 39 23 46
2 1 39 31 46
2 1 8 16 46
2 1 8 17 46
2 1 8 23 46
2 1 8 31 46
2 1 16 17 46
2 1 16 23 46
2 1 16 31 46
2 1 17 23 46
2 1 17 31 46
2 1 23 31 46
2 35 36 37 46
2 35 36 39 46
2 35 36 8 46
2 35 36 16 46
2 35 36 17 46
2 35 36 23 46
2 35 36 31 46
2 35 37 39 46
2 35 37 8 46
2 35 37 16 46
2 35 37 17 46
2 35 37 23 46
2 35 37 31 46
2 35 39 8 46
2 35 39 16 46
2 35 39 17 46
2 35 39 23 46
2 35 39 31 46
2 35 8 16 46
2 35 8 17 46
2 35 8 23 46
2 35 8 31 46
2 35 16 17 46
2 35 16 23 46
2 35 16 31 46
2 35 17 23 46
2 35 17 31 46
2 35 23 31 46
2 36 37 39 46
2 36 37 8 46
2 36 37 16 46
2 36 37 17 46
2 36 37 23 46
2 36 37 31 46
2 36 39 8 46
2 36 39 16 46
2 36 39 17 46
2 36 39 23 46
2 36 39 31 46
2 36 8 16 46
2 36 8 17 46
2 36 8 23 46
2 36 8 31 46
2 36 16 17 46
2 36 16 23 46
2 36 16 31 46
2 36 17 23 46
2 36 17 31 46
2 36 23 31 46
2 37 39 8 46
2 37 39 16 46
2 37 39 17 46
2 37 39 23 46
2 37 39 31 46
2 37 8 16 46
2 37 8 17 46
2 37 8 23 46
2 37 8 31 46
2 37 16 17 46
2 37 16 23 46
2 37 16 31 46
2 37 17 23 46
2 37 17 31 46
2 37 23 31 46
2 39 8 16 46
2 39 8 17 46
2 39 8 23 46
2 39 8 31 46
2 39 16 17 46
2 39 16 23 46
2 39 16 31 46
2 39 17 23 46
2 39 17 31 46
2 39 23 31 46
2 8 16 17 46
2 8 16 23 46
2 8 16 31 46
2 8 17 23 46
2 8 17 31 46
2 8 23 31 46
2 16 17 23 46
2 16 17 31 46
2 16 23 31 46
2 17 23 31 46
2 0 33 38 47
2 0 33 7 47
2 0 33 14 47
2 0 33 28 47
2 0 33 29 47
2 0 33 30 47
2 0 38 7 47
2 0 38 14 47
2 0 38 28 47
2 0 38 29 47
2 0 38 30 47
2 0 7 14 47
2 0 7 28 47
2 0 7 29 47
2 0 7 30 47
2 0 14 28 47
2 0 14 29 47
2 0 14 30 47
2 0 28 29 47
2 0 28 30 47
2 0 29 30 47
2 33 38 7 47
2 33 38 14 47
2 33 38 28 47
2 33 38 29 47
2 33 38 30 47
2 33 7 14 47
2 33 7 28 47
2 33 7 29 47
2 33 7 30 47
2 33 14 28 47
2 33 14 29 47
2 33 14 30 47
2 33 28 29 47
2 33 28 30 47
2 33 29 30 47
2 38 7 14 47
2 38 7 28 47
2 38 7 29 47
2 38 7 30 47
2 38 14 28 47
2 38 14 29 47
2 38 14 30 47
2 38 28 29 47
2 38 28 30 47
2 38 29 30 47
2 7 14 28 47
2 7 14 29 47
2 7 14 30 47
2 7 28 29 47
2 7 28 30 47
2 7 29 30 47
2 14 28 29 47
2 14 28 30 47
2 14 29 30 47
2 28 29 30 47
2 36 5 40 47
2 36 5 41 47
2 36 5 42 47
2 36 5 11 47
2 36 5 18 47
2 36 5 23 47
2 36 5 24 47
2 36 40 41 47
2 36 40 42 47
2 36 40 11 47
2 36 40 18 47
2 36 40 23 47
2 36 40 24 47
2 36 41 42 47
2 36 41 11 47
2 36 41 18 47
2 36 41 23 47
2 36 41 24 47
2 36 42 11 47
2 36 42 18 47
2 36 42 23 47
2 36 42 24 47
2 36 11 18 47
2 36 11 23 47
2 36 11 24 47
2 36 18 23 47
2 36 18 24 47
2 36 23 24 47
2 5 40 41 47
2 5 40 42 47
2 5 40 11 47
2 5 40 18 47
2 5 40 23 47
2 5 40 24 47
2 5 41 42 47
2 5 41 11 47
2 5 41 18 47
2 5 41 23 47
2 5 41 24 47
2 5 42 11 47
2 5 42 18 47
2 5 42 23 47
2 5 42 24 47
2 5 11 18 47
2 5 11 23 47
2 5 11 24 47
2 5 18 23 47
2 5 18 24 47
2 5 23 24 47
2 40 41 42 47
2 40 41 11 47
2 40 41 18 47
2 40 41 23 47
2 40 41 24 47
2 40 42 11 47
2 40 42 18 47
2 40 42 23 47
2 40 42 24 47
2 40 11 18 47
2 40 11 23 47
2 40 11 24 47
2 40 18 23 47
2 40 18 24 47
2 40 23 24 47
2 41 42 11 47
2 41 42 18 47
2 41 42 23 47
2 41 42 24 47
2 41 11 18 47
2 41 11 23 47
2 41 11 24 47
2 41 18 23 47
2 41 18 24 47
2 41 23 24 47
2 42 11 18 47
2 42 11 23 47
2 42 11 24 47
2 42 18 23 47
2 42 18 24 47
2 42 23 24 47
2 11 18 23 47
2 11 18 24 47
2 11 23 24 47
2 18 23 24 47
2 1 35 37 47
2 1 35 39 47
2 1 35 8 47
2 1 35 16 47
2 1 35 17 47
2 1 35 23 47
2 1 35 31 47
2 1 37 39 47
2 1 37 8 47
2 1 37 16 47
2 1 37 17 47
2 1 37 23 47
2 1 37 31 47
2 1 39 8 47
2 1 39 16 47
2 1 39 17 47
2 1 39 23 47
2 1 39 31 47
2 1 8 16 47
2 1 8 17 47
2 1 8 23 47
2 1 8 31 47
2 1 16 17 47
2 1 16 23 47
2 1 16 31 47
2 1 17 23 47
2 1 17 31 47
2 1 23 31 47
2 35 37 39 47
2 35 37 8 47
2 35 37 16 47
2 35 37 17 47
2 35 37 23 47
2 35 37 31 47
2 35 39 8 47
2 35 39 16 47
2 35 39 17 47
2 35 39 23 47
2 35 39 31 47
2 35 8 16 47
2 35 8 17 47
2 35 8 23 47
2 35 8 31 47
2 35 16 17 47
2 35 16 23 47
2 35 16 31 47
2 35 17 23 47
2 35 17 31 47
2 35 23 31 47
2 37 39 8 47
2 37 39 16 47
2 37 39 17 47
2 37 39 23 47
2 37 39 31 47
2 37 8 16 47
2 37 8 17 47
2 37 8 23 47
2 37 8 31 47
2 37 16 17 47
2 37 16 23 47
2 37 16 31 47
2 37 17 23 47
2 37 17 31 47
2 37 23 31 47
2 39 8 16 47
2 39 8 17 47
2 39 8 23 47
2 39 8 31 47
2 39 16 17 47
2 39 16 23 47
2 39 16 31 47
2 39 17 23 47
2 39 17 31 47
2 39 23 31 47
2 8 16 17 47
2 8 16 23 47
2 8 16 31 47
2 8 17 23 47
2 8 17 31 47
2 8 23 31 47
2 16 17 23 47
2 16 17 31 47
2 16 23 31 47
2 17 23 31 47
2 33 6 10 48
2 33 6 21 48
2 33 6 22 48
2 33 6 26 48
2 33 10 21 48
2 33 10 22 48
2 33 10 26 48
2 33 21 22 48
2 33 21 26 48
2 33 22 26 48
2 6 10 21 48
2 6 10 22 48
2 6 10 26 48
2 6 21 22 48
2 6 21 26 48
2 6 22 26 48
2 10 21 22 48
2 10 21 26 48
2 10 22 26 48
2 21 22 26 48
2 32 3 7 48
2 32 3 15 48
2 32 3 29 48
2 32 3 30 48
2 32 7 15 48
2 32 7 29 48
2 32 7 30 48
2 32 15 29 48
2 32 15 30 48
2 32 29 30 48
2 3 7 15 48
2 3 7 29 48
2 3 7 30 48
2 3 15 29 48
2 3 15 30 48
2 3 29 30 48
2 7 15 29 48
2 7 15 30 48
2 7 29 30 48
2 15 29 30 48
2 33 38 6 48
2 33 38 10 48
2 33 38 21 48
2 33 38 22 48
2 33 38 26 48
2 33 6 10 48
2 33 6 21 48
2 33 6 22 48
2 33 6 26 48
2 33 10 21 48
2 33 10 22 48
2 33 10 26 48
2 33 21 22 48
2 33 21 26 48
2 33 22 26 48
2 38 6 10 48
2 38 6 21 48
2 38 6 22 48
2 38 6 26 48
2 38 10 21 48
2 38 10 22 48
2 38 10 26 48
2 38 21 22 48
2 38 21 26 48
2 38 22 26 48
2 6 10 21 48
2 6 10 22 48
2 6 10 26 48
2 6 21 22 48
2 6 21 26 48
2 6 22 26 48
2 10 21 22 48
2 10 21 26 48
2 10 22 26 48
2 21 22 26 48
2 1 35 36 48
2 1 35 8 48
2 1 35 11 48
2 1 35 17 48
2 1 35 23 48
2 1 35 31 48
2 1 36 8 48
2 1 36 11 48
2 1 36 17 48
2 1 36 23 48
2 1 36 31 48
2 1 8 11 48
2 1 8 17 48
2 1 8 23 48
2 1 8 31 48
2 1 11 17 48
2 1 11 23 48
2 1 11 31 48
2 1 17 23 48
2 1 17 31 48
2 1 23 31 48
2 35 36 8 48
2 35 36 11 48
2 35 36 17 48
2 35 36 23 48
2 35 36 31 48
2 35 8 11 48
2 35 8 17 48
2 35 8 23 48
2 35 8 31 48
2 35 11 17 48
2 35 11 23 48
2 35 11 31 48
2 35 17 23 48
2 35 17 31 48
2 35 23 31 48
2 36 8 11 48
2 36 8 17 48
2 36 8 23 48
2 36 8 31 48
2 36 11 17 48
2 36 11 23 48
2 36 11 31 48
2 36 17 23 48
2 36 17 31 48
2 36 23 31 48
2 8 11 17 48
2 8 11 23 48
2 8 11 31 48
2 8 17 23 48
2 8 17 31 48
2 8 23 31 48
2 11 17 23 48
2 11 17 31 48
2 11 23 31 48
2 17 23 31 48
2 5 40 41 48
2 5 40 42 48
2 5 40 11 48
2 5 40 12 48
2 5 40 18 48
2 5 40 24 48
2 5 41 42 48
2 5 41 11 48
2 5 41 12 48
2 5 41 18 48
2 5 41 24 48
2 5 42 11 48
2 5 42 12 48
2 5 42 18 48
2 5 42 24 48
2 5 11 12 48
2 5 11 18 48
2 5 11 24 48
2 5 12 18 48
2 5 12 24 48
2 5 18 24 48
2 40 41 42 48
2 40 41 11 48
2 40 41 12 48
2 40 41 18 48
2 40 41 24 48
2 40 42 11 48
2 40 42 12 48
2 40 42 18 48
2 40 42 24 48
2 40 11 12 48
2 40 11 18 48
2 40 11 24 48
2 40 12 18 48
2 40 12 24 48
2 40 18 24 48
2 41 42 11 48
2 41 42 12 48
2 41 42 18 48
2 41 42 24 48
2 41 11 12 48
2 41 11 18 48
2 41 11 24 48
2 41 12 18 48
2 41 12 24 48
2 41 18 24 48
2 42 11 12 48
2 42 11 18 48
2 42 11 24 48
2 42 12 18 48
2 42 12 24 48
2 42 18 24 48
2 11 12 18 48
2 11 12 24 48
2 11 18 24 48
2 12 18 24 48
2 0 33 38 48
2 0 33 7 48
2 0 33 14 48
2 0 33 22 48
2 0 33 28 48
2 0 33 29 48
2 0 33 30 48
2 0 38 7 48
2 0 38 14 48
2 0 38 22 48
2 0 38 28 48
2 0 38 29 48
2 0 38 30 48
2 0 7 14 48
2 0 7 22 48
2 0 7 28 48
2 0 7 29 48
2 0 7 30 48
2 0 14 22 48
2 0 14 28 48
2 0 14 29 48
2 0 14 30 48
2 0 22 28 48
2 0 22 29 48
2 0 22 30 48
2 0 28 29 48
2 0 28 30 48
2 0 29 30 48
2 33 38 7 48
2 33 38 14 48
2 33 38 22 48
2 33 38 28 48
2 33 38 29 48
2 33 38 30 48
2 33 7 14 48
2 33 7 22 48
2 33 7 28 48
2 33 7 29 48
2 33 7 30 48
2 33 14 22 48
2 33 14 28 48
2 33 14 29 48
2 33 14 30 48
2 33 22 28 48
2 33 22 29 48
2 33 22 30 48
2 33 28 29 48
2 33 28 30 48
2 33 29 30 48
2 38 7 14 48
2 38 7 22 48
2 38 7 28 48
2 38 7 29 48
2 38 7 30 48
2 38 14 22 48
2 38 14 28 48
2 38 14 29 48
2 38 14 30 48
2 38 22 28 48
2 38 22 29 48
2 38 22 30 48
2 38 28 29 48
2 38 28 30 48
2 38 29 30 48
2 7 14 22 48
2 7 14 28 48
2 7 14 29 48
2 7 14 30 48
2 7 22 28 48
2 7 22 29 48
2 7 22 30 48
2 7 28 29 48
2 7 28 30 48
2 7 29 30 48
2 14 22 28 48
2 14 22 29 48
2 14 22 30 48
2 14 28 29 48
2 14 28 30 48
2 14 29 30 48
2 22 28 29 48
2 22 28 30 48
2 22 29 30 48
2 28 29 30 48
2 1 35 36 48
2 1 35 5 48
2 1 35 40 48
2 1 35 41 48
2 1 35 42 48
2 1 35 11 48
2 1 35 18 48
2 1 35 23 48
2 1 36 5 48
2 1 36 40 48
2 1 36 41 48
2 1 36 42 48
2 1 36 11 48
2 1 36 18 48
2 1 36 23 48
2 1 5 40 48
2 1 5 41 48
2 1 5 42 48
2 1 5 11 48
2 1 5 18 48
2 1 5 23 48
2 1 40 41 48
2 1 40 42 48
2 1 40 11 48
2 1 40 18 48
2 1 40 23 48
2 1 41 42 48
2 1 41 11 48
2 1 41 18 48
2 1 41 23 48
2 1 42 11 48
2 1 42 18 48
2 1 42 23 48
2 1 11 18 48
2 1 11 23 48
2 1 18 23 48
2 35 36 5 48
2 35 36 40 48
2 35 36 41 48
2 35 36 42 48
2 35 36 11 48
2 35 36 18 48
2 35 36 23 48
2 35 5 40 48
2 35 5 41 48
2 35 5 42 48
2 35 5 11 48
2 35 5 18 48
2 35 5 23 48
2 35 40 41 48
2 35 40 42 48
2 35 40 11 48
2 35 40 18 48
2 35 40 23 48
2 35 41 42 48
2 35 41 11 48
2 35 41 18 48
2 35 41 23 48
2 35 42 11 48
2 35 42 18 48
2 35 42 23 48
2 35 11 18 48
2 35 11 23 48
2 35 18 23 48
2 36 5 40 48
2 36 5 41 48
2 36 5 42 48
2 36 5 11 48
2 36 5 18 48
2 36 5 23 48
2 36 40 41 48
2 36 40 42 48
2 36 40 11 48
2 36 40 18 48
2 36 40 23 48
2 36 41 42 48
2 36 41 11 48
2 36 41 18 48
2 36 41 23 48
2 36 42 11 48
2 36 42 18 48
2 36 42 23 48
2 36 11 18 48
2 36 11 23 48
2 36 18 23 48
2 5 40 41 48
2 5 40 42 48
2 5 40 11 48
2 5 40 18 48
2 5 40 23 48
2 5 41 42 48
2 5 41 11 48
2 5 41 18 48
2 5 41 23 48
2 5 42 11 48
2 5 42 18 48
2 5 42 23 48
2 5 11 18 48
2 5 11 23 48
2 5 18 23 48
2 40 41 42 48
2 40 41 11 48
2 40 41 18 48
2 40 41 23 48
2 40 42 11 48
2 40 42 18 48
2 40 42 23 48
2 40 11 18 48
2 40 11 23 48
2 40 18 23 48
2 41 42 11 48
2 41 42 18 48
2 41 42 23 48
2 41 11 18 48
2 41 11 23 48
2 41 18 23 48
2 42 11 18 48
2 42 11 23 48
2 42 18 23 48
2 11 18 23 48
2 26 10 21 49
2 26 10 6 49
2 26 10 13 49
2 26 21 6 49
2 26 21 13 49
2 26 6 13 49
2 10 21 6 49
2 10 21 13 49
2 10 6 13 49
2 21 6 13 49
2 1 35 36 49
2 1 35 8 49
2 1 35 11 49
2 1 35 17 49
2 1 35 40 49
2 1 35 23 49
2 1 35 31 49
2 1 36 8 49
2 1 36 11 49
2 1 36 17 49
2 1 36 40 49
2 1 36 23 49
2 1 36 31 49
2 1 8 11 49
2 1 8 17 49
2 1 8 40 49
2 1 8 23 49
2 1 8 31 49
2 1 11 17 49
2 1 11 40 49
2 1 11 23 49
2 1 11 31 49
2 1 17 40 49
2 1 17 23 49
2 1 17 31 49
2 1 40 23 49
2 1 40 31 49
2 1 23 31 49
2 35 36 8 49
2 35 36 11 49
2 35 36 17 49
2 35 36 40 49
2 35 36 23 49
2 35 36 31 49
2 35 8 11 49
2 35 8 17 49
2 35 8 40 49
2 35 8 23 49
2 35 8 31 49
2 35 11 17 49
2 35 11 40 49
2 35 11 23 49
2 35 11 31 49
2 35 17 40 49
2 35 17 23 49
2 35 17 31 49
2 35 40 23 49
2 35 40 31 49
2 35 23 31 49
2 36 8 11 49
2 36 8 17 49
2 36 8 40 49
2 36 8 23 49
2 36 8 31 49
2 36 11 17 49
2 36 11 40 49
2 36 11 23 49
2 36 11 31 49
2 36 17 40 49
2 36 17 23 49
2 36 17 31 49
2 36 40 23 49
2 36 40 31 49
2 36 23 31 49
2 8 11 17 49
2 8 11 40 49
2 8 11 23 49
2 8 11 31 49
2 8 17 40 49
2 8 17 23 49
2 8 17 31 49
2 8 40 23 49
2 8 40 31 49
2 8 23 31 49
2 11 17 40 49
2 11 17 23 49
2 11 17 31 49
2 11 40 23 49
2 11 40 31 49
2 11 23 31 49
2 17 40 23 49
2 17 40 31 49
2 17 23 31 49
2 40 23 31 49
2 1 35 36 49
2 1 35 40 49
2 1 35 42 49
2 1 35 11 49
2 1 35 18 49
2 1 35 23 49
2 1 35 31 49
2 1 36 40 49
2 1 36 42 49
2 1 36 11 49
2 1 36 18 49
2 1 36 23 49
2 1 36 31 49
2 1 40 42 49
2 1 40 11 49
2 1 40 18 49
2 1 40 23 49
2 1 40 31 49
2 1 42 11 49
2 1 42 18 49
2 1 42 23 49
2 1 42 31 49
2 1 11 18 49
2 1 11 23 49
2 1 11 31 49
2 1 18 23 49
2 1 18 31 49
2 1 23 31 49
2 35 36 40 49
2 35 36 42 49
2 35 36 11 49
2 35 36 18 49
2 35 36 23 49
2 35 36 31 49
2 35 40 42 49
2 35 40 11 49
2 35 40 18 49
2 35 40 23 49
2 35 40 31 49
2 35 42 11 49
2 35 42 18 49
2 35 42 23 49
2 35 42 31 49
2 35 11 18 49
2 35 11 23 49
2 35 11 31 49
2 35 18 23 49
2 35 18 31 49
2 35 23 31 49
2 36 40 42 49
2 36 40 11 49
2 36 40 18 49
2 36 40 23 49
2 36 40 31 49
2 36 42 11 49
2 36 42 18 49
2 36 42 23 49
2 36 42 31 49
2 36 11 18 49
2 36 11 23 49
2 36 11 31 49
2 36 18 23 49
2 36 18 31 49
2 36 23 31 49
2 40 42 11 49
2 40 42 18 49
2 40 42 23 49
2 40 42 31 49
2 40 11 18 49
2 40 11 23 49
2 40 11 31 49
2 40 18 23 49
2 40 18 31 49
2 40 23 31 49
2 42 11 18 49
2 42 11 23 49
2 42 11 31 49
2 42 18 23 49
2 42 18 31 49
2 42 23 31 49
2 11 18 23 49
2 11 18 31 49
2 11 23 31 49
2 18 23 31 49
