
 1 3 10 0 
 2 2 21 0 
 3 1 17 0 
 4 1 17 0 
 5 1 18 1 
 6 1 13 1 
 7 1 11 1 
 8 1 9 5 
 9 1 6 5 
 10 1 5 7 
 11 1 5 8 
 12 1 3 12 
 13 1 2 14 
 14 1 2 17 
 15 1 2 20 
 16 1 2 22 
 17 1 2 24 
 18 1 1 28 
 19 1 1 29 
 20 1 2 36 
 22 1 1 40 
 23 1 1 43 
 24 1 1 45 
 25 1 1 48 
 26 1 1 58 
 27 1 1 67 
 28 1 1 77 
 29 1 1 89 
 30 1 1 99 
 31 1 1 106 
 32 1 1 119 
 33 1 1 132 
 34 1 1 143 
 35 1 1 161 
 36 1 1 180 
 37 1 1 211 
 38 1 1 235 
 39 1 1 256 
 40 1 1 305 
 41 1 1 324 
 42 1 1 360 
 43 1 0 413 
 44 1 0 447 
 45 1 0 506 
 46 1 0 553 
 47 1 0 627 
 48 1 0 654 
 49 1 0 690 