1
0 0 1
0 1 1
0 2 1
0 3 1
0 8 1
0 9 1
0 11 1
0 12 1
0 13 1
0 15 1
0 16 1
0 21 1
0 26 1
0 27 1
0 28 1
0 30 1
0 32 1
0 34 1
0 35 1
0 39 1
0 41 1
0 42 1
0 43 1
0 46 1
0 47 1
0 49 1
0 50 1
0 57 1
0 60 1
0 61 1
0 62 1
0 69 1
0 70 1
0 71 1
0 81 1
0 82 1
0 83 1
0 88 1
0 90 1
0 95 1
0 96 1
0 40 1
0 87 1
0 52 1
0 98 1
0 99 1
0 78 1
1 10 92 1
1 72 66 1
1 94 7 1
1 45 53 1
1 56 33 1
1 38 14 1
1 58 22 1
1 24 44 1
1 72 31 1
1 75 20 1
1 24 89 1
1 85 23 1
1 4 77 1
1 80 29 1
1 24 86 1
1 18 68 1
1 74 29 1
1 72 17 1
1 48 63 1
1 91 6 1
1 80 14 1
1 68 38 1
1 85 54 1
1 48 84 1
1 66 37 1
1 93 55 1
1 51 84 1
1 51 93 1
1 97 17 1
1 56 73 1
1 80 36 1
1 33 84 1
1 65 55 1
1 67 59 1
1 66 94 1
1 97 66 1
1 92 84 1
1 25 55 1
1 19 76 1
1 44 22 1
1 68 5 1
1 10 79 1
1 10 93 1
2 72 64 25 1
1 0 90 2
1 42 15 2
1 58 23 2
1 73 42 2
1 98 60 2
1 21 45 2
1 71 7 2
1 88 20 2
1 74 5 2
1 75 35 2
1 50 95 2
1 33 90 2
1 43 86 2
1 17 84 2
1 42 90 2
1 46 14 2
1 53 23 2
1 72 51 2
1 56 10 2
1 71 39 2
1 65 77 2
1 16 82 2
1 37 71 2
1 94 31 2
1 99 7 2
1 48 97 2
1 89 11 2
2 97 66 37 2
2 24 86 55 2
2 92 51 84 2
2 0 48 63 2
1 67 7 3
1 43 79 3
1 83 14 3
1 56 19 3
1 99 59 3
1 83 31 3
2 66 94 31 3
2 64 25 77 3
2 48 97 84 3
2 96 99 39 3
2 25 93 55 3
2 75 35 20 3
2 72 66 31 3
2 4 77 46 3
2 56 10 92 3
2 72 17 66 3
2 65 4 77 3
2 97 84 17 3
2 48 33 84 3
2 73 42 76 3
2 97 66 17 3
1 36 54 4
1 50 20 4
1 95 71 4
1 57 12 4
1 4 61 4
1 4 54 4
2 44 61 22 4
2 10 92 93 4
2 56 33 73 4
2 42 76 15 4
2 64 72 31 4
2 80 38 14 4
2 99 67 7 4
2 64 83 31 4
2 99 67 59 4
2 51 92 93 4
1 49 18 5
1 45 85 5
1 6 87 5
1 78 30 5
2 0 48 90 5
2 48 33 90 5
2 24 89 44 5
2 64 77 46 5
2 83 94 31 5
2 41 19 76 5
2 24 65 55 5
2 10 86 79 5
2 52 14 38 5
2 66 94 7 5
2 43 86 79 5
2 64 83 14 5
2 64 83 46 5
2 64 14 46 5
2 83 14 46 5
1 40 13 6
1 60 21 6
1 61 23 6
1 9 58 6
1 11 78 6
1 1 60 6
1 3 70 6
2 25 55 65 6
2 10 86 55 6
2 71 39 7 6
2 8 75 35 6
2 16 50 95 6
2 18 68 38 6
2 25 77 65 6
2 99 39 7 6
2 10 93 55 6
2 81 44 61 6
2 81 44 22 6
2 81 61 22 6
2 48 17 84 6
2 48 17 97 6
2 58 61 22 7
2 58 61 23 7
2 24 43 86 7
2 80 36 29 7
2 45 85 23 7
2 67 94 7 7
2 56 10 79 7
2 73 42 90 7
2 72 51 93 7
2 53 45 23 7
2 72 17 51 7
2 72 25 93 7
2 33 90 73 7
2 17 51 84 7
2 10 93 86 7
2 93 86 55 7
2 24 89 43 7
2 24 89 69 7
2 24 43 69 7
2 89 43 69 7
1 81 11 8
1 36 12 8
1 32 98 8
1 28 79 8
2 36 4 46 8
2 36 4 54 8
2 80 29 38 8
2 88 20 63 8
2 83 52 14 8
2 66 37 71 8
2 80 36 46 8
2 80 36 14 8
2 80 46 14 8
2 36 46 14 8
2 66 7 71 8
2 66 94 71 8
2 7 94 71 8
2 25 55 77 8
2 55 77 65 8
2 7 71 99 8
2 71 99 39 8
2 24 89 86 8
2 24 69 86 8
2 89 43 86 8
2 89 69 86 8
2 43 69 86 8
1 98 47 9
1 1 47 9
2 4 61 54 9
2 85 54 23 9
2 24 65 44 9
2 50 95 71 9
2 61 54 23 9
2 56 33 92 9
2 80 29 14 9
2 36 29 14 9
2 92 33 51 9
2 92 33 84 9
2 33 51 84 9
2 0 48 33 9
2 0 90 33 9
2 38 14 29 9
1 40 74 10
2 98 60 47 10
2 89 11 69 10
2 58 53 23 10
2 49 18 68 10
2 43 28 79 10
2 83 52 94 10
2 1 60 47 10
2 72 25 51 10
2 25 51 93 10
2 64 25 31 10
2 25 72 31 10
2 56 92 79 10
2 10 92 79 10
2 24 89 65 10
2 89 44 65 10
2 67 52 94 10
2 67 52 7 10
2 52 94 7 10
2 64 25 46 10
2 25 77 46 10
2 10 51 92 10
2 10 51 93 10
2 53 45 85 10
2 53 85 23 10
2 72 17 94 10
2 72 17 31 10
2 72 66 94 10
2 72 94 31 10
2 17 66 94 10
2 17 66 31 10
2 17 94 31 10
1 49 27 11
1 19 62 11
1 88 37 11
2 48 88 63 11
2 73 19 76 11
2 98 60 21 11
2 40 74 5 11
2 65 4 61 11
2 32 57 12 11
2 65 44 61 11
2 71 95 39 11
2 56 73 19 11
2 99 39 67 11
2 39 67 7 11
2 83 52 31 11
2 52 94 31 11
2 80 52 38 11
2 80 52 14 11
2 17 66 37 11
2 17 37 97 11
1 91 28 12
1 26 3 12
2 91 62 6 12
2 41 19 62 12
2 99 26 59 12
2 48 90 84 12
2 33 90 84 12
2 99 59 7 12
2 59 67 7 12
2 36 46 54 12
2 4 46 54 12
2 84 17 92 12
2 17 51 92 12
2 95 50 39 12
2 50 71 39 12
2 23 4 61 12
2 23 4 54 12
2 23 4 85 12
2 23 61 85 12
2 4 61 85 12
2 4 54 85 12
2 61 54 85 12
1 18 59 13
2 57 74 29 13
2 88 50 20 13
2 81 44 89 13
2 89 11 81 13
2 36 12 54 13
2 0 42 90 13
2 66 37 7 13
2 71 37 7 13
2 10 93 79 13
2 92 93 79 13
2 98 21 47 13
2 60 21 47 13
2 71 67 94 13
2 71 67 7 13
2 56 92 73 13
2 33 92 73 13
2 10 55 79 13
2 55 93 79 13
2 55 86 79 13
2 93 86 79 13
2 99 71 67 13
2 39 71 67 13
2 0 48 84 13
2 0 90 84 13
2 0 84 33 13
2 48 88 97 14
2 88 97 37 14
2 26 3 70 14
2 50 37 71 14
2 50 75 20 14
2 67 18 59 14
2 91 28 62 14
2 88 50 37 14
2 35 20 63 14
2 17 37 94 14
2 66 37 94 14
2 36 4 85 14
2 36 85 54 14
2 39 95 7 14
2 95 71 7 14
2 71 37 94 14
2 37 94 7 14
2 99 39 59 14
2 39 67 59 14
2 39 59 7 14
2 0 90 63 14
2 0 63 33 14
2 48 90 63 14
2 48 63 33 14
2 90 63 33 14
1 2 30 15
2 40 57 74 15
2 40 57 13 15
2 53 21 45 15
2 58 22 23 15
2 61 22 23 15
2 97 66 71 15
2 97 37 71 15
2 73 42 19 15
2 42 19 76 15
2 72 17 84 15
2 72 51 84 15
2 10 51 55 15
2 51 93 55 15
2 65 4 44 15
2 4 61 44 15
2 25 77 93 15
2 25 93 65 15
2 55 77 93 15
2 55 93 65 15
2 77 93 65 15
2 72 25 55 15
2 72 51 55 15
2 72 93 55 15
2 25 51 55 15
