561
561
594
594
594
594
594
625
625
625
625
625
653
653
653
653
653
692
692
692
692
692
715
715
715
715
715
736
736
736
736
736
755
755
755
755
755
772
772
772
772
772
804
804
804
804
804
818
818
818
818
818
831
831
831
831
831
842
842
842
842
842
852
852
852
852
852
879
879
879
879
879
887
887
887
887
887
894
894
894
894
894
900
900
900
900
900
905
905
905
905
905
909
909
909
909
909
933
933
933
933
933
936
936
936
936
936
939
939
939
939
939
941
941
941
941
941
942
942
942
942
942
964
964
964
964
964
965
965
965
965
965
965
965
965
965
965
965
965
965
965
965
965
965
965
965
965
985
985
985
985
985
984
984
984
984
984
983
983
983
983
983
982
982
982
982
982
980
980
980
980
980
978
978
978
978
978
998
998
998
998
998
996
996
996
996
996
993
993
993
993
993
991
991
991
991
991
988
988
988
988
988
1007
1007
1007
1007
1007
1004
1004
1004
1004
1004
1002
1002
1002
1002
1002
999
999
999
999
999
995
995
995
995
995
992
992
992
992
992
1011
1011
1011
1011
1011
1007
1007
1007
1007
1007
1004
1004
1004
1004
1004
1001
1001
1001
1001
1001
997
997
997
997
997
1015
1015
1015
1015
1015
1012
1012
1012
1012
1012
1008
1008
1008
1008
1008
1005
1005
1005
1005
1005
1001
1001
1001
1001
1001
1019
1019
1019
1019
1019
1015
1015
1015
1015
1015
1012
1012
1012
1012
1012
1008
1008
1008
1008
1008
1005
1005
1005
1005
1005
1000
1000
1000
1011
1011
1011
1011
1011
1011
1011
1011
1011
1011
1011
1011
1011
1011
1011
1011
1011
1011
1011
1011
1011
1011
1011
1011
1011
1011
1011
1011
1011
1011
1011
1011
1011
1011
1011
1011
1011
551
551
564
564
564
564
564
564
564
564
564
564
564
564
564
564
564
564
564
564
564
564
564
564
564
564
564
564
564
564
564
564
564
564
564
564
564
564
564
564
301
308
308
308
308
308
308
308
308
308
308
308
308
308
308
308
308
308
308
308
308
308
308
308
308
308
308
308
308
308
308
308
308
308
308
308
308
308
308
308
171
191
186
186
186
181
181
177
177
177
171
171
165
165
165
160
160
154
154
154
149
149
145
145
145
142
142
138
138
138
133
133
129
129
125
125
125
121
121
120
118
118
116
116
112
112
112
109
109
106
106
106
103
103
100
100
100
98
98
96
96
96
93
93
91
91
91
88
88
86
86
86
83
83
83
83
83
81
81
79
79
77
77
77
75
75
73
73
73
71
71
71
71
71
69
69
68
68
68
66
66
65
65
65
63
63
62
62
62
62
62
61
61
61
59
59
58
58
58
57
57
56
56
56
55
55
55
55
55
54
54
53
53
53
52
52
51
51
52
50
50
50
50
50
50
50
49
49
49
49
49
48
48
47
47
47
46
46
46
46
46
46
46
45
45
45
45
45
44
44
44
43
43
43
43
43
42
42
43
43
43
42
42
41
41
41
41
41
41
41
41
40
40
40
40
40
40
40
40
40
40
40
40
40
40
40
40
40
40
40
40
32
32
32
85
85
85
85
158
158
158
158
225
225
225
225
287
287
287
287
278
291
291
291
291
353
353
353
353
405
405
405
405
451
451
451
451
451
494
494
494
494
494
532
532
532
532
532
580
580
580
580
580
613
613
613
613
613
642
642
642
642
642
669
669
672
672
672
644
644
644
616
603
603
603
578
567
567
545
545
545
522
522
522
522
489
489
489
471
471
451
451
451
471
471
471
471
471
511
511
511
511
511
560
560
560
560
560
594
594
594
594
594
625
625
625
625
625
653
653
653
653
653
679
679
679
679
679
717
717
717
717
717
738
738
738
738
738
758
758
758
758
758
775
775
775
775
775
790
790
790
790
790
822
822
822
822
822
834
834
834
834
834
846
846
846
846
846
856
856
856
856
856
865
865
865
865
865
872
872
872
872
872
898
898
898
898
898
905
905
905
905
905
910
910
910
910
910
914
914
914
914
914
918
918
918
918
918
941
941
941
941
941
944
944
944
944
944
946
946
946
946
946
948
948
948
948
948
949
949
949
949
949
950
950
950
950
950
971
971
971
971
971
971
971
971
971
971
971
971
971
971
971
970
970
970
970
970
969
969
969
969
969
989
989
989
989
989
988
988
988
988
988
986
986
986
986
986
984
984
984
984
984
982
982
982
982
982
1002
1002
1002
1002
1002
999
999
999
999
999
997
997
997
997
997
994
994
994
994
994
992
992
992
992
992
989
989
989
989
989
1008
1008
1008
1008
1008
1005
1005
1005
1005
1005
1002
1002
1002
1002
1002
998
998
998
998
998
995
995
995
995
995
1014
1014
1014
1014
1014
1010
1010
1010
1010
1010
1007
1007
1007
1007
1007
1003
1003
1003
1003
1003
1000
1000
1000
1000
1000
1018
1018
1018
1018
1018
1014
1014
1014
1014
1014
1011
1011
1011
1011
1011
1007
1007
1007
1007
1007
1003
1003
1003
1003
1003
1000
1000
1000
1000
1000
1018
1018
1018
1018
1018
1014
1014
1014
1014
1014
1010
1010
1010
1010
1010
1006
1006
1006
1006
1006
1002
1002
1002
1002
1002
1021
1021
1021
1021
1021
1017
1017
1017
1017
1017
1013
1013
1013
1013
1013
1009
1009
1009
1009
1009
1005
1005
1005
1005
1005
1001
1001
1001
1001
1001
1019
1019
1019
1019
1019
1015
1015
1015
1015
1015
1011
1011
1011
1011
1011
1007
1007
1007
1007
1007
1003
1003
1003
1003
1003
1021
1021
1021
1021
1021
1017
1017
1017
1017
1017
1013
1013
1013
1013
1013
1009
1009
1009
1009
1009
1005
1005
1005
1005
1005
1023
1023
1023
1023
1023
1019
1019
1019
1019
1023
1023
1023
1023
1023
1023
918
918
918
918
918
918
918
918
918
918
918
918
918
918
918
918
918
918
918
918
918
918
918
918
918
918
918
918
918
918
918
557
557
564
564
564
564
564
564
564
564
564
564
564
564
564
564
564
564
564
564
564
564
564
564
564
390
382
382
382
382
382
382
382
382
382
382
382
382
382
382
309
309
326
326
326
326
326
326
326
326
326
326
326
326
326
326
326
326
326
326
326
326
326
326
326
326
326
326
326
326
326
326
326
326
326
326
326
326
326
326
186
186
186
186
186
186
186
186
186
186
186
186
186
186
186
186
186
186
186
186
186
186
186
186
186
186
186
186
186
186
186
186
186
186
186
186
186
186
186
186
186
186
186
186
186
186
186
186
186
186
186
186
186
186
186
76
88
86
86
86
84
84
82
82
82
81
81
79
79
79
77
77
75
75
75
74
74
72
72
72
70
70
70
70
70
68
68
67
67
67
65
65
64
64
64
63
63
61
61
61
61
61
60
60
60
59
59
58
58
57
57
57
56
56
56
55
55
55
55
54
54
54
53
53
52
52
52
51
51
50
50
50
50
50
50
50
50
49
49
48
48
48
47
47
47
47
47
46
46
46
46
46
46
46
45
45
45
45
45
44
44
44
43
43
43
43
43
44
44
43
43
43
42
42
42
42
42
41
41
41
41
41
40
40
40
40
40
40
40
40
40
39
39
39
39
39
39
39
39
39
39
39
39
39
39
34
34
34
76
76
76
76
76
152
152
152
152
152
220
220
220
220
220
282
282
282
282
282
339
339
339
339
339
390
390
390
390
390
446
446
446
446
446
490
490
490
490
490
530
530
530
530
530
566
566
566
566
566
599
599
599
599
599
642
642
642
642
642
670
670
670
670
670
695
695
695
695
695
717
717
717
717
717
737
737
737
737
737
756
756
756
756
756
789
789
789
789
789
804
804
804
804
804
818
818
818
818
818
830
830
830
830
830
840
840
840
840
840
869
869
869
869
869
877
877
877
877
877
885
885
885
885
885
892
892
892
892
892
897
897
897
897
897
922
922
922
922
922
926
926
926
926
926
930
930
930
930
930
933
933
933
933
933
935
935
935
935
935
937
937
937
937
937
959
959
959
959
959
960
960
960
960
960
961
961
961
961
961
961
961
961
961
961
961
961
961
961
961
982
982
982
982
982
981
981
981
981
981
980
980
980
980
980
979
979
979
979
979
977
977
977
977
977
997
997
997
997
997
995
995
995
995
995
993
993
993
993
993
991
991
991
991
991
989
989
989
989
989
986
986
986
986
986
1005
1005
1005
1005
1005
1002
1002
1002
1002
1002
1000
1000
1000
1000
1000
997
997
997
997
997
994
994
994
994
994
1012
1012
1012
1012
1012
1009
1009
1009
1009
1009
1006
1006
1006
1006
1006
1003
1003
1003
1003
1003
999
999
999
999
999
996
996
996
996
996
1014
1014
1014
1014
1014
1010
1010
1010
1010
1010
1007
1007
1007
1007
1007
1003
1003
1003
1003
1003
1000
1000
1000
1000
1000
1018
1018
1018
1018
1018
1014
1014
1014
1014
1014
1010
1010
1010
1010
1010
1007
1007
1007
1007
1007
1003
1003
1003
1003
1003
1021
1021
1004
1004
1004
1004
1004
1004
1004
1004
1004
1004
1004
1004
1004
1004
1004
1004
1004
1004
1004
1004
1004
1004
1004
1004
1004
1004
1004
1004
1004
1004
1004
1004
1004
1004
1004
1004
1004
547
561
561
561
561
561
561
561
561
561
561
561
561
561
561
561
561
561
561
561
561
561
561
561
561
561
561
561
561
561
561
561
561
561
561
561
561
561
561
299
299
317
317
317
317
317
317
317
317
317
317
317
317
317
317
317
317
245
245
245
245
245
245
245
245
245
245
245
245
245
245
245
245
245
245
245
245
245
245
173
173
189
189
189
182
182
176
176
176
170
170
164
164
164
158
158
156
156
156
151
151
146
146
146
141
141
137
137
137
132
132
128
128
128
127
127
123
123
123
119
119
115
115
115
112
112
108
108
107
105
105
104
104
104
101
101
98
98
98
95
95
93
93
93
90
90
87
87
87
87
87
85
85
82
82
82
80
80
78
78
78
76
76
75
75
75
74
74
72
72
72
71
71
69
69
69
68
68
66
66
66
65
65
65
65
65
64
64
62
62
62
61
61
60
60
60
59
59
58
58
58
58
58
56
56
55
55
55
54
54
53
53
53
52
53
52
52
52
52
52
51
51
51
50
50
49
49
49
49
49
48
48
48
48
48
47
47
47
47
47
46
46
46
46
46
45
45
44
44
44
45
45
44
44
44
44
44
43
43
43
42
42
42
42
42
41
41
42
42
42
41
41
41
41
41
41
41
41
41
41
41
41
41
41
41
35
35
35
35
102
102
102
102
174
174
174
174
240
240
240
240
300
300
300
300
285
303
303
303
303
365
365
365
365
365
416
416
416
416
462
462
462
462
504
515
515
515
515
540
540
540
540
575
575
575
575
620
620
620
620
649
651
651
651
651
674
674
674
674
674
698
698
698
698
698
720
720
720
720
720
756
756
756
756
756
774
774
774
774
774
790
790
790
790
790
805
805
805
805
805
818
818
818
818
818
829
829
829
829
829
858
858
858
858
858
867
867
867
867
867
876
876
876
876
876
883
883
883
883
883
889
889
889
889
889
914
914
914
914
914
919
919
919
919
919
923
923
923
923
923
927
927
927
927
927
930
930
930
930
930
952
952
952
952
952
954
954
954
954
954
955
955
955
955
955
956
956
956
956
956
957
957
957
957
957
957
957
957
957
957
978
978
978
978
978
977
977
977
977
977
976
976
976
976
976
975
975
975
975
975
974
974
974
974
974
994
994
994
994
994
992
992
992
992
992
990
990
990
990
990
988
988
988
988
988
986
986
986
986
986
1005
1005
1005
1005
1005
1002
1002
1002
1002
1002
1000
1000
1000
1000
1000
997
997
997
997
997
994
994
994
994
994
991
991
991
991
991
1010
1010
1010
1010
1010
1007
1007
1007
1007
1007
1004
1004
1004
1004
1004
1000
1000
1000
1000
1000
997
997
997
997
997
1015
1015
1015
1015
1015
1012
1012
1012
1012
1012
1008
1008
1008
1008
1008
1005
1005
1005
1005
1005
1001
1001
1001
1001
1001
998
998
998
998
998
1016
1016
1016
1016
1016
1012
1012
1012
1012
1012
1008
1008
1008
1008
1008
1005
1005
1005
1005
1005
1001
1001
1001
1001
1001
1019
1019
1019
1019
1019
1015
1015
1015
1015
1015
1011
1011
1011
1011
1011
1007
1007
1007
1007
1007
1003
1003
1003
1003
1003
1021
1021
1021
1021
1021
1018
1018
1018
1018
1018
1014
1014
1014
1014
1014
1010
1010
1010
1010
1010
1006
1006
1006
1006
1006
1002
1002
1002
1002
1002
1020
1020
1020
1020
1020
1016
1016
1016
1016
1016
1012
1012
1013
1013
1013
1013
1013
1013
1013
1013
1013
1013
1013
1013
1013
1013
1013
1013
1013
1013
1013
1013
1013
1013
1013
1013
1013
1013
1013
1013
1013
1013
1013
1013
1013
1013
1013
1013
1013
552
565
565
565
565
565
565
565
565
565
565
565
565
565
565
565
565
565
565
565
565
565
565
565
565
565
565
565
565
565
565
565
565
565
565
565
565
565
565
302
302
320
320
320
320
320
320
320
320
320
320
320
320
320
320
320
320
320
320
320
320
320
320
320
320
320
320
320
320
320
320
320
320
320
320
320
320
320
320
171
190
186
186
186
180
180
177
177
177
171
171
165
165
165
160
160
154
154
154
149
149
144
144
144
143
143
138
138
138
133
133
129
129
129
125
125
121
121
121
117
117
116
116
116
113
113
109
109
109
106
106
103
103
100
100
100
99
99
96
96
96
94
94
91
91
91
89
89
86
86
86
85
85
83
83
81
81
81
79
79
77
77
77
75
75
74
74
74
73
73
72
72
72
70
70
69
69
69
67
67
65
65
65
64
64
64
64
64
63
63
61
61
61
60
60
59
59
59
58
58
57
57
57
57
57
56
56
56
55
55
54
54
54
53
53
52
52
52
51
51
51
51
51
51
51
50
50
49
49
49
48
48
47
47
47
47
47
47
47
47
46
46
46
46
46
45
45
45
45
45
44
44
43
43
43
44
44
43
43
43
43
43
42
42
42
42
42
41
41
41
41
41
41
41
41
41
41
41
41
41
41
41
41
41
41
41
41
41
41
41
41
32
32
32
88
88
88
88
164
164
164
164
231
231
231
231
292
292
292
292
292
275
275
275
275
275
275
252
252
252
252
304
304
304
304
366
366
366
366
416
416
416
416
454
454
454
454
454
501
501
501
501
501
539
539
539
539
539
586
586
586
586
586
618
618
618
618
618
647
647
647
647
647
674
674
674
674
674
697
697
697
697
697
735
735
735
735
735
755
755
755
755
755
772
772
772
772
772
789
789
789
789
789
803
803
803
803
803
816
816
816
816
816
846
846
846
846
846
856
856
856
856
856
865
865
865
865
865
873
873
873
873
873
881
881
881
881
881
906
906
906
906
906
912
912
912
912
912
917
917
917
917
917
921
921
921
921
921
924
924
924
924
924
927
927
927
927
927
949
949
949
949
949
951
951
951
951
951
953
953
953
953
953
953
953
953
953
953
954
954
954
954
954
975
975
975
975
975
975
975
975
975
975
975
974
974
974
974
974
973
973
973
973
973
972
972
972
972
972
992
992
992
992
992
991
991
991
991
991
989
989
989
989
989
987
987
987
987
987
985
985
985
985
985
983
983
983
983
983
1002
1002
1002
1002
1002
999
999
999
999
999
997
997
997
997
997
994
994
994
994
994
991
991
991
991
991
1010
1010
1010
1010
1010
1007
1007
1007
1007
1007
1003
1003
1003
1003
1003
1000
1000
1000
1000
1000
997
997
997
997
997
1015
1015
1015
1015
1015
1012
1012
1012
1012
1012
1009
1009
1009
1009
1009
1005
1005
1005
1005
1005
1001
1001
1001
1001
1001
998
998
998
998
998
1016
1016
1016
1016
1016
1012
1012
1012
1012
1012
1009
1009
1009
1009
1009
1005
1005
1005
1005
1005
1001
1001
1001
1001
1001
1019
1019
1019
1019
1019
1016
1016
1016
1016
1016
1012
1012
1012
1011
1011
968
968
968
968
968
968
968
968
968
968
814
814
814
814
814
842
842
842
842
853
853
853
853
862
862
862
862
860
860
860
824
824
827
827
827
827
827
856
856
856
856
856
866
866
866
866
866
874
874
874
874
874
882
882
882
882
882
888
888
888
888
888
913
913
913
913
913
918
918
918
918
918
923
923
923
923
923
926
926
926
926
926
929
929
929
929
929
931
931
931
931
931
954
954
954
954
954
955
955
955
955
955
956
956
956
956
956
957
957
957
957
957
957
957
957
957
957
978
978
978
978
978
977
977
977
977
977
977
977
977
977
977
976
976
976
976
976
974
974
974
974
974
994
994
994
994
994
993
993
993
993
993
991
991
991
991
991
989
989
989
989
989
986
986
986
986
986
984
984
984
984
984
1003
1003
1003
1003
1003
1001
1001
1001
1001
1001
998
998
998
998
998
995
995
995
995
995
992
992
992
992
992
1011
1011
1011
1011
1011
1008
1008
1008
1008
1008
1004
1004
1004
1004
1004
1001
1001
1001
1001
1001
998
998
998
998
998
995
995
995
995
995
1013
1013
1013
1013
1013
1009
1009
1009
1009
1009
1006
1006
1006
1006
1006
1002
1002
1002
1002
1002
999
999
999
999
999
1017
1017
1017
1017
1017
1013
1013
1013
1013
1013
1009
1009
1009
1009
1009
1006
1006
1006
1006
1006
1002
1002
1002
1002
1002
1020
1020
1020
1020
1020
1016
1016
1016
1016
1016
1012
1012
1012
1012
1012
1008
1008
1008
1008
1008
1004
1004
1004
1004
1004
1001
1001
1001
1001
1001
1019
1019
1019
1019
1019
1015
1015
1015
1015
1015
1011
1011
1011
1011
1011
1007
1007
1007
1007
1007
1003
1003
1003
1003
1003
1021
1021
1021
1021
1021
1017
1017
1017
1017
1017
1013
1013
1013
1013
1013
1009
1009
1009
1009
1009
1005
1005
1005
1005
1005
1023
1023
1023
1023
1023
1019
1019
1019
1019
1019
1015
1015
1015
1015
1015
1011
1011
1011
1011
1011
1007
1007
1007
1007
1007
1003
1003
1003
1003
1003
1020
1020
1010
1010
1010
1010
1010
1010
1010
1010
1010
1010
1010
1010
1010
1010
1010
1010
1010
1010
1010
1010
1010
1010
1010
1010
1010
1010
1010
1010
1010
1010
1010
1010
1010
1010
1010
1010
1010
551
551
560
560
560
560
560
560
560
560
560
560
560
560
560
560
560
560
560
560
560
560
560
560
560
560
560
560
560
560
560
560
560
560
560
560
560
560
560
560
301
301
320
320
320
320
320
320
320
320
320
320
320
320
320
320
320
320
320
320
320
320
226
226
226
226
226
226
226
226
226
226
226
226
226
226
226
226
226
174
194
190
190
190
183
183
177
177
177
171
171
165
165
165
159
159
157
157
157
152
152
147
147
147
142
142
138
138
138
133
133
129
129
129
128
128
124
124
124
120
120
116
116
116
113
113
109
109
109
106
106
105
105
102
102
102
99
99
96
96
96
94
94
91
91
91
89
89
88
88
88
86
86
84
84
84
82
82
80
80
80
78
78
76
76
76
76
76
74
74
74
72
72
71
71
71
69
69
68
68
68
66
66
66
66
65
65
65
63
63
62
62
62
61
61
60
60
60
59
59
58
58
58
57
57
56
56
56
55
55
54
54
54
53
53
53
53
53
53
53
52
52
52
51
51
50
50
50
49
49
49
49
49
49
49
48
48
48
47
47
47
47
47
46
46
46
46
45
45
45
45
45
45
45
45
44
44
44
44
44
43
43
42
42
42
42
42
42
42
42
42
42
42
42
42
41
41
41
41
41
41
41
41
41
41
36
36
36
36
104
104
104
104
104
176
176
176
176
176
242
242
242
242
242
302
302
302
302
302
356
356
356
356
356
415
415
415
415
415
461
461
461
461
461
503
503
503
503
503
542
542
542
542
542
576
576
576
576
576
621
621
621
621
621
651
651
651
651
651
677
677
677
677
677
701
701
701
701
701
723
723
723
723
723
742
742
742
742
742
777
777
777
777
777
793
793
793
793
793
807
807
807
807
807
820
820
820
820
820
832
832
832
832
832
861
861
861
861
861
870
870
870
870
870
878
878
878
878
878
885
885
885
885
885
892
892
892
892
892
917
917
917
917
917
921
921
921
921
921
926
926
926
926
926
929
929
929
929
929
932
932
932
932
932
934
934
934
934
934
956
956
956
956
956
958
958
958
958
958
958
958
958
958
958
959
959
959
959
959
959
959
959
959
959
980
980
980
980
980
979
979
979
979
979
978
978
978
978
978
977
977
977
977
977
976
976
976
976
976
975
975
975
975
975
994
994
994
994
994
992
992
992
992
992
990
990
990
990
990
988
988
988
988
988
985
985
985
985
985
1005
1005
1005
1005
1005
1002
1002
1002
1002
1002
999
999
999
999
999
996
996
996
996
996
993
993
993
993
993
1012
1012
1012
1012
1012
1009
1009
1009
1009
1009
1006
1006
1006
1006
1006
1002
1002
1002
1002
1002
999
999
999
999
999
995
995
995
995
995
1014
1014
1014
1014
1014
1010
1010
1010
1010
1010
1007
1007
1007
1007
1007
1003
1003
1003
1003
1003
1000
1000
1000
1000
1000
1018
1018
1018
1018
1018
1014
1014
1014
1014
1014
1010
1010
1010
1010
1010
1007
1007
1007
1007
1007
1003
1003
1003
1003
1003
1021
1021
1021
1021
1021
1017
1017
1017
1017
1017
1013
1002
1002
1002
1002
1002
1002
1002
1002
1002
1002
1002
1002
1002
1002
1002
1002
1002
1002
1002
1002
1002
1002
1002
1002
1002
1002
1002
1002
1002
1002
1002
1002
1002
1002
1002
1002
558
558
559
559
559
559
559
559
559
559
559
559
559
559
559
559
559
559
559
559
559
559
559
559
395
395
395
395
395
395
395
395
395
395
333
333
333
333
333
333
306
306
324
324
311
311
311
311
311
311
311
311
311
311
261
261
261
261
261
261
261
261
261
261
225
225
225
225
225
225
225
225
225
225
189
189
189
189
189
189
173
193
189
189
182
182
182
176
176
174
171
171
168
168
162
162
162
156
156
151
151
151
146
146
141
141
141
140
140
135
135
135
131
131
127
127
127
123
123
119
119
119
116
116
114
113
113
111
111
108
108
108
104
104
101
101
101
99
99
96
96
96
95
95
93
93
93
90
90
88
88
85
85
85
83
83
81
81
81
81
81
79
79
79
77
77
75
75
75
73
73
72
72
72
70
70
70
70
70
68
68
67
67
67
65
65
64
64
64
63
63
62
62
62
62
62
60
60
59
59
59
58
58
57
57
57
56
56
56
55
55
55
55
54
54
54
53
53
52
52
52
51
51
51
51
51
51
51
50
50
50
49
49
49
49
49
48
48
47
47
47
47
47
47
47
47
46
46
46
46
46
45
45
45
45
45
44
44
43
43
43
44
44
43
43
43
43
43
42
42
42
42
42
41
41
41
41
41
41
41
41
41
41
41
41
41
41
36
36
36
36
117
117
117
117
187
187
187
187
251
251
251
251
298
298
298
286
286
319
319
319
319
373
373
373
373
422
422
422
422
422
467
467
467
467
508
508
508
508
508
557
557
557
557
557
591
591
591
591
591
622
622
622
622
622
651
651
651
651
651
676
676
673
673
673
645
645
645
618
605
605
605
567
567
567
544
534
534
534
512
512
512
490
483
483
462
462
462
462
462
462
462
462
462
406
417
417
417
417
417
463
463
463
463
463
505
505
505
505
505
543
543
543
543
543
577
577
577
577
577
622
622
622
622
622
651
651
651
651
651
677
677
677
677
677
701
701
701
701
701
722
722
722
722
722
758
758
758
758
758
776
776
776
776
776
792
792
792
792
792
806
806
806
806
806
819
819
819
819
819
848
848
848
848
848
859
859
859
859
859
868
868
868
868
868
876
876
876
876
876
883
883
883
883
883
889
889
889
889
889
915
915
915
915
915
919
919
919
919
919
923
923
923
923
923
927
927
927
927
927
929
929
929
929
929
952
952
952
952
952
954
954
954
954
954
955
955
955
955
955
956
956
956
956
956
956
956
956
956
956
977
977
977
977
977
977
977
977
977
977
977
977
977
977
977
976
976
976
976
976
975
975
975
975
975
973
973
973
973
973
993
993
993
993
993
991
991
991
991
991
989
989
989
989
989
987
987
987
987
987
985
985
985
985
985
1004
1004
1004
1004
1004
1002
1002
1002
1002
1002
999
999
999
999
999
996
996
996
996
996
993
993
993
993
993
990
990
990
990
990
1009
1009
1009
1009
1009
1006
1006
1006
1006
1006
1003
1003
1003
1003
1003
999
999
999
999
999
996
996
996
996
996
1014
1014
1014
1014
1014
1011
1011
1011
1011
1011
1007
1007
1007
1007
1007
1004
1004
1004
1004
1004
1000
1000
1000
1000
1000
1018
1018
1018
1018
1018
1015
1015
1015
1015
1015
1011
1011
1011
1011
1011
1007
1007
1007
1007
1007
1007
1004
1004
1004
1004
1004
1000
1000
1000
1000
1000
1018
1018
1018
1018
1018
1014
1014
1014
1014
1014
1010
1010
1010
1010
1010
1006
1006
1006
1006
1006
1002
1002
1002
1002
1002
1020
1020
1020
1020
1020
1017
1017
1017
1017
1017
1013
1013
1013
1013
1013
1009
1009
1009
1009
1009
1005
1005
1005
1005
1005
1023
1023
1023
1023
1023
1019
1019
1019
1019
1019
1015
1015
1015
1015
1015
1011
1011
1011
1011
1011
1007
1007
1007
1007
1007
1003
1003
1003
1003
1003
1021
1021
1021
1021
1021
1017
1017
1017
1017
1017
1013
1007
1007
964
964
972
972
972
972
972
971
971
971
978
978
978
978
978
978
978
978
978
978
978
978
978
978
978
978
978
978
978
978
978
978
978
978
978
978
978
978
978
978
978
978
978
978
978
978
545
564
564
564
564
564
564
564
564
564
564
564
564
564
564
564
564
564
564
564
564
564
564
564
564
564
564
564
564
564
564
564
564
564
564
564
564
564
564
301
301
324
324
324
324
324
324
324
324
324
324
324
324
324
324
324
324
324
324
324
324
324
324
324
324
324
324
324
324
324
324
324
324
324
324
324
324
324
324
177
193
193
193
193
186
186
179
179
179
173
173
167
167
167
162
162
160
160
160
154
154
149
149
144
144
144
139
139
135
135
135
131
131
129
129
129
125
125
121
121
121
117
117
114
114
114
110
110
107
107
107
106
106
103
103
103
100
100
97
97
97
94
94
92
92
92
90
90
89
89
89
87
87
85
85
85
82
82
80
80
80
78
78
77
77
76
76
76
74
74
73
73
73
71
71
69
69
69
68
68
67
67
67
66
66
65
65
65
63
63
62
62
62
61
61
60
60
60
59
59
59
59
59
58
58
56
56
56
55
55
54
54
54
54
54
53
53
53
53
53
52
52
52
51
51
50
50
50
50
50
49
49
49
49
49
49
49
48
48
48
47
47
46
46
46
46
46
45
45
45
46
46
45
45
45
44
44
44
44
44
43
43
43
43
43
42
42
43
43
43
42
42
42
42
42
42
42
42
42
42
42
42
36
36
36
79
79
79
79
79
153
153
153
153
153
224
224
224
224
224
286
286
286
286
286
343
343
343
343
343
395
395
395
395
395
442
442
442
442
442
485
485
485
485
485
535
535
535
535
535
572
572
572
572
572
604
604
604
604
604
634
634
634
634
634
661
661
661
661
661
701
701
701
701
701
723
723
723
723
723
744
744
744
744
744
762
762
762
762
762
779
779
779
779
779
794
794
794
794
794
824
824
824
824
824
837
837
837
837
837
847
847
847
847
847
857
857
857
857
857
865
865
865
865
865
892
892
892
892
892
899
899
899
899
899
904
904
904
904
904
909
909
909
909
909
914
914
914
914
914
937
937
937
937
937
940
940
940
940
940
943
943
943
943
943
945
945
945
945
945
946
946
946
946
946
947
947
947
947
947
968
968
968
968
968
969
969
969
969
969
968
968
968
968
968
968
968
968
968
968
967
967
967
967
967
987
987
987
987
987
986
986
986
986
986
985
985
985
985
985
983
983
983
983
983
981
981
981
981
981
1001
1001
1001
1001
1001
998
998
998
998
998
996
996
996
996
996
994
994
994
994
994
991
991
991
991
991
988
988
988
988
988
1007
1007
1007
1007
1007
1004
1004
1004
1004
1004
1001
1001
1001
1001
1001
998
998
998
998
998
995
995
995
995
995
1013
1013
1013
1013
1013
1010
1010
1010
1010
1010
1007
1007
1007
1007
1007
1003
1003
1003
1003
1003
1000
1000
1000
1000
1000
1018
1018
1018
1018
1018
1014
1014
1014
1014
1014
1011
1011
1011
1011
1011
1007
1007
1007
1007
1007
1003
1003
1003
1003
1003
1000
1000
1000
1000
1000
1018
1018
1018
1018
1018
1014
1014
1014
1014
1014
1010
1010
1010
1010
1010
1006
1006
1006
1010
1010
1010
1010
1010
1010
1010
1010
1010
1010
1010
1010
1010
1010
1010
1010
1010
1010
1010
1010
1010
1010
1010
1010
1010
1010
1010
1010
1010
1010
1010
1010
1010
1010
1010
1010
562
562
565
565
565
565
565
565
565
565
565
565
565
565
565
565
565
565
565
565
565
565
565
565
565
565
565
565
565
565
565
565
565
565
565
565
565
565
565
565
308
308
327
327
327
327
327
327
327
327
327
327
327
327
327
327
327
327
327
327
327
327
327
327
327
327
327
327
327
327
327
327
327
327
327
327
327
327
327
327
174
195
195
195
195
195
195
195
195
195
195
195
195
195
195
195
195
195
195
195
195
195
195
195
195
195
195
195
195
195
195
195
195
195
195
195
195
195
195
104
102
102
102
100
100
98
98
98
95
95
93
93
93
90
90
88
88
88
85
85
85
85
83
83
83
81
81
79
79
79
77
77
75
75
75
73
73
73
73
73
72
72
70
70
70
68
68
67
67
67
65
65
64
64
64
64
64
63
63
63
62
62
60
60
60
59
59
58
58
58
57
57
57
57
57
56
56
55
55
55
54
54
53
53
53
53
53
52
52
52
52
52
51
51
50
50
50
50
50
49
49
49
48
48
48
48
48
48
48
47
47
47
47
47
46
46
46
45
45
45
45
45
44
44
45
45
45
44
44
44
44
44
43
43
43
43
43
42
42
42
42
42
43
43
42
42
42
41
41
41
41
41
41
41
40
40
40
40
40
40
40
40
40
40
40
40
40
40
34
34
69
69
69
69
143
143
143
143
143
211
211
211
211
273
273
307
307
301
301
301
289
289
320
320
320
320
374
374
374
374
374
423
423
423
423
467
467
467
467
519
518
518
518
518
555
555
555
555
590
590
590
590
621
621
621
621
649
649
649
649
649
688
688
688
688
688
712
712
712
712
712
733
733
733
733
733
752
752
752
752
752
770
770
770
770
770
785
785
785
785
785
817
817
817
817
817
830
830
830
830
830
841
841
841
841
841
851
851
851
851
851
860
860
860
860
860
887
887
887
887
887
894
894
894
894
894
901
901
901
901
901
906
906
906
906
906
911
911
911
911
911
934
934
934
934
934
938
938
938
938
938
940
940
940
940
940
943
943
943
943
943
944
944
944
944
944
945
945
945
945
945
967
967
967
967
967
967
967
967
967
967
967
967
967
967
967
967
967
967
967
967
967
967
967
967
967
987
987
987
987
987
986
986
986
986
986
984
984
984
984
984
983
983
983
983
983
981
981
981
981
981
981
979
979
979
979
979
998
998
998
998
998
996
996
996
996
996
994
994
994
994
994
991
991
991
991
991
989
989
989
989
989
1007
1007
1007
1007
1007
1004
1004
1004
1004
1004
1002
1002
1002
1002
1002
998
998
998
998
998
995
995
995
995
995
1014
1014
1014
1014
1014
1010
1010
1010
1010
1010
1007
1007
1007
1007
1007
1004
1004
1004
1004
1004
1000
1000
1000
1000
1000
997
997
997
997
997
1015
1015
1015
1015
1015
1011
1011
1011
1011
1011
1008
1008
1008
1008
1008
1004
1004
1004
1004
1004
1000
1000
1000
1000
1000
1018
1018
1018
1018
1018
1015
1015
1015
1015
1015
1011
1011
1011
1011
1011
1007
1007
1007
1007
1007
1003
1003
1003
1003
1003
1021
1021
1021
1021
1021
1017
1017
1017
1017
1017
1014
1014
1014
1014
1014
1010
1010
1010
1010
1010
1006
1006
1006
1006
1006
1002
1002
1002
1002
1002
1020
1020
1020
1020
1020
1016
1016
1016
1016
1016
1012
1012
1012
1012
1012
1008
1008
1008
1008
1008
1004
1004
1004
1004
1004
1022
1013
1013
1013
1013
949
949
949
949
949
949
949
949
949
949
949
949
949
949
949
949
949
949
949
949
949
949
949
949
949
949
949
949
949
949
949
949
564
564
566
566
566
566
566
566
566
566
566
566
566
566
566
566
566
566
566
566
566
566
566
566
566
566
566
566
566
566
566
566
566
566
566
566
566
566
566
566
308
328
328
328
328
328
328
328
328
328
328
328
328
328
328
328
328
328
328
328
328
328
328
328
328
328
328
328
328
328
328
328
328
328
328
328
328
328
328
175
175
196
196
196
196
196
196
196
196
196
196
196
196
196
196
196
196
196
196
196
196
196
196
196
196
196
196
196
196
196
196
196
196
196
196
196
196
196
196
104
102
102
101
100
100
99
99
96
96
96
93
93
90
90
90
88
88
85
85
85
84
84
83
83
83
81
81
79
79
79
77
77
75
75
75
73
73
73
73
73
71
71
69
69
69
68
68
66
66
66
65
65
63
63
63
63
63
62
62
61
61
61
59
59
58
58
58
57
57
56
56
56
56
56
55
55
55
54
54
53
53
53
52
52
51
51
51
50
50
51
51
51
50
50
49
49
49
48
48
48
48
48
47
47
46
46
46
47
47
46
46
46
45
45
45
45
45
44
44
44
44
44
43
43
43
43
43
43
43
42
42
42
42
42
41
41
41
41
41
41
41
41
41
41
40
40
40
40
40
40
40
39
39
39
39
39
39
39
39
39
39
39
39
39
39
39
34
54
54
54
54
129
129
129
129
129
202
202
202
202
266
266
302
302
296
296
289
289
289
324
324
324
324
377
377
377
377
434
434
434
434
479
493
483
483
483
517
517
517
517
517
554
554
554
554
554
588
588
588
588
588
619
619
619
619
619
661
661
661
661
661
687
687
687
687
687
710
710
710
710
710
731
731
731
731
731
750
750
750
750
750
784
784
784
784
784
800
800
800
800
800
814
814
814
814
814
826
826
826
826
826
837
837
837
837
837
866
866
866
866
866
875
875
875
875
875
883
883
883
883
883
890
890
890
890
890
896
896
896
896
896
901
901
901
901
901
925
925
925
925
925
925
929
929
929
929
929
932
932
932
932
932
935
935
935
935
935
937
937
937
937
937
959
959
959
959
959
960
960
960
960
960
961
961
961
961
961
961
961
961
961
961
961
961
961
961
961
961
961
961
961
961
982
982
982
982
982
981
981
981
981
981
980
980
980
980
980
978
978
978
978
978
977
977
977
977
977
996
996
996
996
996
994
994
994
994
994
992
992
992
992
992
990
990
990
990
990
987
987
987
987
987
1006
1006
1006
1006
1006
1004
1004
1004
1004
1004
1001
1001
1001
1001
1001
998
998
998
998
998
995
995
995
995
995
992
992
992
992
992
1010
1010
1010
1010
1010
1007
1007
1007
1007
1007
1004
1004
1004
1004
1004
1000
1000
1000
1000
1000
1000
997
997
997
997
997
1015
1015
1015
1015
1015
1012
1012
1012
1012
1012
1008
1008
1008
1008
1008
1005
1005
1005
1005
1005
1001
1001
1001
1001
1001
1019
1019
1019
1019
1019
1016
1016
1016
1016
1016
1012
1012
1012
1012
1012
1008
1008
1008
1008
1008
1004
1004
1004
1004
1004
1000
1000
1000
1000
1000
1018
1018
1018
1018
1001
1001
1001
958
958
958
958
958
958
879
879
877
877
877
877
884
884
884
884
909
909
909
909
909
914
914
918
918
879
860
860
860
860
875
875
875
875
875
882
882
882
882
882
888
888
888
888
888
913
913
913
913
913
918
918
918
918
918
922
922
922
922
922
925
925
925
925
925
928
928
928
928
928
951
951
951
951
951
952
952
952
952
952
954
954
954
954
954
955
955
955
955
955
955
955
955
955
955
976
976
976
976
976
976
976
976
976
976
975
975
975
975
975
975
975
975
975
975
973
973
973
973
973
972
972
972
972
972
992
992
992
992
992
990
990
990
990
990
988
988
988
988
988
986
986
986
986
986
984
984
984
984
984
1003
1003
1003
1003
1003
1001
1001
1001
1001
1001
998
998
998
998
998
995
995
995
995
995
992
992
992
992
992
1011
1011
1011
1011
1011
1008
1008
1008
1008
1008
1005
1005
1005
1005
1005
1002
1002
1002
1002
1002
998
998
998
998
998
995
995
995
995
995
1013
1013
1013
1013
1013
1010
1010
1010
1010
1010
1006
1006
1006
1006
1006
1003
1003
1003
1003
1003
999
999
999
999
999
1017
1017
1017
1017
1017
1014
1014
1014
1014
1014
1010
1010
1010
1010
1010
1006
1006
1006
1006
1006
1002
1002
1002
1002
1002
1021
1021
1021
1021
1021
1021
1017
1017
1017
1017
1017
1013
1013
1013
1013
1013
1009
1009
1009
1009
1009
1005
1005
1005
1005
1005
1001
1001
1001
1001
1001
1019
1019
1019
1019
1019
1015
1015
1015
1015
1015
1011
1011
1011
1011
1011
1008
1008
1008
1008
1008
1004
1004
1004
1004
1004
1022
1022
1022
1022
1022
1018
1018
1018
1018
1018
1014
1014
1014
1014
1014
1010
1010
1010
1010
1010
1006
1006
1006
1006
1006
1002
1002
1002
1002
1002
1020
1020
1020
1020
1020
1015
1015
1015
1015
1015
1011
1011
1011
1011
1011
1007
1007
1007
1007
1007
1003
1003
1003
1003
1003
1021
1021
1021
1021
1021
1017
1017
1017
1017
1017
1013
1013
1013
1013
1013
1009
1009
1009
1009
1009
1005
1005
1005
1005
1005
1005
1005
1005
1005
1005
1005
1005
1005
1005
1005
805
805
805
805
805
805
805
805
805
805
805
805
805
805
805
805
805
805
805
805
805
805
569
570
570
570
570
570
570
570
570
570
570
570
570
570
570
570
570
570
570
570
570
570
570
570
570
570
570
570
570
570
570
570
570
570
570
570
570
570
570
310
310
323
323
323
323
323
323
323
323
323
323
323
323
323
323
323
323
323
323
323
323
323
323
323
323
323
323
323
323
323
323
323
323
323
323
323
323
323
323
176
176
197
197
197
197
197
197
197
197
197
197
197
197
197
197
197
197
197
197
197
197
197
197
197
197
197
197
197
197
197
197
197
197
197
197
197
197
197
197
103
103
103
100
100
99
99
99
97
97
94
94
94
91
91
89
89
89
86
86
84
84
84
84
84
81
81
81
79
79
77
77
77
75
75
73
73
73
73
73
71
71
70
70
70
68
68
66
66
66
65
65
64
64
64
63
63
62
62
62
61
61
60
60
60
58
58
57
57
57
56
56
56
56
56
55
55
54
54
54
53
53
52
52
52
51
51
50
50
50
51
51
50
50
50
49
49
48
48
48
48
48
47
47
47
46
46
47
47
47
46
46
46
46
45
45
45
45
45
44
44
44
44
44
44
44
44
43
43
43
43
43
42
42
42
42
42
41
41
41
41
41
41
41
41
41
41
40
40
40
40
39
39
39
39
39
39
39
39
39
39
39
39
39
39
39
39
39
34
34
34
34
34
106
106
106
106
106
177
177
177
177
177
247
247
247
247
247
307
307
307
307
307
362
362
362
362
362
412
412
412
412
412
457
457
457
457
457
510
510
510
510
510
548
548
548
548
548
583
583
583
583
583
615
615
615
615
615
644
644
644
644
644
670
670
670
670
670
709
709
709
709
709
731
731
731
731
731
750
750
750
750
750
768
768
768
768
768
784
784
784
784
784
816
816
816
816
816
829
829
829
829
829
840
840
840
840
840
851
851
851
851
851
860
860
860
860
860
887
887
887
887
887
894
894
894
894
894
901
901
901
901
901
906
906
906
906
906
911
911
911
911
911
915
915
915
915
915
938
938
938
938
938
941
941
941
941
941
943
943
943
943
943
945
945
945
945
945
946
946
946
946
946
968
968
968
968
968
968
968
968
968
968
968
968
968
968
968
968
968
968
968
968
968
968
968
968
968
967
967
967
967
967
987
987
987
987
987
986
986
986
986
986
984
984
984
984
984
982
982
982
982
982
980
980
980
980
980
1000
1000
1000
1000
1000
997
997
997
997
997
995
995
995
995
995
992
992
992
992
992
990
990
990
990
990
1009
1009
1009
1009
1009
1006
1006
1006
1006
1006
1003
1003
1003
1003
1003
1000
1000
1000
1000
1000
997
997
997
997
997
993
993
993
993
993
1012
1012
1012
1012
1012
1009
1009
1009
1009
1009
1005
1005
1005
1005
1005
1002
1002
1002
1002
1002
998
998
998
998
998
1016
1016
1016
1016
1016
1013
1013
1013
1013
1013
1009
1009
1009
1009
1009
1006
1006
1006
1006
1006
1002
1002
1002
1002
1002
1020
1020
1020
1020
1020
1016
1016
1016
1016
1016
1012
1012
1012
1012
1012
1009
1009
1009
1009
1009
1005
1005
1005
1005
1005
1001
1001
1009
1009
1009
1009
1009
1009
1009
1009
1009
1009
1009
1009
1009
1009
1009
1009
1009
1009
1009
1009
1009
1009
1009
1009
1009
1009
1009
1009
1009
1009
1009
1009
1009
1009
1009
1009
562
562
564
564
564
564
564
564
564
564
564
564
564
564
564
564
564
564
564
564
564
564
564
564
564
564
564
564
564
564
564
564
564
564
564
564
564
564
564
564
307
327
327
327
327
327
327
327
327
327
327
327
327
327
327
327
327
327
327
327
327
327
327
327
327
327
327
327
327
327
327
327
327
327
327
327
327
327
327
174
174
195
195
195
195
195
195
195
195
195
195
195
195
195
195
195
195
195
195
195
195
195
195
195
195
195
195
195
195
195
195
195
195
195
195
195
195
195
195
104
102
102
101
101
101
98
98
95
95
95
93
93
90
90
90
88
88
85
85
85
85
85
83
83
83
81
81
79
79
79
77
77
75
75
73
73
73
73
73
71
71
71
70
70
68
68
68
66
66
65
65
65
64
64
64
64
64
63
63
61
61
61
60
60
59
59
59
58
58
57
57
57
57
57
56
56
56
55
55
54
54
54
53
53
52
52
52
51
51
52
52
51
51
51
50
50
49
49
49
49
49
48
48
48
47
47
47
47
47
47
47
46
46
46
46
46
45
45
45
44
44
44
44
44
44
44
44
44
44
43
43
43
43
43
42
42
42
42
42
42
42
42
42
41
41
41
41
41
40
40
40
40
40
39
39
39
40
40
40
40
40
40
40
40
40
40
40
40
40
40
40
40
40
40
30
49
49
49
49
127
127
127
127
197
197
197
197
261
261
261
302
302
296
296
290
290
322
322
322
322
383
383
383
383
383
432
432
432
432
477
477
477
477
477
517
517
517
517
517
554
554
554
554
554
587
587
587
587
587
631
631
631
631
631
660
660
660
660
660
685
684
684
684
684
643
643
630
630
630
590
590
590
590
568
556
556
533
533
533
510
510
510
510
510
471
471
471
471
471
512
512
512
512
512
549
549
549
549
549
595
595
595
595
595
626
626
626
626
626
655
655
655
655
655
680
680
680
680
680
704
704
704
704
704
741
741
741
741
741
760
760
760
760
760
777
777
777
777
777
793
793
793
793
793
807
807
807
807
807
820
820
820
820
820
849
849
849
849
849
859
859
859
859
859
868
868
868
868
868
876
876
876
876
876
883
883
883
883
883
909
909
909
909
909
914
914
914
914
914
919
919
919
919
919
923
923
923
923
923
926
926
926
926
926
928
928
928
928
928
951
951
951
951
951
953
953
953
953
953
954
954
954
954
954
955
955
955
955
955
955
955
955
955
955
976
976
976
976
976
976
976
976
976
976
975
975
975
975
975
974
974
974
974
974
973
973
973
973
973
993
993
993
993
993
991
991
991
991
991
990
990
990
990
990
988
988
988
988
988
985
985
985
985
985
983
983
983
983
983
1002
1002
1002
1002
1002
1000
1000
1000
1000
1000
997
997
997
997
997
994
994
994
994
994
991
991
991
991
991
1010
1010
1010
1010
1010
1007
1007
1007
1007
1007
1004
1004
1004
1004
1004
1001
1001
1001
1001
1001
997
997
997
997
997
1016
1016
1016
1016
1016
1012
1012
1012
1012
1012
1009
1009
1009
1009
1009
1005
1005
1005
1005
1005
1002
1002
1002
1002
1002
998
998
998
998
998
1016
1016
1016
1016
1016
1013
1013
1013
1013
1013
1009
1009
1009
1009
1009
1005
1005
1005
1005
1005
1001
1001
1001
1001
1001
1020
1020
1020
1020
1020
1016
1016
1016
1016
1016
1012
1012
1012
1012
1012
1008
1008
1008
1008
1008
1004
1004
1004
1004
1004
1000
1000
1000
1000
1000
1018
1018
1018
1018
1018
1014
1014
1014
1014
1014
1010
1010
1010
1010
1010
1006
1006
1006
1006
1006
1002
1002
1002
1002
1002
1020
1020
1020
1020
1020
1016
1016
1016
1016
1016
1012
1012
1012
1012
1012
1012
1008
1008
1008
1008
1008
1004
1004
1004
1004
1004
1022
1022
1022
1022
1022
1018
1018
1018
1018
1018
1014
1014
1014
1014
1014
1010
1010
1010
1010
1010
1006
1006
1006
1006
1006
1002
1002
1002
1002
1002
1020
1020
1007
1007
1007
1007
1007
1007
1007
1007
1007
1007
1007
1007
1007
1007
1007
1007
1007
1007
1007
1007
1007
1007
1007
1007
1007
1007
1007
1007
1007
1007
1007
1007
1007
1007
1007
573
579
579
579
579
579
579
579
520
520
520
520
520
520
520
520
520
520
520
520
520
520
520
520
520
520
520
520
520
520
520
520
520
520
520
520
520
520
520
316
316
340
340
340
340
340
340
340
340
340
340
340
340
340
340
340
340
340
340
340
340
340
340
340
340
340
340
340
340
340
340
340
340
340
340
340
340
340
340
181
181
198
198
198
192
192
186
186
186
182
182
176
176
176
170
170
164
164
164
159
159
153
153
153
150
150
147
147
142
142
142
137
137
133
133
133
129
129
125
125
125
124
124
120
120
120
116
116
112
112
112
109
109
106
106
106
103
103
102
102
102
99
99
96
96
96
94
94
91
91
91
89
89
86
86
86
86
86
84
84
84
82
82
80
80
80
78
78
76
76
74
74
74
74
74
72
72
72
71
71
69
69
69
67
67
66
66
66
64
64
64
64
64
63
63
62
62
62
61
61
60
60
60
59
59
57
57
57
58
58
57
57
57
56
56
55
55
55
54
54
53
53
53
52
52
52
52
51
51
51
50
50
50
50
50
49
49
48
48
48
48
48
48
48
48
47
47
47
47
47
46
47
46
46
46
45
45
45
45
45
45
45
44
44
44
43
43
43
43
42
42
42
42
42
42
42
42
42
42
42
42
42
42
42
42
36
36
36
36
36
36
36
132
132
132
132
132
202
202
202
202
202
265
265
265
265
265
323
323
323
323
323
376
376
376
376
376
433
433
433
433
433
478
478
478
478
478
518
518
518
518
518
555
555
555
555
555
589
589
589
589
589
633
633
633
633
633
661
661
661
661
661
687
687
687
687
687
710
710
710
710
710
731
731
731
731
731
750
750
750
750
750
783
783
783
783
783
799
799
799
799
799
813
813
813
813
813
825
825
825
825
825
837
837
837
837
837
865
865
865
865
865
874
874
874
874
874
882
882
882
882
882
889
889
889
889
889
895
895
895
895
895
919
919
919
919
919
924
924
924
924
924
928
928
928
928
928
931
931
931
931
931
933
933
933
933
933
935
935
935
935
935
958
958
958
958
958
959
959
959
959
959
959
959
959
959
959
960
960
960
960
960
960
960
960
960
960
980
980
980
980
980
980
980
980
980
980
979
979
979
979
979
978
978
978
978
978
976
976
976
976
976
996
996
996
996
996
994
994
994
994
994
992
992
992
992
992
990
990
990
990
990
988
988
988
988
988
985
985
985
985
985
1004
1004
1004
1004
1004
1002
1002
1002
1002
1002
999
999
999
999
999
996
996
996
996
996
993
993
993
993
993
1012
1012
1012
1012
1012
1008
1008
1008
1008
1008
1005
1005
1005
1005
1005
1002
1002
1002
1002
1002
998
998
998
998
998
995
995
995
995
995
1013
1013
1013
1013
1013
1010
1010
1010
1010
1010
1006
1006
1006
1006
1006
1003
1003
1003
1003
1003
999
999
999
999
999
1017
1017
1017
1017
1017
1013
1013
1013
1013
1013
1010
1010
1010
1010
1010
1006
1006
1006
1006
1006
1002
1002
1002
1002
1002
1020
1020
1020
1020
1020
1020
1020
1020
1020
1020
1020
1020
1020
1020
1020
1020
1020
1020
1020
1020
1020
1020
1020
1020
1020
1020
1020
1020
1020
1020
1020
1020
1020
1020
1020
1020
1020
1020
1020
1020
556
556
570
570
570
570
570
570
570
570
570
570
570
570
570
570
570
570
570
570
570
570
570
570
570
570
570
570
570
570
570
570
570
570
570
570
570
570
570
570
304
304
324
324
324
324
324
324
324
324
324
324
324
324
324
324
324
324
324
324
324
324
324
324
324
324
324
324
324
324
324
324
324
324
324
324
324
324
324
324
173
193
193
189
189
182
182
182
176
176
170
170
170
165
165
162
162
162
157
157
151
151
151
146
146
141
141
141
137
137
134
134
134
131
131
127
127
127
123
123
119
119
119
115
115
112
112
112
111
111
107
107
107
104
104
101
101
101
98
98
95
95
93
93
93
92
92
89
89
89
87
87
85
85
85
83
83
81
81
81
79
79
78
78
78
76
76
75
75
75
73
73
71
71
71
69
69
68
68
68
68
68
66
66
66
65
65
63
63
63
62
62
61
61
61
59
59
60
60
60
58
58
57
57
57
56
56
55
55
54
54
54
53
53
53
53
53
53
53
52
52
52
51
51
50
50
50
49
49
49
49
49
49
49
48
48
48
47
47
46
46
46
46
46
45
45
45
45
45
45
45
45
44
44
44
44
44
43
43
43
43
43
42
42
43
43
43
42
42
42
42
42
41
41
41
41
41
41
41
41
41
41
41
41
41
41
41
41
34
34
34
34
34
129
129
129
129
198
198
198
198
198
262
262
262
309
303
303
296
296
296
328
328
328
328
382
382
382
382
431
431
431
431
431
475
475
475
475
515
515
515
515
550
550
550
550
597
597
597
597
628
628
628
628
628
653
653
653
653
653
680
680
680
680
680
703
703
703
703
703
740
740
740
740
740
759
759
759
759
759
777
777
777
777
777
792
792
792
792
792
806
806
806
806
806
837
837
837
837
837
848
848
848
848
848
858
858
858
858
858
867
867
867
867
867
875
875
875
875
875
882
882
882
882
882
907
907
907
907
907
913
913
913
913
913
917
917
917
917
917
921
921
921
921
921
924
924
924
924
924
947
947
947
947
947
949
949
949
949
949
951
951
951
951
951
952
952
952
952
952
953
953
953
953
953
974
974
974
974
974
974
974
974
974
974
974
974
974
974
974
973
973
973
973
973
972
972
972
972
972
971
971
971
971
971
991
991
991
991
991
990
990
990
990
990
988
988
988
988
988
986
986
986
986
986
984
984
984
984
984
1003
1003
1003
1003
1003
1000
1000
1000
1000
1000
998
998
998
998
998
995
995
995
995
995
992
992
992
992
992
989
989
989
989
989
1008
1008
1008
1008
1008
1005
1005
1005
1005
1005
1002
1002
1002
1002
1002
999
999
999
999
999
995
995
995
995
995
1014
1014
1014
1014
1014
1010
1010
1010
1010
1010
1007
1007
1007
1007
1007
1003
1003
1003
1003
1003
1000
1000
1000
1000
1000
1018
1018
1018
1018
1018
1014
1014
1014
1014
1014
1011
1011
1011
1011
1011
1007
1007
1007
1007
1007
1003
1003
1003
1003
1003
999
999
999
999
999
1018
1018
1018
1018
1018
1014
1014
1014
1014
1014
1010
1010
1010
1010
1010
1006
1006
1006
1006
1006
1002
1002
1002
1002
1002
1020
1020
1020
1020
1020
1016
1016
1016
1016
1016
1012
1012
1012
1012
1012
1008
1008
1008
1008
1008
1004
1004
1004
1004
1004
1022
1022
1022
1022
1022
1018
1018
1018
1018
1018
1014
1014
1014
1014
1014
1010
1010
1010
1010
1010
1006
1006
1006
1006
1006
1006
1006
1006
1006
1006
1006
1006
1006
1006
1006
1006
1006
1006
1006
1006
1006
1006
1006
1006
1006
1006
1006
1006
1006
1006
1006
1006
1006
1006
1006
1006
1006
563
577
577
577
577
577
577
577
577
577
577
577
577
577
577
577
577
577
577
577
577
577
577
577
577
577
577
577
577
577
577
577
577
577
577
577
577
577
577
577
308
327
327
327
327
327
327
327
327
327
327
327
327
327
327
327
327
327
327
327
327
327
327
327
327
327
327
327
327
327
327
327
327
327
327
327
327
327
327
174
174
196
187
187
187
185
185
178
178
178
172
172
166
166
166
161
161
155
155
155
150
150
148
148
148
143
143
139
139
139
134
134
130
130
130
126
126
122
122
122
120
120
117
117
117
113
113
110
110
110
106
106
103
103
103
101
101
99
99
97
97
97
94
94
91
91
91
89
89
86
86
86
84
84
84
84
84
82
82
79
79
79
77
77
76
76
76
74
74
73
73
73
72
72
70
70
70
69
69
67
67
67
66
66
64
64
64
64
64
63
63
63
62
62
60
60
59
59
59
58
58
57
57
57
57
57
56
56
56
55
55
54
54
54
53
53
53
53
53
52
52
52
52
52
51
51
50
50
50
49
49
49
49
49
48
48
47
47
47
47
47
47
47
47
46
46
45
45
45
45
45
44
44
44
44
44
44
44
44
44
44
43
43
43
43
43
42
42
42
42
42
41
41
42
42
42
41
41
41
41
41
41
41
41
41
41
41
44
44
44
44
44
120
120
120
120
194
194
194
194
259
259
259
306
300
300
287
287
287
320
320
320
320
373
373
373
373
421
421
421
421
476
476
487
487
487
514
514
514
514
514
552
552
552
552
552
586
586
586
586
586
617
617
617
617
617
659
659
659
659
659
685
685
685
685
685
709
709
709
709
709
730
730
730
730
730
749
749
749
749
749
767
767
767
767
767
799
799
799
799
799
814
814
814
814
814
826
826
826
826
826
838
838
838
838
838
848
848
848
848
848
875
875
875
875
875
883
883
883
883
883
891
891
891
891
891
897
897
897
897
897
902
902
902
902
902
926
926
926
926
926
930
930
930
930
930
930
934
934
934
934
934
936
936
936
936
936
938
938
938
938
938
940
940
940
940
940
962
962
962
962
962
963
963
963
963
963
963
963
963
963
963
963
963
963
963
963
963
963
963
963
963
983
983
983
983
983
982
982
982
982
982
981
981
981
981
981
980
980
980
980
980
978
978
978
978
978
998
998
998
998
998
996
996
996
996
996
994
994
994
994
994
992
992
992
992
992
989
989
989
989
989
987
987
987
987
987
1006
1006
1006
1006
1006
1003
1003
1003
1003
1003
1000
1000
1000
1000
1000
997
997
997
997
997
994
994
994
994
994
1012
1012
1012
1012
1012
1009
1009
1009
1009
1009
1006
1006
1006
1006
1006
1006
1003
1003
1003
1003
1003
999
999
999
999
999
996
996
996
996
996
1014
1014
1014
1014
1014
1010
1010
1010
1010
1010
1007
1007
1007
1007
1007
1003
1003
1003
1003
1003
999
999
999
999
999
1018
1018
1018
1018
1018
1014
1014
1014
1014
1014
1010
1010
1010
1010
1010
1006
1006
1006
1006
1006
1003
1003
1003
1003
1003
1021
1021
1021
1021
1021
1011
1011
1011
948
948
948
948
948
948
948
851
851
851
851
862
862
862
862
862
870
870
870
870
896
896
896
896
895
895
895
857
857
855
855
855
855
855
864
864
864
864
864
872
872
872
872
872
898
898
898
898
898
904
904
904
904
904
909
909
909
909
909
914
914
914
914
914
918
918
918
918
918
941
941
941
941
941
944
944
944
944
944
946
946
946
946
946
948
948
948
948
948
949
949
949
949
949
950
950
950
950
950
971
971
971
971
971
971
971
971
971
971
971
971
971
971
971
970
970
970
970
970
969
969
969
969
969
989
989
989
989
989
988
988
988
988
988
986
986
986
986
986
985
985
985
985
985
983
983
983
983
983
1002
1002
1002
1002
1002
1000
1000
1000
1000
1000
997
997
997
997
997
995
995
995
995
995
992
992
992
992
992
989
989
989
989
989
1008
1008
1008
1008
1008
1005
1005
1005
1005
1005
1002
1002
1002
1002
1002
999
999
999
999
999
996
996
996
996
996
1014
1014
1014
1014
1014
1011
1011
1011
1011
1011
1007
1007
1007
1007
1007
1004
1004
1004
1004
1004
1000
1000
1000
1000
1000
997
997
997
997
997
1015
1015
1015
1015
1015
1011
1011
1011
1011
1011
1008
1008
1008
1008
1008
1004
1004
1004
1004
1004
1000
1000
1000
1000
1000
1018
1018
1018
1018
1018
1015
1015
1015
1015
1015
1011
1011
1011
1011
1011
1007
1007
1007
1007
1007
1003
1003
1003
1003
1003
1021
1021
1021
1021
1021
1017
1017
1017
1017
1017
1013
1013
1013
1013
1013
1009
1009
1009
1009
1009
1005
1005
1005
1005
1005
1002
1002
1002
1002
1002
1019
1019
1019
1019
1019
1016
1016
1016
1016
1016
1012
1012
1012
1012
1012
1008
1008
1008
1008
1008
1004
1004
1004
1004
1004
1022
1022
1022
1022
1022
1018
1018
1018
1018
1018
1013
1013
1013
1013
1013
1009
1009
1009
1009
1009
1005
1005
1005
1005
1005
1023
1023
1023
1023
1023
1019
1019
1019
1019
1019
1015
1015
1015
1015
1015
1011
1011
1011
1011
1011
1007
1007
1007
1012
1012
1012
1012
1012
1012
1012
908
908
908
908
908
908
908
908
908
908
764
764
764
764
764
764
764
764
764
764
764
764
764
764
764
764
764
764
764
564
573
573
573
573
573
573
573
573
573
573
573
573
573
573
573
573
573
573
573
573
573
573
573
573
573
573
573
573
573
573
573
573
573
573
573
573
573
573
573
308
328
328
328
328
328
328
328
328
328
328
328
328
328
328
328
328
328
328
328
328
328
328
328
328
328
328
328
328
328
328
328
328
328
328
328
328
328
328
175
175
195
195
187
187
185
185
185
178
178
172
172
172
166
166
160
160
160
155
155
150
150
149
149
149
144
144
139
139
139
135
135
130
130
130
126
126
123
123
123
121
121
117
117
117
114
114
110
110
110
107
107
104
104
104
102
102
100
100
100
97
97
94
94
94
92
92
89
89
89
87
87
86
86
84
84
84
82
82
80
80
80
78
78
76
76
76
74
74
74
74
74
73
73
71
71
71
69
69
68
68
68
66
66
65
65
65
65
65
63
63
63
62
62
61
61
61
60
60
59
59
59
57
57
58
58
58
57
57
56
56
55
55
55
54
54
53
53
53
52
52
52
52
52
52
52
51
51
51
50
50
49
49
49
48
48
48
48
48
48
48
47
47
47
47
47
46
46
46
46
46
45
45
45
44
44
45
45
44
44
44
44
44
43
43
43
43
43
42
42
42
42
42
42
42
42
42
42
42
42
42
42
42
42
42
42
37
37
37
37
101
101
101
101
101
173
173
173
173
173
243
243
243
243
243
303
303
303
303
303
358
358
358
358
358
409
409
409
409
409
454
454
454
454
454
507
507
507
507
507
545
545
545
545
545
581
581
581
581
581
613
613
613
613
613
641
641
641
641
641
682
682
682
682
682
707
707
707
707
707
728
728
728
728
728
748
748
748
748
748
766
766
766
766
766
782
782
782
782
782
814
814
814
814
814
827
827
827
827
827
839
839
839
839
839
849
849
849
849
849
858
858
858
858
858
885
885
885
885
885
893
893
893
893
893
899
899
899
899
899
905
905
905
905
905
909
909
909
909
909
913
913
913
913
913
937
937
937
937
937
940
940
940
940
940
942
942
942
942
942
944
944
944
944
944
945
945
945
945
945
966
966
966
966
966
967
967
967
967
967
967
967
967
967
967
967
967
967
967
967
966
966
966
966
966
987
987
987
987
987
986
986
986
986
986
984
984
984
984
984
983
983
983
983
983
981
981
981
981
981
979
979
979
979
979
999
999
999
999
999
996
996
996
996
996
994
994
994
994
994
991
991
991
991
991
989
989
989
989
989
1008
1008
1008
1008
1008
1005
1005
1005
1005
1005
1002
1002
1002
1002
1002
999
999
999
999
999
995
995
995
995
995
1014
1014
1014
1014
1014
1011
1011
1011
1011
1011
1007
1007
1007
1007
1007
1004
1004
1004
1004
1004
1001
1001
1001
1001
1001
997
997
997
997
997
1015
1015
1015
1015
1015
1012
1012
1012
1012
1012
1008
1008
1008
1008
1008
1004
1004
1004
1004
1004
1001
1001
1001
1001
1001
1019
1019
1019
1019
1019
1015
1015
1015
1015
1015
1011
1011
1011
1011
1011
1007
1007
1007
1007
1007
1004
1004
1004
1004
1004
1000
1000
1000
1020
1020
1020
1020
1020
1020
1020
1020
1020
1020
1020
1020
1020
1020
1020
1020
1020
1020
1020
1020
1020
1020
1020
1020
1020
1020
1020
1020
1020
1020
1020
1020
1020
1020
1020
1020
556
570
570
570
570
570
570
570
570
570
570
570
570
570
570
570
570
570
570
570
570
570
570
570
570
570
570
570
570
570
570
570
570
570
570
570
570
570
570
570
304
323
323
323
323
323
323
323
323
323
323
323
323
323
323
323
323
323
323
323
323
323
323
323
323
323
323
323
323
323
323
323
323
323
323
323
323
323
323
172
172
193
189
189
189
182
182
176
176
176
170
170
165
165
165
163
163
157
157
157
152
152
147
147
147
142
142
137
137
137
133
133
131
131
131
127
127
123
123
123
120
120
116
116
116
113
113
110
110
110
108
108
105
105
102
102
102
99
99
96
96
96
94
94
91
91
91
90
90
88
88
88
86
86
83
83
83
81
81
79
79
79
77
77
77
77
77
75
75
73
73
73
72
72
70
70
68
68
68
67
67
67
67
67
65
65
64
64
64
63
63
61
61
61
60
60
59
59
59
59
59
58
58
58
57
57
56
56
56
55
55
54
54
54
53
53
53
53
53
53
53
52
52
52
51
51
50
50
50
49
49
49
49
49
49
49
48
48
48
48
48
47
47
46
46
46
46
46
46
46
46
45
45
45
45
45
44
44
44
44
44
43
43
43
43
43
43
43
43
43
43
42
42
42
42
42
41
41
41
41
41
41
41
41
41
41
37
37
37
98
98
98
98
173
173
173
173
239
239
239
239
299
299
299
299
292
303
303
303
303
357
357
357
357
416
416
416
416
462
462
462
462
462
504
504
504
504
504
542
542
542
542
542
577
577
577
577
577
622
622
622
622
622
651
651
651
651
651
677
677
677
683
683
669
669
669
669
627
613
613
613
613
575
575
575
552
540
540
529
517
517
517
517
488
488
488
488
488
525
525
525
525
525
562
562
562
562
562
595
595
595
595
595
638
638
638
638
638
666
666
666
666
666
691
691
691
691
691
714
714
714
714
714
734
734
734
734
734
769
769
769
769
769
786
786
786
786
786
801
801
801
801
801
815
815
815
815
815
827
827
827
827
827
838
838
838
838
838
866
866
866
866
866
875
875
875
875
875
882
882
882
882
882
889
889
889
889
889
895
895
895
895
895
920
920
920
920
920
924
924
924
924
924
928
928
928
928
928
931
931
931
931
931
933
933
933
933
933
956
956
956
956
956
957
957
957
957
957
958
958
958
958
958
959
959
959
959
959
959
959
959
959
959
959
959
959
959
959
980
980
980
980
980
979
979
979
979
979
978
978
978
978
978
977
977
977
977
977
975
975
975
975
975
995
995
995
995
995
993
993
993
993
993
991
991
991
991
991
989
989
989
989
989
987
987
987
987
987
1006
1006
1006
1006
1006
1003
1003
1003
1003
1003
1000
1000
1000
1000
1000
998
998
998
998
998
995
995
995
995
995
992
992
992
992
992
1010
1010
1010
1010
1010
1007
1007
1007
1007
1007
1004
1004
1004
1004
1004
1000
1000
1000
1000
1000
997
997
997
997
997
1015
1015
1015
1015
1015
1012
1012
1012
1012
1012
1008
1008
1008
1008
1008
1005
1005
1005
1005
1005
1001
1001
1001
1001
1001
998
998
998
998
998
1016
1016
1016
1016
1016
1012
1012
1012
1012
1012
1008
1008
1008
1008
1008
1004
1004
1004
1004
1004
1001
1001
1001
1001
1001
1019
1019
1019
1019
1019
1015
1015
1015
1015
1015
1011
1011
1011
1011
1011
1007
1007
1007
1007
1007
1003
1003
1003
1003
1003
1021
1021
1021
1021
1021
1017
1017
1017
1017
1017
1013
1013
1013
1013
1013
1009
1009
1009
1009
1009
1005
1005
1005
1005
1005
1001
1001
1001
1001
1001
1019
1019
1019
1019
1019
1015
1015
1015
1015
1015
1011
1011
1011
1011
1011
1007
1007
1007
1007
1007
1003
1003
1003
1003
1003
1021
1021
1021
1021
1021
1017
1017
1017
1017
1017
1013
1013
1013
1013
1013
1009
1009
1009
1009
1009
1005
1005
1005
1005
1005
1002
1002
1002
1023
1023
1023
1023
1023
1023
1023
1023
1023
1023
1023
1023
1023
1023
1023
1023
1023
1023
1023
1023
1023
1023
1023
1023
1023
1023
1023
1023
1023
1023
1023
1023
595
595
595
595
558
561
565
565
565
565
565
565
565
565
565
565
565
565
565
565
565
565
565
565
565
565
565
565
565
565
565
565
565
565
565
565
565
565
565
565
565
565
565
565
308
308
323
323
323
323
323
323
323
323
323
323
323
323
323
323
323
257
257
257
257
257
257
257
257
257
257
257
257
257
257
257
257
257
257
257
257
257
257
257
178
198
198
190
190
187
185
185
181
181
175
175
175
169
169
163
163
163
158
158
152
152
152
151
151
146
146
146
141
141
136
136
136
132
132
128
128
128
124
124
123
123
119
119
119
115
115
112
112
112
108
108
105
105
105
102
102
102
102
102
99
99
96
96
96
93
93
91
91
91
88
88
86
86
86
86
86
84
84
84
82
82
79
79
79
78
78
76
76
76
74
74
74
74
74
72
72
70
70
70
69
69
67
67
66
66
66
64
64
65
65
65
63
63
62
62
62
61
61
60
60
60
58
58
57
57
57
58
58
56
56
56
55
55
54
54
54
53
53
53
53
53
52
52
52
52
52
51
51
50
50
50
49
49
49
49
49
48
48
48
48
48
48
48
48
48
47
47
47
46
46
46
46
46
45
45
45
45
45
45
45
44
44
44
44
44
43
43
43
42
42
42
42
42
42
42
42
42
42
42
42
42
42
42
36
36
36
36
36
36
113
113
113
113
113
187
187
187
187
187
252
252
252
252
252
311
311
311
311
311
365
365
365
365
365
415
415
415
415
415
470
470
470
470
470
511
511
511
511
511
549
549
549
549
549
584
584
584
584
584
615
615
615
615
615
657
657
657
657
657
684
684
684
684
684
707
707
707
707
707
729
729
729
729
729
748
748
748
748
748
765
765
765
765
765
798
798
798
798
798
813
813
813
813
813
825
825
825
825
825
837
837
837
837
837
847
847
847
847
847
875
875
875
875
875
883
883
883
883
883
890
890
890
890
890
896
896
896
896
896
901
901
901
901
901
926
926
926
926
926
930
930
930
930
930
933
933
933
933
933
936
936
936
936
936
938
938
938
938
938
940
940
940
940
940
962
962
962
962
962
962
962
962
962
962
963
963
963
963
963
963
963
963
963
963
963
963
963
963
963
983
983
983
983
983
982
982
982
982
982
981
981
981
981
981
980
980
980
980
980
978
978
978
978
978
998
998
998
998
998
996
996
996
996
996
994
994
994
994
994
992
992
992
992
992
989
989
989
989
989
987
987
987
987
987
1006
1006
1006
1006
1006
1003
1003
1003
1003
1003
1000
1000
1000
1000
1000
997
997
997
997
997
994
994
994
994
994
1012
1012
1012
1012
1012
1009
1009
1009
1009
1009
1006
1006
1006
1006
1006
1003
1003
1003
1003
1003
999
999
999
999
999
996
996
996
996
996
1014
1014
1014
1014
1014
1010
1010
1010
1010
1010
1007
1007
1007
1007
1007
1003
1003
1003
1003
1003
999
999
999
999
999
1018
1018
1018
1018
1018
1014
1014
1014
1014
1014
1010
1010
1010
1010
1010
1006
1006
1006
1006
1006
1002
1002
1002
1002
1002
1021
1012
1012
1012
1012
1012
1012
1012
1012
1012
1012
1012
1012
1012
1012
1012
1012
1012
1012
1012
1012
1012
1012
1012
1012
1012
1012
1012
1012
1012
1012
1012
1012
1012
1012
1012
1012
1012
552
565
565
565
565
565
565
565
565
565
565
565
565
565
565
565
565
565
565
565
565
565
565
565
565
565
565
565
565
565
565
565
565
565
565
565
565
565
565
301
301
320
320
320
320
320
320
320
320
320
320
320
320
320
320
320
320
320
320
320
320
320
320
320
320
320
320
320
320
320
320
320
320
320
320
320
320
320
320
170
190
186
186
186
181
181
177
177
177
171
171
166
166
166
160
160
155
155
155
150
150
146
146
146
143
143
138
138
134
134
134
130
130
126
126
126
122
122
121
121
121
117
117
113
113
113
110
110
107
107
107
104
104
101
101
101
100
100
97
97
97
94
94
92
92
92
89
89
87
87
87
85
85
84
84
84
82
82
80
80
80
78
78
76
76
75
75
75
73
73
73
73
73
71
71
69
69
69
68
68
66
66
66
65
65
64
64
64
64
64
62
62
62
61
61
60
60
60
59
59
57
57
57
57
57
56
56
56
55
55
54
54
54
53
53
52
52
52
51
51
52
52
51
51
51
50
50
49
49
49
48
48
48
48
48
47
47
48
48
48
47
47
47
47
47
46
46
45
45
45
45
45
44
44
44
45
45
44
44
44
43
43
43
43
43
42
42
42
42
42
42
42
42
42
42
42
42
42
42
42
42
42
42
42
42
42
42
42
42
42
42
42
32
32
32
95
95
95
95
167
167
167
167
234
234
234
234
294
309
309
309
309
296
296
296
296
357
357
357
357
408
408
408
408
408
454
454
454
454
496
496
525
525
534
534
534
534
581
581
581
581
613
613
613
613
643
643
643
663
663
668
668
668
668
668
692
692
692
692
692
730
730
730
730
730
750
750
750
750
750
768
768
768
768
768
784
784
784
784
784
799
799
799
799
799
830
830
830
830
830
842
842
842
842
842
852
852
852
852
852
862
862
862
862
862
870
870
870
870
870
877
877
877
877
877
903
903
903
903
903
909
909
909
909
909
914
914
914
914
914
918
918
918
918
918
921
921
921
921
921
944
944
944
944
944
947
947
947
947
947
949
949
949
949
949
950
950
950
950
950
951
951
951
951
951
952
952
952
952
952
973
973
973
973
973
972
972
972
972
972
972
972
972
972
972
971
971
971
971
971
970
970
970
970
970
990
990
990
990
990
989
989
989
989
989
987
987
987
987
987
985
985
985
985
985
983
983
983
983
983
1002
1002
1002
1002
1002
1000
1000
1000
1000
1000
997
997
997
997
997
995
995
995
995
995
992
992
992
992
992
989
989
989
989
989
1008
1008
1008
1008
1008
1005
1005
1005
1005
1005
1002
1002
1002
1002
1002
998
998
998
998
998
995
995
995
995
995
1014
1014
1014
1014
1014
1010
1010
1010
1010
1010
1007
1007
1007
1007
1007
1003
1003
1003
1003
1003
1000
1000
1000
1000
1000
1018
1018
1018
1018
1018
1014
1014
1014
1014
1014
1011
1011
1011
1011
1011
1007
1007
1007
1007
1007
1003
1003
1003
1003
1003
999
999
999
999
999
1017
1017
1017
1017
1017
1014
1014
1014
1014
1014
1010
1010
1010
1010
1010
1006
1006
1006
1006
1006
1002
1002
1002
1002
1002
1020
1020
1020
1020
1020
1016
1016
1016
1016
1016
1012
1012
1012
1012
1012
1008
1008
1008
1008
1008
1004
1004
1004
1004
1004
1022
1022
1022
1022
1022
1018
1018
1018
1018
1018
1014
1014
1014
1014
1014
1011
1011
1011
1011
1011
1006
1006
1006
1015
1015
1015
1015
1015
1015
1015
911
911
911
911
911
911
911
911
911
911
767
767
767
767
767
767
767
767
767
767
645
645
645
645
645
645
645
645
645
645
555
555
568
568
568
568
568
568
568
568
568
568
568
568
568
568
568
568
568
568
568
568
568
568
568
568
568
568
568
568
568
568
568
568
568
568
568
568
568
568
303
312
312
312
312
312
312
312
312
312
312
312
312
312
312
312
312
312
312
312
312
312
312
312
312
312
213
213
213
213
213
213
213
213
213
213
213
213
213
213
172
192
188
188
181
181
181
176
176
173
173
173
167
167
161
161
161
156
156
150
150
150
145
145
142
142
142
139
139
134
134
134
130
130
126
126
126
122
122
118
118
118
117
117
114
114
114
110
110
107
107
107
104
104
101
101
101
98
98
97
97
94
94
94
92
92
89
89
89
87
87
85
85
85
83
83
82
82
82
80
80
78
78
78
76
76
74
74
74
73
73
71
71
71
71
71
69
69
69
68
68
66
66
66
65
65
63
63
63
62
62
62
62
62
61
61
60
60
59
59
59
58
58
56
56
56
56
56
56
56
56
54
54
54
54
54
53
53
52
52
52
51
51
50
50
50
50
50
50
50
50
49
49
48
48
48
47
47
47
47
47
47
47
46
46
46
46
46
45
45
45
44
44
44
44
44
43
43
44
44
43
43
43
43
43
42
42
42
42
42
41
41
41
41
41
41
42
42
42
42
42
42
42
42
42
42
36
36
36
85
85
85
85
160
160
160
160
228
228
228
228
290
307
307
307
288
288
288
288
288
346
346
346
346
397
397
397
397
453
453
453
486
486
486
486
486
486
532
532
532
532
532
568
568
568
568
568
601
601
601
601
601
644
644
644
644
644
671
671
671
671
671
696
696
696
696
696
718
718
718
718
718
738
738
738
738
738
773
773
773
773
773
790
790
790
790
790
805
805
805
805
805
818
818
818
818
818
830
830
830
830
830
841
841
841
841
841
869
869
869
869
869
877
877
877
877
877
885
885
885
885
885
891
891
891
891
891
897
897
897
897
897
922
922
922
922
922
926
926
926
926
926
926
930
930
930
930
930
933
933
933
933
933
935
935
935
935
935
937
937
937
937
937
959
959
959
959
959
960
960
960
960
960
960
960
960
960
960
961
961
961
961
961
960
960
960
960
960
981
981
981
981
981
980
980
980
980
980
979
979
979
979
979
978
978
978
978
978
977
977
977
977
977
996
996
996
996
996
994
994
994
994
994
992
992
992
992
992
990
990
990
990
990
988
988
988
988
988
985
985
985
985
985
1004
1004
1004
1004
1004
1002
1002
1002
1002
1002
999
999
999
999
999
996
996
996
996
996
993
993
993
993
993
1011
1011
1011
1011
1011
1008
1008
1008
1008
1008
1005
1005
1005
1005
1005
1002
1002
1002
1002
1002
998
998
998
998
998
1017
1017
1017
1017
1017
1013
1013
1013
1013
1013
1010
1010
1010
1010
1010
1006
1006
1006
1006
1006
1002
1002
1002
1002
1002
999
999
999
999
999
1017
1017
1017
1017
1017
1017
1013
1013
1013
1013
1013
1009
1009
1009
1009
1009
1006
1006
1006
1006
1006
1002
1002
1002
1002
1002
1020
1020
1020
1020
1020
1016
1016
1016
1003
1003
982
982
982
940
940
940
940
940
940
940
827
827
827
827
832
832
832
832
861
861
861
861
870
870
870
870
876
876
876
876
876
815
815
815
815
815
827
827
827
827
827
856
856
856
856
856
866
866
866
866
866
874
874
874
874
874
882
882
882
882
882
888
888
888
888
888
913
913
913
913
913
918
918
918
918
918
923
923
923
923
923
926
926
926
926
926
929
929
929
929
929
931
931
931
931
931
954
954
954
954
954
955
955
955
955
955
956
956
956
956
956
957
957
957
957
957
957
957
957
957
957
978
978
978
978
978
977
977
977
977
977
977
977
977
977
977
975
975
975
975
975
974
974
974
974
974
994
994
994
994
994
992
992
992
992
992
991
991
991
991
991
988
988
988
988
988
986
986
986
986
986
984
984
984
984
984
1003
1003
1003
1003
1003
1000
1000
1000
1000
1000
998
998
998
998
998
995
995
995
995
995
992
992
992
992
992
1010
1010
1010
1010
1010
1007
1007
1007
1007
1007
1004
1004
1004
1004
1004
1001
1001
1001
1001
1001
998
998
998
998
998
1016
1016
1016
1016
1016
1012
1012
1012
1012
1012
1009
1009
1009
1009
1009
1005
1005
1005
1005
1005
1002
1002
1002
1002
1002
998
998
998
998
998
1016
1016
1016
1016
1016
1013
1013
1013
1013
1013
1009
1009
1009
1009
1009
1005
1005
1005
1005
1005
1001
1001
1001
1001
1001
1020
1020
1020
1020
1020
1016
1016
1016
1016
1016
1012
1012
1012
1012
1012
1008
1008
1008
1008
1008
1004
1004
1004
1004
1004
1000
1000
1000
1000
1000
1018
1018
1018
1018
1018
1014
1014
1014
1014
1014
1010
1010
1010
1010
1010
1006
1006
1006
1006
1006
1002
1002
1002
1002
1002
1020
1020
1020
1020
1020
1016
1016
1016
1016
1016
1012
1012
1012
1012
1012
1008
1008
1008
1008
1008
1004
1004
1004
1004
1004
1022
1022
1022
1022
1022
1018
1018
1018
1018
1018
1014
1014
1014
1014
1014
1010
1010
1010
1010
1010
1006
1006
1006
1006
1006
1002
1002
1002
1002
1002
1020
1020
1020
1020
1020
1016
1016
1003
1003
1003
1003
1003
1003
1003
1003
881
881
881
881
881
881
881
881
881
881
881
881
881
881
881
881
881
881
881
881
881
881
881
881
881
881
881
881
881
547
557
557
557
557
557
557
557
557
557
557
557
557
557
557
557
557
557
557
557
557
557
557
557
557
557
557
557
557
557
557
557
557
557
557
557
557
557
557
299
299
318
318
318
318
318
318
318
318
318
318
318
318
318
318
318
318
318
318
318
318
318
318
318
318
318
318
318
318
318
318
318
318
318
318
318
318
318
318
173
173
189
189
189
182
182
176
176
176
170
170
164
164
164
159
159
157
157
157
151
151
146
146
146
142
142
137
137
137
133
133
128
128
128
127
127
123
123
123
119
119
116
116
116
112
112
109
109
109
106
106
105
105
105
102
102
99
99
96
96
96
93
93
91
91
91
88
88
88
88
88
86
86
83
83
83
81
81
79
79
79
77
77
76
76
76
75
75
74
74
74
72
72
70
70
70
69
69
67
67
67
66
66
66
66
66
64
64
63
63
63
62
62
61
61
61
59
59
59
59
58
58
58
57
57
56
56
56
55
55
54
54
54
53
53
53
53
53
52
52
52
52
52
51
51
50
50
50
49
49
48
48
48
48
48
48
48
48
47
47
47
47
47
46
46
45
45
45
45
45
45
45
45
44
44
44
44
44
43
43
43
43
43
42
42
42
42
42
42
42
41
41
41
41
41
41
41
41
41
41
41
41
41
41
41
35
35
35
35
96
96
96
96
96
168
168
168
168
168
234
234
234
234
234
295
295
295
295
295
357
357
357
357
357
408
408
408
408
408
455
455
455
455
455
497
497
497
497
497
536
536
536
536
536
583
583
583
583
583
615
615
615
615
615
645
645
645
645
645
672
672
672
672
672
696
696
696
696
696
718
718
718
718
718
753
753
753
753
753
772
772
772
772
772
788
788
788
788
788
802
802
802
802
802
815
815
815
815
815
845
845
845
845
845
856
856
856
856
856
865
865
865
865
865
874
874
874
874
874
881
881
881
881
881
887
887
887
887
887
912
912
912
912
912
917
917
917
917
917
921
921
921
921
921
925
925
925
925
925
928
928
928
928
928
950
950
950
950
950
952
952
952
952
952
953
953
953
953
953
954
954
954
954
954
955
955
955
955
955
976
976
976
976
976
976
976
976
976
976
975
975
975
975
975
974
974
974
974
974
973
973
973
973
973
972
972
972
972
972
992
992
992
992
992
990
990
990
990
990
988
988
988
988
988
986
986
986
986
986
984
984
984
984
984
1003
1003
1003
1003
1003
1001
1001
1001
1001
1001
998
998
998
998
998
995
995
995
995
995
992
992
992
992
992
1011
1011
1011
1011
1011
1008
1008
1008
1008
1008
1005
1005
1005
1005
1005
1002
1002
1002
1002
1002
998
998
998
998
998
995
995
995
995
995
1013
1013
1013
1013
1013
1010
1010
1010
1010
1010
1007
1007
1007
1007
1007
1003
1003
1003
1003
1003
999
999
999
999
999
1018
1018
1018
1018
1018
1014
1014
1014
1014
1014
1010
1010
1010
1010
1010
1006
1006
1006
1006
1006
1003
1003
1003
1003
1003
999
999
999
999
999
1017
1017
1017
1017
1017
1013
1013
1013
1013
1013
1009
1009
1009
1009
1009
1005
1005
1005
1005
1002
1002
1002
1002
1002
1002
1002
1002
1002
1002
1002
1002
1002
1002
1002
1002
773
773
773
773
773
773
773
773
773
773
773
773
773
773
773
773
773
773
773
773
773
546
559
559
559
559
559
559
559
559
559
559
559
559
559
559
559
559
559
559
559
559
559
559
559
559
559
559
559
559
559
559
559
559
559
559
559
559
559
559
305
306
318
318
318
318
318
318
318
318
318
318
318
318
318
318
318
318
318
318
318
318
318
318
318
318
318
318
318
318
318
318
318
318
318
318
318
318
318
318
173
191
190
190
190
183
183
177
177
177
171
171
165
165
165
163
163
158
158
158
152
152
147
147
147
142
142
138
138
138
133
133
132
132
132
128
128
124
124
124
120
120
116
116
116
113
113
109
109
108
108
108
105
105
102
102
102
99
99
97
97
97
94
94
91
91
91
91
91
88
88
88
86
86
84
84
84
82
82
80
80
80
78
78
78
78
78
76
76
74
74
74
72
72
71
71
71
69
69
67
67
67
67
67
66
66
66
64
64
63
63
62
62
62
61
61
60
60
60
60
60
58
58
58
57
57
56
56
56
55
55
54
54
54
53
53
53
53
53
53
53
52
52
52
51
51
50
50
50
49
49
49
49
49
49
49
48
48
48
47
47
47
47
47
46
46
45
45
45
45
45
45
45
44
44
44
44
44
43
43
43
43
43
42
42
42
43
43
42
42
42
42
42
41
41
41
41
41
41
41
41
41
41
41
41
41
36
36
36
74
74
74
74
148
148
148
148
220
220
220
220
282
282
309
309
297
297
297
297
297
346
346
346
346
396
396
396
396
452
452
452
452
495
495
495
495
495
534
534
534
534
534
570
570
570
570
570
603
603
603
603
603
632
632
632
632
632
673
673
673
673
686
686
686
686
686
686
630
630
618
618
618
556
556
533
521
521
521
499
499
499
499
499
461
461
461
461
461
461
508
508
508
508
508
546
546
546
546
546
580
580
580
580
580
625
625
625
625
625
654
654
654
654
654
680
680
680
680
680
704
704
704
704
704
725
725
725
725
725
744
744
744
744
744
778
778
778
778
778
794
794
794
794
794
809
809
809
809
809
822
822
822
822
822
833
833
833
833
833
862
862
862
862
862
871
871
871
871
871
879
879
879
879
879
886
886
886
886
886
892
892
892
892
892
917
917
917
917
917
922
922
922
922
922
926
926
926
926
926
929
929
929
929
929
932
932
932
932
932
934
934
934
934
934
956
956
956
956
956
958
958
958
958
958
958
958
958
958
958
959
959
959
959
959
959
959
959
959
959
980
980
980
980
980
979
979
979
979
979
978
978
978
978
978
977
977
977
977
977
976
976
976
976
976
996
996
996
996
996
994
994
994
994
994
992
992
992
992
992
990
990
990
990
990
988
988
988
988
988
985
985
985
985
985
1004
1004
1004
1004
1004
1002
1002
1002
1002
1002
999
999
999
999
999
996
996
996
996
996
993
993
993
993
993
1011
1011
1011
1011
1011
1008
1008
1008
1008
1008
1005
1005
1005
1005
1005
1002
1002
1002
1002
1002
998
998
998
998
998
995
995
995
995
995
1013
1013
1013
1013
1013
1010
1010
1010
1010
1010
1006
1006
1006
1006
1006
1003
1003
1003
1003
1003
999
999
999
999
999
1017
1017
1017
1017
1017
1014
1014
1014
1014
1014
1010
1010
1010
1010
1010
1006
1006
1006
1006
1006
1002
1002
1002
1002
1002
1020
1020
1020
1020
1020
1017
1017
1017
1017
1017
1013
1013
1013
1013
1013
1009
1009
1009
1009
1009
1005
1005
1005
1005
1005
1001
1001
1001
1001
1001
1019
1019
1019
1019
1019
1015
1015
1015
1015
1015
1011
1011
1011
1011
1011
1007
1007
1007
1007
1007
1003
1003
1003
1003
1003
1021
1021
1021
1021
1021
1017
1017
1017
1017
1017
1013
1013
1013
1013
1013
1009
1009
1009
1009
1009
1005
1005
1005
1005
1005
1023
1023
1023
1023
1023
1019
1019
1019
1019
1019
1015
1015
1015
1015
1015
1011
1011
1011
1011
1011
1007
1007
1007
1007
1007
1003
1003
1003
1003
1003
1021
1008
1008
1008
1008
1008
1008
1008
1008
1008
1008
1008
1008
1008
1008
1008
1008
1008
1008
1008
1008
1008
1008
1008
1008
1008
1008
1008
1008
1008
1008
1008
1008
1008
1008
1008
1008
549
549
568
568
568
568
568
568
568
568
568
568
568
568
568
568
568
568
568
568
568
568
568
568
568
568
568
568
568
568
568
568
568
568
568
568
568
568
568
568
310
310
327
327
327
327
327
327
327
327
327
327
327
327
327
327
327
327
327
327
327
327
327
327
327
327
327
327
327
327
327
327
327
327
327
327
327
327
327
327
178
199
199
191
191
184
184
184
178
178
175
175
175
169
169
164
164
164
158
158
153
153
153
148
148
143
143
143
141
141
137
137
137
132
132
128
128
128
124
124
120
120
120
116
116
115
115
115
112
112
108
108
108
105
105
102
102
102
99
99
97
97
97
96
96
93
93
93
91
91
89
89
86
86
86
84
84
82
82
82
82
82
80
80
80
78
78
76
76
76
74
74
72
72
72
70
70
70
70
70
69
69
67
67
67
66
66
64
64
64
63
63
62
62
62
62
62
60
60
60
59
59
58
58
58
57
57
56
56
56
55
55
55
55
55
54
54
53
53
52
52
52
51
51
51
51
51
50
50
50
50
50
49
49
48
48
48
48
48
47
47
47
46
46
46
46
46
46
46
45
45
45
45
45
44
44
44
44
44
44
44
44
44
44
43
43
43
43
43
42
42
42
42
42
42
42
42
42
42
42
42
42
42
42
42
42
42
42
42
42
42
33
59
59
59
59
59
135
135
135
135
135
204
204
204
204
204
267
267
267
267
267
324
324
324
324
324
385
385
385
385
385
434
434
434
434
434
478
478
478
478
478
519
519
519
519
519
556
556
556
556
556
589
589
589
589
589
633
633
633
633
633
661
661
661
661
661
686
686
686
686
686
709
709
709
709
709
730
730
730
730
730
765
765
765
765
765
782
782
782
782
782
798
798
798
798
798
812
812
812
812
812
824
824
824
824
824
853
853
853
853
853
863
863
863
863
863
872
872
872
872
872
880
880
880
880
880
887
887
887
887
887
893
893
893
893
893
918
918
918
918
918
922
922
922
922
922
926
926
926
926
926
929
929
929
929
929
931
931
931
931
931
954
954
954
954
954
956
956
956
956
956
957
957
957
957
957
957
957
957
957
957
958
958
958
958
958
979
979
979
979
979
978
978
978
978
978
978
978
978
978
978
977
977
977
977
977
975
975
975
975
975
974
974
974
974
974
994
994
994
994
994
992
992
992
992
992
990
990
990
990
990
988
988
988
988
988
985
985
985
985
985
1005
1005
1005
1005
1005
1002
1002
1002
1002
1002
999
999
999
999
999
997
997
997
997
997
994
994
994
994
994
991
991
991
991
991
1009
1009
1009
1009
1009
1006
1006
1006
1006
1006
1003
1003
1003
1003
1003
999
999
999
999
999
996
996
996
996
996
1014
1014
1014
1014
1014
1011
1011
1011
1011
1011
1007
1007
1007
1007
1007
1004
1004
1004
1004
1004
1000
1000
1000
1000
1000
1018
1018
1018
1018
1018
1015
1015
1015
1015
1015
1011
1011
1011
1011
1011
1007
1007
1007
1007
1007
1004
1004
1004
1004
1004
1000
1000
1000
1000
1000
1018
1018
1018
1018
1018
1014
1014
1005
1005
1005
1005
1005
1005
1005
1005
1005
1005
1005
1005
1005
1005
1005
1005
1005
1005
1005
1005
1005
1005
1005
1005
1005
1005
1005
1005
1005
1005
1005
1005
1005
1005
1005
1005
1005
560
560
560
560
560
560
560
560
560
560
560
560
560
560
560
560
560
560
560
560
560
560
560
560
560
560
560
560
560
560
560
560
560
560
560
560
560
560
560
305
305
317
317
317
317
317
317
317
317
317
317
317
317
317
317
317
317
317
317
317
317
317
317
317
317
317
317
317
317
317
317
317
317
317
317
317
317
317
317
173
173
193
188
188
182
182
175
175
175
169
169
164
164
164
162
162
156
156
156
151
151
146
146
146
141
141
136
136
136
132
132
130
130
130
126
126
122
122
122
118
118
115
115
115
111
111
109
109
109
107
107
104
104
104
101
101
98
98
98
95
95
92
92
92
91
91
89
89
87
87
87
84
84
82
82
82
80
80
78
78
78
77
77
76
76
76
74
74
72
72
72
71
71
69
69
69
68
68
67
67
67
66
66
64
64
63
63
63
62
62
60
60
60
59
59
59
59
59
58
58
57
57
57
56
56
55
55
55
54
54
53
53
53
53
53
52
52
52
51
51
50
50
50
49
49
49
49
49
48
48
48
48
48
47
47
47
47
47
46
46
45
45
45
45
45
44
44
44
44
44
44
44
43
43
43
43
43
42
42
42
42
42
41
41
41
42
42
41
41
41
41
41
40
40
40
40
40
40
40
40
40
40
40
40
40
40
40
40
40
40
40
32
32
84
84
84
84
157
157
157
157
224
224
224
224
290
290
321
321
321
307
301
301
301
349
349
349
349
400
400
400
400
446
446
446
446
499
499
499
499
536
536
536
536
573
573
573
573
606
606
606
606
635
635
635
635
662
662
662
662
662
700
700
700
700
700
722
722
722
722
722
743
743
743
743
743
761
761
761
761
761
777
777
777
777
777
809
809
809
809
809
823
823
823
823
823
835
835
835
835
835
846
846
846
846
846
855
855
855
855
855
883
883
883
883
883
890
890
890
890
890
897
897
897
897
897
902
902
902
902
902
907
907
907
907
907
912
912
912
912
912
935
935
935
935
935
938
938
938
938
938
941
941
941
941
941
943
943
943
943
943
944
944
944
944
944
966
966
966
966
966
966
966
966
966
966
966
966
966
966
966
966
966
966
966
966
966
966
966
966
966
986
986
986
986
986
985
985
985
985
985
984
984
984
984
984
982
982
982
982
982
981
981
981
981
981
979
979
979
979
979
998
998
998
998
998
996
996
996
996
996
994
994
994
994
994
991
991
991
991
991
989
989
989
989
989
1008
1008
1008
1008
1008
1005
1005
1005
1005
1005
1002
1002
1002
1002
1002
999
999
999
999
999
996
996
996
996
996
1014
1014
1014
1014
1014
1011
1011
1011
1011
1011
1008
1008
1008
1008
1008
1004
1004
1004
1004
1004
1001
1001
1001
1001
1001
997
997
997
997
997
1015
1015
1015
1015
1015
1012
1012
1012
1012
1012
1008
1008
1008
1008
1008
1005
1005
1005
1005
1005
1001
1001
1001
1001
1001
1019
1019
1019
1019
1019
1015
1015
1015
1015
1015
1011
1011
1011
1011
1011
1008
1008
1008
1008
1008
1004
1004
1004
1004
1004
1000
1000
1000
1000
1000
1018
1018
1018
1018
1018
1014
1014
1014
1014
1014
1010
1010
1010
1010
1010
1006
1006
1006
1006
1006
1002
1002
1002
1002
1002
1020
1020
1020
1020
1020
1016
1016
1016
1016
1016
1012
1012
1012
1012
1012
1008
1008
1008
1008
1008
1004
1004
1004
1004
1004
1022
1022
1022
1022
1022
1018
1018
1018
1020
1020
1020
1020
1020
1020
1020
1020
1020
1020
1020
1020
1020
1020
1020
1020
1020
1020
1020
1020
1020
1020
1020
1020
1020
1020
1020
1020
1020
1020
1020
1020
1020
1020
1020
1020
1020
552
558
558
558
558
558
558
558
558
558
558
558
558
558
558
558
558
558
558
558
558
558
558
558
558
558
558
558
558
558
558
558
558
558
558
558
558
558
558
558
304
319
319
319
319
319
319
319
319
319
319
319
319
319
319
319
319
319
319
319
319
319
319
319
319
319
319
319
319
319
319
319
319
319
319
319
319
319
319
172
172
193
189
189
182
182
182
176
176
170
170
168
165
165
162
162
156
156
156
151
151
146
146
146
142
142
137
137
137
134
134
131
131
131
127
127
123
123
123
119
119
116
116
116
112
112
110
110
110
108
108
105
105
105
102
102
99
99
99
96
96
93
93
93
92
92
90
90
90
88
88
86
86
83
83
83
81
81
79
79
79
78
78
77
77
77
75
75
73
73
73
71
71
70
70
70
68
68
67
67
67
67
67
65
65
65
64
64
63
63
61
61
61
60
60
60
60
60
59
59
58
58
58
57
57
56
56
56
55
55
54
54
54
54
54
53
53
53
52
52
51
51
51
51
51
50
50
50
49
49
50
50
50
49
49
48
48
48
47
47
47
47
47
46
46
45
45
45
46
46
45
45
45
45
45
44
44
44
44
44
43
43
43
43
43
43
43
43
43
43
42
42
42
42
42
41
41
41
41
41
41
41
41
41
41
36
36
36
89
89
89
89
163
163
163
163
229
229
229
229
290
315
315
315
295
295
295
295
295
353
353
353
353
404
404
404
404
451
451
451
494
494
494
494
494
530
530
530
530
530
577
577
577
577
577
610
610
610
610
610
640
640
640
640
640
667
667
667
667
667
691
691
691
691
691
729
729
729
729
729
749
749
749
749
749
768
768
768
768
768
784
784
784
784
784
799
799
799
799
799
812
812
812
812
812
842
842
842
842
842
853
853
853
853
853
862
862
862
862
862
871
871
871
871
871
878
878
878
878
878
904
904
904
904
904
910
910
910
910
910
915
915
915
915
915
919
919
919
919
919
922
922
922
922
922
925
925
925
925
925
948
948
948
948
948
950
950
950
950
950
951
951
951
951
951
952
952
952
952
952
953
953
953
953
953
974
974
974
974
974
974
974
974
974
974
973
973
973
973
973
973
973
973
973
973
971
971
971
971
971
992
992
992
992
992
990
990
990
990
990
988
988
988
988
988
986
986
986
986
986
984
984
984
984
984
982
982
982
982
982
1001
1001
1001
1001
1001
999
999
999
999
999
996
996
996
996
996
994
994
994
994
994
991
991
991
991
991
1009
1009
1009
1009
1009
1006
1006
1006
1006
1006
1003
1003
1003
1003
1003
1000
1000
1000
1000
1000
997
997
997
997
997
1015
1015
1015
1015
1015
1012
1012
1012
1012
1012
1008
1008
1008
1008
1008
1005
1005
1005
1005
1005
1001
1001
1001
1001
1001
998
998
998
998
998
1016
1016
1016
1016
1016
1012
1012
1012
1012
1012
1009
1009
1009
1009
1009
1005
1005
1005
1005
1005
1001
1001
1001
1001
1001
1019
1019
1019
1019
1019
1015
1015
1015
1015
1015
1012
1012
1012
1012
1012
1008
1008
1008
1008
1008
1004
1004
1004
1004
1004
1022
1022
1022
1022
1011
1011
969
969
927
927
927
909
909
909
909
909
909
909
909
782
786
786
786
786
801
801
801
801
831
831
831
831
843
843
843
849
831
831
813
813
813
812
812
812
812
812
825
825
825
825
825
854
854
854
854
854
864
864
864
864
864
872
872
872
872
872
880
880
880
880
880
887
887
887
887
887
912
912
912
912
912
917
917
917
917
917
922
922
922
922
922
926
926
926
926
926
929
929
929
929
929
931
931
931
931
931
953
953
953
953
953
955
955
955
955
955
956
956
956
956
956
957
957
957
957
957
957
957
957
957
957
978
978
978
978
978
977
977
977
977
977
977
977
977
977
977
976
976
976
976
976
975
975
975
975
975
973
973
973
973
973
993
993
993
993
993
991
991
991
991
991
989
989
989
989
989
987
987
987
987
987
985
985
985
985
985
1004
1004
1004
1004
1004
1001
1001
1001
1001
1001
998
998
998
998
998
995
995
995
995
995
993
993
993
993
993
1011
1011
1011
1011
1011
1008
1008
1008
1008
1008
1005
1005
1005
1005
1005
1002
1002
1002
1002
1002
998
998
998
998
998
995
995
995
995
995
1013
1013
1013
1013
1013
1010
1010
1010
1010
1010
1006
1006
1006
1006
1006
1003
1003
1003
1003
1003
999
999
999
999
999
1017
1017
1017
1017
1017
1014
1014
1014
1014
1014
1010
1010
1010
1010
1010
1006
1006
1006
1006
1006
1002
1002
1002
1002
1002
1020
1020
1020
1020
1020
1017
1017
1017
1017
1017
1013
1013
1013
1013
1013
1009
1009
1009
1009
1009
1005
1005
1005
1005
1005
1001
1001
1001
1001
1001
1019
1019
1019
1019
1019
1015
1015
1015
1015
1015
1011
1011
1011
1011
1011
1007
1007
1007
1007
1007
1003
1003
1003
1003
1003
1021
1021
1021
1021
1021
1017
1017
1017
1017
1017
1013
1013
1013
1013
1013
1009
1009
1009
1009
1009
1005
1005
1005
1005
1005
1023
1023
1023
1023
1023
1019
1019
1019
1019
1019
1015
1015
1015
1015
1015
1011
1011
1011
1011
1011
1007
1007
1007
1007
1007
1003
1003
1003
1003
1003
1021
1021
1021
1021
1021
1017
1017
1017
1017
1014
1014
1014
1014
1014
1014
1014
1014
1014
1014
1014
1014
1014
1014
1014
1014
1014
1014
1014
1014
1014
1014
1014
1014
1014
1014
1014
1014
1014
1014
1014
1014
1014
1014
1014
1014
1014
553
566
566
566
566
566
566
566
566
566
566
566
566
566
566
566
566
566
566
566
566
566
566
566
566
566
566
566
566
566
566
566
566
566
566
566
566
566
566
566
302
321
321
321
321
321
321
321
321
321
321
321
321
321
321
321
321
321
321
321
321
321
321
321
321
321
321
321
321
321
321
321
321
321
321
321
321
321
321
171
188
188
187
187
181
181
178
178
178
172
172
166
166
166
160
160
155
155
155
150
150
148
146
146
143
143
138
138
138
134
134
129
129
129
125
125
121
121
121
118
118
116
116
116
113
113
109
109
109
106
106
103
103
103
100
100
98
98
98
96
96
94
94
94
91
91
88
88
88
86
86
84
84
83
83
83
81
81
79
79
79
77
77
75
75
75
74
74
72
72
72
71
71
70
70
70
68
68
67
67
67
65
65
64
64
64
62
62
62
62
62
61
61
60
60
60
59
59
58
58
58
56
56
55
55
55
55
55
54
54
54
53
53
52
52
51
51
51
50
50
50
50
50
50
