-0.015794 0.058579 
-0.015661 0.059637 
-0.015368 0.060893 
-0.013773 0.061252 
-0.011704 0.058848 
-0.010879 0.057239 
-0.007972 0.055942 
-0.004330 0.053768 
-0.000619 0.050663 
0.003136 0.045626 
0.007367 0.041551 
0.012741 0.035882 
0.017891 0.028929 
0.023829 0.021457 
0.029203 0.014497 
0.036179 0.007010 
0.041445 -0.000977 
0.046552 -0.007645 
0.051353 -0.016706 
0.054172 -0.024031 
0.057881 -0.030121 
0.059290 -0.037378 
0.061055 -0.042930 
0.060712 -0.048005 
0.060406 -0.053213 
0.059922 -0.056331 
0.057161 -0.058358 
0.055069 -0.060471 
0.050951 -0.060985 
0.046191 -0.061920 
0.040843 -0.061682 
0.035200 -0.060239 
0.029696 -0.060063 
0.024429 -0.058595 
0.017117 -0.055545 
0.010551 -0.053866 
0.004581 -0.052011 
-0.003577 -0.048606 
-0.009523 -0.045113 
-0.016360 -0.040260 
-0.023014 -0.036525 
-0.029486 -0.032645 
-0.036705 -0.027308 
-0.041657 -0.022490 
-0.047428 -0.017842 
-0.053080 -0.014603 
-0.055897 -0.010660 
-0.059900 -0.006978 
-0.062320 -0.004388 
-0.062617 -0.002053 
-0.063951 -0.001872 
-0.062437 -0.000897 
-0.061377 0.000594 
-0.059082 0.000618 
-0.056360 0.000567 
-0.053826 0.000337 
-0.049164 0.000666 
-0.045714 0.000554 
-0.041522 0.000564 
-0.037954 0.000407 
-0.034227 0.001969 
-0.030579 0.005475 
-0.026830 0.005201 
-0.023201 0.006200 
-0.019738 0.008153 
-0.015870 0.010094 
-0.012730 0.013463 
-0.008948 0.014892 
-0.006647 0.017829 
-0.004119 0.020106 
-0.001337 0.020648 
0.001316 0.021931 
0.003097 0.022770 
0.004608 0.023475 
0.005133 0.025373 
0.004873 0.026770 
0.006981 0.027566 
0.006963 0.029879 
0.005782 0.032059 
0.004418 0.033723 
0.004049 0.036707 
0.004591 0.039653 
0.004449 0.040375 
0.003983 0.043050 
0.004208 0.045356 
0.005847 0.045668 
0.007397 0.046278 
0.010359 0.046064 
0.012715 0.045341 
0.015403 0.042582 
0.017391 0.040221 
0.019828 0.037004 
0.023460 0.033342 
0.024755 0.029556 
0.026480 0.025928 
0.028522 0.022478 
0.030593 0.016426 
0.031828 0.012062 
0.031873 0.007446 
0.031983 0.003473 
0.034186 -0.000143 
0.035577 -0.004927 
0.035868 -0.008787 
0.037210 -0.012493 
0.037482 -0.016076 
0.039544 -0.020680 
0.040666 -0.023625 
0.040389 -0.025891 
0.040727 -0.028525 
0.040279 -0.031082 
0.040021 -0.032430 
0.039103 -0.033210 
0.036852 -0.035151 
0.033997 -0.035671 
0.030462 -0.035642 
0.026743 -0.034319 
0.022485 -0.032886 
0.017602 -0.031584 
0.012755 -0.028559 
0.006798 -0.025692 
0.002049 -0.024039 
-0.002548 -0.021076 
-0.007640 -0.016734 
-0.012803 -0.015134 
-0.016438 -0.013438 
-0.018324 -0.010828 
-0.022102 -0.009489 
-0.024528 -0.008335 
-0.026220 -0.006586 
-0.026991 -0.005170 
-0.028403 -0.005515 
-0.030490 -0.004784 
-0.031689 -0.003517 
-0.032253 -0.003743 
-0.031972 -0.004281 
-0.033179 -0.004806 
-0.032194 -0.005428 
-0.031469 -0.006427 
-0.030160 -0.007486 
-0.027873 -0.009159 
-0.025530 -0.010294 
-0.022833 -0.011978 
-0.020972 -0.014513 
-0.017091 -0.014829 
-0.014763 -0.016085 
-0.011750 -0.017908 
-0.008867 -0.018248 
-0.006613 -0.018791 
-0.004148 -0.019701 
-0.003536 -0.019377 
-0.002648 -0.017536 
-0.001933 -0.016339 
-0.000934 -0.013798 
-0.000416 -0.010361 
-0.000350 -0.007134 
-0.002029 -0.002143 
-0.003148 0.003566 
-0.004184 0.009008 
-0.006512 0.014846 
-0.007703 0.020415 
-0.008700 0.026124 
-0.009585 0.031869 
-0.011426 0.036683 
-0.012577 0.041716 
-0.013753 0.045283 
-0.014095 0.049750 
-0.014583 0.053624 
-0.015557 0.055932 
-0.015811 0.058610 
-0.016120 0.058824 
-0.014098 0.059807 
-0.014255 0.059899 
-0.013729 0.059380 
-0.010466 0.058899 
-0.008341 0.057300 
-0.004789 0.055158 
-0.000408 0.051695 
0.003263 0.047764 
0.008981 0.042268 
0.015438 0.037489 
0.020157 0.030835 
0.026527 0.023406 
0.032174 0.016381 
0.036653 0.007664 
0.041502 0.000215 
0.046936 -0.007413 
0.051558 -0.016136 
0.053948 -0.023415 
0.057778 -0.029336 
0.059518 -0.037241 
0.060188 -0.042097 
0.060630 -0.045991 
0.059828 -0.051300 
0.059223 -0.053529 
0.056394 -0.056512 
0.053845 -0.058700 
0.049677 -0.058948 
0.045377 -0.059567 
0.041979 -0.061312 
0.035967 -0.061408 
0.030523 -0.060504 
0.024643 -0.060047 
0.018695 -0.057592 
0.012391 -0.055559 
0.005256 -0.053019 
-0.001793 -0.049846 
-0.009648 -0.046484 
-0.016994 -0.041163 
-0.024612 -0.036965 
-0.030810 -0.032483 
-0.037012 -0.026453 
-0.043322 -0.022347 
-0.048777 -0.017504 
-0.053770 -0.014524 
-0.057076 -0.011954 
-0.060838 -0.007767 
-0.062519 -0.006780 
-0.063549 -0.004819 
-0.063433 -0.003388 
-0.062430 -0.002775 
-0.061880 -0.002039 
-0.058583 -0.001861 
-0.055958 -0.001505 
-0.053250 -0.001564 
-0.050574 -0.001282 
-0.047158 -0.001132 
-0.042618 -0.000453 
-0.039257 -0.000278 
-0.036169 0.002851 
-0.032935 0.005312 
-0.028434 0.005897 
-0.024738 0.008031 
-0.021424 0.010080 
-0.016990 0.013062 
-0.013717 0.013845 
-0.010845 0.015295 
-0.006657 0.017197 
-0.003766 0.018610 
-0.001106 0.019889 
0.000964 0.020054 
0.002511 0.020950 
0.005073 0.021761 
0.005077 0.024531 
0.005237 0.025862 
0.005279 0.026842 
0.004229 0.029608 
0.002877 0.031632 
0.002152 0.035225 
0.002861 0.037837 
0.002977 0.040303 
0.002899 0.043836 
0.003043 0.044789 
0.004729 0.045864 
0.006711 0.046342 
0.009686 0.045595 
0.011158 0.045137 
0.013069 0.043378 
0.017402 0.041929 
0.019438 0.039216 
0.021593 0.036170 
0.023206 0.032812 
0.024705 0.028932 
0.026269 0.025552 
0.028219 0.021037 
0.029418 0.017256 
0.029984 0.012978 
0.031610 0.009361 
0.032673 0.005201 
0.034511 0.000715 
0.035927 -0.002731 
0.037753 -0.006663 
0.038322 -0.010411 
0.039258 -0.015049 
0.040844 -0.018870 
0.041678 -0.023378 
0.043375 -0.026268 
0.043203 -0.028442 
0.043460 -0.031838 
0.043030 -0.033168 
0.041299 -0.034734 
0.038754 -0.035657 
0.035376 -0.036259 
0.030896 -0.034863 
0.025283 -0.033022 
0.021241 -0.032389 
0.016320 -0.029673 
0.011169 -0.027734 
0.005999 -0.025587 
0.000319 -0.022282 
-0.004466 -0.019773 
-0.008142 -0.017391 
-0.012040 -0.014670 
-0.016334 -0.012914 
-0.018481 -0.011032 
-0.021320 -0.008920 
-0.024682 -0.008300 
-0.026595 -0.006017 
-0.028382 -0.004125 
-0.029765 -0.004126 
-0.031855 -0.003334 
-0.032894 -0.003264 
-0.033516 -0.003573 
-0.035197 -0.003757 
-0.034562 -0.003832 
-0.033662 -0.004215 
-0.032280 -0.005814 
-0.030681 -0.007356 
-0.029202 -0.008485 
-0.026604 -0.010078 
-0.025110 -0.011909 
-0.020770 -0.013363 
-0.016637 -0.014877 
-0.015266 -0.016736 
-0.012277 -0.018344 
-0.008715 -0.019026 
-0.006116 -0.019994 
-0.004543 -0.020259 
-0.002989 -0.019570 
-0.001659 -0.018268 
-0.001485 -0.015633 
-0.001728 -0.013319 
-0.001158 -0.008781 
-0.002694 -0.003782 
-0.004101 0.000457 
-0.004358 0.005436 
-0.005922 0.010674 
-0.006894 0.016688 
-0.008641 0.021453 
-0.009497 0.027002 
-0.010601 0.032057 
-0.011455 0.036021 
-0.011912 0.040819 
-0.014259 0.045099 
-0.015322 0.048373 
-0.015762 0.051923 
-0.016947 0.055376 
-0.018604 0.057493 
-0.017637 0.060282 
-0.016121 0.060902 
-0.015458 0.061472 
-0.013424 0.061930 
-0.011534 0.060589 
-0.008234 0.059441 
-0.005153 0.056363 
-0.001619 0.053340 
0.003953 0.049735 
0.009374 0.044896 
0.014756 0.038492 
0.019692 0.031296 
0.025543 0.022993 
0.031331 0.015130 
0.036839 0.008720 
0.043485 -0.000050 
0.047728 -0.007842 
0.051163 -0.014579 
0.055053 -0.021594 
0.057964 -0.028630 
0.060240 -0.034901 
0.061116 -0.040732 
0.061560 -0.044592 
0.060692 -0.047663 
0.059296 -0.051967 
0.057662 -0.054420 
0.054873 -0.058514 
0.052171 -0.059796 
0.049067 -0.059986 
0.044253 -0.062159 
0.038890 -0.061822 
0.034393 -0.061690 
0.028207 -0.060274 
0.022141 -0.058360 
0.015836 -0.055747 
0.006962 -0.052135 
-0.001259 -0.048382 
-0.008561 -0.044403 
-0.015605 -0.040619 
-0.022970 -0.035920 
-0.030640 -0.030982 
-0.037382 -0.025749 
-0.043489 -0.021990 
-0.048475 -0.017542 
-0.052325 -0.013578 
-0.056596 -0.011152 
-0.059955 -0.007702 
-0.061798 -0.006327 
-0.062652 -0.004621 
-0.063043 -0.004148 
-0.062307 -0.004135 
-0.060008 -0.002732 
-0.058936 -0.003832 
-0.057163 -0.002323 
-0.054076 -0.001383 
-0.051233 -0.002403 
-0.048989 -0.000548 
-0.045806 0.000345 
-0.041326 0.001865 
-0.038530 0.004058 
-0.035317 0.004946 
-0.030935 0.007746 
-0.026958 0.010097 
-0.023094 0.010756 
-0.018535 0.012442 
-0.014167 0.013618 
-0.009350 0.014613 
-0.005673 0.016086 
-0.003330 0.017627 
0.000235 0.017982 
0.002398 0.017969 
0.004484 0.019857 
0.003972 0.020482 
0.003558 0.022020 
0.005362 0.025326 
0.003256 0.028366 
0.002706 0.030867 
0.003912 0.033147 
0.002990 0.036827 
0.002454 0.038937 
0.002877 0.041243 
0.003771 0.044222 
0.006272 0.045283 
0.008002 0.046185 
0.008488 0.046455 
0.011248 0.045722 
0.013059 0.045562 
0.014685 0.044245 
0.017979 0.041590 
0.020081 0.039577 
0.021907 0.037233 
0.023703 0.034205 
0.025516 0.029658 
0.026844 0.026758 
0.027610 0.023564 
0.029785 0.018180 
0.030821 0.014517 
0.030992 0.010012 
0.032735 0.006495 
0.035286 0.003352 
0.037031 -0.002037 
0.037140 -0.006863 
0.039692 -0.010835 
0.042985 -0.015666 
0.043638 -0.019433 
0.043964 -0.022869 
0.045352 -0.027698 
0.045801 -0.030093 
0.044098 -0.032492 
0.042976 -0.034662 
0.040665 -0.035848 
0.037904 -0.036129 
0.035301 -0.034832 
0.031116 -0.035235 
0.027315 -0.035020 
0.022802 -0.033136 
0.016897 -0.030866 
0.011274 -0.029574 
0.007404 -0.027600 
0.003565 -0.024425 
-0.000881 -0.021394 
-0.004464 -0.019181 
-0.008251 -0.017975 
-0.012602 -0.015286 
-0.015897 -0.013057 
-0.018810 -0.010568 
-0.022840 -0.008476 
-0.025362 -0.007508 
-0.027602 -0.005999 
-0.030029 -0.004617 
-0.031184 -0.003734 
-0.033245 -0.003932 
-0.034013 -0.003616 
-0.034325 -0.003719 
-0.034926 -0.004119 
-0.033946 -0.004950 
-0.033127 -0.006322 
-0.031418 -0.008465 
-0.029419 -0.010368 
-0.026561 -0.011831 
-0.023197 -0.013942 
-0.020168 -0.013856 
-0.016171 -0.016548 
-0.013968 -0.018859 
-0.011939 -0.018908 
-0.009297 -0.020454 
-0.006791 -0.021022 
-0.005026 -0.021429 
-0.003607 -0.019812 
-0.002399 -0.018561 
-0.003132 -0.015860 
-0.002775 -0.012271 
-0.002965 -0.009218 
-0.003853 -0.004451 
-0.003826 -0.000464 
-0.004550 0.004702 
-0.005636 0.008491 
-0.005767 0.013653 
-0.006935 0.020672 
-0.009446 0.025935 
-0.010606 0.030663 
-0.012838 0.035012 
-0.013989 0.039424 
-0.015043 0.042942 
-0.017047 0.047496 
-0.018034 0.050775 
-0.019143 0.054015 
-0.018842 0.057227 
-0.018731 0.059537 
-0.017504 0.062770 
-0.015631 0.063499 
-0.014716 0.063217 
-0.012525 0.062389 
-0.009479 0.060939 
-0.006499 0.057414 
-0.002249 0.053591 
0.003627 0.050262 
0.008714 0.045019 
0.013847 0.038804 
0.020074 0.030612 
0.026519 0.023879 
0.032603 0.016287 
0.038156 0.007168 
0.043454 0.000559 
0.048051 -0.007013 
0.051220 -0.014424 
0.054607 -0.020729 
0.057455 -0.027880 
0.058579 -0.033051 
0.059637 -0.037904 
0.060893 -0.043505 
0.061252 -0.047801 
0.058848 -0.051660 
0.057239 -0.054897 
0.055942 -0.058427 
0.053768 -0.060825 
0.050663 -0.063019 
0.045626 -0.063980 
0.041551 -0.063214 
0.035882 -0.062973 
0.028929 -0.061440 
0.021457 -0.059764 
0.014497 -0.056001 
0.007010 -0.052742 
-0.000977 -0.049997 
-0.007645 -0.044644 
-0.016706 -0.039841 
-0.024031 -0.035241 
-0.030121 -0.031102 
-0.037378 -0.026539 
-0.042930 -0.022396 
-0.048005 -0.019779 
-0.053213 -0.015386 
-0.056331 -0.012496 
-0.058358 -0.012361 
-0.060471 -0.009769 
-0.060985 -0.008164 
-0.061920 -0.007022 
-0.061682 -0.005438 
-0.060239 -0.005643 
-0.060063 -0.005219 
-0.058595 -0.005367 
-0.055545 -0.003417 
-0.053866 -0.000827 
-0.052011 -0.000051 
-0.048606 0.000898 
-0.045113 0.003345 
-0.040260 0.005958 
-0.036525 0.007291 
-0.032645 0.009060 
-0.027308 0.009918 
-0.022490 0.011316 
-0.017842 0.011757 
-0.014603 0.011851 
-0.010660 0.013094 
-0.006978 0.014234 
-0.004388 0.015522 
-0.002053 0.015639 
-0.001872 0.017454 
-0.000897 0.019578 
0.000594 0.020942 
0.000618 0.024313 
0.000567 0.027676 
0.000337 0.030121 
0.000666 0.033126 
0.000554 0.036039 
0.000564 0.038390 
0.000407 0.040224 
0.001969 0.043141 
0.005475 0.045735 
0.005201 0.046362 
0.006200 0.047345 
0.008153 0.047200 
0.010094 0.046922 
0.013463 0.045983 
0.014892 0.044521 
0.017829 0.042901 
0.020106 0.040406 
0.020648 0.038002 
0.021931 0.034684 
0.022770 0.031828 
0.023475 0.027763 
0.025373 0.023896 
0.026770 0.020684 
0.027566 0.016529 
0.029879 0.011976 
0.032059 0.007356 
0.033723 0.002982 
0.036707 -0.002049 
0.039653 -0.007320 
0.040375 -0.012292 
0.043050 -0.015521 
0.045356 -0.020168 
0.045668 -0.024346 
0.046278 -0.027599 
0.046064 -0.030681 
0.045341 -0.031745 
0.042582 -0.033890 
0.040221 -0.034519 
0.037004 -0.034758 
0.033342 -0.034865 
0.029556 -0.034773 
0.025928 -0.033671 
0.022478 -0.031750 
0.016426 -0.031405 
0.012062 -0.028931 
0.007446 -0.026571 
0.003473 -0.024285 
-0.000143 -0.022199 
-0.004927 -0.020199 
-0.008787 -0.016937 
-0.012493 -0.015340 
-0.016076 -0.013521 
-0.020680 -0.011456 
-0.023625 -0.009305 
-0.025891 -0.007043 
-0.028525 -0.006391 
-0.031082 -0.004526 
-0.032430 -0.003070 
-0.033210 -0.003013 
-0.035151 -0.002644 
-0.035671 -0.003714 
-0.035642 -0.003793 
-0.034319 -0.004662 
-0.032886 -0.006515 
-0.031584 -0.007914 
-0.028559 -0.009804 
-0.025692 -0.010941 
-0.024039 -0.014387 
-0.021076 -0.017171 
-0.016734 -0.018149 
-0.015134 -0.019947 
-0.013438 -0.021317 
-0.010828 -0.022053 
-0.009489 -0.021338 
-0.008335 -0.020104 
-0.006586 -0.019233 
-0.005170 -0.017578 
-0.005515 -0.014829 
-0.004784 -0.012439 
-0.003517 -0.009612 
-0.003743 -0.004586 
-0.004281 0.000840 
-0.004806 0.004433 
-0.005428 0.009109 
-0.006427 0.015519 
-0.007486 0.020392 
-0.009159 0.025236 
-0.010294 0.030535 
-0.011978 0.034593 
-0.014513 0.039378 
-0.014829 0.044768 
-0.016085 0.048656 
-0.017908 0.053791 
-0.018248 0.057891 
-0.018791 0.060148 
-0.019701 0.062929 
-0.019377 0.063970 
-0.017536 0.065841 
-0.016339 0.066553 
-0.013798 0.064597 
-0.010361 0.063393 
-0.007134 0.060677 
-0.002143 0.057111 
0.003566 0.052317 
0.009008 0.045820 
0.014846 0.039977 
0.020415 0.032085 
0.026124 0.025182 
0.031869 0.018571 
0.036683 0.010337 
0.041716 0.003679 
0.045283 -0.003914 
0.049750 -0.009541 
0.053624 -0.015719 
0.055932 -0.023008 
0.058610 -0.028967 
0.058824 -0.035854 
0.059807 -0.040805 
0.059899 -0.045575 
0.059380 -0.050368 
0.058899 -0.054025 
0.057300 -0.057008 
0.055158 -0.059796 
0.051695 -0.061879 
0.047764 -0.063628 
0.042268 -0.064516 
0.037489 -0.062731 
0.030835 -0.061368 
0.023406 -0.060181 
0.016381 -0.057527 
0.007664 -0.053257 
0.000215 -0.049110 
-0.007413 -0.045096 
-0.016136 -0.039873 
-0.023415 -0.034660 
-0.029336 -0.031012 
-0.037241 -0.026907 
-0.042097 -0.022115 
-0.045991 -0.019245 
-0.051300 -0.015869 
-0.053529 -0.014294 
-0.056512 -0.013923 
-0.058700 -0.012191 
-0.058948 -0.010543 
-0.059567 -0.009632 
-0.061312 -0.009145 
-0.061408 -0.007925 
-0.060504 -0.006470 
-0.060047 -0.004815 
-0.057592 -0.003682 
-0.055559 -0.001247 
-0.053019 0.001098 
-0.049846 0.003096 
-0.046484 0.004425 
-0.041163 0.005381 
-0.036965 0.007816 
-0.032483 0.007705 
-0.026453 0.008379 
-0.022347 0.009752 
-0.017504 0.009821 
-0.014524 0.010354 
-0.011954 0.011327 
-0.007767 0.013057 
-0.006780 0.013863 
-0.004819 0.014053 
-0.003388 0.015545 
-0.002775 0.018760 
-0.002039 0.020860 
-0.001861 0.023229 
-0.001505 0.027084 
-0.001564 0.030334 
-0.001282 0.033631 
-0.001132 0.036136 
-0.000453 0.038607 
-0.000278 0.041840 
0.002851 0.044046 
0.005312 0.045746 
0.005897 0.046984 
0.008031 0.046985 
0.010080 0.046659 
0.013062 0.046417 
0.013845 0.045412 
0.015295 0.043575 
0.017197 0.042769 
0.018610 0.040569 
0.019889 0.037862 
0.020054 0.036485 
0.020950 0.033473 
0.021761 0.029331 
0.024531 0.025629 
0.025862 0.023416 
0.026842 0.018500 
0.029608 0.013476 
0.031632 0.009626 
0.035225 0.003614 
0.037837 -0.001713 
0.040303 -0.007487 
0.043836 -0.011337 
0.044789 -0.015973 
0.045864 -0.020523 
0.046342 -0.022746 
0.045595 -0.027145 
0.045137 -0.029537 
0.043378 -0.031524 
0.041929 -0.033763 
0.039216 -0.034428 
0.036170 -0.034906 
0.032812 -0.035440 
0.028932 -0.035684 
0.025552 -0.033898 
0.021037 -0.032645 
0.017256 -0.030890 
0.012978 -0.029128 
0.009361 -0.028114 
0.005201 -0.025755 
0.000715 -0.024220 
-0.002731 -0.022453 
-0.006663 -0.020048 
-0.010411 -0.017426 
-0.015049 -0.015401 
-0.018870 -0.012775 
-0.023378 -0.010858 
-0.026268 -0.009607 
-0.028442 -0.006230 
-0.031838 -0.005544 
-0.033168 -0.004170 
-0.034734 -0.003271 
-0.035657 -0.003721 
-0.036259 -0.003350 
-0.034863 -0.004972 
-0.033022 -0.005161 
-0.032389 -0.006926 
-0.029673 -0.008943 
-0.027734 -0.011182 
-0.025587 -0.014475 
-0.022282 -0.015877 
-0.019773 -0.017897 
-0.017391 -0.019825 
-0.014670 -0.020935 
-0.012914 -0.020920 
-0.011032 -0.022099 
-0.008920 -0.022185 
-0.008300 -0.020529 
-0.006017 -0.019540 
-0.004125 -0.017435 
-0.004126 -0.015076 
-0.003334 -0.011519 
-0.003264 -0.007639 
-0.003573 -0.003949 
-0.003757 0.000131 
-0.003832 0.004396 
-0.004215 0.009187 
-0.005814 0.013152 
-0.007356 0.017732 
-0.008485 0.023583 
-0.010078 0.028908 
-0.011909 0.034070 
-0.013363 0.038780 
-0.014877 0.043670 
-0.016736 0.048553 
-0.018344 0.053130 
-0.019026 0.057616 
-0.019994 0.061038 
-0.020259 0.064347 
-0.019570 0.066103 
-0.018268 0.067181 
-0.015633 0.066104 
-0.013319 0.064187 
-0.008781 0.062999 
-0.003782 0.059179 
0.000457 0.054639 
0.005436 0.049077 
0.010674 0.044924 
0.016688 0.039171 
0.021453 0.031389 
0.027002 0.024494 
0.032057 0.017861 
0.036021 0.011683 
0.040819 0.004237 
0.045099 -0.001258 
0.048373 -0.008983 
0.051923 -0.016058 
0.055376 -0.021958 
0.057493 -0.029372 
0.060282 -0.033763 
0.060902 -0.040272 
0.061472 -0.046251 
0.061930 -0.050396 
0.060589 -0.055304 
0.059441 -0.059246 
0.056363 -0.061241 
0.053340 -0.063345 
0.049735 -0.066398 
0.044896 -0.065738 
0.038492 -0.063950 
0.031296 -0.063129 
0.022993 -0.061003 
0.015130 -0.057455 
0.008720 -0.053324 
-0.000050 -0.049543 
-0.007842 -0.045621 
-0.014579 -0.041377 
-0.021594 -0.036742 
-0.028630 -0.032883 
-0.034901 -0.029425 
-0.040732 -0.025585 
-0.044592 -0.023789 
-0.047663 -0.020987 
-0.051967 -0.018205 
-0.054420 -0.017572 
-0.058514 -0.016456 
-0.059796 -0.015556 
-0.059986 -0.013074 
-0.062159 -0.010903 
-0.061822 -0.008847 
-0.061690 -0.007173 
-0.060274 -0.005136 
-0.058360 -0.003042 
-0.055747 -0.002206 
-0.052135 0.000667 
-0.048382 0.001257 
-0.044403 0.002724 
-0.040619 0.003847 
-0.035920 0.004537 
-0.030982 0.006101 
-0.025749 0.006263 
-0.021990 0.007917 
-0.017542 0.007658 
-0.013578 0.009213 
-0.011152 0.009533 
-0.007702 0.009810 
-0.006327 0.012813 
-0.004621 0.013833 
-0.004148 0.015874 
-0.004135 0.017415 
-0.002732 0.020320 
-0.003832 0.024882 
-0.002323 0.028245 
-0.001383 0.030432 
-0.002403 0.033491 
-0.000548 0.036566 
0.000345 0.038722 
0.001865 0.041447 
0.004058 0.043313 
0.004946 0.044690 
0.007746 0.045314 
0.010097 0.046196 
0.010756 0.047229 
0.012442 0.047524 
0.013618 0.045953 
0.014613 0.044538 
0.016086 0.044528 
0.017627 0.042530 
0.017982 0.040299 
0.017969 0.038101 
0.019857 0.034604 
0.020482 0.031664 
0.022020 0.028046 
0.025326 0.022786 
0.028366 0.019220 
0.030867 0.014714 
0.033147 0.009660 
0.036827 0.004778 
0.038937 -0.001387 
0.041243 -0.005932 
0.044222 -0.010526 
0.045283 -0.014979 
0.046185 -0.020152 
0.046455 -0.023111 
0.045722 -0.025258 
0.045562 -0.028767 
0.044245 -0.030000 
0.041590 -0.032030 
0.039577 -0.032662 
0.037233 -0.033958 
0.034205 -0.034785 
0.029658 -0.032960 
0.026758 -0.032701 
0.023564 -0.032441 
0.018180 -0.031881 
0.014517 -0.029126 
0.010012 -0.026773 
0.006495 -0.026131 
0.003352 -0.024292 
-0.002037 -0.022104 
-0.006863 -0.019139 
-0.010835 -0.016230 
-0.015666 -0.014512 
-0.019433 -0.012484 
-0.022869 -0.008901 
-0.027698 -0.006861 
-0.030093 -0.005511 
-0.032492 -0.004219 
-0.034662 -0.003823 
-0.035848 -0.002014 
-0.036129 -0.002279 
-0.034832 -0.002473 
-0.035235 -0.002433 
-0.035020 -0.004734 
-0.033136 -0.006141 
-0.030866 -0.008339 
-0.029574 -0.010445 
-0.027600 -0.012690 
-0.024425 -0.015615 
-0.021394 -0.017875 
-0.019181 -0.019111 
-0.017975 -0.020263 
-0.015286 -0.021907 
-0.013057 -0.020884 
-0.010568 -0.020377 
-0.008476 -0.019546 
-0.007508 -0.017311 
-0.005999 -0.016147 
-0.004617 -0.013473 
-0.003734 -0.010406 
-0.003932 -0.007715 
-0.003616 -0.003923 
-0.003719 0.000025 
-0.004119 0.002913 
-0.004950 0.008083 
-0.006322 0.013762 
-0.008465 0.017918 
-0.010368 0.023007 
-0.011831 0.027940 
-0.013942 0.034144 
-0.013856 0.040126 
-0.016548 0.045273 
-0.018859 0.050419 
-0.018908 0.055342 
-0.020454 0.059901 
-0.021022 0.063318 
-0.021429 0.066525 
-0.019812 0.067664 
-0.018561 0.068175 
-0.015860 0.068286 
-0.012271 0.066748 
-0.009218 0.064121 
-0.004451 0.060424 
-0.000464 0.056616 
0.004702 0.051037 
0.008491 0.045703 
0.013653 0.041016 
0.020672 0.034671 
0.025935 0.028067 
0.030663 0.021742 
0.035012 0.015325 
0.039424 0.008497 
0.042942 0.002155 
0.047496 -0.004917 
0.050775 -0.012250 
0.054015 -0.018467 
0.057227 -0.025851 
0.059537 -0.033165 
0.062770 -0.039107 
0.063499 -0.044864 
0.063217 -0.050706 
0.062389 -0.055153 
0.060939 -0.059019 
0.057414 -0.061931 
0.053591 -0.062834 
0.050262 -0.064887 
0.045019 -0.064753 
0.038804 -0.063309 
0.030612 -0.062160 
0.023879 -0.058616 
0.016287 -0.055493 
0.007168 -0.051544 
0.000559 -0.047526 
-0.007013 -0.043009 
-0.014424 -0.039161 
-0.020729 -0.037279 
-0.027880 -0.033462 
-0.033051 -0.030995 
-0.037904 -0.028273 
-0.043505 -0.025294 
-0.047801 -0.024546 
-0.051660 -0.022522 
-0.054897 -0.020713 
-0.058427 -0.018482 
-0.060825 -0.015471 
-0.063019 -0.013798 
-0.063980 -0.011603 
-0.063214 -0.009661 
-0.062973 -0.007771 
-0.061440 -0.004822 
-0.059764 -0.003080 
-0.056001 -0.002027 
-0.052742 -0.000607 
-0.049997 0.001122 
-0.044644 0.001887 
-0.039841 0.002824 
-0.035241 0.004681 
-0.031102 0.005344 
-0.026539 0.006497 
-0.022396 0.006263 
-0.019779 0.006107 
-0.015386 0.007143 
-0.012496 0.007709 
-0.012361 0.010636 
-0.009769 0.012362 
-0.008164 0.014502 
-0.007022 0.018545 
-0.005438 0.020789 
-0.005643 0.023208 
-0.005219 0.026339 
-0.005367 0.030030 
-0.003417 0.033757 
-0.000827 0.035829 
-0.000051 0.037300 
0.000898 0.039980 
0.003345 0.041638 
0.005958 0.043708 
0.007291 0.045537 
0.009060 0.045443 
0.009918 0.047103 
0.011316 0.047695 
0.011757 0.047806 
0.011851 0.047787 
0.013094 0.046640 
0.014234 0.045602 
0.015522 0.044611 
0.015639 0.042993 
0.017454 0.039401 
0.019578 0.036545 
0.020942 0.032548 
0.024313 0.028603 
0.027676 0.024568 
0.030121 0.019501 
0.033126 0.015087 
0.036039 0.009531 
0.038390 0.005156 
0.040224 -0.000325 
0.043141 -0.006133 
0.045735 -0.010271 
0.046362 -0.013702 
0.047345 -0.017856 
0.047200 -0.022054 
0.046922 -0.024559 
0.045983 -0.027759 
0.044521 -0.029875 
0.042901 -0.031867 
0.040406 -0.032587 
0.038002 -0.032873 
0.034684 -0.034107 
0.031828 -0.033866 
0.027763 -0.033450 
0.023896 -0.033374 
0.020684 -0.032432 
0.016529 -0.029686 
0.011976 -0.028025 
0.007356 -0.026032 
0.002982 -0.024204 
-0.002049 -0.021508 
-0.007320 -0.018212 
-0.012292 -0.017128 
-0.015521 -0.014319 
-0.020168 -0.011586 
-0.024346 -0.008889 
-0.027599 -0.006978 
-0.030681 -0.005356 
-0.031745 -0.003031 
-0.033890 -0.002371 
-0.034519 -0.002352 
-0.034758 -0.002289 
-0.034865 -0.002971 
-0.034773 -0.005070 
-0.033671 -0.005461 
-0.031750 -0.008010 
-0.031405 -0.011154 
-0.028931 -0.011837 
-0.026571 -0.015114 
-0.024285 -0.017096 
-0.022199 -0.018414 
-0.020199 -0.019934 
-0.016937 -0.020255 
-0.015340 -0.021304 
-0.013521 -0.021253 
-0.011456 -0.020632 
-0.009305 -0.019263 
-0.007043 -0.017308 
-0.006391 -0.015468 
-0.004526 -0.013717 
-0.003070 -0.012751 
-0.003013 -0.009663 
-0.002644 -0.005732 
-0.003714 -0.002594 
-0.003793 0.001771 
-0.004662 0.007127 
-0.006515 0.012466 
-0.007914 0.017224 
-0.009804 0.022565 
-0.010941 0.029210 
-0.014387 0.035560 
-0.017171 0.040768 
-0.018149 0.046772 
-0.019947 0.051471 
-0.021317 0.055890 
-0.022053 0.060573 
-0.021338 0.062757 
-0.020104 0.065711 
-0.019233 0.067514 
-0.017578 0.068240 
-0.014829 0.067637 
-0.012439 0.065791 
-0.009612 0.064036 
-0.004586 0.059982 
0.000840 0.056033 
0.004433 0.051758 
0.009109 0.046381 
0.015519 0.040562 
0.020392 0.035039 
0.025236 0.028859 
0.030535 0.022592 
0.034593 0.016083 
0.039378 0.008840 
0.044768 0.002400 
0.048656 -0.004512 
0.053791 -0.010980 
0.057891 -0.018060 
0.060148 -0.024665 
0.062929 -0.032773 
0.063970 -0.040473 
0.065841 -0.046238 
0.066553 -0.052758 
0.064597 -0.056805 
0.063393 -0.060436 
0.060677 -0.063063 
0.057111 -0.064851 
0.052317 -0.064336 
0.045820 -0.064357 
0.039977 -0.063651 
0.032085 -0.060408 
0.025182 -0.059476 
0.018571 -0.055007 
0.010337 -0.052155 
0.003679 -0.049114 
-0.003914 -0.044432 
-0.009541 -0.042749 
-0.015719 -0.039750 
-0.023008 -0.036680 
-0.028967 -0.034241 
-0.035854 -0.032723 
-0.040805 -0.029131 
-0.045575 -0.026067 
-0.050368 -0.024232 
-0.054025 -0.022127 
-0.057008 -0.020809 
-0.059796 -0.018198 
-0.061879 -0.015967 
-0.063628 -0.013422 
-0.064516 -0.011544 
-0.062731 -0.009410 
-0.061368 -0.006574 
-0.060181 -0.003828 
-0.057527 -0.002160 
-0.053257 -0.001809 
-0.049110 -0.000180 
-0.045096 0.000758 
-0.039873 0.001303 
-0.034660 0.001126 
-0.031012 0.001958 
-0.026907 0.003137 
-0.022115 0.002298 
-0.019245 0.004024 
-0.015869 0.005815 
-0.014294 0.006644 
-0.013923 0.009889 
-0.012191 0.012135 
-0.010543 0.014135 
-0.009632 0.017704 
-0.009145 0.020373 
-0.007925 0.022975 
-0.006470 0.024913 
-0.004815 0.027843 
-0.003682 0.031144 
-0.001247 0.032626 
0.001098 0.035583 
0.003096 0.038115 
0.004425 0.039791 
0.005381 0.042328 
0.007816 0.044552 
0.007705 0.045287 
0.008379 0.046340 
0.009752 0.048301 
0.009821 0.048435 
0.010354 0.048138 
0.011327 0.047282 
0.013057 0.046046 
0.013863 0.044843 
0.014053 0.042762 
0.015545 0.040202 
0.018760 0.036683 
0.020860 0.033219 
0.023229 0.029471 
0.027084 0.024318 
0.030334 0.019289 
0.033631 0.015072 
0.036136 0.009537 
0.038607 0.003424 
0.041840 -0.001411 
0.044046 -0.005826 
0.045746 -0.009956 
0.046984 -0.014046 
0.046985 -0.018789 
0.046659 -0.022610 
0.046417 -0.024847 
0.045412 -0.027166 
0.043575 -0.029446 
0.042769 -0.031660 
0.040569 -0.032693 
0.037862 -0.034163 
0.036485 -0.035341 
0.033473 -0.034600 
0.029331 -0.034836 
0.025629 -0.033153 
0.023416 -0.032537 
0.018500 -0.032569 
0.013476 -0.029964 
0.009626 -0.028163 
0.003614 -0.025318 
-0.001713 -0.022872 
-0.007487 -0.020335 
-0.011337 -0.016491 
-0.015973 -0.013212 
-0.020523 -0.011511 
-0.022746 -0.010497 
-0.027145 -0.007119 
-0.029537 -0.005406 
-0.031524 -0.004978 
-0.033763 -0.003529 
-0.034428 -0.004182 
-0.034906 -0.004648 
-0.035440 -0.005651 
-0.035684 -0.008156 
-0.033898 -0.008772 
-0.032645 -0.009778 
-0.030890 -0.011485 
-0.029128 -0.013240 
-0.028114 -0.016033 
-0.025755 -0.017032 
-0.024220 -0.018124 
-0.022453 -0.019961 
-0.020048 -0.019834 
-0.017426 -0.020021 
-0.015401 -0.019746 
-0.012775 -0.019026 
-0.010858 -0.019400 
-0.009607 -0.018042 
-0.006230 -0.016179 
-0.005544 -0.015197 
-0.004170 -0.013201 
-0.003271 -0.010052 
-0.003721 -0.006690 
-0.003350 -0.003063 
-0.004972 0.001191 
-0.005161 0.006077 
-0.006926 0.012078 
-0.008943 0.018077 
-0.011182 0.023701 
-0.014475 0.030049 
-0.015877 0.036303 
-0.017897 0.041546 
-0.019825 0.047417 
-0.020935 0.052285 
-0.020920 0.056031 
-0.022099 0.060309 
-0.022185 0.062961 
-0.020529 0.065692 
-0.019540 0.066676 
-0.017435 0.066601 
-0.015076 0.066618 
-0.011519 0.063862 
-0.007639 0.061543 
-0.003949 0.059081 
0.000131 0.055833 
0.004396 0.052038 
0.009187 0.047422 
0.013152 0.042266 
0.017732 0.036471 
0.023583 0.031100 
0.028908 0.024761 
0.034070 0.018321 
0.038780 0.012087 
0.043670 0.003865 
0.048553 -0.003996 
0.053130 -0.011053 
0.057616 -0.019983 
0.061038 -0.027156 
0.064347 -0.033224 
0.066103 -0.040844 
0.067181 -0.047116 
0.066104 -0.052677 
0.064187 -0.057451 
0.062999 -0.060093 
0.059179 -0.061912 
0.054639 -0.064066 
0.049077 -0.064768 
0.044924 -0.063650 
0.039171 -0.062520 
0.031389 -0.061377 
0.024494 -0.058912 
0.017861 -0.056186 
0.011683 -0.053570 
0.004237 -0.049689 
-0.001258 -0.046975 
-0.008983 -0.044177 
-0.016058 -0.041987 
-0.021958 -0.040365 
-0.029372 -0.036787 
-0.033763 -0.034268 
-0.040272 -0.031426 
-0.046251 -0.028758 
-0.050396 -0.027181 
-0.055304 -0.023869 
-0.059246 -0.020562 
-0.061241 -0.018066 
-0.063345 -0.014764 
-0.066398 -0.011346 
-0.065738 -0.008674 
-0.063950 -0.007149 
-0.063129 -0.005566 
-0.061003 -0.003262 
-0.057455 -0.002032 
-0.053324 -0.001216 
-0.049543 -0.000240 
-0.045621 0.000277 
-0.041377 -0.000086 
-0.036742 0.000257 
-0.032883 0.001262 
-0.029425 0.002282 
-0.025585 0.003511 
-0.023789 0.004556 
-0.020987 0.006169 
-0.018205 0.006869 
-0.017572 0.010032 
-0.016456 0.013337 
-0.015556 0.014398 
-0.013074 0.017393 
-0.010903 0.020150 
-0.008847 0.023391 
-0.007173 0.025946 
-0.005136 0.027992 
-0.003042 0.030937 
-0.002206 0.033411 
0.000667 0.035059 
0.001257 0.037519 
0.002724 0.041400 
0.003847 0.042321 
0.004537 0.044211 
0.006101 0.047102 
0.006263 0.047875 
0.007917 0.048629 
0.007658 0.049118 
0.009213 0.049622 
0.009533 0.049203 
0.009810 0.048480 
0.012813 0.046755 
0.013833 0.044900 
0.015874 0.041773 
0.017415 0.037018 
0.020320 0.033811 
0.024882 0.029715 
0.028245 0.025316 
0.030432 0.020362 
0.033491 0.015239 
0.036566 0.010383 
0.038722 0.005043 
0.041447 0.000970 
0.043313 -0.003734 
0.044690 -0.008589 
0.045314 -0.012740 
0.046196 -0.016971 
0.047229 -0.020085 
0.047524 -0.022530 
0.045953 -0.025098 
0.044538 -0.027670 
0.044528 -0.030760 
0.042530 -0.032269 
0.040299 -0.033114 
0.038101 -0.034433 
0.034604 -0.034681 
0.031664 -0.035264 
0.028046 -0.033995 
0.022786 -0.032656 
0.019220 -0.032325 
0.014714 -0.030248 
0.009660 -0.027599 
0.004778 -0.025569 
-0.001387 -0.022373 
-0.005932 -0.018187 
-0.010526 -0.016444 
-0.014979 -0.013275 
-0.020152 -0.010203 
-0.023111 -0.008282 
-0.025258 -0.005458 
-0.028767 -0.003961 
-0.030000 -0.003249 
-0.032030 -0.004212 
-0.032662 -0.004522 
-0.033958 -0.004446 
-0.034785 -0.005426 
-0.032960 -0.007390 
-0.032701 -0.008517 
-0.032441 -0.009886 
-0.031881 -0.012750 
-0.029126 -0.012994 
-0.026773 -0.014630 
-0.026131 -0.016411 
-0.024292 -0.016595 
-0.022104 -0.017724 
-0.019139 -0.017848 
-0.016230 -0.018172 
-0.014512 -0.018704 
-0.012484 -0.019231 
-0.008901 -0.019699 
-0.006861 -0.018629 
-0.005511 -0.018001 
-0.004219 -0.016292 
-0.003823 -0.013404 
-0.002014 -0.011595 
-0.002279 -0.007068 
-0.002473 -0.002851 
-0.002433 0.000433 
-0.004734 0.005559 
-0.006141 0.011577 
-0.008339 0.017739 
-0.010445 0.022850 
-0.012690 0.029391 
-0.015615 0.036273 
-0.017875 0.042865 
-0.019111 0.048183 
-0.020263 0.052509 
-0.021907 0.056771 
-0.020884 0.060271 
-0.020377 0.063882 
-0.019546 0.065647 
-0.017311 0.066952 
-0.016147 0.067177 
-0.013473 0.065633 
-0.010406 0.063864 
-0.007715 0.062304 
-0.003923 0.060689 
0.000025 0.057186 
0.002913 0.053666 
0.008083 0.050386 
0.013762 0.045521 
0.017918 0.040755 
0.023007 0.033977 
0.027940 0.026986 
0.034144 0.021975 
0.040126 0.013709 
0.045273 0.005299 
0.050419 -0.003526 
0.055342 -0.011858 
0.059901 -0.019678 
0.063318 -0.028659 
0.066525 -0.034714 
0.067664 -0.041588 
0.068175 -0.047303 
0.068286 -0.052235 
0.066748 -0.056647 
0.064121 -0.059020 
0.060424 -0.060697 
0.056616 -0.061327 
0.051037 -0.062642 
0.045703 -0.062321 
0.041016 -0.060522 
0.034671 -0.059013 
0.028067 -0.058013 
0.021742 -0.055211 
0.015325 -0.053075 
0.008497 -0.051195 
0.002155 -0.048497 
-0.004917 -0.046997 
-0.012250 -0.043734 
-0.018467 -0.041346 
-0.025851 -0.039037 
-0.033165 -0.036590 
-0.039107 -0.034194 
-0.044864 -0.030948 
-0.050706 -0.027833 
-0.055153 -0.024701 
-0.059019 -0.021832 
-0.061931 -0.019128 
-0.062834 -0.015758 
-0.064887 -0.011595 
-0.064753 -0.009682 
-0.063309 -0.007617 
-0.062160 -0.006422 
-0.058616 -0.006070 
-0.055493 -0.005052 
-0.051544 -0.004156 
-0.047526 -0.002850 
-0.043009 -0.002990 
-0.039161 -0.001770 
-0.037279 -0.000737 
-0.033462 -0.000409 
-0.030995 0.000832 
-0.028273 0.002146 
-0.025294 0.003779 
-0.024546 0.005546 
-0.022522 0.008088 
-0.020713 0.011127 
-0.018482 0.013345 
-0.015471 0.014776 
-0.013798 0.017896 
-0.011603 0.020504 
-0.009661 0.022595 
-0.007771 0.025429 
-0.004822 0.027847 
-0.003080 0.031041 
-0.002027 0.034052 
-0.000607 0.036549 
0.001122 0.039283 
0.001887 0.041899 
0.002824 0.043774 
0.004681 0.045378 
0.005344 0.047306 
0.006497 0.049097 
0.006263 0.050852 
0.006107 0.051353 
0.007143 0.050356 
0.007709 0.050899 
0.010636 0.050187 
0.012362 0.047422 
0.014502 0.045052 
0.018545 0.042170 
0.020789 0.039139 
0.023208 0.034612 
0.026339 0.030439 
0.030030 0.026109 
0.033757 0.021138 
0.035829 0.016887 
0.037300 0.011715 
0.039980 0.007122 
0.041638 0.002439 
0.043708 -0.002361 
0.045537 -0.005900 
0.045443 -0.010561 
0.047103 -0.015377 
0.047695 -0.018395 
0.047806 -0.021985 
0.047787 -0.025078 
0.046640 -0.028376 
0.045602 -0.030622 
0.044611 -0.031022 
0.042993 -0.032659 
0.039401 -0.034634 
0.036545 -0.035240 
0.032548 -0.034109 
0.028603 -0.034969 
0.024568 -0.033085 
0.019501 -0.031301 
0.015087 -0.031297 
0.009531 -0.027162 
0.005156 -0.024388 
-0.000325 -0.021193 
-0.006133 -0.017630 
-0.010271 -0.014879 
-0.013702 -0.013113 
-0.017856 -0.011090 
-0.022054 -0.007960 
-0.024559 -0.006867 
-0.027759 -0.005787 
-0.029875 -0.005229 
-0.031867 -0.005565 
-0.032587 -0.005753 
-0.032873 -0.006137 
-0.034107 -0.006994 
-0.033866 -0.007469 
-0.033450 -0.009621 
-0.033374 -0.010574 
-0.032432 -0.011001 
-0.029686 -0.013192 
-0.028025 -0.013955 
-0.026032 -0.015847 
-0.024204 -0.016672 
-0.021508 -0.017691 
-0.018212 -0.018894 
-0.017128 -0.019200 
-0.014319 -0.020086 
-0.011586 -0.020795 
-0.008889 -0.020640 
-0.006978 -0.019569 
-0.005356 -0.019055 
-0.003031 -0.016883 
-0.002371 -0.015132 
-0.002352 -0.012332 
-0.002289 -0.008685 
-0.002971 -0.004516 
-0.005070 0.001234 
-0.005461 0.005985 
-0.008010 0.011921 
-0.011154 0.018059 
-0.011837 0.025045 
-0.015114 0.031641 
-0.017096 0.037258 
-0.018414 0.043327 
-0.019934 0.048181 
-0.020255 0.052524 
-0.021304 0.056772 
