-9.845240041613578796e-03 3.651456907391548157e-02
-9.761851280927658081e-03 3.717373311519622803e-02
-9.579750709235668182e-03 3.795673698186874390e-02
-8.585204370319843292e-03 3.818053379654884338e-02
-7.295275107026100159e-03 3.668227046728134155e-02
-6.781294941902160645e-03 3.567917644977569580e-02
-4.969389643520116806e-03 3.487101569771766663e-02
-2.698816591873764992e-03 3.351552039384841919e-02
-3.859543066937476397e-04 3.158039227128028870e-02
1.955059124156832695e-03 2.844039537012577057e-02
4.591885488480329514e-03 2.589997835457324982e-02
7.941907271742820740e-03 2.236679941415786743e-02
1.115191727876663208e-02 1.803277619183063507e-02
1.485353242605924606e-02 1.337510347366333008e-02
1.820350252091884613e-02 9.036439470946788788e-03
2.255149744451045990e-02 4.369792062789201736e-03
2.583421207964420319e-02 -6.089793168939650059e-04
2.901760488748550415e-02 -4.765166901051998138e-03
3.201006352901458740e-02 -1.041332725435495377e-02
3.376723453402519226e-02 -1.497958041727542877e-02
3.607945144176483154e-02 -1.877543702721595764e-02
3.695781528949737549e-02 -2.329881303012371063e-02
3.805793076753616333e-02 -2.675994113087654114e-02
3.784427791833877563e-02 -2.992318756878376007e-02
3.765310347080230713e-02 -3.316931426525115967e-02
3.735169768333435059e-02 -3.511320799589157104e-02
3.563075140118598938e-02 -3.637639805674552917e-02
3.432671725749969482e-02 -3.769376128911972046e-02
3.175983950495719910e-02 -3.801414370536804199e-02
2.879276685416698456e-02 -3.859705850481987000e-02
2.545903809368610382e-02 -3.844838961958885193e-02
2.194131165742874146e-02 -3.754916414618492126e-02
1.851089857518672943e-02 -3.743942454457283020e-02
1.522773876786231995e-02 -3.652421757578849792e-02
1.066979486495256424e-02 -3.462308272719383240e-02
6.576847285032272339e-03 -3.357669711112976074e-02
2.855428494513034821e-03 -3.242062404751777649e-02
-2.229478443041443825e-03 -3.029786236584186554e-02
-5.935932043939828873e-03 -2.812037430703639984e-02
-1.019782293587923050e-02 -2.509533427655696869e-02
-1.434549316763877869e-02 -2.276747487485408783e-02
-1.837949082255363464e-02 -2.034886926412582397e-02
-2.287949249148368835e-02 -1.702179573476314545e-02
-2.596626803278923035e-02 -1.401864923536777496e-02
-2.956379018723964691e-02 -1.112156175076961517e-02
-3.308696672320365906e-02 -9.102839045226573944e-03
-3.484295681118965149e-02 -6.644508801400661469e-03
-3.733769431710243225e-02 -4.349400755017995834e-03
-3.884625434875488281e-02 -2.734968671575188637e-03
-3.903169557452201843e-02 -1.279670977964997292e-03
-3.986282646656036377e-02 -1.166702131740748882e-03
-3.891927748918533325e-02 -5.593657260760664940e-04
-3.825838491320610046e-02 3.699676308315247297e-04
-3.682802617549896240e-02 3.849380882456898689e-04
-3.513154014945030212e-02 3.534980060067027807e-04
-3.355155512690544128e-02 2.097757824230939150e-04
-3.064583614468574524e-02 4.150362219661474228e-04
-2.849540859460830688e-02 3.453364188317209482e-04
-2.588240243494510651e-02 3.515783173497766256e-04
-2.365832589566707611e-02 2.534298982936888933e-04
-2.133473381400108337e-02 1.227660337463021278e-03
-1.906083710491657257e-02 3.412552177906036377e-03
-1.672391220927238464e-02 3.241685917600989342e-03
-1.446207053959369659e-02 3.864392172545194626e-03
-1.230311393737792969e-02 5.082192365080118179e-03
-9.892270900309085846e-03 6.292100995779037476e-03
-7.935161702334880829e-03 8.392171934247016907e-03
-5.577452015131711960e-03 9.282507933676242828e-03
-4.143449012190103531e-03 1.111347228288650513e-02
-2.567498246207833290e-03 1.253303419798612595e-02
-8.336622267961502075e-04 1.287050824612379074e-02
8.200826705433428288e-04 1.367036812007427216e-02
1.930460799485445023e-03 1.419341657310724258e-02
2.872192533686757088e-03 1.463306136429309845e-02
3.199857659637928009e-03 1.581579260528087616e-02
3.037757007405161858e-03 1.668674126267433167e-02
4.351745359599590302e-03 1.718267425894737244e-02
4.340182058513164520e-03 1.862460374832153320e-02
3.603845834732055664e-03 1.998335681855678558e-02
2.754108048975467682e-03 2.102098986506462097e-02
2.523581031709909439e-03 2.288069203495979309e-02
2.861540298908948898e-03 2.471724525094032288e-02
2.773425076156854630e-03 2.516752667725086212e-02
2.482751850038766861e-03 2.683475427329540253e-02
2.622978063300251961e-03 2.827220410108566284e-02
3.644736949354410172e-03 2.846658229827880859e-02
4.610810428857803345e-03 2.884670905768871307e-02
6.457393057644367218e-03 2.871347963809967041e-02
7.926008664071559906e-03 2.826257050037384033e-02
9.601075202226638794e-03 2.654301375150680542e-02
1.084045507013797760e-02 2.507096715271472931e-02
1.235948316752910614e-02 2.306592091917991638e-02
1.462341472506523132e-02 2.078324183821678162e-02
1.543076895177364349e-02 1.842313259840011597e-02
1.650595851242542267e-02 1.616167277097702026e-02
1.777887903153896332e-02 1.401149109005928040e-02
1.907002925872802734e-02 1.023893058300018311e-02
1.983985677361488342e-02 7.518644444644451141e-03
1.986785046756267548e-02 4.641641862690448761e-03
1.993595808744430542e-02 2.164987614378333092e-03
2.130927704274654388e-02 -8.898184023564681411e-05
2.217639051377773285e-02 -3.071297425776720047e-03
2.235791645944118500e-02 -5.476967431604862213e-03
2.319430746138095856e-02 -7.787072565406560898e-03
2.336387336254119873e-02 -1.002095546573400497e-02
2.464900724589824677e-02 -1.289049629122018814e-02
2.534889616072177887e-02 -1.472636498510837555e-02
2.517621591687202454e-02 -1.613851822912693024e-02
2.538656443357467651e-02 -1.778094284236431122e-02
2.510752901434898376e-02 -1.937428303062915802e-02
2.494670450687408447e-02 -2.021476067602634430e-02
2.437415346503257751e-02 -2.070127241313457489e-02
2.297134697437286377e-02 -2.191117219626903534e-02
2.119138464331626892e-02 -2.223499864339828491e-02
1.898832246661186218e-02 -2.221686951816082001e-02
1.667014881968498230e-02 -2.139240317046642303e-02
1.401550322771072388e-02 -2.049917727708816528e-02
1.097223907709121704e-02 -1.968763582408428192e-02
7.950909435749053955e-03 -1.780193857848644257e-02
4.237649496644735336e-03 -1.601503603160381317e-02
1.276994822546839714e-03 -1.498427614569664001e-02
-1.588125713169574738e-03 -1.313727814704179764e-02
-4.762111231684684753e-03 -1.043110806494951248e-02
-7.980810478329658508e-03 -9.433565661311149597e-03
-1.024656184017658234e-02 -8.376616984605789185e-03
-1.142214238643646240e-02 -6.749738939106464386e-03
-1.377679780125617981e-02 -5.914875771850347519e-03
-1.528941839933395386e-02 -5.195448640733957291e-03
-1.634409092366695404e-02 -4.105377011001110077e-03
-1.682439260184764862e-02 -3.222389612346887589e-03
-1.770463027060031891e-02 -3.437647828832268715e-03
-1.900533400475978851e-02 -2.982213627547025681e-03
-1.975302770733833313e-02 -2.192002721130847931e-03
-2.010474726557731628e-02 -2.333363518118858337e-03
-1.992945186793804169e-02 -2.668371889740228653e-03
-2.068199776113033295e-02 -2.995468210428953171e-03
-2.006796374917030334e-02 -3.383188508450984955e-03
-1.961588673293590546e-02 -4.006211645901203156e-03
-1.879955641925334930e-02 -4.666407592594623566e-03
-1.737450249493122101e-02 -5.709080491214990616e-03
-1.591399312019348145e-02 -6.416487041860818863e-03
-1.423260662704706192e-02 -7.466263137757778168e-03
-1.307286135852336884e-02 -9.046474471688270569e-03
-1.065350882709026337e-02 -9.243505075573921204e-03
-9.202270768582820892e-03 -1.002649776637554169e-02
-7.324382197111845016e-03 -1.116261165589094162e-02
-5.526938010007143021e-03 -1.137471478432416916e-02
-4.122187849134206772e-03 -1.171324681490659714e-02
-2.585665090009570122e-03 -1.228047534823417664e-02
-2.204349031671881676e-03 -1.207825914025306702e-02
-1.650885329581797123e-03 -1.093106903135776520e-02
-1.205179840326309204e-03 -1.018485613167285919e-02
-5.824577528983354568e-04 -8.601033128798007965e-03
-2.592110249679535627e-04 -6.458427757024765015e-03
-2.183143951697275043e-04 -4.447053186595439911e-03
-1.264542224816977978e-03 -1.335795037448406219e-03
-1.962151145562529564e-03 2.222840907052159309e-03
-2.608348615467548370e-03 5.614744499325752258e-03
-4.059403203427791595e-03 9.254009462893009186e-03
-4.801467992365360260e-03 1.272562146186828613e-02
-5.422758869826793671e-03 1.628400944173336029e-02
-5.974440835416316986e-03 1.986507885158061981e-02
-7.122343406081199646e-03 2.286594361066818237e-02
-7.839488796889781952e-03 2.600300125777721405e-02
-8.572812192142009735e-03 2.822645939886569977e-02
-8.785977959632873535e-03 3.101111948490142822e-02
-9.090047329664230347e-03 3.342577442526817322e-02
-9.697077795863151550e-03 3.486460819840431213e-02
-9.855570271611213684e-03 3.653370961546897888e-02
-1.004805602133274078e-02 3.666735067963600159e-02
-8.787670172750949860e-03 3.728014975786209106e-02
-8.885773830115795135e-03 3.733753785490989685e-02
-8.557501249015331268e-03 3.701361268758773804e-02
-6.523694377392530441e-03 3.671417385339736938e-02
-5.199080333113670349e-03 3.571710735559463501e-02
-2.985115163028240204e-03 3.438208624720573425e-02
-2.546022878959774971e-04 3.222347795963287354e-02
2.034218283370137215e-03 2.977314405143260956e-02
5.598138552159070969e-03 2.634733170270919800e-02
9.622879326343536377e-03 2.336847409605979919e-02
1.256481837481260300e-02 1.922087185084819794e-02
1.653556525707244873e-02 1.459000445902347565e-02
2.005551569163799286e-02 1.021077949553728104e-02
2.284699864685535431e-02 4.777503199875354767e-03
2.586982399225234985e-02 1.340859744232147932e-04
2.925680018961429596e-02 -4.620525054633617401e-03
3.213784843683242798e-02 -1.005843747407197952e-02
3.362784534692764282e-02 -1.459549553692340851e-02
3.601524978876113892e-02 -1.828602142632007599e-02
3.710003197193145752e-02 -2.321381308138370514e-02
3.751710057258605957e-02 -2.624061889946460724e-02
3.779301047325134277e-02 -2.866777963936328888e-02
3.729279339313507080e-02 -3.197729960083961487e-02
3.691610693931579590e-02 -3.336666896939277649e-02
3.515246883034706116e-02 -3.522622585296630859e-02
3.356365114450454712e-02 -3.658976405858993530e-02
3.096564300358295441e-02 -3.674446791410446167e-02
2.828509919345378876e-02 -3.713030740618705750e-02
2.616690658032894135e-02 -3.821771964430809021e-02
2.241960912942886353e-02 -3.827794641256332397e-02
1.902606710791587830e-02 -3.771445527672767639e-02
1.536081731319427490e-02 -3.742960840463638306e-02
1.165311690419912338e-02 -3.589912876486778259e-02
7.724054157733917236e-03 -3.463201969861984253e-02
3.276515053585171700e-03 -3.304897621273994446e-02
-1.117344596423208714e-03 -3.107055090367794037e-02
-6.013979203999042511e-03 -2.897530607879161835e-02
-1.059291977435350418e-02 -2.565833181142807007e-02
-1.534187514334917068e-02 -2.304195240139961243e-02
-1.920505985617637634e-02 -2.024762518703937531e-02
-2.307122014462947845e-02 -1.648925431072711945e-02
-2.700402773916721344e-02 -1.392955612391233444e-02
-3.040425479412078857e-02 -1.091110426932573318e-02
-3.351671993732452393e-02 -9.053391404449939728e-03
-3.557726368308067322e-02 -7.451181765645742416e-03
-3.792232647538185120e-02 -4.841415211558341980e-03
-3.897056356072425842e-02 -4.226285964250564575e-03
-3.961258381605148315e-02 -3.003566525876522064e-03
-3.953995928168296814e-02 -2.111595356836915016e-03
-3.891506046056747437e-02 -1.730043441057205200e-03
-3.857200220227241516e-02 -1.271025510504841805e-03
-3.651719540357589722e-02 -1.159875304438173771e-03
-3.488063439726829529e-02 -9.380360133945941925e-04
-3.319289907813072205e-02 -9.746754658408463001e-04
-3.152486309409141541e-02 -7.993197068572044373e-04
-2.939535118639469147e-02 -7.054000161588191986e-04
-2.656534500420093536e-02 -2.822241804096847773e-04
-2.447003126144409180e-02 -1.733159151626750827e-04
-2.254553511738777161e-02 1.776876742951571941e-03
-2.052946574985980988e-02 3.311045467853546143e-03
-1.772400736808776855e-02 3.676089458167552948e-03
-1.541991159319877625e-02 5.005899816751480103e-03
-1.335448212921619415e-02 6.283308845013380051e-03
-1.059040334075689316e-02 8.141968399286270142e-03
-8.550152182579040527e-03 8.629832416772842407e-03
-6.760236341506242752e-03 9.533855132758617401e-03
-4.149258602410554886e-03 1.071977429091930389e-02
-2.347263507544994354e-03 1.160019543021917343e-02
-6.895801052451133728e-04 1.239738333970308304e-02
6.010477081872522831e-04 1.250050775706768036e-02
1.565152895636856556e-03 1.305879000574350357e-02
3.162487642839550972e-03 1.356449257582426071e-02
3.164452034980058670e-03 1.529119536280632019e-02
3.264624392613768578e-03 1.612075790762901306e-02
3.290839493274688721e-03 1.673184894025325775e-02
2.636057091876864433e-03 1.845589652657508850e-02
1.793571515008807182e-03 1.971769519150257111e-02
1.341198221780359745e-03 2.195694297552108765e-02
1.783421146683394909e-03 2.358536049723625183e-02
1.855760230682790279e-03 2.512217685580253601e-02
1.806956948712468147e-03 2.732462808489799500e-02
1.896802335977554321e-03 2.791859954595565796e-02
2.947922330349683762e-03 2.858891338109970093e-02
4.182985518127679825e-03 2.888653241097927094e-02
6.037584971636533737e-03 2.842075377702713013e-02
6.954919546842575073e-03 2.813578955829143524e-02
8.146388456225395203e-03 2.703903615474700928e-02
1.084756385535001755e-02 2.613592520356178284e-02
1.211652904748916626e-02 2.444492466747760773e-02
1.345978211611509323e-02 2.254626341164112091e-02
1.446526870131492615e-02 2.045261859893798828e-02
1.539976987987756729e-02 1.803434453904628754e-02
1.637452468276023865e-02 1.592775247991085052e-02
1.758998259902000427e-02 1.311313640326261520e-02
1.833756268024444580e-02 1.075613126158714294e-02
1.869015581905841827e-02 8.089471608400344849e-03
1.970393210649490356e-02 5.835080053657293320e-03
2.036600746214389801e-02 3.242187900468707085e-03
2.151204831898212433e-02 4.458050825633108616e-04
2.239448204636573792e-02 -1.702641719020903111e-03
2.353288047015666962e-02 -4.153428133577108383e-03
2.388752810657024384e-02 -6.489832885563373566e-03
2.447099238634109497e-02 -9.380559436976909637e-03
2.545968070626258850e-02 -1.176263671368360519e-02
2.597929909825325012e-02 -1.457238756120204926e-02
2.703705616295337677e-02 -1.637359522283077240e-02
2.692984975874423981e-02 -1.772888191044330597e-02
2.709045819938182831e-02 -1.984599605202674866e-02
2.682201564311981201e-02 -2.067512087523937225e-02
2.574326097965240479e-02 -2.165076322853565216e-02
2.415675856173038483e-02 -2.222615107893943787e-02
2.205106057226657867e-02 -2.260173112154006958e-02
1.925854757428169250e-02 -2.173148840665817261e-02
1.575969345867633820e-02 -2.058368921279907227e-02
1.324039790779352188e-02 -2.018927410244941711e-02
1.017296034842729568e-02 -1.849637180566787720e-02
6.961886771023273468e-03 -1.728750020265579224e-02
3.739488311111927032e-03 -1.594931259751319885e-02
1.990006421692669392e-04 -1.388892345130443573e-02
-2.783956937491893768e-03 -1.232519559562206268e-02
-5.074936896562576294e-03 -1.084041129797697067e-02
-7.505042012780904770e-03 -9.144290350377559662e-03
-1.018147449940443039e-02 -8.049869909882545471e-03
-1.151998806744813919e-02 -6.876539438962936401e-03
-1.328973751515150070e-02 -5.559963174164295197e-03
-1.538492552936077118e-02 -5.173653364181518555e-03
-1.657739467918872833e-02 -3.750382922589778900e-03
-1.769156940281391144e-02 -2.570994896814227104e-03
-1.855360902845859528e-02 -2.571789780631661415e-03
-1.985627785325050354e-02 -2.078016288578510284e-03
-2.050373144447803497e-02 -2.034736797213554382e-03
-2.089202590286731720e-02 -2.226979471743106842e-03
-2.193983271718025208e-02 -2.341917948797345161e-03
-2.154375240206718445e-02 -2.388561144471168518e-03
-2.098298072814941406e-02 -2.627491718158125877e-03
-2.012103982269763947e-02 -3.623991506174206734e-03
-1.912467554211616516e-02 -4.585492424666881561e-03
-1.820287667214870453e-02 -5.288913846015930176e-03
-1.658325269818305969e-02 -6.281726527959108353e-03
-1.565209589898586273e-02 -7.423541042953729630e-03
-1.294674910604953766e-02 -8.329460397362709045e-03
-1.037038024514913559e-02 -9.273334406316280365e-03
-9.516096673905849457e-03 -1.043192483484745026e-02
-7.652814965695142746e-03 -1.143473014235496521e-02
-5.432379432022571564e-03 -1.185987982898950577e-02
-3.812210401520133018e-03 -1.246302574872970581e-02
-2.831620397046208382e-03 -1.262793131172657013e-02
-1.863163546659052372e-03 -1.219892501831054688e-02
-1.033890061080455780e-03 -1.138713397085666656e-02
-9.254956967197358608e-04 -9.744570590555667877e-03
-1.077087479643523693e-03 -8.302131667733192444e-03
-7.219833787530660629e-04 -5.473233293741941452e-03
-1.678991829976439476e-03 -2.357692690566182137e-03
-2.556301187723875046e-03 2.850277523975819349e-04
-2.716608578339219093e-03 3.388622077181935310e-03
-3.691105404868721962e-03 6.653799675405025482e-03
-4.297004081308841705e-03 1.040199398994445801e-02
-5.386483855545520782e-03 1.337227690964937210e-02
-5.919960327446460724e-03 1.683128625154495239e-02
-6.607983727008104324e-03 1.998218521475791931e-02
-7.140632718801498413e-03 2.245352230966091156e-02
-7.425019517540931702e-03 2.544403821229934692e-02
-8.888019248843193054e-03 2.811201475560665131e-02
-9.550905786454677582e-03 3.015251457691192627e-02
-9.825324639678001404e-03 3.236528486013412476e-02
-1.056365389376878738e-02 3.451804444193840027e-02
-1.159639656543731689e-02 3.583727777004241943e-02
-1.099373586475849152e-02 3.757617995142936707e-02
-1.004877872765064240e-02 3.796233609318733215e-02
-9.635441936552524567e-03 3.831754252314567566e-02
-8.367950096726417542e-03 3.860302269458770752e-02
-7.189813069999217987e-03 3.776729479432106018e-02
-5.132331512868404388e-03 3.705199435353279114e-02
-3.211932955309748650e-03 3.513307124376296997e-02
-1.009140629321336746e-03 3.324869647622108459e-02
2.463788958266377449e-03 3.100178018212318420e-02
5.842856597155332565e-03 2.798564173281192780e-02
9.197786450386047363e-03 2.399346977472305298e-02
1.227457076311111450e-02 1.950767263770103455e-02
1.592182554304599762e-02 1.433224417269229889e-02
1.952972635626792908e-02 9.430990554392337799e-03
2.296297997236251831e-02 5.435276310890913010e-03
2.710580080747604370e-02 -3.099086461588740349e-05
2.975068613886833191e-02 -4.888252820819616318e-03
3.189203515648841858e-02 -9.087376296520233154e-03
3.431634604930877686e-02 -1.346021611243486404e-02
3.613130375742912292e-02 -1.784609071910381317e-02
3.755010291934013367e-02 -2.175537869334220886e-02
3.809558227658271790e-02 -2.538981474936008453e-02
3.837252035737037659e-02 -2.779571898281574249e-02
3.783129528164863586e-02 -2.971040830016136169e-02
3.696126118302345276e-02 -3.239317238330841064e-02
3.594312816858291626e-02 -3.392169997096061707e-02
3.420431911945343018e-02 -3.647365793585777283e-02
3.252022340893745422e-02 -3.727295249700546265e-02
3.058508038520812988e-02 -3.739150986075401306e-02
2.758465148508548737e-02 -3.874627500772476196e-02
2.424173615872859955e-02 -3.853589296340942383e-02
2.143828757107257843e-02 -3.845359757542610168e-02
1.758266054093837738e-02 -3.757119178771972656e-02
1.380137540400028229e-02 -3.637816384434700012e-02
9.870965965092182159e-03 -3.474926203489303589e-02
4.339686594903469086e-03 -3.249762579798698425e-02
-7.849530084058642387e-04 -3.015825338661670685e-02
-5.336553789675235748e-03 -2.767785079777240753e-02
-9.726963005959987640e-03 -2.531919628381729126e-02
-1.431775279343128204e-02 -2.239035256206989288e-02
-1.909910701215267181e-02 -1.931239664554595947e-02
-2.330134622752666473e-02 -1.605021581053733826e-02
-2.710829675197601318e-02 -1.370698679238557816e-02
-3.021639958024024963e-02 -1.093481201678514481e-02
-3.261607140302658081e-02 -8.463633246719837189e-03
-3.527868166565895081e-02 -6.951215676963329315e-03
-3.737222775816917419e-02 -4.801184404641389847e-03
-3.852090984582901001e-02 -3.944103606045246124e-03
-3.905304521322250366e-02 -2.880381420254707336e-03
-3.929696977138519287e-02 -2.585720270872116089e-03
-3.883830457925796509e-02 -2.577393781393766403e-03
-3.740499541163444519e-02 -1.703112269751727581e-03
-3.673708811402320862e-02 -2.388785826042294502e-03
-3.563186526298522949e-02 -1.448155730031430721e-03
-3.370774164795875549e-02 -8.623532485216856003e-04
-3.193537145853042603e-02 -1.497943419963121414e-03
-3.053676150739192963e-02 -3.415258543100208044e-04
-2.855268865823745728e-02 2.148083731299266219e-04
-2.576030232012271881e-02 1.162639120593667030e-03
-2.401704713702201843e-02 2.529320772737264633e-03
-2.201461791992187500e-02 3.082852577790617943e-03
-1.928271725773811340e-02 4.828628618270158768e-03
-1.680400967597961426e-02 6.293538492172956467e-03
-1.439529191702604294e-02 6.704450584948062897e-03
-1.155383791774511337e-02 7.755496073514223099e-03
-8.830542676150798798e-03 8.488336578011512756e-03
-5.828013643622398376e-03 9.109041653573513031e-03
-3.536036470904946327e-03 1.002709195017814636e-02
-2.075675176456570625e-03 1.098733022809028625e-02
1.464383967686444521e-04 1.120896171778440475e-02
1.494749099947512150e-03 1.120086945593357086e-02
2.795116510242223740e-03 1.237766072154045105e-02
2.475745975971221924e-03 1.276716031134128571e-02
2.218114910647273064e-03 1.372603140771389008e-02
3.342167707160115242e-03 1.578647084534168243e-02
2.029766095802187920e-03 1.768154837191104889e-02
1.686839270405471325e-03 1.924084126949310303e-02
2.438529161736369133e-03 2.066178061068058014e-02
1.863679848611354828e-03 2.295588888227939606e-02
1.529565430246293545e-03 2.427100762724876404e-02
1.793634262867271900e-03 2.570846490561962128e-02
2.350711496546864510e-03 2.756514959037303925e-02
3.909828141331672668e-03 2.822654694318771362e-02
4.987906664609909058e-03 2.878882735967636108e-02
5.290639121085405350e-03 2.895708754658699036e-02
7.011278066784143448e-03 2.850028499960899353e-02
8.140129037201404572e-03 2.840055152773857117e-02
9.153575636446475983e-03 2.757955156266689301e-02
1.120670605450868607e-02 2.592463418841362000e-02
1.251694839447736740e-02 2.466997131705284119e-02
1.365567184984683990e-02 2.320882119238376617e-02
1.477508712559938431e-02 2.132130600512027740e-02
1.590492203831672668e-02 1.848709024488925934e-02
1.673298701643943787e-02 1.667924597859382629e-02
1.721047796308994293e-02 1.468830462545156479e-02
1.856601424515247345e-02 1.133198570460081100e-02
1.921192556619644165e-02 9.048698469996452332e-03
1.931823231279850006e-02 6.240792572498321533e-03
2.040477097034454346e-02 4.048750270158052444e-03
2.199521102011203766e-02 2.089305547997355461e-03
2.308286167681217194e-02 -1.269620959646999836e-03
2.315098047256469727e-02 -4.277879372239112854e-03
2.474138885736465454e-02 -6.753876339644193649e-03
2.679383195936679840e-02 -9.765129536390304565e-03
2.720101736485958099e-02 -1.211342867463827133e-02
2.740454301238059998e-02 -1.425485592335462570e-02
2.826977707445621490e-02 -1.726508513092994690e-02
2.854937873780727386e-02 -1.875781081616878510e-02
2.748778648674488068e-02 -2.025370672345161438e-02
2.678872272372245789e-02 -2.160636335611343384e-02
2.534792013466358185e-02 -2.234540134668350220e-02
2.362718805670738220e-02 -2.252040430903434753e-02
2.200443297624588013e-02 -2.171211317181587219e-02
1.939545013010501862e-02 -2.196312136948108673e-02
1.702633686363697052e-02 -2.182954363524913788e-02
1.421354338526725769e-02 -2.065461315214633942e-02
1.053252164274454117e-02 -1.923993602395057678e-02
7.027289364486932755e-03 -1.843448355793952942e-02
4.615093115717172623e-03 -1.720432005822658539e-02
2.222107723355293274e-03 -1.522491499781608582e-02
-5.489877657964825630e-04 -1.333550363779067993e-02
-2.782657509669661522e-03 -1.195629965513944626e-02
-5.143458489328622818e-03 -1.120422780513763428e-02
-7.855492644011974335e-03 -9.528430178761482239e-03
-9.909138083457946777e-03 -8.138725534081459045e-03
-1.172508206218481064e-02 -6.587718147784471512e-03
-1.423678454011678696e-02 -5.283466540277004242e-03
-1.580924540758132935e-02 -4.679705016314983368e-03
-1.720548979938030243e-02 -3.739180276170372963e-03
-1.871816255152225494e-02 -2.877850318327546120e-03
-1.943797804415225983e-02 -2.327548339962959290e-03
-2.072268165647983551e-02 -2.450676867738366127e-03
-2.120185270905494690e-02 -2.253736136481165886e-03
-2.139588072896003723e-02 -2.318138489499688148e-03
-2.177051641047000885e-02 -2.567232586443424225e-03
-2.115978300571441650e-02 -3.085485659539699554e-03
-2.064957097172737122e-02 -3.940679132938385010e-03
-1.958425343036651611e-02 -5.276279058307409286e-03
-1.833773963153362274e-02 -6.462839432060718536e-03
-1.655667461454868317e-02 -7.374644745141267776e-03
-1.445973105728626251e-02 -8.690698072314262390e-03
-1.257141493260860443e-02 -8.636849932372570038e-03
-1.007972005754709244e-02 -1.031522080302238464e-02
-8.706629276275634766e-03 -1.175537612289190292e-02
-7.441722322255373001e-03 -1.178579218685626984e-02
-5.794934462755918503e-03 -1.274945493787527084e-02
-4.233322571963071823e-03 -1.310368441045284271e-02
-3.132833400741219521e-03 -1.335724163800477982e-02
-2.248120494186878204e-03 -1.234985608607530594e-02
-1.495480420999228954e-03 -1.156992278993129730e-02
-1.952245715074241161e-03 -9.885842911899089813e-03
-1.730041694827377796e-03 -7.649087812751531601e-03
-1.848388114012777805e-03 -5.745923612266778946e-03
-2.401907229796051979e-03 -2.774573164060711861e-03
-2.384779043495655060e-03 -2.895368379540741444e-04
-2.836002036929130554e-03 2.930623944848775864e-03
-3.513150382786989212e-03 5.292780697345733643e-03
-3.594910958781838417e-03 8.510140702128410339e-03
-4.322866443544626236e-03 1.288588717579841614e-02
-5.887982901185750961e-03 1.616611890494823456e-02
-6.611215416342020035e-03 1.911314390599727631e-02
-8.002663031220436096e-03 2.182450890541076660e-02
-8.719770237803459167e-03 2.457428723573684692e-02
-9.376698173582553864e-03 2.676753513514995575e-02
-1.062626857310533524e-02 2.960598655045032501e-02
-1.124156452715396881e-02 3.164968267083168030e-02
-1.193228550255298615e-02 3.366964310407638550e-02
-1.174460258334875107e-02 3.567159920930862427e-02
-1.167563442140817642e-02 3.711149841547012329e-02
-1.091068331152200699e-02 3.912689909338951111e-02
-9.743317961692810059e-03 3.958109393715858459e-02
-9.172996506094932556e-03 3.940550237894058228e-02
-7.807150017470121384e-03 3.888937458395957947e-02
-5.908382590860128403e-03 3.798559680581092834e-02
-4.050976131111383438e-03 3.578799590468406677e-02
-1.402024528943002224e-03 3.340550884604454041e-02
2.260731067508459091e-03 3.133022785186767578e-02
5.431705154478549957e-03 2.806210331618785858e-02
8.631256408989429474e-03 2.418827079236507416e-02
1.251271925866603851e-02 1.908171549439430237e-02
1.653039082884788513e-02 1.488454826176166534e-02
2.032272517681121826e-02 1.015251874923706055e-02
2.378426864743232727e-02 4.468149505555629730e-03
2.708641812205314636e-02 3.484841727185994387e-04
2.995174005627632141e-02 -4.371512681245803833e-03
3.192712366580963135e-02 -8.991039358079433441e-03
3.403884917497634888e-02 -1.292120665311813354e-02
3.581356257200241089e-02 -1.737873815000057220e-02
3.651456907391548157e-02 -2.060163766145706177e-02
3.717373311519622803e-02 -2.362691424787044525e-02
3.795673698186874390e-02 -2.711835131049156189e-02
3.818053379654884338e-02 -2.979593537747859955e-02
3.668227046728134155e-02 -3.220159560441970825e-02
3.567917644977569580e-02 -3.421927988529205322e-02
3.487101569771766663e-02 -3.641981258988380432e-02
3.351552039384841919e-02 -3.791473805904388428e-02
3.158039227128028870e-02 -3.928214311599731445e-02
2.844039537012577057e-02 -3.988109901547431946e-02
2.589997835457324982e-02 -3.940333053469657898e-02
2.236679941415786743e-02 -3.925351053476333618e-02
1.803277619183063507e-02 -3.829793632030487061e-02
1.337510347366333008e-02 -3.725334256887435913e-02
9.036439470946788788e-03 -3.490734472870826721e-02
4.369792062789201736e-03 -3.287613764405250549e-02
-6.089793168939650059e-04 -3.116479888558387756e-02
-4.765166901051998138e-03 -2.782823517918586731e-02
-1.041332725435495377e-02 -2.483451366424560547e-02
-1.497958041727542877e-02 -2.196699567139148712e-02
-1.877543702721595764e-02 -1.938676647841930389e-02
-2.329881303012371063e-02 -1.654246076941490173e-02
-2.675994113087654114e-02 -1.396035216748714447e-02
-2.992318756878376007e-02 -1.232928503304719925e-02
-3.316931426525115967e-02 -9.590489789843559265e-03
-3.511320799589157104e-02 -7.789399474859237671e-03
-3.637639805674552917e-02 -7.705347612500190735e-03
-3.769376128911972046e-02 -6.089339498430490494e-03
-3.801414370536804199e-02 -5.088957492262125015e-03
-3.859705850481987000e-02 -4.376921802759170532e-03
-3.844838961958885193e-02 -3.389833495020866394e-03
-3.754916414618492126e-02 -3.517498960718512535e-03
-3.743942454457283020e-02 -3.253328381106257439e-03
-3.652421757578849792e-02 -3.345182863995432854e-03
-3.462308272719383240e-02 -2.129666507244110107e-03
-3.357669711112976074e-02 -5.153062520548701286e-04
-3.242062404751777649e-02 -3.152127828798256814e-05
-3.029786236584186554e-02 5.595577531494200230e-04
-2.812037430703639984e-02 2.085322747007012367e-03
-2.509533427655696869e-02 3.713789628818631172e-03
-2.276747487485408783e-02 4.544640891253948212e-03
-2.034886926412582397e-02 5.647328216582536697e-03
-1.702179573476314545e-02 6.182500161230564117e-03
-1.401864923536777496e-02 7.053479086607694626e-03
-1.112156175076961517e-02 7.328807841986417770e-03
-9.102839045226573944e-03 7.387354504317045212e-03
-6.644508801400661469e-03 8.161948062479496002e-03
-4.349400755017995834e-03 8.872301317751407623e-03
-2.734968671575188637e-03 9.675429202616214752e-03
-1.279670977964997292e-03 9.748345240950584412e-03
-1.166702131740748882e-03 1.087959390133619308e-02
-5.593657260760664940e-04 1.220378745347261429e-02
3.699676308315247297e-04 1.305367052555084229e-02
3.849380882456898689e-04 1.515492051839828491e-02
3.534980060067027807e-04 1.725163310766220093e-02
2.097757824230939150e-04 1.877547055482864380e-02
4.150362219661474228e-04 2.064861357212066650e-02
3.453364188317209482e-04 2.246461622416973114e-02
3.515783173497766256e-04 2.392986230552196503e-02
2.534298982936888933e-04 2.507310174405574799e-02
1.227660337463021278e-03 2.689107507467269897e-02
3.412552177906036377e-03 2.850859239697456360e-02
3.241685917600989342e-03 2.889944054186344147e-02
3.864392172545194626e-03 2.951190061867237091e-02
5.082192365080118179e-03 2.942180633544921875e-02
6.292100995779037476e-03 2.924794331192970276e-02
8.392171934247016907e-03 2.866294793784618378e-02
9.282507933676242828e-03 2.775184251368045807e-02
1.111347228288650513e-02 2.674183808267116547e-02
1.253303419798612595e-02 2.518628351390361786e-02
1.287050824612379074e-02 2.368821389973163605e-02
1.367036812007427216e-02 2.161972969770431519e-02
1.419341657310724258e-02 1.983954943716526031e-02
1.463306136429309845e-02 1.730578206479549408e-02
1.581579260528087616e-02 1.489531248807907104e-02
1.668674126267433167e-02 1.289305184036493301e-02
1.718267425894737244e-02 1.030306424945592880e-02
1.862460374832153320e-02 7.464863359928131104e-03
1.998335681855678558e-02 4.585190676152706146e-03
2.102098986506462097e-02 1.858564792200922966e-03
2.288069203495979309e-02 -1.277259550988674164e-03
2.471724525094032288e-02 -4.562537185847759247e-03
2.516752667725086212e-02 -7.662323303520679474e-03
2.683475427329540253e-02 -9.674732573330402374e-03
2.827220410108566284e-02 -1.257152575999498367e-02
2.846658229827880859e-02 -1.517604757100343704e-02
2.884670905768871307e-02 -1.720351539552211761e-02
2.871347963809967041e-02 -1.912469975650310516e-02
2.826257050037384033e-02 -1.978782005608081818e-02
2.654301375150680542e-02 -2.112477459013462067e-02
2.507096715271472931e-02 -2.151699922978878021e-02
2.306592091917991638e-02 -2.166570909321308136e-02
2.078324183821678162e-02 -2.173292264342308044e-02
1.842313259840011597e-02 -2.167509868741035461e-02
1.616167277097702026e-02 -2.098811417818069458e-02
1.401149109005928040e-02 -1.979099400341510773e-02
1.023893058300018311e-02 -1.957587338984012604e-02
7.518644444644451141e-03 -1.803373172879219055e-02
4.641641862690448761e-03 -1.656298898160457611e-02
2.164987614378333092e-03 -1.513798721134662628e-02
-8.898184023564681411e-05 -1.383749675005674362e-02
-3.071297425776720047e-03 -1.259081158787012100e-02
-5.476967431604862213e-03 -1.055770087987184525e-02
-7.787072565406560898e-03 -9.561867453157901764e-03
-1.002095546573400497e-02 -8.428359404206275940e-03
-1.289049629122018814e-02 -7.140722591429948807e-03
-1.472636498510837555e-02 -5.800291430205106735e-03
-1.613851822912693024e-02 -4.390358459204435349e-03
-1.778094284236431122e-02 -3.983658272773027420e-03
-1.937428303062915802e-02 -2.820998197421431541e-03
-2.021476067602634430e-02 -1.913924934342503548e-03
-2.070127241313457489e-02 -1.878281473182141781e-03
-2.191117219626903534e-02 -1.648191479034721851e-03
-2.223499864339828491e-02 -2.315137768164277077e-03
-2.221686951816082001e-02 -2.364474348723888397e-03
-2.139240317046642303e-02 -2.906297799199819565e-03
-2.049917727708816528e-02 -4.060864914208650589e-03
-1.968763582408428192e-02 -4.932814743369817734e-03
-1.780193857848644257e-02 -6.111141759902238846e-03
-1.601503603160381317e-02 -6.820109672844409943e-03
-1.498427614569664001e-02 -8.968099951744079590e-03
-1.313727814704179764e-02 -1.070335600525140762e-02
-1.043110806494951248e-02 -1.131297741085290909e-02
-9.433565661311149597e-03 -1.243339106440544128e-02
-8.376616984605789185e-03 -1.328753773123025894e-02
-6.749738939106464386e-03 -1.374636217951774597e-02
-5.914875771850347519e-03 -1.330076903104782104e-02
-5.195448640733957291e-03 -1.253184117376804352e-02
-4.105377011001110077e-03 -1.198835950344800949e-02
-3.222389612346887589e-03 -1.095695700496435165e-02
-3.437647828832268715e-03 -9.243462234735488892e-03
-2.982213627547025681e-03 -7.753434125334024429e-03
-2.192002721130847931e-03 -5.991297774016857147e-03
-2.333363518118858337e-03 -2.858518855646252632e-03
-2.668371889740228653e-03 5.235496792010962963e-04
-2.995468210428953171e-03 2.762992633506655693e-03
-3.383188508450984955e-03 5.677883047610521317e-03
-4.006211645901203156e-03 9.673358872532844543e-03
-4.666407592594623566e-03 1.271120179444551468e-02
-5.709080491214990616e-03 1.573065854609012604e-02
-6.416487041860818863e-03 1.903382316231727600e-02
-7.466263137757778168e-03 2.156280912458896637e-02
-9.046474471688270569e-03 2.454572170972824097e-02
-9.243505075573921204e-03 2.790530957281589508e-02
-1.002649776637554169e-02 3.032904863357543945e-02
-1.116261165589094162e-02 3.353019431233406067e-02
-1.137471478432416916e-02 3.608570247888565063e-02
-1.171324681490659714e-02 3.749224171042442322e-02
-1.228047534823417664e-02 3.922625631093978882e-02
-1.207825914025306702e-02 3.987477719783782959e-02
-1.093106903135776520e-02 4.104122519493103027e-02
-1.018485613167285919e-02 4.148478433489799500e-02
-8.601033128798007965e-03 4.026567190885543823e-02
-6.458427757024765015e-03 3.951523825526237488e-02
-4.447053186595439911e-03 3.782197088003158569e-02
-1.335795037448406219e-03 3.559912368655204773e-02
2.222840907052159309e-03 3.261127322912216187e-02
5.614744499325752258e-03 2.856137603521347046e-02
9.254009462893009186e-03 2.491893246769905090e-02
1.272562146186828613e-02 2.000004611909389496e-02
1.628400944173336029e-02 1.569670625030994415e-02
1.986507885158061981e-02 1.157604902982711792e-02
2.286594361066818237e-02 6.443287711590528488e-03
2.600300125777721405e-02 2.293554600328207016e-03
2.822645939886569977e-02 -2.439867937937378883e-03
3.101111948490142822e-02 -5.947472061961889267e-03
3.342577442526817322e-02 -9.798438288271427155e-03
3.486460819840431213e-02 -1.434198580682277679e-02
3.653370961546897888e-02 -1.805641502141952515e-02
3.666735067963600159e-02 -2.234918437898159027e-02
3.728014975786209106e-02 -2.543546631932258606e-02
3.733753785490989685e-02 -2.840874157845973969e-02
3.701361268758773804e-02 -3.139600902795791626e-02
3.671417385339736938e-02 -3.367560356855392456e-02
3.571710735559463501e-02 -3.553495556116104126e-02
3.438208624720573425e-02 -3.727278113365173340e-02
3.222347795963287354e-02 -3.857125341892242432e-02
2.977314405143260956e-02 -3.966147080063819885e-02
2.634733170270919800e-02 -4.021516442298889160e-02
2.336847409605979919e-02 -3.910231962800025940e-02
1.922087185084819794e-02 -3.825277090072631836e-02
1.459000445902347565e-02 -3.751283884048461914e-02
1.021077949553728104e-02 -3.585859760642051697e-02
4.777503199875354767e-03 -3.319701552391052246e-02
1.340859744232147932e-04 -3.061197139322757721e-02
-4.620525054633617401e-03 -2.811004966497421265e-02
-1.005843747407197952e-02 -2.485437318682670593e-02
-1.459549553692340851e-02 -2.160495333373546600e-02
-1.828602142632007599e-02 -1.933090388774871826e-02
-2.321381308138370514e-02 -1.677240990102291107e-02
-2.624061889946460724e-02 -1.378537248820066452e-02
-2.866777963936328888e-02 -1.199584268033504486e-02
-3.197729960083961487e-02 -9.891889058053493500e-03
-3.336666896939277649e-02 -8.909995667636394501e-03
-3.522622585296630859e-02 -8.678896352648735046e-03
-3.658976405858993530e-02 -7.599262986332178116e-03
-3.674446791410446167e-02 -6.571679376065731049e-03
-3.713030740618705750e-02 -6.003865972161293030e-03
-3.821771964430809021e-02 -5.700187291949987411e-03
-3.827794641256332397e-02 -4.940015263855457306e-03
-3.771445527672767639e-02 -4.033298697322607040e-03
-3.742960840463638306e-02 -3.001400036737322807e-03
-3.589912876486778259e-02 -2.295422367751598358e-03
-3.463201969861984253e-02 -7.775926496833562851e-04
-3.304897621273994446e-02 6.844913004897534847e-04
-3.107055090367794037e-02 1.929794088937342167e-03
-2.897530607879161835e-02 2.758492249995470047e-03
-2.565833181142807007e-02 3.354126587510108948e-03
-2.304195240139961243e-02 4.872028715908527374e-03
-2.024762518703937531e-02 4.802600014954805374e-03
-1.648925431072711945e-02 5.223145708441734314e-03
-1.392955612391233444e-02 6.078780163079500198e-03
-1.091110426932573318e-02 6.121915765106678009e-03
-9.053391404449939728e-03 6.453741807490587234e-03
-7.451181765645742416e-03 7.060816977173089981e-03
-4.841415211558341980e-03 8.139085955917835236e-03
-4.226285964250564575e-03 8.641214109957218170e-03
-3.003566525876522064e-03 8.759880438446998596e-03
-2.111595356836915016e-03 9.689937345683574677e-03
-1.730043441057205200e-03 1.169407460838556290e-02
-1.271025510504841805e-03 1.300299912691116333e-02
-1.159875304438173771e-03 1.447945740073919296e-02
-9.380360133945941925e-04 1.688222028315067291e-02
-9.746754658408463001e-04 1.890823245048522949e-02
-7.993197068572044373e-04 2.096319012343883514e-02
-7.054000161588191986e-04 2.252508699893951416e-02
-2.822241804096847773e-04 2.406526543200016022e-02
-1.733159151626750827e-04 2.608052268624305725e-02
1.776876742951571941e-03 2.745557390153408051e-02
3.311045467853546143e-03 2.851512096822261810e-02
3.676089458167552948e-03 2.928664907813072205e-02
5.005899816751480103e-03 2.928760088980197906e-02
6.283308845013380051e-03 2.908429503440856934e-02
8.141968399286270142e-03 2.893365360796451569e-02
8.629832416772842407e-03 2.830705419182777405e-02
9.533855132758617401e-03 2.716173790395259857e-02
1.071977429091930389e-02 2.665933780372142792e-02
1.160019543021917343e-02 2.528828568756580353e-02
1.239738333970308304e-02 2.360074594616889954e-02
1.250050775706768036e-02 2.274214848875999451e-02
1.305879000574350357e-02 2.086499705910682678e-02
1.356449257582426071e-02 1.828330755233764648e-02
1.529119536280632019e-02 1.597573794424533844e-02
1.612075790762901306e-02 1.459634490311145782e-02
1.673184894025325775e-02 1.153186149895191193e-02
1.845589652657508850e-02 8.400113321840763092e-03
1.971769519150257111e-02 6.000100634992122650e-03
2.195694297552108765e-02 2.252680482342839241e-03
2.358536049723625183e-02 -1.067570876330137253e-03
2.512217685580253601e-02 -4.666894674301147461e-03
2.732462808489799500e-02 -7.066913414746522903e-03
2.791859954595565796e-02 -9.956678375601768494e-03
2.858891338109970093e-02 -1.279292535036802292e-02
2.888653241097927094e-02 -1.417865417897701263e-02
2.842075377702713013e-02 -1.692075282335281372e-02
2.813578955829143524e-02 -1.841174811124801636e-02
2.703903615474700928e-02 -1.965027116239070892e-02
2.613592520356178284e-02 -2.104542590677738190e-02
2.444492466747760773e-02 -2.146007120609283447e-02
2.254626341164112091e-02 -2.175817824900150299e-02
2.045261859893798828e-02 -2.209115959703922272e-02
1.803434453904628754e-02 -2.224320732057094574e-02
1.592775247991085052e-02 -2.112968079745769501e-02
1.311313640326261520e-02 -2.034912817180156708e-02
1.075613126158714294e-02 -1.925501041114330292e-02
8.089471608400344849e-03 -1.815679669380187988e-02
5.835080053657293320e-03 -1.752446591854095459e-02
3.242187900468707085e-03 -1.605395972728729248e-02
4.458050825633108616e-04 -1.509711518883705139e-02
-1.702641719020903111e-03 -1.399559434503316879e-02
-4.153428133577108383e-03 -1.249679736793041229e-02
-6.489832885563373566e-03 -1.086245849728584290e-02
-9.380559436976909637e-03 -9.600075893104076385e-03
-1.176263671368360519e-02 -7.963004522025585175e-03
-1.457238756120204926e-02 -6.768441759049892426e-03
-1.637359522283077240e-02 -5.988276563584804535e-03
-1.772888191044330597e-02 -3.883259836584329605e-03
-1.984599605202674866e-02 -3.455926664173603058e-03
-2.067512087523937225e-02 -2.599519677460193634e-03
-2.165076322853565216e-02 -2.039058599621057510e-03
-2.222615107893943787e-02 -2.319399034604430199e-03
-2.260173112154006958e-02 -2.088178182020783424e-03
-2.173148840665817261e-02 -3.099524416029453278e-03
-2.058368921279907227e-02 -3.217089455574750900e-03
-2.018927410244941711e-02 -4.317385610193014145e-03
-1.849637180566787720e-02 -5.574194714426994324e-03
-1.728750020265579224e-02 -6.969875656068325043e-03
-1.594931259751319885e-02 -9.022798389196395874e-03
-1.388892345130443573e-02 -9.896665811538696289e-03
-1.232519559562206268e-02 -1.115590520203113556e-02
-1.084041129797697067e-02 -1.235757395625114441e-02
-9.144290350377559662e-03 -1.304952800273895264e-02
-8.049869909882545471e-03 -1.304031070321798325e-02
-6.876539438962936401e-03 -1.377541013062000275e-02
-5.559963174164295197e-03 -1.382889412343502045e-02
-5.173653364181518555e-03 -1.279652863740921021e-02
-3.750382922589778900e-03 -1.217990648001432419e-02
-2.570994896814227104e-03 -1.086759753525257111e-02
-2.571789780631661415e-03 -9.397299960255622864e-03
-2.078016288578510284e-03 -7.179954554885625839e-03
-2.034736797213554382e-03 -4.761483985930681229e-03
-2.226979471743106842e-03 -2.461651572957634926e-03
-2.341917948797345161e-03 8.135132520692422986e-05
-2.388561144471168518e-03 2.740072784945368767e-03
-2.627491718158125877e-03 5.726388655602931976e-03
-3.623991506174206734e-03 8.198435418307781219e-03
-4.585492424666881561e-03 1.105293165892362595e-02
-5.288913846015930176e-03 1.470012869685888290e-02
-6.281726527959108353e-03 1.801948808133602142e-02
-7.423541042953729630e-03 2.123686112463474274e-02
-8.329460397362709045e-03 2.417280524969100952e-02
-9.273334406316280365e-03 2.722108364105224609e-02
-1.043192483484745026e-02 3.026484325528144836e-02
-1.143473014235496521e-02 3.311818093061447144e-02
-1.185987982898950577e-02 3.591386973857879639e-02
-1.246302574872970581e-02 3.804714977741241455e-02
-1.262793131172657013e-02 4.010995104908943176e-02
-1.219892501831054688e-02 4.120435938239097595e-02
-1.138713397085666656e-02 4.187621921300888062e-02
-9.744570590555667877e-03 4.120484739542007446e-02
-8.302131667733192444e-03 4.000984877347946167e-02
-5.473233293741941452e-03 3.926963359117507935e-02
-2.357692690566182137e-03 3.688852488994598389e-02
2.850277523975819349e-04 3.405880555510520935e-02
3.388622077181935310e-03 3.059125319123268127e-02
6.653799675405025482e-03 2.800303138792514801e-02
1.040199398994445801e-02 2.441693469882011414e-02
1.337227690964937210e-02 1.956579461693763733e-02
1.683128625154495239e-02 1.526772044599056244e-02
1.998218521475791931e-02 1.113339420408010483e-02
2.245352230966091156e-02 7.282382808625698090e-03
2.544403821229934692e-02 2.640968887135386467e-03
2.811201475560665131e-02 -7.842798950150609016e-04
3.015251457691192627e-02 -5.599523428827524185e-03
3.236528486013412476e-02 -1.000954397022724152e-02
3.451804444193840027e-02 -1.368704997003078461e-02
3.583727777004241943e-02 -1.830849610269069672e-02
3.757617995142936707e-02 -2.104579284787178040e-02
3.796233609318733215e-02 -2.510271966457366943e-02
3.831754252314567566e-02 -2.882969006896018982e-02
3.860302269458770752e-02 -3.141376376152038574e-02
3.776729479432106018e-02 -3.447284549474716187e-02
3.705199435353279114e-02 -3.693023696541786194e-02
3.513307124376296997e-02 -3.817395493388175964e-02
3.324869647622108459e-02 -3.948546200990676880e-02
3.100178018212318420e-02 -4.138858243823051453e-02
2.798564173281192780e-02 -4.097673296928405762e-02
2.399346977472305298e-02 -3.986234217882156372e-02
1.950767263770103455e-02 -3.935087099671363831e-02
1.433224417269229889e-02 -3.802565112709999084e-02
9.430990554392337799e-03 -3.581399843096733093e-02
5.435276310890913010e-03 -3.323886170983314514e-02
-3.099086461588740349e-05 -3.088223375380039215e-02
-4.888252820819616318e-03 -2.843744121491909027e-02
-9.087376296520233154e-03 -2.579203806817531586e-02
-1.346021611243486404e-02 -2.290269546210765839e-02
-1.784609071910381317e-02 -2.049721218645572662e-02
-2.175537869334220886e-02 -1.834189519286155701e-02
-2.538981474936008453e-02 -1.594824530184268951e-02
-2.779571898281574249e-02 -1.482834294438362122e-02
-2.971040830016136169e-02 -1.308199763298034668e-02
-3.239317238330841064e-02 -1.134814694523811340e-02
-3.392169997096061707e-02 -1.095317397266626358e-02
-3.647365793585777283e-02 -1.025787182152271271e-02
-3.727295249700546265e-02 -9.696580469608306885e-03
-3.739150986075401306e-02 -8.149271830916404724e-03
-3.874627500772476196e-02 -6.796351168304681778e-03
-3.853589296340942383e-02 -5.514578428119421005e-03
-3.845359757542610168e-02 -4.471184220165014267e-03
-3.757119178771972656e-02 -3.201390383765101433e-03
-3.637816384434700012e-02 -1.895954948849976063e-03
-3.474926203489303589e-02 -1.374896732158958912e-03
-3.249762579798698425e-02 4.156897775828838348e-04
-3.015825338661670685e-02 7.834074203856289387e-04
-2.767785079777240753e-02 1.698152744211256504e-03
-2.531919628381729126e-02 2.397702774032950401e-03
-2.239035256206989288e-02 2.828009193763136864e-03
-1.931239664554595947e-02 3.803143743425607681e-03
-1.605021581053733826e-02 3.903798991814255714e-03
-1.370698679238557816e-02 4.934966564178466797e-03
-1.093481201678514481e-02 4.773331340402364731e-03
-8.463633246719837189e-03 5.742831621319055557e-03
-6.951215676963329315e-03 5.942557007074356079e-03
-4.801184404641389847e-03 6.114627234637737274e-03
-3.944103606045246124e-03 7.986694574356079102e-03
-2.880381420254707336e-03 8.622476831078529358e-03
-2.585720270872116089e-03 9.894990362226963043e-03
-2.577393781393766403e-03 1.085549499839544296e-02
-1.703112269751727581e-03 1.266624685376882553e-02
-2.388785826042294502e-03 1.550965290516614914e-02
-1.448155730031430721e-03 1.760632917284965515e-02
-8.623532485216856003e-04 1.896934770047664642e-02
-1.497943419963121414e-03 2.087624557316303253e-02
-3.415258543100208044e-04 2.279266342520713806e-02
2.148083731299266219e-04 2.413680031895637512e-02
1.162639120593667030e-03 2.583563886582851410e-02
2.529320772737264633e-03 2.699839510023593903e-02
3.082852577790617943e-03 2.785712294280529022e-02
4.828628618270158768e-03 2.824617363512516022e-02
6.293538492172956467e-03 2.879583276808261871e-02
6.704450584948062897e-03 2.943931519985198975e-02
7.755496073514223099e-03 2.962334081530570984e-02
8.488336578011512756e-03 2.864447608590126038e-02
9.109041653573513031e-03 2.776205725967884064e-02
1.002709195017814636e-02 2.775587886571884155e-02
1.098733022809028625e-02 2.651041187345981598e-02
1.120896171778440475e-02 2.512004598975181580e-02
1.120086945593357086e-02 2.374975383281707764e-02
1.237766072154045105e-02 2.156999334692955017e-02
1.276716031134128571e-02 1.973729208111763000e-02
1.372603140771389008e-02 1.748218014836311340e-02
1.578647084534168243e-02 1.420329604297876358e-02
1.768154837191104889e-02 1.198077015578746796e-02
1.924084126949310303e-02 9.172031655907630920e-03
2.066178061068058014e-02 6.021742243319749832e-03
2.295588888227939606e-02 2.978273201733827591e-03
2.427100762724876404e-02 -8.645040798000991344e-04
2.570846490561962128e-02 -3.697671229019761086e-03
2.756514959037303925e-02 -6.561318878084421158e-03
2.822654694318771362e-02 -9.336672723293304443e-03
2.878882735967636108e-02 -1.256122253835201263e-02
2.895708754658699036e-02 -1.440582051873207092e-02
2.850028499960899353e-02 -1.574432663619518280e-02
2.840055152773857117e-02 -1.793151721358299255e-02
2.757955156266689301e-02 -1.870019547641277313e-02
2.592463418841362000e-02 -1.996556855738162994e-02
2.466997131705284119e-02 -2.035924233496189117e-02
2.320882119238376617e-02 -2.116751670837402344e-02
2.132130600512027740e-02 -2.168253250420093536e-02
1.848709024488925934e-02 -2.054543979465961456e-02
1.667924597859382629e-02 -2.038371004164218903e-02
1.468830462545156479e-02 -2.022145874798297882e-02
1.133198570460081100e-02 -1.987236365675926208e-02
9.048698469996452332e-03 -1.815509423613548279e-02
6.240792572498321533e-03 -1.668841764330863953e-02
4.048750270158052444e-03 -1.628870517015457153e-02
2.089305547997355461e-03 -1.514225080609321594e-02
-1.269620959646999836e-03 -1.377812866121530533e-02
-4.277879372239112854e-03 -1.192985195666551590e-02
-6.753876339644193649e-03 -1.011673174798488617e-02
-9.765129536390304565e-03 -9.046165272593498230e-03
-1.211342867463827133e-02 -7.781441789120435715e-03
-1.425485592335462570e-02 -5.548379383981227875e-03
-1.726508513092994690e-02 -4.276527557522058487e-03
-1.875781081616878510e-02 -3.434970043599605560e-03
-2.025370672345161438e-02 -2.629753202199935913e-03
-2.160636335611343384e-02 -2.382805338129401207e-03
-2.234540134668350220e-02 -1.255534472875297070e-03
-2.252040430903434753e-02 -1.420511631295084953e-03
-2.171211317181587219e-02 -1.541380886919796467e-03
-2.196312136948108673e-02 -1.516691758297383785e-03
-2.182954363524913788e-02 -2.951051108539104462e-03
-2.065461315214633942e-02 -3.828065702691674232e-03
-1.923993602395057678e-02 -5.198068916797637939e-03
-1.843448355793952942e-02 -6.510597188025712967e-03
-1.720432005822658539e-02 -7.910255342721939087e-03
-1.522491499781608582e-02 -9.733592160046100616e-03
-1.333550363779067993e-02 -1.114210486412048340e-02
-1.195629965513944626e-02 -1.191282086074352264e-02
-1.120422780513763428e-02 -1.263084728270769119e-02
-9.528430178761482239e-03 -1.365551538765430450e-02
-8.138725534081459045e-03 -1.301749981939792633e-02
-6.587718147784471512e-03 -1.270195096731185913e-02
-5.283466540277004242e-03 -1.218352559953927994e-02
-4.679705016314983368e-03 -1.079057808965444565e-02
-3.739180276170372963e-03 -1.006494741886854172e-02
-2.877850318327546120e-03 -8.398271165788173676e-03
-2.327548339962959290e-03 -6.486398167908191681e-03
-2.450676867738366127e-03 -4.808940924704074860e-03
-2.253736136481165886e-03 -2.445260062813758850e-03
-2.318138489499688148e-03 1.541914389235898852e-05
-2.567232586443424225e-03 1.816091593354940414e-03
-3.085485659539699554e-03 5.038523580878973007e-03
-3.940679132938385010e-03 8.578403852880001068e-03
-5.276279058307409286e-03 1.116885244846343994e-02
-6.462839432060718536e-03 1.434125285595655441e-02
-7.374644745141267776e-03 1.741581410169601440e-02
-8.690698072314262390e-03 2.128343097865581512e-02
-8.636849932372570038e-03 2.501223795115947723e-02
-1.031522080302238464e-02 2.822012640535831451e-02
-1.175537612289190292e-02 3.142786771059036255e-02
-1.178579218685626984e-02 3.449653461575508118e-02
-1.274945493787527084e-02 3.733849525451660156e-02
-1.310368441045284271e-02 3.946831077337265015e-02
-1.335724163800477982e-02 4.146724566817283630e-02
-1.234985608607530594e-02 4.217723757028579712e-02
-1.156992278993129730e-02 4.249589890241622925e-02
-9.885842911899089813e-03 4.256513714790344238e-02
-7.649087812751531601e-03 4.160679876804351807e-02
-5.745923612266778946e-03 3.996927291154861450e-02
-2.774573164060711861e-03 3.766453266143798828e-02
-2.895368379540741444e-04 3.529077023267745972e-02
2.930623944848775864e-03 3.181307390332221985e-02
5.292780697345733643e-03 2.848848327994346619e-02
8.510140702128410339e-03 2.556653507053852081e-02
1.288588717579841614e-02 2.161183394491672516e-02
1.616611890494823456e-02 1.749522425234317780e-02
1.911314390599727631e-02 1.355252321809530258e-02
2.182450890541076660e-02 9.552361443638801575e-03
2.457428723573684692e-02 5.296675488352775574e-03
2.676753513514995575e-02 1.343564712442457676e-03
2.960598655045032501e-02 -3.064945572987198830e-03
3.164968267083168030e-02 -7.636006455868482590e-03
3.366964310407638550e-02 -1.151090022176504135e-02
3.567159920930862427e-02 -1.611412316560745239e-02
3.711149841547012329e-02 -2.067301236093044281e-02
3.912689909338951111e-02 -2.437696047127246857e-02
3.958109393715858459e-02 -2.796550281345844269e-02
3.940550237894058228e-02 -3.160689398646354675e-02
3.888937458395957947e-02 -3.437858819961547852e-02
3.798559680581092834e-02 -3.678884357213973999e-02
3.578799590468406677e-02 -3.860393539071083069e-02
3.340550884604454041e-02 -3.916687518358230591e-02
3.133022785186767578e-02 -4.044670239090919495e-02
2.806210331618785858e-02 -4.036319255828857422e-02
2.418827079236507416e-02 -3.946271538734436035e-02
1.908171549439430237e-02 -3.874669969081878662e-02
1.488454826176166534e-02 -3.653743490576744080e-02
1.015251874923706055e-02 -3.459057211875915527e-02
4.468149505555629730e-03 -3.212947770953178406e-02
3.484841727185994387e-04 -2.962500229477882385e-02
-4.371512681245803833e-03 -2.680913545191287994e-02
-8.991039358079433441e-03 -2.441049925982952118e-02
-1.292120665311813354e-02 -2.323747240006923676e-02
-1.737873815000057220e-02 -2.085808664560317993e-02
-2.060163766145706177e-02 -1.932015456259250641e-02
-2.362691424787044525e-02 -1.762333884835243225e-02
-2.711835131049156189e-02 -1.576684787869453430e-02
-2.979593537747859955e-02 -1.530033629387617111e-02
-3.220159560441970825e-02 -1.403854042291641235e-02
-3.421927988529205322e-02 -1.291093789041042328e-02
-3.641981258988380432e-02 -1.152025908231735229e-02
-3.791473805904388428e-02 -9.643550962209701538e-03
-3.928214311599731445e-02 -8.600537665188312531e-03
-3.988109901547431946e-02 -7.232449017465114594e-03
-3.940333053469657898e-02 -6.022055633366107941e-03
-3.925351053476333618e-02 -4.844008944928646088e-03
-3.829793632030487061e-02 -3.005789592862129211e-03
-3.725334256887435913e-02 -1.919600297696888447e-03
-3.490734472870826721e-02 -1.263477024622261524e-03
-3.287613764405250549e-02 -3.782110870815813541e-04
-3.116479888558387756e-02 6.994810537435114384e-04
-2.782823517918586731e-02 1.176536199636757374e-03
-2.483451366424560547e-02 1.760293962433934212e-03
-2.196699567139148712e-02 2.917924895882606506e-03
-1.938676647841930389e-02 3.330927109345793724e-03
-1.654246076941490173e-02 4.049701150506734848e-03
-1.396035216748714447e-02 3.904002951458096504e-03
-1.232928503304719925e-02 3.806903026998043060e-03
-9.590489789843559265e-03 4.452581517398357391e-03
-7.789399474859237671e-03 4.805594217032194138e-03
-7.705347612500190735e-03 6.629585288465023041e-03
-6.089339498430490494e-03 7.705474738031625748e-03
-5.088957492262125015e-03 9.039927273988723755e-03
-4.376921802759170532e-03 1.155999954789876938e-02
-3.389833495020866394e-03 1.295870356261730194e-02
-3.517498960718512535e-03 1.446650270372629166e-02
-3.253328381106257439e-03 1.641829125583171844e-02
-3.345182863995432854e-03 1.871872507035732269e-02
-2.129666507244110107e-03 2.104172855615615845e-02
-5.153062520548701286e-04 2.233383245766162872e-02
-3.152127828798256814e-05 2.325041405856609344e-02
5.595577531494200230e-04 2.492098510265350342e-02
2.085322747007012367e-03 2.595434337854385376e-02
3.713789628818631172e-03 2.724497951567173004e-02
4.544640891253948212e-03 2.838495373725891113e-02
5.647328216582536697e-03 2.832635492086410522e-02
6.182500161230564117e-03 2.936096675693988800e-02
7.053479086607694626e-03 2.973032742738723755e-02
7.328807841986417770e-03 2.979927510023117065e-02
7.387354504317045212e-03 2.978760190308094025e-02
8.161948062479496002e-03 2.907219156622886658e-02
8.872301317751407623e-03 2.842514775693416595e-02
9.675429202616214752e-03 2.780780754983425140e-02
9.748345240950584412e-03 2.679914049804210663e-02
1.087959390133619308e-02 2.456024289131164551e-02
1.220378745347261429e-02 2.277970127761363983e-02
1.305367052555084229e-02 2.028852142393589020e-02
1.515492051839828491e-02 1.782912202179431915e-02
1.725163310766220093e-02 1.531412545591592789e-02
1.877547055482864380e-02 1.215554494410753250e-02
2.064861357212066650e-02 9.404581971466541290e-03
2.246461622416973114e-02 5.941198207437992096e-03
2.392986230552196503e-02 3.213777905330061913e-03
2.507310174405574799e-02 -2.024644054472446442e-04
2.689107507467269897e-02 -3.823176259174942970e-03
2.850859239697456360e-02 -6.402185186743736267e-03
2.889944054186344147e-02 -8.540764451026916504e-03
2.951190061867237091e-02 -1.113054435700178146e-02
2.942180633544921875e-02 -1.374713983386754990e-02
2.924794331192970276e-02 -1.530851237475872040e-02
2.866294793784618378e-02 -1.730325445532798767e-02
2.775184251368045807e-02 -1.862193271517753601e-02
2.674183808267116547e-02 -1.986386440694332123e-02
2.518628351390361786e-02 -2.031286805868148804e-02
2.368821389973163605e-02 -2.049118280410766602e-02
2.161972969770431519e-02 -2.126005291938781738e-02
1.983954943716526031e-02 -2.110986784100532532e-02
1.730578206479549408e-02 -2.085090428590774536e-02
1.489531248807907104e-02 -2.080340310931205750e-02
1.289305184036493301e-02 -2.021588198840618134e-02
1.030306424945592880e-02 -1.850445382297039032e-02
7.464863359928131104e-03 -1.746906340122222900e-02
4.585190676152706146e-03 -1.622687093913555145e-02
1.858564792200922966e-03 -1.508749462664127350e-02
-1.277259550988674164e-03 -1.340677309781312943e-02
-4.562537185847759247e-03 -1.135235931724309921e-02
-7.662323303520679474e-03 -1.067666709423065186e-02
-9.674732573330402374e-03 -8.925640024244785309e-03
-1.257152575999498367e-02 -7.221951615065336227e-03
-1.517604757100343704e-02 -5.540800746530294418e-03
-1.720351539552211761e-02 -4.349551629275083542e-03
-1.912469975650310516e-02 -3.338758135214447975e-03
-1.978782005608081818e-02 -1.889196457341313362e-03
-2.112477459013462067e-02 -1.477721380069851875e-03
-2.151699922978878021e-02 -1.465996727347373962e-03
-2.166570909321308136e-02 -1.426685368642210960e-03
-2.173292264342308044e-02 -1.851959736086428165e-03
-2.167509868741035461e-02 -3.160234307870268822e-03
-2.098811417818069458e-02 -3.403731854632496834e-03
-1.979099400341510773e-02 -4.992811474949121475e-03
-1.957587338984012604e-02 -6.952895317226648331e-03
-1.803373172879219055e-02 -7.378547452390193939e-03
-1.656298898160457611e-02 -9.420953691005706787e-03
-1.513798721134662628e-02 -1.065681781619787216e-02
-1.383749675005674362e-02 -1.147812232375144958e-02
-1.259081158787012100e-02 -1.242576166987419128e-02
-1.055770087987184525e-02 -1.262542884796857834e-02
-9.561867453157901764e-03 -1.327947713434696198e-02
-8.428359404206275940e-03 -1.324760448187589645e-02
-7.140722591429948807e-03 -1.286059338599443436e-02
-5.800291430205106735e-03 -1.200749538838863373e-02
-4.390358459204435349e-03 -1.078884489834308624e-02
-3.983658272773027420e-03 -9.641722775995731354e-03
-2.820998197421431541e-03 -8.550118654966354370e-03
-1.913924934342503548e-03 -7.948382757604122162e-03
-1.878281473182141781e-03 -6.023580674082040787e-03
-1.648191479034721851e-03 -3.573236288502812386e-03
-2.315137768164277077e-03 -1.616872497834265232e-03
-2.364474348723888397e-03 1.104239956475794315e-03
-2.906297799199819565e-03 4.442542325705289841e-03
-4.060864914208650589e-03 7.770586293190717697e-03
-4.932814743369817734e-03 1.073661912232637405e-02
-6.111141759902238846e-03 1.406536344438791275e-02
-6.820109672844409943e-03 1.820745877921581268e-02
-8.968099951744079590e-03 2.216579020023345947e-02
-1.070335600525140762e-02 2.541212551295757294e-02
-1.131297741085290909e-02 2.915470674633979797e-02
-1.243339106440544128e-02 3.208383172750473022e-02
-1.328753773123025894e-02 3.483850136399269104e-02
-1.374636217951774597e-02 3.775709122419357300e-02
-1.330076903104782104e-02 3.911848738789558411e-02
-1.253184117376804352e-02 4.096003994345664978e-02
-1.198835950344800949e-02 4.208386689424514771e-02
-1.095695700496435165e-02 4.253679886460304260e-02
-9.243462234735488892e-03 4.216071963310241699e-02
-7.753434125334024429e-03 4.100989177823066711e-02
-5.991297774016857147e-03 3.991569578647613525e-02
-2.858518855646252632e-03 3.738900646567344666e-02
5.235496792010962963e-04 3.492730855941772461e-02
2.762992633506655693e-03 3.226288035511970520e-02
5.677883047610521317e-03 2.891117334365844727e-02
9.673358872532844543e-03 2.528356201946735382e-02
1.271120179444551468e-02 2.184090763330459595e-02
1.573065854609012604e-02 1.798901334404945374e-02
1.903382316231727600e-02 1.408263482153415680e-02
2.156280912458896637e-02 1.002485956996679306e-02
2.454572170972824097e-02 5.510231945663690567e-03
2.790530957281589508e-02 1.495745615102350712e-03
3.032904863357543945e-02 -2.812345512211322784e-03
3.353019431233406067e-02 -6.844007875770330429e-03
3.608570247888565063e-02 -1.125749200582504272e-02
3.749224171042442322e-02 -1.537471171468496323e-02
3.922625631093978882e-02 -2.042865939438343048e-02
3.987477719783782959e-02 -2.522809058427810669e-02
4.104122519493103027e-02 -2.882205694913864136e-02
4.148478433489799500e-02 -3.288618102669715881e-02
4.026567190885543823e-02 -3.540850058197975159e-02
3.951523825526237488e-02 -3.767201304435729980e-02
3.782197088003158569e-02 -3.930938243865966797e-02
3.559912368655204773e-02 -4.042376577854156494e-02
3.261127322912216187e-02 -4.010297358036041260e-02
2.856137603521347046e-02 -4.011592641472816467e-02
2.491893246769905090e-02 -3.967631608247756958e-02
2.000004611909389496e-02 -3.765477985143661499e-02
1.569670625030994415e-02 -3.707330673933029175e-02
1.157604902982711792e-02 -3.428776189684867859e-02
6.443287711590528488e-03 -3.251015394926071167e-02
2.293554600328207016e-03 -3.061484731733798981e-02
-2.439867937937378883e-03 -2.769594453275203705e-02
-5.947472061961889267e-03 -2.664696238934993744e-02
-9.798438288271427155e-03 -2.477784641087055206e-02
-1.434198580682277679e-02 -2.286392636597156525e-02
-1.805641502141952515e-02 -2.134364098310470581e-02
-2.234918437898159027e-02 -2.039756812155246735e-02
-2.543546631932258606e-02 -1.815830357372760773e-02
-2.840874157845973969e-02 -1.624855771660804749e-02
-3.139600902795791626e-02 -1.510486193001270294e-02
-3.367560356855392456e-02 -1.379253342747688293e-02
-3.553495556116104126e-02 -1.297118887305259705e-02
-3.727278113365173340e-02 -1.134348940104246140e-02
-3.857125341892242432e-02 -9.952682070434093475e-03
-3.966147080063819885e-02 -8.366249501705169678e-03
-4.021516442298889160e-02 -7.195571437478065491e-03
-3.910231962800025940e-02 -5.865670274943113327e-03
-3.825277090072631836e-02 -4.097635392099618912e-03
-3.751283884048461914e-02 -2.386137377470731735e-03
-3.585859760642051697e-02 -1.346364617347717285e-03
-3.319701552391052246e-02 -1.127771101891994476e-03
-3.061197139322757721e-02 -1.123890469898469746e-04
-2.811004966497421265e-02 4.724874743260443211e-04
-2.485437318682670593e-02 8.119456470012664795e-04
-2.160495333373546600e-02 7.017833995632827282e-04
-1.933090388774871826e-02 1.220624078996479511e-03
-1.677240990102291107e-02 1.955522224307060242e-03
-1.378537248820066452e-02 1.432735822163522243e-03
-1.199584268033504486e-02 2.508487552404403687e-03
-9.891889058053493500e-03 3.624541219323873520e-03
-8.909995667636394501e-03 4.141255747526884079e-03
-8.678896352648735046e-03 6.164414808154106140e-03
-7.599262986332178116e-03 7.564109750092029572e-03
-6.571679376065731049e-03 8.810913190245628357e-03
-6.003865972161293030e-03 1.103542931377887726e-02
-5.700187291949987411e-03 1.269926875829696655e-02
-4.940015263855457306e-03 1.432089507579803467e-02
-4.033298697322607040e-03 1.552928145974874496e-02
-3.001400036737322807e-03 1.735583320260047913e-02
-2.295422367751598358e-03 1.941307075321674347e-02
-7.775926496833562851e-04 2.033728919923305511e-02
6.844913004897534847e-04 2.217992767691612244e-02
1.929794088937342167e-03 2.375837415456771851e-02
2.758492249995470047e-03 2.480299212038516998e-02
3.354126587510108948e-03 2.638431452214717865e-02
4.872028715908527374e-03 2.777090109884738922e-02
4.802600014954805374e-03 2.822904102504253387e-02
5.223145708441734314e-03 2.888562157750129700e-02
6.078780163079500198e-03 3.010749258100986481e-02
6.121915765106678009e-03 3.019141219556331635e-02
6.453741807490587234e-03 3.000590950250625610e-02
7.060816977173089981e-03 2.947274968028068542e-02
8.139085955917835236e-03 2.870220318436622620e-02
8.641214109957218170e-03 2.795236930251121521e-02
8.759880438446998596e-03 2.665538713335990906e-02
9.689937345683574677e-03 2.505938522517681122e-02
1.169407460838556290e-02 2.286611311137676239e-02
1.300299912691116333e-02 2.070659585297107697e-02
1.447945740073919296e-02 1.837033405900001526e-02
1.688222028315067291e-02 1.515807956457138062e-02
1.890823245048522949e-02 1.202377863228321075e-02
2.096319012343883514e-02 9.395236149430274963e-03
2.252508699893951416e-02 5.944615229964256287e-03
2.406526543200016022e-02 2.134213456884026527e-03
2.608052268624305725e-02 -8.793111774139106274e-04
2.745557390153408051e-02 -3.631405765190720558e-03
2.851512096822261810e-02 -6.205667741596698761e-03
2.928664907813072205e-02 -8.755138143897056580e-03
2.928760088980197906e-02 -1.171160582453012466e-02
2.908429503440856934e-02 -1.409381069242954254e-02
2.893365360796451569e-02 -1.548806019127368927e-02
2.830705419182777405e-02 -1.693372242152690887e-02
2.716173790395259857e-02 -1.835462823510169983e-02
2.665933780372142792e-02 -1.973461918532848358e-02
2.528828568756580353e-02 -2.037880755960941315e-02
2.360074594616889954e-02 -2.129514515399932861e-02
2.274214848875999451e-02 -2.202927879989147186e-02
2.086499705910682678e-02 -2.156727388501167297e-02
1.828330755233764648e-02 -2.171473577618598938e-02
1.597573794424533844e-02 -2.066525071859359741e-02
1.459634490311145782e-02 -2.028152905404567719e-02
1.153186149895191193e-02 -2.030115760862827301e-02
8.400113321840763092e-03 -1.867762953042984009e-02
6.000100634992122650e-03 -1.755506917834281921e-02
2.252680482342839241e-03 -1.578157581388950348e-02
-1.067570876330137253e-03 -1.425674185156822205e-02
-4.666894674301147461e-03 -1.267576217651367188e-02
-7.066913414746522903e-03 -1.027941517531871796e-02
-9.956678375601768494e-03 -8.235535584390163422e-03
-1.279292535036802292e-02 -7.175005972385406494e-03
-1.417865417897701263e-02 -6.543042138218879700e-03
-1.692075282335281372e-02 -4.437388386577367783e-03
-1.841174811124801636e-02 -3.369884565472602844e-03
-1.965027116239070892e-02 -3.102861111983656883e-03
-2.104542590677738190e-02 -2.199667273089289665e-03
-2.146007120609283447e-02 -2.606507157906889915e-03
-2.175817824900150299e-02 -2.897370373830199242e-03
-2.209115959703922272e-02 -3.522589337080717087e-03
-2.224320732057094574e-02 -5.083847790956497192e-03
-2.112968079745769501e-02 -5.468193441629409790e-03
-2.034912817180156708e-02 -6.094832438975572586e-03
-1.925501041114330292e-02 -7.159034255892038345e-03
-1.815679669380187988e-02 -8.253220468759536743e-03
-1.752446591854095459e-02 -9.994010441005229950e-03
-1.605395972728729248e-02 -1.061652693897485733e-02
-1.509711518883705139e-02 -1.129711046814918518e-02
-1.399559434503316879e-02 -1.244235038757324219e-02
-1.249679736793041229e-02 -1.236300822347402573e-02
-1.086245849728584290e-02 -1.248011179268360138e-02
-9.600075893104076385e-03 -1.230860780924558640e-02
-7.963004522025585175e-03 -1.185964234173297882e-02
-6.768441759049892426e-03 -1.209302991628646851e-02
-5.988276563584804535e-03 -1.124618481844663620e-02
-3.883259836584329605e-03 -1.008516736328601837e-02
-3.455926664173603058e-03 -9.473074227571487427e-03
-2.599519677460193634e-03 -8.228720165789127350e-03
-2.039058599621057510e-03 -6.265588570386171341e-03
-2.319399034604430199e-03 -4.170156084001064301e-03
-2.088178182020783424e-03 -1.909275539219379425e-03
-3.099524416029453278e-03 7.426417432725429535e-04
-3.217089455574750900e-03 3.788158297538757324e-03
-4.317385610193014145e-03 7.528499234467744827e-03
-5.574194714426994324e-03 1.126820873469114304e-02
-6.969875656068325043e-03 1.477372366935014725e-02
-9.022798389196395874e-03 1.873057149350643158e-02
-9.896665811538696289e-03 2.262923307716846466e-02
-1.115590520203113556e-02 2.589710056781768799e-02
-1.235757395625114441e-02 2.955684438347816467e-02
-1.304952800273895264e-02 3.259144723415374756e-02
-1.304031070321798325e-02 3.492628782987594604e-02
-1.377541013062000275e-02 3.759310021996498108e-02
-1.382889412343502045e-02 3.924587741494178772e-02
-1.279652863740921021e-02 4.094814509153366089e-02
-1.217990648001432419e-02 4.156151041388511658e-02
-1.086759753525257111e-02 4.151508957147598267e-02
-9.397299960255622864e-03 4.152545332908630371e-02
-7.179954554885625839e-03 3.980781137943267822e-02
-4.761483985930681229e-03 3.836175426840782166e-02
-2.461651572957634926e-03 3.682753071188926697e-02
8.135132520692422986e-05 3.480283543467521667e-02
2.740072784945368767e-03 3.243722021579742432e-02
5.726388655602931976e-03 2.955985814332962036e-02
8.198435418307781219e-03 2.634576335549354553e-02
1.105293165892362595e-02 2.273351512849330902e-02
1.470012869685888290e-02 1.938570663332939148e-02
1.801948808133602142e-02 1.543445419520139694e-02
2.123686112463474274e-02 1.142008136957883835e-02
2.417280524969100952e-02 7.534496951848268509e-03
2.722108364105224609e-02 2.409155480563640594e-03
3.026484325528144836e-02 -2.491076011210680008e-03
3.311818093061447144e-02 -6.889889016747474670e-03
3.591386973857879639e-02 -1.245597843080759048e-02
3.804714977741241455e-02 -1.692764088511466980e-02
4.010995104908943176e-02 -2.070951834321022034e-02
4.120435938239097595e-02 -2.545955963432788849e-02
4.187621921300888062e-02 -2.936906740069389343e-02
4.120484739542007446e-02 -3.283569589257240295e-02
4.000984877347946167e-02 -3.581143170595169067e-02
3.926963359117507935e-02 -3.745788335800170898e-02
3.688852488994598389e-02 -3.859178721904754639e-02
3.405880555510520935e-02 -3.993498533964157104e-02
3.059125319123268127e-02 -4.037238284945487976e-02
2.800303138792514801e-02 -3.967518731951713562e-02
2.441693469882011414e-02 -3.897076472640037537e-02
1.956579461693763733e-02 -3.825865685939788818e-02
1.526772044599056244e-02 -3.672223910689353943e-02
1.113339420408010483e-02 -3.502291440963745117e-02
7.282382808625698090e-03 -3.339216485619544983e-02
2.640968887135386467e-03 -3.097326867282390594e-02
-7.842798950150609016e-04 -2.928110025823116302e-02
-5.599523428827524185e-03 -2.753710187971591949e-02
-1.000954397022724152e-02 -2.617202140390872955e-02
-1.368704997003078461e-02 -2.516075782477855682e-02
-1.830849610269069672e-02 -2.293053455650806427e-02
-2.104579284787178040e-02 -2.136056311428546906e-02
-2.510271966457366943e-02 -1.958880759775638580e-02
-2.882969006896018982e-02 -1.792569458484649658e-02
-3.141376376152038574e-02 -1.694309897720813751e-02
-3.447284549474716187e-02 -1.487839315086603165e-02
-3.693023696541786194e-02 -1.281732600182294846e-02
-3.817395493388175964e-02 -1.126149483025074005e-02
-3.948546200990676880e-02 -9.202847257256507874e-03
-4.138858243823051453e-02 -7.072405423969030380e-03
-4.097673296928405762e-02 -5.406592972576618195e-03
-3.986234217882156372e-02 -4.456058610230684280e-03
-3.935087099671363831e-02 -3.469294169917702675e-03
-3.802565112709999084e-02 -2.033128868788480759e-03
-3.581399843096733093e-02 -1.266427920199930668e-03
-3.323886170983314514e-02 -7.579289376735687256e-04
-3.088223375380039215e-02 -1.498818601248785853e-04
-2.843744121491909027e-02 1.724907633615657687e-04
-2.579203806817531586e-02 -5.386357224779203534e-05
-2.290269546210765839e-02 1.604062999831512570e-04
-2.049721218645572662e-02 7.866137311793863773e-04
-1.834189519286155701e-02 1.422257395461201668e-03
-1.594824530184268951e-02 2.188404090702533722e-03
-1.482834294438362122e-02 2.839690307155251503e-03
-1.308199763298034668e-02 3.845535917207598686e-03
-1.134814694523811340e-02 4.281968344002962112e-03
-1.095317397266626358e-02 6.253136321902275085e-03
-1.025787182152271271e-02 8.313188329339027405e-03
-9.696580469608306885e-03 8.975063450634479523e-03
-8.149271830916404724e-03 1.084192655980587006e-02
-6.796351168304681778e-03 1.256048399955034256e-02
-5.514578428119421005e-03 1.458044070750474930e-02
-4.471184220165014267e-03 1.617302745580673218e-02
-3.201390383765101433e-03 1.744816824793815613e-02
-1.895954948849976063e-03 1.928391493856906891e-02
-1.374896732158958912e-03 2.082654647529125214e-02
4.156897775828838348e-04 2.185370400547981262e-02
7.834074203856289387e-04 2.338699065148830414e-02
1.698152744211256504e-03 2.580598928034305573e-02
2.397702774032950401e-03 2.638052776455879211e-02
2.828009193763136864e-03 2.755804359912872314e-02
3.803143743425607681e-03 2.936070598661899567e-02
3.903798991814255714e-03 2.984253875911235809e-02
4.934966564178466797e-03 3.031204454600811005e-02
4.773331340402364731e-03 3.061711043119430542e-02
5.742831621319055557e-03 3.093107044696807861e-02
5.942557007074356079e-03 3.067023865878582001e-02
6.114627234637737274e-03 3.021931648254394531e-02
7.986694574356079102e-03 2.914398349821567535e-02
8.622476831078529358e-03 2.798791415989398956e-02
9.894990362226963043e-03 2.603895775973796844e-02
1.085549499839544296e-02 2.307445928454399109e-02
1.266624685376882553e-02 2.107590623199939728e-02
1.550965290516614914e-02 1.852262765169143677e-02
1.760632917284965515e-02 1.578036136925220490e-02
1.896934770047664642e-02 1.269259117543697357e-02
2.087624557316303253e-02 9.499179199337959290e-03
2.279266342520713806e-02 6.471839267760515213e-03
2.413680031895637512e-02 3.143234411254525185e-03
2.583563886582851410e-02 6.046447670087218285e-04
2.699839510023593903e-02 -2.327295951545238495e-03
2.785712294280529022e-02 -5.354106891900300980e-03
2.824617363512516022e-02 -7.941582240164279938e-03
2.879583276808261871e-02 -1.057843584567308426e-02
2.943931519985198975e-02 -1.251959893852472305e-02
2.962334081530570984e-02 -1.404348108917474747e-02
2.864447608590126038e-02 -1.564436033368110657e-02
2.776205725967884064e-02 -1.724788360297679901e-02
2.775587886571884155e-02 -1.917375437915325165e-02
2.651041187345981598e-02 -2.011419460177421570e-02
2.512004598975181580e-02 -2.064124308526515961e-02
2.374975383281707764e-02 -2.146313525736331940e-02
2.156999334692955017e-02 -2.161798067390918732e-02
1.973729208111763000e-02 -2.198159508407115936e-02
1.748218014836311340e-02 -2.119027636945247650e-02
1.420329604297876358e-02 -2.035596780478954315e-02
1.198077015578746796e-02 -2.014925330877304077e-02
9.172031655907630920e-03 -1.885480061173439026e-02
6.021742243319749832e-03 -1.720367930829524994e-02
2.978273201733827591e-03 -1.593815162777900696e-02
-8.645040798000991344e-04 -1.394603867083787918e-02
-3.697671229019761086e-03 -1.133636105805635452e-02
-6.561318878084421158e-03 -1.025036349892616272e-02
-9.336672723293304443e-03 -8.274959400296211243e-03
-1.256122253835201263e-02 -6.360095459967851639e-03
-1.440582051873207092e-02 -5.162287503480911255e-03
-1.574432663619518280e-02 -3.402382833883166313e-03
-1.793151721358299255e-02 -2.469069324433803558e-03
-1.870019547641277313e-02 -2.025090856477618217e-03
-1.996556855738162994e-02 -2.625260502099990845e-03
-2.035924233496189117e-02 -2.818941371515393257e-03
-2.116751670837402344e-02 -2.771273721009492874e-03
-2.168253250420093536e-02 -3.381968010216951370e-03
-2.054543979465961456e-02 -4.606152884662151337e-03
-2.038371004164218903e-02 -5.308994092047214508e-03
-2.022145874798297882e-02 -6.162342149764299393e-03
-1.987236365675926208e-02 -7.947311736643314362e-03
-1.815509423613548279e-02 -8.099948987364768982e-03
-1.668841764330863953e-02 -9.119284339249134064e-03
-1.628870517015457153e-02 -1.022971328347921371e-02
-1.514225080609321594e-02 -1.034425478428602219e-02
-1.377812866121530533e-02 -1.104815956205129623e-02
-1.192985195666551590e-02 -1.112541370093822479e-02
-1.011673174798488617e-02 -1.132729928940534592e-02
-9.046165272593498230e-03 -1.165874022990465164e-02
-7.781441789120435715e-03 -1.198709104210138321e-02
-5.548379383981227875e-03 -1.227912586182355881e-02
-4.276527557522058487e-03 -1.161243207752704620e-02
-3.434970043599605560e-03 -1.122061163187026978e-02
-2.629753202199935913e-03 -1.015561260282993317e-02
-2.382805338129401207e-03 -8.355170488357543945e-03
-1.255534472875297070e-03 -7.227552123367786407e-03
-1.420511631295084953e-03 -4.405899439007043839e-03
-1.541380886919796467e-03 -1.777383615262806416e-03
-1.516691758297383785e-03 2.701031626202166080e-04
-2.951051108539104462e-03 3.464977955445647240e-03
-3.828065702691674232e-03 7.216422818601131439e-03
-5.198068916797637939e-03 1.105719059705734253e-02
-6.510597188025712967e-03 1.424325443804264069e-02
-7.910255342721939087e-03 1.832021027803421021e-02
-9.733592160046100616e-03 2.261049672961235046e-02
-1.114210486412048340e-02 2.671933732926845551e-02
-1.191282086074352264e-02 3.003440797328948975e-02
-1.263084728270769119e-02 3.273071721196174622e-02
-1.365551538765430450e-02 3.538727387785911560e-02
-1.301749981939792633e-02 3.756923228502273560e-02
-1.270195096731185913e-02 3.982012718915939331e-02
-1.218352559953927994e-02 4.091991484165191650e-02
-1.079057808965444565e-02 4.173354431986808777e-02
-1.006494741886854172e-02 4.187392815947532654e-02
-8.398271165788173676e-03 4.091117903590202332e-02
-6.486398167908191681e-03 3.980853781104087830e-02
-4.808940924704074860e-03 3.883649408817291260e-02
-2.445260062813758850e-03 3.782976418733596802e-02
1.541914389235898852e-05 3.564625605940818787e-02
1.816091593354940414e-03 3.345187380909919739e-02
5.038523580878973007e-03 3.140725195407867432e-02
8.578403852880001068e-03 2.837514318525791168e-02
1.116885244846343994e-02 2.540411613881587982e-02
1.434125285595655441e-02 2.117894031107425690e-02
1.741581410169601440e-02 1.682125404477119446e-02
2.128343097865581512e-02 1.369770150631666183e-02
2.501223795115947723e-02 8.545600809156894684e-03
2.822012640535831451e-02 3.302981378510594368e-03
3.142786771059036255e-02 -2.197973197326064110e-03
3.449653461575508118e-02 -7.391713093966245651e-03
3.733849525451660156e-02 -1.226598955690860748e-02
3.946831077337265015e-02 -1.786438934504985809e-02
4.146724566817283630e-02 -2.163867466151714325e-02
4.217723757028579712e-02 -2.592345699667930603e-02
4.249589890241622925e-02 -2.948589250445365906e-02
4.256513714790344238e-02 -3.256027027964591980e-02
4.160679876804351807e-02 -3.531004860997200012e-02
3.996927291154861450e-02 -3.678914532065391541e-02
3.766453266143798828e-02 -3.783481568098068237e-02
3.529077023267745972e-02 -3.822710365056991577e-02
3.181307390332221985e-02 -3.904723748564720154e-02
2.848848327994346619e-02 -3.884686157107353210e-02
2.556653507053852081e-02 -3.772530332207679749e-02
2.161183394491672516e-02 -3.678513318300247192e-02
1.749522425234317780e-02 -3.616148233413696289e-02
1.355252321809530258e-02 -3.441501781344413757e-02
9.552361443638801575e-03 -3.308367356657981873e-02
5.296675488352775574e-03 -3.191184997558593750e-02
1.343564712442457676e-03 -3.023023717105388641e-02
-3.064945572987198830e-03 -2.929472737014293671e-02
-7.636006455868482590e-03 -2.726082876324653625e-02
-1.151090022176504135e-02 -2.577237412333488464e-02
-1.611412316560745239e-02 -2.433318085968494415e-02
-2.067301236093044281e-02 -2.280791476368904114e-02
-2.437696047127246857e-02 -2.131426148116588593e-02
-2.796550281345844269e-02 -1.929089426994323730e-02
-3.160689398646354675e-02 -1.734941639006137848e-02
-3.437858819961547852e-02 -1.539708487689495087e-02
-3.678884357213973999e-02 -1.360849943011999130e-02
-3.860393539071083069e-02 -1.192330569028854370e-02
-3.916687518358230591e-02 -9.822447784245014191e-03
-4.044670239090919495e-02 -7.227590307593345642e-03
-4.036319255828857422e-02 -6.034976337105035782e-03
-3.946271538734436035e-02 -4.748234059661626816e-03
-3.874669969081878662e-02 -4.003295674920082092e-03
-3.653743490576744080e-02 -3.783541265875101089e-03
-3.459057211875915527e-02 -3.148877294734120369e-03
-3.212947770953178406e-02 -2.590586664155125618e-03
-2.962500229477882385e-02 -1.776262070052325726e-03
-2.680913545191287994e-02 -1.864073448814451694e-03
-2.441049925982952118e-02 -1.103586284443736076e-03
-2.323747240006923676e-02 -4.597028600983321667e-04
-2.085808664560317993e-02 -2.547906478866934776e-04
-1.932015456259250641e-02 5.184434703551232815e-04
-1.762333884835243225e-02 1.337880268692970276e-03
-1.576684787869453430e-02 2.355800708755850792e-03
-1.530033629387617111e-02 3.456928534433245659e-03
-1.403854042291641235e-02 5.041752476245164871e-03
-1.291093789041042328e-02 6.935630924999713898e-03
-1.152025908231735229e-02 8.318360894918441772e-03
-9.643550962209701538e-03 9.210594929754734039e-03
-8.600537665188312531e-03 1.115545909851789474e-02
-7.232449017465114594e-03 1.278067752718925476e-02
-6.022055633366107941e-03 1.408420223742723465e-02
-4.844008944928646088e-03 1.585089787840843201e-02
-3.005789592862129211e-03 1.735807955265045166e-02
-1.919600297696888447e-03 1.934920623898506165e-02
-1.263477024622261524e-03 2.122560515999794006e-02
-3.782110870815813541e-04 2.278225123882293701e-02
6.994810537435114384e-04 2.448627352714538574e-02
1.176536199636757374e-03 2.611726522445678711e-02
1.760293962433934212e-03 2.728614024817943573e-02
2.917924895882606506e-03 2.828563004732131958e-02
3.330927109345793724e-03 2.948786690831184387e-02
4.049701150506734848e-03 3.060372918844223022e-02
3.904002951458096504e-03 3.169775754213333130e-02
3.806903026998043060e-03 3.200999647378921509e-02
4.452581517398357391e-03 3.138866275548934937e-02
4.805594217032194138e-03 3.172715753316879272e-02
6.629585288465023041e-03 3.128350898623466492e-02
7.705474738031625748e-03 2.955976501107215881e-02
9.039927273988723755e-03 2.808256633579730988e-02
1.155999954789876938e-02 2.628615312278270721e-02
1.295870356261730194e-02 2.439673244953155518e-02
1.446650270372629166e-02 2.157467044889926910e-02
1.641829125583171844e-02 1.897372119128704071e-02
1.871872507035732269e-02 1.627458818256855011e-02
2.104172855615615845e-02 1.317591592669487000e-02
2.233383245766162872e-02 1.052612531930208206e-02
2.325041405856609344e-02 7.302606012672185898e-03
2.492098510265350342e-02 4.439713433384895325e-03
2.595434337854385376e-02 1.520538819022476673e-03
2.724497951567173004e-02 -1.471451832912862301e-03
2.838495373725891113e-02 -3.677431726828217506e-03
2.832635492086410522e-02 -6.582783535122871399e-03
2.936096675693988800e-02 -9.584927000105381012e-03
2.973032742738723755e-02 -1.146627217531204224e-02
2.979927510023117065e-02 -1.370433904230594635e-02
2.978760190308094025e-02 -1.563187688589096069e-02
2.907219156622886658e-02 -1.768776774406433105e-02
2.842514775693416595e-02 -1.908775418996810913e-02
2.780780754983425140e-02 -1.933687739074230194e-02
2.679914049804210663e-02 -2.035768888890743256e-02
2.456024289131164551e-02 -2.158892899751663208e-02
2.277970127761363983e-02 -2.196653559803962708e-02
2.028852142393589020e-02 -2.126137167215347290e-02
1.782912202179431915e-02 -2.179759368300437927e-02
1.531412545591592789e-02 -2.062296308577060699e-02
1.215554494410753250e-02 -1.951092481613159180e-02
9.404581971466541290e-03 -1.950849406421184540e-02
5.941198207437992096e-03 -1.693090610206127167e-02
3.213777905330061913e-03 -1.520221587270498276e-02
-2.024644054472446442e-04 -1.321039907634258270e-02
-3.823176259174942970e-03 -1.098960824310779572e-02
-6.402185186743736267e-03 -9.274787269532680511e-03
-8.540764451026916504e-03 -8.173617534339427948e-03
-1.113054435700178146e-02 -6.913042627274990082e-03
-1.374713983386754990e-02 -4.961560014635324478e-03
-1.530851237475872040e-02 -4.280216526240110397e-03
-1.730325445532798767e-02 -3.607313614338636398e-03
-1.862193271517753601e-02 -3.259249031543731689e-03
-1.986386440694332123e-02 -3.468866227194666862e-03
-2.031286805868148804e-02 -3.585783066228032112e-03
-2.049118280410766602e-02 -3.825539257377386093e-03
-2.126005291938781738e-02 -4.359563812613487244e-03
-2.110986784100532532e-02 -4.655894823372364044e-03
-2.085090428590774536e-02 -5.996813531965017319e-03
-2.080340310931205750e-02 -6.591086275875568390e-03
-2.021588198840618134e-02 -6.857638247311115265e-03
-1.850445382297039032e-02 -8.222855627536773682e-03
-1.746906340122222900e-02 -8.698359131813049316e-03
-1.622687093913555145e-02 -9.877828881144523621e-03
-1.508749462664127350e-02 -1.039218902587890625e-02
-1.340677309781312943e-02 -1.102764625102281570e-02
-1.135235931724309921e-02 -1.177737675607204437e-02
-1.067666709423065186e-02 -1.196821872144937515e-02
-8.925640024244785309e-03 -1.252057775855064392e-02
-7.221951615065336227e-03 -1.296225003898143768e-02
-5.540800746530294418e-03 -1.286551449447870255e-02
-4.349551629275083542e-03 -1.219797972589731216e-02
-3.338758135214447975e-03 -1.187796145677566528e-02
-1.889196457341313362e-03 -1.052369270473718643e-02
-1.477721380069851875e-03 -9.432210586965084076e-03
-1.465996727347373962e-03 -7.686970289796590805e-03
-1.426685368642210960e-03 -5.413795821368694305e-03
-1.851959736086428165e-03 -2.815101528540253639e-03
-3.160234307870268822e-03 7.689007907174527645e-04
-3.403731854632496834e-03 3.730539930984377861e-03
-4.992811474949121475e-03 7.430945523083209991e-03
-6.952895317226648331e-03 1.125653274357318878e-02
-7.378547452390193939e-03 1.561161130666732788e-02
-9.420953691005706787e-03 1.972321979701519012e-02
-1.065681781619787216e-02 2.322411909699440002e-02
-1.147812232375144958e-02 2.700755372643470764e-02
-1.242576166987419128e-02 3.003273345530033112e-02
-1.262542884796857834e-02 3.274020552635192871e-02
-1.327947713434696198e-02 3.538807854056358337e-02
