-1.579441359257446192e-02 5.857919194152300807e-02
-1.566063558719535051e-02 5.963666839200421066e-02
-1.536849728151761831e-02 6.089281723779546573e-02
-1.377297740110617306e-02 6.125184753434666229e-02
-1.170358384609772318e-02 5.884823009149962869e-02
-1.087902139032882222e-02 5.723899743513417848e-02
-7.972237853080224590e-03 5.594249017748090941e-02
-4.329627848826963533e-03 5.376791105481744382e-02
-6.191745373388879078e-04 5.066344495817833721e-02
3.136440785024121117e-03 4.562604520696735694e-02
7.366619632253529511e-03 4.155053289120323734e-02
1.274095579524562281e-02 3.588236337521157754e-02
1.789067540319206825e-02 2.892942418795743653e-02
2.382906190771206731e-02 2.145726414120981140e-02
2.920331514860071212e-02 1.449687989374878576e-02
3.617866870334907059e-02 7.010322029886237837e-03
4.144502609377810620e-02 -9.769666518735626269e-04
4.655204455367863842e-02 -7.644609634172660692e-03
5.135275324571755146e-02 -1.670577830859611146e-02
5.417172825178236811e-02 -2.403127679504510339e-02
5.788114620423667755e-02 -3.012085195848442087e-02
5.929027811338403314e-02 -3.737756394546224575e-02
6.105515929315154938e-02 -4.293014453152304427e-02
6.071240264616355187e-02 -4.800484279427420092e-02
6.040570740257779347e-02 -5.321250328819757125e-02
5.992217143531413520e-02 -5.633103177830792868e-02
5.716131062989291550e-02 -5.835752845922448362e-02
5.506928905224081627e-02 -6.047093348092252851e-02
5.095132659587905954e-02 -6.098491306584130633e-02
4.619134386232284784e-02 -6.192006521986292283e-02
4.084314609102036864e-02 -6.168156033305867425e-02
3.519976654872981892e-02 -6.023896076414125833e-02
2.969646111531263136e-02 -6.006290892101508183e-02
2.442938954892957468e-02 -5.859467073416666644e-02
1.711722135089435715e-02 -5.554473899384931163e-02
1.055103234821436198e-02 -5.386605496709316598e-02
4.580875472384064902e-03 -5.201140276636025822e-02
-3.576683196782093864e-03 -4.860592196374458052e-02
-9.522831882526219469e-03 -4.511264532972673186e-02
-1.636005140680351494e-02 -4.025966732476835702e-02
-2.301403026451786377e-02 -3.652515460385431095e-02
-2.948564772878420337e-02 -3.264506055112438576e-02
-3.670486099590002105e-02 -2.730753956092533963e-02
-4.165687936830652499e-02 -2.248968466962208285e-02
-4.742827270921757404e-02 -1.784197697004271527e-02
-5.308039567762305733e-02 -1.460340267370265240e-02
-5.589747617509017302e-02 -1.065957962276592626e-02
-5.989970626869348114e-02 -6.977608886552952305e-03
-6.231984239218417432e-02 -4.387625510298142316e-03
-6.261734000570097491e-02 -2.052936505657899230e-03
-6.395069754730821343e-02 -1.871704085442648475e-03
-6.243699115411503742e-02 -8.973731051567256957e-04
-6.137674166896717187e-02 5.935276085213968440e-04
-5.908206145867169606e-02 6.175442495651833332e-04
-5.636044148433087125e-02 5.671058996449989450e-04
-5.382572046070241423e-02 3.365367888737864628e-04
-4.916416551689318376e-02 6.658297530507445352e-04
-4.571430121869136248e-02 5.540125181866848532e-04
-4.152233638784695591e-02 5.640262026047735853e-04
-3.795431929792117409e-02 4.065697345575914733e-04
-3.422665250634044504e-02 1.969497446393653987e-03
-3.057871046142627419e-02 5.474651737922980183e-03
-2.682965424943179258e-02 5.200536289963613411e-03
-2.320105173077046182e-02 6.199524643289729305e-03
-1.973750453845371858e-02 8.153203764643176393e-03
-1.586986374216056012e-02 1.009422269782422887e-02
-1.273013408722264983e-02 1.346330144407214581e-02
-8.947733478044306646e-03 1.489163990528843615e-02
-6.647206885932749158e-03 1.782899928733009190e-02
-4.118957895126123744e-03 2.010635848960260277e-02
-1.337418483538262105e-03 2.064775765006157671e-02
1.315633222137432227e-03 2.193094806612865336e-02
3.096978454811535452e-03 2.277005849525385456e-02
4.607769501079427357e-03 2.347536701352867863e-02
5.133432511555666156e-03 2.537278610235347426e-02
4.873379457067542400e-03 2.677002205136291141e-02
6.981370263047200105e-03 2.756563199324680094e-02
6.962819617346077336e-03 2.987887480197902804e-02
5.781538225278850390e-03 3.205868025829766016e-02
4.418330220522234848e-03 3.372332280886992245e-02
4.048502868465308178e-03 3.670678538633680155e-02
4.590680450832326093e-03 3.965311081419453654e-02
4.449319928786557403e-03 4.037548335667622695e-02
3.983001877201036538e-03 4.305016493818953488e-02
4.207962446919096336e-03 4.535622116462292158e-02
5.847138573658063748e-03 4.566805608453051307e-02
7.396980327805209240e-03 4.627788166829972794e-02
1.035939563191579267e-02 4.606414583790923584e-02
1.271545015149853387e-02 4.534076627745053240e-02
1.540270750498883359e-02 4.258213465722470586e-02
1.739100623100889656e-02 4.022057590288335288e-02
1.982793594806278245e-02 3.700394234688808570e-02
2.345989120906893238e-02 3.334191101484750008e-02
2.475510458309001377e-02 2.955566087774962047e-02
2.647999788580012240e-02 2.592767093678944104e-02
2.852210483945228844e-02 2.247820107886348145e-02
3.059345714901245961e-02 1.642599913156203920e-02
3.182846758183822955e-02 1.206192835444202388e-02
3.187337699779218408e-02 7.446442241943067308e-03
3.198263994238972896e-02 3.473222558287993294e-03
3.418581299686924285e-02 -1.427508096267655598e-04
3.557689627521202352e-02 -4.927187311176658632e-03
3.586811272615412355e-02 -8.786529173711209867e-03
3.720990889911766908e-02 -1.249255927265978047e-02
3.748193822118623536e-02 -1.607630840381542650e-02
3.954363869672342796e-02 -2.067982385157876926e-02
4.066644880017005609e-02 -2.362505112185029829e-02
4.038942323460724404e-02 -2.589052482262857446e-02
4.072687884334237618e-02 -2.852541574722240042e-02
4.027923096481430404e-02 -3.108156204947151377e-02
4.002122518982617616e-02 -3.242991429792929647e-02
3.910269929106890974e-02 -3.321041000560630979e-02
3.685222029714118469e-02 -3.515141474491380313e-02
3.399668187277756631e-02 -3.567091948187855327e-02
3.046237747370230883e-02 -3.564183548790158390e-02
2.674340330911008021e-02 -3.431916966831732169e-02
2.248463762700140048e-02 -3.288619503976770997e-02
1.760242323068674647e-02 -3.158426422832134872e-02
1.275539768807318688e-02 -2.855909855623384522e-02
6.798329804806089484e-03 -2.569242615862886783e-02
2.048643232428020572e-03 -2.403881000667727752e-02
-2.547780881398550423e-03 -2.107572833755519751e-02
-7.639707518471518244e-03 -1.673430351218227474e-02
-1.280336700434897904e-02 -1.513397713795474470e-02
-1.643824172103328790e-02 -1.343834712025609134e-02
-1.832418917183510979e-02 -1.082839707265073441e-02
-2.210168990645024201e-02 -9.489051957537762705e-03
-2.452834027086046517e-02 -8.334897298987736444e-03
-2.622031872782349185e-02 -6.586129153898356327e-03
-2.699085183035109317e-02 -5.169579825245267622e-03
-2.840298985250993419e-02 -5.514911913239012135e-03
-3.048966855733445044e-02 -4.784272933498708025e-03
-3.168917040078095965e-02 -3.516562057121263001e-03
-3.225342319176863898e-02 -3.743342804362308728e-03
-3.197220221599893913e-02 -4.280786356373011796e-03
-3.317948827852589683e-02 -4.805536850188332071e-03
-3.219441253595263508e-02 -5.427544512704658534e-03
-3.146915938418358427e-02 -6.427041230818130758e-03
-3.015954595190965121e-02 -7.486173135184388469e-03
-2.787337608938427955e-02 -9.158900964365834785e-03
-2.553032614616933607e-02 -1.029377137806531534e-02
-2.283292988467905058e-02 -1.197789464658007876e-02
-2.097238647937144443e-02 -1.451297873455336014e-02
-1.709109416489439440e-02 -1.482906882834599850e-02
-1.476291790708172784e-02 -1.608519974503380690e-02
-1.175027944898271275e-02 -1.790783206110008879e-02
-8.866695424550173621e-03 -1.824810253907660149e-02
-6.613098260714407942e-03 -1.879119898799534033e-02
-4.148102399827230218e-03 -1.970118615123538086e-02
-3.536368860632728081e-03 -1.937677695344275711e-02
-2.648464189711620658e-03 -1.753637540176730333e-02
-1.933432681284511781e-03 -1.633924916452768328e-02
-9.344189283951769356e-04 -1.379837098795671027e-02
-4.158442169814283878e-04 -1.036105556807670990e-02
-3.502350207764243738e-04 -7.134269657253871494e-03
-2.028665915672302547e-03 -2.142974595560065421e-03
-3.147818295253989370e-03 3.566034803425787748e-03
-4.184492876982349313e-03 9.007560655113183712e-03
-6.512374798680073927e-03 1.484592069149539943e-02
-7.702846350356483580e-03 2.041532027068260896e-02
-8.699564057435476422e-03 2.612393186768570408e-02
-9.584610343687047923e-03 3.186893058013701846e-02
-1.142615487570732696e-02 3.668312494615292435e-02
-1.257664900897000233e-02 4.171580934315701622e-02
-1.375309701356597185e-02 4.528283435602532825e-02
-1.409507225046202107e-02 4.975017826309921509e-02
-1.458288132071417637e-02 5.362393437776018235e-02
-1.555672149179320417e-02 5.593221082483725015e-02
-1.581098606052846328e-02 5.860989851936204698e-02
-1.611978498558547940e-02 5.882429473839621142e-02
-1.409778701554247754e-02 5.980738931503844225e-02
-1.425517167379511917e-02 5.989945526124520331e-02
-1.372853414184187042e-02 5.937979215053332954e-02
-1.046576078516850937e-02 5.889941170547656479e-02
-8.340723510562440823e-03 5.729984881223753462e-02
-4.788927776981460188e-03 5.515811580709126249e-02
-4.084505628758358198e-04 5.169512740516532534e-02
3.263433371794049152e-03 4.776413262774582141e-02
8.980920248527016550e-03 4.226820800858149124e-02
1.543768718581636779e-02 3.748931903543909622e-02
2.015734885980942359e-02 3.083544924643739221e-02
2.652749506901844190e-02 2.340629215431038954e-02
3.217444250289518831e-02 1.638083721406785251e-02
3.665273212762423793e-02 7.664400376195619827e-03
4.150215718191595238e-02 2.151099747748271842e-04
4.693577816659761509e-02 -7.412565200977600313e-03
5.155775461454483594e-02 -1.613643962859694775e-02
5.394811049720798363e-02 -2.341510132047129600e-02
5.777814948129430389e-02 -2.933569767209476958e-02
5.951843193113082187e-02 -3.724120116100267802e-02
6.018752216634822710e-02 -4.209701196430588183e-02
6.063015587227861547e-02 -4.599083074572543617e-02
5.982767310740622763e-02 -5.130019109077509770e-02
5.922336669931516778e-02 -5.352911332599021021e-02
5.639401671872162902e-02 -5.651234282511225643e-02
5.384512572700123761e-02 -5.869982492589064654e-02
4.967722175298438375e-02 -5.894801152855694976e-02
4.537690836181829807e-02 -5.956700187237213423e-02
4.197875757432904115e-02 -6.131150363788680918e-02
3.596708436537236764e-02 -6.140812357636941943e-02
3.052293003241486266e-02 -6.050413220414086607e-02
2.464288333642351489e-02 -6.004716119181970069e-02
1.869473443507594507e-02 -5.759186012009917532e-02
1.239146079354498664e-02 -5.555907630024009558e-02
5.256411593814105422e-03 -5.301944867863463834e-02
-1.792521320632420182e-03 -4.984552224705310342e-02
-9.648040523503046556e-03 -4.648418588531091911e-02
-1.699389302464166321e-02 -4.116286682826127835e-02
-2.461249500017068451e-02 -3.696549039635940725e-02
-3.081008255324202763e-02 -3.248263781480278251e-02
-3.701244373010646738e-02 -2.645319985251280356e-02
-4.332172511538454063e-02 -2.234675535102459421e-02
-4.877660404038800662e-02 -1.750434655254895847e-02
-5.376983544525422432e-02 -1.452407535549587320e-02
-5.707550194078959277e-02 -1.195370006852264355e-02
-6.083761352827830871e-02 -7.766932436540296796e-03
-6.251926780983904641e-02 -6.780099641829104989e-03
-6.354924101563064198e-02 -4.818528726774519780e-03
-6.343273172505610458e-02 -3.387567013609958395e-03
-6.243022590574722613e-02 -2.775455095628100513e-03
-6.187986816993194805e-02 -2.039066850048724087e-03
-5.858340528083334775e-02 -1.860752017896687626e-03
-5.595792115918203635e-02 -1.504862115871349231e-03
-5.325033967284119318e-02 -1.563641654338216802e-03
-5.057436121951179586e-02 -1.282323842733745561e-03
-4.715805123841337876e-02 -1.131651392584541926e-03
-4.261795999409821734e-02 -4.527635093075235251e-04
-3.925651306955144082e-02 -2.780453533569903542e-04
-3.616910352665943240e-02 2.850588310958449782e-03
-3.293478589829636899e-02 5.311807667670346081e-03
-2.843407592970529155e-02 5.897436432244196856e-03
-2.473768645909004207e-02 8.030809992907724654e-03
-2.142418195716388335e-02 1.008011772273229543e-02
-1.698985598818189904e-02 1.306190766425664382e-02
-1.371674426223269336e-02 1.384457279345089470e-02
-1.084523773011048138e-02 1.529486843002347482e-02
-6.656527031541930282e-03 1.719740179560688351e-02
-3.765642126776068844e-03 1.860983415388066733e-02
-1.106271999607567761e-03 1.988873802013165631e-02
9.642422177471445628e-04 2.005417732810842527e-02
2.510926301930213600e-03 2.094981224403814207e-02
5.073480951331615918e-03 2.176109521051970697e-02
5.076632364785634184e-03 2.453119099830873562e-02
5.237335774791145385e-03 2.586203248906539937e-02
5.279391848635911141e-03 2.684238690106395542e-02
4.228944727275387588e-03 2.960822303269207076e-02
2.877371216564731955e-03 3.163248754022932041e-02
2.151642756792811195e-03 3.522484338808610366e-02
2.861087295119353873e-03 3.783726316969145825e-02
2.977138646509987739e-03 4.030273004306714202e-02
2.898845053173895996e-03 4.383605431782056083e-02
3.042981224547247274e-03 4.478894433152030841e-02
4.729260467751662811e-03 4.586430805087505364e-02
6.710634077564839144e-03 4.634176904025365945e-02
9.685910525215633837e-03 4.559453480765705835e-02
1.115756196513300984e-02 4.513737553974968286e-02
1.306899862467042657e-02 4.337788803193617926e-02
1.740241063489393614e-02 4.192905511138658725e-02
1.943817218001737956e-02 3.921623533865494643e-02
2.159311146394524150e-02 3.617027190656747077e-02
2.320618244254056897e-02 3.281150239480230130e-02
2.470537373240043466e-02 2.893194023880800783e-02
2.626914266469698375e-02 2.555239986069803709e-02
2.821906414478606712e-02 2.103699848592307034e-02
2.941838370901419045e-02 1.725572815730794587e-02
2.998403795825473755e-02 1.297768868899240070e-02
3.161040784933280556e-02 9.361038158917261640e-03
3.267255483126227378e-02 5.201341605526830017e-03
3.451111267346646666e-02 7.151912828854420714e-04
3.592677376445289200e-02 -2.731495361872417899e-03
3.775307108808238776e-02 -6.663216081220081459e-03
3.832202130417350361e-02 -1.041143784285824582e-02
3.925805497244799075e-02 -1.504894089439165299e-02
4.084417701446864390e-02 -1.887043367250097053e-02
4.167778470292718418e-02 -2.337802991090813520e-02
4.337471159244193214e-02 -2.626765156092687042e-02
4.320272367943069070e-02 -2.844189600699263687e-02
4.346038282508548484e-02 -3.183831663599913375e-02
4.302972874844243623e-02 -3.316845590353740408e-02
4.129911606173233829e-02 -3.473364870546613581e-02
3.875393938260964649e-02 -3.565672560831535665e-02
3.537583333277553865e-02 -3.625925703516504062e-02
3.089589124234534689e-02 -3.486315360785675194e-02
2.528278797941107756e-02 -3.302177492004337162e-02
2.124116017507219831e-02 -3.238902697751556287e-02
1.632016512799897706e-02 -2.967315626901381384e-02
1.116873926704103903e-02 -2.773380100722356439e-02
5.999145247922207935e-03 -2.558698808943361824e-02
3.192505651791279798e-04 -2.228156961316261897e-02
-4.466215867648601345e-03 -1.977292945868355106e-02
-8.141564041275377653e-03 -1.739093600868705722e-02
-1.204010639440757265e-02 -1.466990171839220938e-02
-1.633382411664263678e-02 -1.291415691092352887e-02
-1.848115996661648872e-02 -1.103181918628261954e-02
-2.132031417861230890e-02 -8.919676672285726735e-03
-2.468155940074529681e-02 -8.299931812033764858e-03
-2.659460071504133119e-02 -6.016623135600343043e-03
-2.838203670694674705e-02 -4.124567463367494538e-03
-2.976498017232402302e-02 -4.125842670850251442e-03
-3.185481141117152415e-02 -3.333697154684750301e-03
-3.289350114942286851e-02 -3.264265207489450236e-03
-3.351642991962885260e-02 -3.572674174546467633e-03
-3.519739393070683842e-02 -3.757066412482978207e-03
-3.456197455176523992e-02 -3.831894646293212709e-03
-3.366234592804243086e-02 -4.215203563574258273e-03
-3.227956083641227852e-02 -5.813857301859261945e-03
-3.068112448850658300e-02 -7.356363438035153600e-03
-2.920231111880761121e-02 -8.484840632263379243e-03
-2.660399855343212328e-02 -1.007757926050241448e-02
-2.511017254777914848e-02 -1.190935691341925978e-02
-2.077006849969358082e-02 -1.336269526825620280e-02
-1.663687975222839788e-02 -1.487692309954133027e-02
-1.526637908464420663e-02 -1.673561383082595305e-02
-1.227717396475205142e-02 -1.834438331868565308e-02
-8.714998027320512014e-03 -1.902643778978809971e-02
-6.115811044628933005e-03 -1.999404610332690402e-02
-4.542680879194465823e-03 -2.025859898925755007e-02
-2.989015556975487247e-03 -1.957035748337350445e-02
-1.658637795009053947e-03 -1.826802625528346768e-02
-1.484744074329712171e-03 -1.563291271098849258e-02
-1.727938075350906114e-03 -1.331885263395741516e-02
-1.158255567440824542e-03 -8.780538612021564562e-03
-2.693554577553508404e-03 -3.782373342000182413e-03
-4.100994801085919989e-03 4.572611929928617480e-04
-4.358170981516576101e-03 5.436261418687403715e-03
-5.921526050341862496e-03 1.067448468409923704e-02
-6.893550526173766041e-03 1.668759670360763295e-02
-8.641369175826366794e-03 2.145272957212935802e-02
-9.497208952560740394e-03 2.700191109899475680e-02
-1.060098357746716222e-02 3.205680069061950244e-02
-1.145549585350038799e-02 3.602149022978608228e-02
-1.191172878439626832e-02 4.081908224600890728e-02
-1.425877392949626357e-02 4.509923436034744132e-02
-1.532222226551768762e-02 4.837274500884836820e-02
-1.576246393022968234e-02 5.192262382245234342e-02
-1.694694267907851520e-02 5.537622932690703520e-02
-1.860373975280021561e-02 5.749263448524874476e-02
-1.763690986116945442e-02 6.028230138354349205e-02
-1.612094440094179876e-02 6.090179971862304253e-02
-1.545784099218415475e-02 6.147164638988657226e-02
-1.342444310053197282e-02 6.192963338473646967e-02
-1.153439436731636299e-02 6.058890100524418759e-02
-8.233640446125817247e-03 5.944136666814243269e-02
-5.152804534308511042e-03 5.636289777150328001e-02
-1.618933048376928465e-03 5.333985370999048958e-02
3.952580297402230255e-03 4.973519550898429509e-02
9.373513826733336288e-03 4.489649803492245378e-02
1.475572385432311756e-02 3.849198024031118270e-02
1.969171360824688993e-02 3.129555486367809058e-02
2.554289145950264933e-02 2.299277531237996566e-02
3.133093496114930376e-02 1.512984597370187721e-02
3.683879737502625956e-02 8.719645400343492558e-03
4.348499649593601940e-02 -4.971768400423719382e-05
4.772810409436656354e-02 -7.842072562045932643e-03
5.116340398420058527e-02 -1.457859626499004475e-02
5.505265084424084548e-02 -2.159380771079581762e-02
5.796433126786874196e-02 -2.862993046759006177e-02
6.024046680883091143e-02 -3.490148005466129494e-02
6.111556244266870552e-02 -4.073209322426191159e-02
6.155984562611632738e-02 -4.459181085092289720e-02
6.069157500432449670e-02 -4.766348760553906772e-02
5.929580625361390717e-02 -5.196736291192353974e-02
5.766244700037493481e-02 -5.441953236690844076e-02
5.487292951127559215e-02 -5.851355947016678716e-02
5.217118693629105991e-02 -5.979584297241777313e-02
4.906669693418068412e-02 -5.998604087816461483e-02
4.425320180319926300e-02 -6.215944863273613341e-02
3.889026630886232433e-02 -6.182193923669065255e-02
3.439278059070802196e-02 -6.168991529526555995e-02
2.820731759384355677e-02 -6.027429902703775738e-02
2.214111899311685047e-02 -5.836036125756930565e-02
1.583568489462038043e-02 -5.574716454814786920e-02
6.962024760426538394e-03 -5.213493428911869509e-02
-1.259275793489526493e-03 -4.838195160346904500e-02
-8.561267917987403983e-03 -4.440271857322202614e-02
-1.560466540850577628e-02 -4.061880220775632849e-02
-2.296952724157540204e-02 -3.592014896072875940e-02
-3.064010568800089665e-02 -3.098227963912682931e-02
-3.738162787557718775e-02 -2.574886398810004653e-02
-4.348900066237279538e-02 -2.198969426766879745e-02
-4.847523374052638279e-02 -1.754238015733051298e-02
-5.232495290383105957e-02 -1.357794461379611441e-02
-5.659649606033052144e-02 -1.115161996143186965e-02
-5.995510719834857422e-02 -7.702391399356483918e-03
-6.179790228533436902e-02 -6.327403226588391820e-03
-6.265159056965495521e-02 -4.620906678108143567e-03
-6.304291118151644779e-02 -4.148190924775505689e-03
-6.230708882326465442e-02 -4.134832995660583238e-03
-6.000767532965883833e-02 -2.732250251832186918e-03
-5.893617234391328868e-02 -3.832255095977120472e-03
-5.716309756386991903e-02 -2.323231373729340698e-03
-5.407628565775952217e-02 -1.383446600842792168e-03
-5.123292707100508131e-02 -2.403104222260832225e-03
-4.898918045542217936e-02 -5.478993475760617028e-04
-4.580619385023145668e-02 3.446104182347659614e-04
-4.132645495630701132e-02 1.865185922531738608e-03
-3.852980467221917699e-02 4.057710957177938435e-03
-3.531736951461470625e-02 4.945724883573183669e-03
-3.093466591673609684e-02 7.746419301057568679e-03
-2.695815213384539569e-02 1.009652882875526105e-02
-2.309392085539131029e-02 1.075574236911061229e-02
-1.853546423277732669e-02 1.244190208495870621e-02
-1.416656604455386950e-02 1.361757540287651669e-02
-9.349701736216129919e-03 1.461335332611643154e-02
-5.672753763629584910e-03 1.608615297570047120e-02
-3.329941381035330782e-03 1.762663349670970034e-02
2.349265832647405626e-04 1.798219002946779485e-02
2.397979673620035355e-03 1.796920786447930851e-02
4.484118824487655711e-03 1.985709763482135931e-02
3.971762570476915048e-03 2.048195976001584290e-02
3.558453033805109370e-03 2.202024695403656876e-02
5.361736112020847218e-03 2.532574611127308417e-02
3.256290865207852638e-03 2.836596027752148405e-02
2.706143983119581667e-03 3.086748556611550523e-02
3.912056788379301639e-03 3.314705453038801347e-02
2.989843844202497679e-03 3.682742135888834867e-02
2.453834433706159751e-03 3.893722561897719481e-02
2.877471881010134139e-03 4.124329379814621610e-02
3.771173628712842264e-03 4.422191551768206441e-02
6.272416160404564907e-03 4.528297480066900693e-02
8.001944136356043194e-03 4.618502385335733484e-02
8.487608437608202064e-03 4.645495845850636241e-02
1.124797619268460072e-02 4.572212428416261298e-02
1.305895683264745276e-02 4.556212496499043724e-02
1.468479781517379769e-02 4.424502015565904417e-02
1.797857133875515809e-02 4.159008748159398472e-02
2.008055253337275373e-02 3.957727070660843616e-02
2.190737129509420442e-02 3.723319282812912606e-02
2.370321454242489689e-02 3.420511068854737574e-02
2.551577369053717112e-02 2.965826614860004456e-02
2.684421268143176789e-02 2.675799759931695235e-02
2.761023661444213587e-02 2.356399206596533277e-02
2.978488147715158130e-02 1.817955360022612682e-02
3.082109699912706849e-02 1.451654662613956204e-02
3.099164161931072456e-02 1.001191018389331611e-02
3.273474192657252479e-02 6.495284627864006920e-03
3.528623562647682094e-02 3.351808163828401757e-03
3.703111987953172646e-02 -2.036813572620566580e-03
3.714040075323271628e-02 -6.862869347897948905e-03
3.969184365401056541e-02 -1.083503457615647182e-02
4.298451453772986208e-02 -1.566589479087350176e-02
4.363774946913120262e-02 -1.943319834790244172e-02
4.396425936021117892e-02 -2.286862374146060584e-02
4.535232756099074475e-02 -2.769784120207419154e-02
4.580088384742686536e-02 -3.009257477416262330e-02
4.409780428724546786e-02 -3.249239423526253945e-02
4.297631794927010696e-02 -3.466241936565014892e-02
4.066488299180223698e-02 -3.584803511847599322e-02
3.790436582753044237e-02 -3.612878694937213253e-02
3.530103012500553084e-02 -3.483207051884530669e-02
3.111551977140249517e-02 -3.523475519410908252e-02
2.731482475329314458e-02 -3.502046057332778434e-02
2.280234731647219973e-02 -3.313555599870986884e-02
1.689699817323950942e-02 -3.086603330873619738e-02
1.127366262155812641e-02 -2.957387087048522420e-02
7.403850909655773464e-03 -2.760035767844215213e-02
3.564858579534984848e-03 -2.442485946212498427e-02
-8.807240649900835655e-04 -2.139373535132484475e-02
-4.464131235849754312e-03 -1.918112112978787032e-02
-8.251491109746480687e-03 -1.797459556006550732e-02
-1.260232348510789517e-02 -1.528616534439130280e-02
-1.589692324153983011e-02 -1.305670523607274473e-02
-1.881018590854703632e-02 -1.056847213654766963e-02
-2.283963238118478720e-02 -8.476101688424310387e-03
-2.536228263591670806e-02 -7.507505780103896666e-03
-2.760223425793640120e-02 -5.998651077008415947e-03
-3.002896829149604915e-02 -4.616846109700104006e-03
-3.118374598639090181e-02 -3.734013694201402962e-03
-3.324475619144533906e-02 -3.931544976781571783e-03
-3.401347546634075902e-02 -3.615599062862496615e-03
-3.432474860767363578e-02 -3.718917762620965479e-03
-3.492576502528194765e-02 -4.118531705396239612e-03
-3.394598434459373398e-02 -4.949949055050188729e-03
-3.312746698487080421e-02 -6.321909450473457703e-03
-3.141841105687331881e-02 -8.464571033769154734e-03
-2.941866758648545299e-02 -1.036813308166290720e-02
-2.656136015724827604e-02 -1.183091409764925987e-02
-2.319729857178196367e-02 -1.394221767901396986e-02
-2.016793151311975160e-02 -1.385583077632444177e-02
-1.617058261793023061e-02 -1.654838916806760860e-02
-1.396777561597944972e-02 -1.885878573162742475e-02
-1.193852457654565394e-02 -1.890758128075379144e-02
-9.296633831147241636e-03 -2.045355557787795209e-02
-6.791388253587709624e-03 -2.102183494668171532e-02
-5.025907569423639781e-03 -2.142860895162364623e-02
-3.606590061902739675e-03 -1.981249151953407006e-02
-2.399152909326930042e-03 -1.856126869491522141e-02
-3.131927319992518655e-03 -1.585955151949390921e-02
-2.775452294205686590e-03 -1.227119460875206007e-02
-2.965311788124947671e-03 -9.218007242066898060e-03
-3.853305357517319146e-03 -4.451161770642876256e-03
-3.825827138867934473e-03 -4.644949792593740853e-04
-4.549710208315144860e-03 4.701509203797680538e-03
-5.636038321474466303e-03 8.491044102056472323e-03
-5.767204280594962797e-03 1.365255508370405088e-02
-6.935040712690946144e-03 2.067242959049831949e-02
-9.445908558273458100e-03 2.593480373177793619e-02
-1.060616807654761462e-02 3.066262464193189943e-02
-1.283842437795812245e-02 3.501238351222434736e-02
-1.398885725345068269e-02 3.942376769925234198e-02
-1.504274638915028238e-02 4.294232735731613043e-02
-1.704739346933124150e-02 4.749596702747035243e-02
-1.803449370650220263e-02 5.077460539955747781e-02
-1.914259596875344388e-02 5.401516534410443632e-02
-1.884150207590331444e-02 5.722684150299626321e-02
-1.873085859034025885e-02 5.953682719126873052e-02
-1.750367122298574288e-02 6.277007206160879760e-02
-1.563090315731033644e-02 6.349872277848128688e-02
-1.471595411469099265e-02 6.321702668147020920e-02
-1.252476890700456209e-02 6.238901884965533662e-02
-9.478635148434329943e-03 6.093911615926666386e-02
-6.498855507634116596e-03 5.741357311540978142e-02
-2.249224516970828747e-03 5.359142293684069497e-02
3.626820814006158269e-03 5.026211393022490120e-02
8.713916304745800145e-03 4.501916298434755631e-02
1.384685726004859264e-02 3.880449347796589843e-02
2.007376786180954664e-02 3.061220501485151235e-02
2.651919389412190145e-02 2.387881965205682078e-02
3.260311840179111464e-02 1.628737130370017452e-02
3.815636535286340281e-02 7.168113828196350304e-03
4.345390145418893957e-02 5.590623622297809280e-04
4.805064866540056934e-02 -7.013082364771290773e-03
5.121969539266027494e-02 -1.442404589917418122e-02
5.460747120562080975e-02 -2.072909153376260513e-02
5.745458892773155912e-02 -2.788017121959116343e-02
5.857919194152300807e-02 -3.305056906018125767e-02
5.963666839200421066e-02 -3.790392656449595443e-02
6.089281723779546573e-02 -4.350513087910840709e-02
6.125184753434666229e-02 -4.780069604604461619e-02
5.884823009149962869e-02 -5.166002222061365223e-02
5.723899743513417848e-02 -5.489693060442497885e-02
5.594249017748090941e-02 -5.842717704975312204e-02
5.376791105481744382e-02 -6.082543966703694849e-02
5.066344495817833721e-02 -6.301912523760842821e-02
4.562604520696735694e-02 -6.398001163144609316e-02
4.155053289120323734e-02 -6.321354245903343383e-02
3.588236337521157754e-02 -6.297319087457402265e-02
2.892942418795743653e-02 -6.144019276607052410e-02
2.145726414120981140e-02 -5.976438337223390768e-02
1.449687989374878576e-02 -5.600077171642335594e-02
7.010322029886237837e-03 -5.274216911743964675e-02
-9.769666518735626269e-04 -4.999672136461609517e-02
-7.644609634172660692e-03 -4.464397557740558409e-02
-1.670577830859611146e-02 -3.984124089667701735e-02
-2.403127679504510339e-02 -3.524097061663780672e-02
-3.012085195848442087e-02 -3.110158885802320750e-02
-3.737756394546224575e-02 -2.653855732584601071e-02
-4.293014453152304427e-02 -2.239616048966820011e-02
-4.800484279427420092e-02 -1.977949001645365815e-02
-5.321250328819757125e-02 -1.538572565583943251e-02
-5.633103177830792868e-02 -1.249629226140690219e-02
-5.835752845922448362e-02 -1.236145046255652559e-02
-6.047093348092252851e-02 -9.768938709192523731e-03
-6.098491306584130633e-02 -8.164056848597183239e-03
-6.192006521986292283e-02 -7.021760050840243628e-03
-6.168156033305867425e-02 -5.438204858796596639e-03
-6.023896076414125833e-02 -5.643014610330778121e-03
-6.006290892101508183e-02 -5.219213933480826816e-03
-5.859467073416666644e-02 -5.366573234721989591e-03
-5.554473899384931163e-02 -3.416558000362789321e-03
-5.386605496709316598e-02 -8.266898559499331368e-04
-5.201140276636025822e-02 -5.056861022612890597e-05
-4.860592196374458052e-02 8.976811682414953877e-04
-4.511264532972673186e-02 3.345418679587032224e-03
-4.025966732476835702e-02 5.957917648065947334e-03
-3.652515460385431095e-02 7.290826588563985994e-03
-3.264506055112438576e-02 9.059833703262533053e-03
-2.730753956092533963e-02 9.918393474399199786e-03
-2.248968466962208285e-02 1.131567798139714552e-02
-1.784197697004271527e-02 1.175737937394821971e-02
-1.460340267370265240e-02 1.185130397054578143e-02
-1.065957962276592626e-02 1.309396041894625266e-02
-6.977608886552952305e-03 1.423355813958825447e-02
-4.387625510298142316e-03 1.552199132432199001e-02
-2.052936505657899230e-03 1.563896826567813883e-02
-1.871704085442648475e-03 1.745379544537661864e-02
-8.973731051567256957e-04 1.957815813746544703e-02
5.935276085213968440e-04 2.094159922056688938e-02
6.175442495651833332e-04 2.431256948722859690e-02
5.671058996449989450e-04 2.767626053789031676e-02
3.365367888737864628e-04 3.012090574579476612e-02
6.658297530507445352e-04 3.312593105834206464e-02
5.540125181866848532e-04 3.603928785314237937e-02
5.640262026047735853e-04 3.838993674803547335e-02
4.065697345575914733e-04 4.022400036164196918e-02
1.969497446393653987e-03 4.314051865501698779e-02
5.474651737922980183e-03 4.573545158439248220e-02
5.200536289963613411e-03 4.636247715473638953e-02
6.199524643289729305e-03 4.734502788190735750e-02
8.153203764643176393e-03 4.720049241445928995e-02
1.009422269782422887e-02 4.692156935211487523e-02
1.346330144407214581e-02 4.598307939666797933e-02
1.489163990528843615e-02 4.452142119078507376e-02
1.782899928733009190e-02 4.290110237212078903e-02
2.010635848960260277e-02 4.040557436863020935e-02
2.064775765006157671e-02 3.800226769690960571e-02
2.193094806612865336e-02 3.468386257337426060e-02
2.277005849525385456e-02 3.182797453149339983e-02
2.347536701352867863e-02 2.776313003228099083e-02
2.537278610235347426e-02 2.389608836686139479e-02
2.677002205136291141e-02 2.068392363990060462e-02
2.756563199324680094e-02 1.652888678579177498e-02
2.987887480197902804e-02 1.197564902637318456e-02
3.205868025829766016e-02 7.355879352242050695e-03
3.372332280886992245e-02 2.981637917668027160e-03
3.670678538633680155e-02 -2.049067928065950814e-03
3.965311081419453654e-02 -7.319537059552449001e-03
4.037548335667622695e-02 -1.229242789655662742e-02
4.305016493818953488e-02 -1.552087374354038304e-02
4.535622116462292158e-02 -2.016810931006228144e-02
4.566805608453051307e-02 -2.434646296320555972e-02
4.627788166829972794e-02 -2.759906678299387656e-02
4.606414583790923584e-02 -3.068116333489738848e-02
4.534076627745053240e-02 -3.174498668799927148e-02
4.258213465722470586e-02 -3.388982142804209535e-02
4.022057590288335288e-02 -3.451905526629404225e-02
3.700394234688808570e-02 -3.475762589314426720e-02
3.334191101484750008e-02 -3.486545450946594571e-02
2.955566087774962047e-02 -3.477268932822469988e-02
2.592767093678944104e-02 -3.367058136289299147e-02
2.247820107886348145e-02 -3.175007855337857315e-02
1.642599913156203920e-02 -3.140496721747103315e-02
1.206192835444202388e-02 -2.893095712630226399e-02
7.446442241943067308e-03 -2.657149010069653761e-02
3.473222558287993294e-03 -2.428540390732059073e-02
-1.427508096267655598e-04 -2.219906734955354524e-02
-4.927187311176658632e-03 -2.019904896624614282e-02
-8.786529173711209867e-03 -1.693739244330841331e-02
-1.249255927265978047e-02 -1.533980772781651236e-02
-1.607630840381542650e-02 -1.352135588103757849e-02
-2.067982385157876926e-02 -1.145564003337395075e-02
-2.362505112185029829e-02 -9.305227848066768837e-03
-2.589052482262857446e-02 -7.043316062506879000e-03
-2.852541574722240042e-02 -6.390859553013585916e-03
-3.108156204947151377e-02 -4.525640013412881961e-03
-3.242991429792929647e-02 -3.070450478644907739e-03
-3.321041000560630979e-02 -3.013268778142118385e-03
-3.515141474491380313e-02 -2.644142528734615485e-03
-3.567091948187855327e-02 -3.714103798345110355e-03
-3.564183548790158390e-02 -3.793252946086373301e-03
-3.431916966831732169e-02 -4.662483521958657104e-03
-3.288619503976770997e-02 -6.514719776001908977e-03
-3.158426422832134872e-02 -7.913561873861919838e-03
-2.855909855623384522e-02 -9.803915401836151011e-03
-2.569242615862886783e-02 -1.094129066069654543e-02
-2.403881000667727752e-02 -1.438724492025469405e-02
-2.107572833755519751e-02 -1.717106244854944841e-02
-1.673430351218227474e-02 -1.814905918344456373e-02
-1.513397713795474470e-02 -1.994650409734996521e-02
-1.343834712025609134e-02 -2.131678513341691422e-02
-1.082839707265073441e-02 -2.205286298139284146e-02
-9.489051957537762705e-03 -2.133801169780768711e-02
-8.334897298987736444e-03 -2.010444455780950254e-02
-6.586129153898356327e-03 -1.923255375121308425e-02
-5.169579825245267622e-03 -1.757790667581321867e-02
-5.514911913239012135e-03 -1.482900010011611348e-02
-4.784272933498708025e-03 -1.243859416537250462e-02
-3.516562057121263001e-03 -9.611653408054823822e-03
-3.743342804362308728e-03 -4.585833243010494636e-03
-4.280786356373011796e-03 8.399145307387067627e-04
-4.805536850188332071e-03 4.432583484240604568e-03
-5.427544512704658534e-03 9.108851872090047153e-03
-6.427041230818130758e-03 1.551866995790820297e-02
-7.486173135184388469e-03 2.039218724495850399e-02
-9.158900964365834785e-03 2.523620816865252553e-02
-1.029377137806531534e-02 3.053537283020794912e-02
-1.197789464658007876e-02 3.459254666132841743e-02
-1.451297873455336014e-02 3.937794091083861303e-02
-1.482906882834599850e-02 4.476762363933643046e-02
-1.608519974503380690e-02 4.865595312691692320e-02
-1.790783206110008879e-02 5.379145196764499592e-02
-1.824810253907660149e-02 5.789117454943206592e-02
-1.879119898799534033e-02 6.014764186391150652e-02
-1.970118615123538086e-02 6.292946776763155836e-02
-1.937677695344275711e-02 6.396986973526221087e-02
-1.753637540176730333e-02 6.584116612036290672e-02
-1.633924916452768328e-02 6.655275430712047358e-02
-1.379837098795671027e-02 6.459697001020381357e-02
-1.036105556807670990e-02 6.339307254822856841e-02
-7.134269657253871494e-03 6.067661615568084588e-02
-2.142974595560065421e-03 5.711057126713436904e-02
3.566034803425787748e-03 5.231725534208394451e-02
9.007560655113183712e-03 4.582013073997856512e-02
1.484592069149539943e-02 3.997667136775727437e-02
2.041532027068260896e-02 3.208545438611371675e-02
2.612393186768570408e-02 2.518173955237674316e-02
3.186893058013701846e-02 1.857109683178876855e-02
3.668312494615292435e-02 1.033676686222617137e-02
4.171580934315701622e-02 3.679478590833667063e-03
4.528283435602532825e-02 -3.914204545563206711e-03
4.975017826309921509e-02 -9.541345175928490213e-03
5.362393437776018235e-02 -1.571933098960905800e-02
5.593221082483725015e-02 -2.300840351421902172e-02
5.860989851936204698e-02 -2.896734722993439190e-02
5.882429473839621142e-02 -3.585410411999322838e-02
5.980738931503844225e-02 -4.080533062366410030e-02
5.989945526124520331e-02 -4.557526400963409635e-02
5.937979215053332954e-02 -5.036764463312130152e-02
5.889941170547656479e-02 -5.402472753261017280e-02
5.729984881223753462e-02 -5.700762833150233022e-02
5.515811580709126249e-02 -5.979556805949823306e-02
5.169512740516532534e-02 -6.187866692000091456e-02
4.776413262774582141e-02 -6.362766889048110386e-02
4.226820800858149124e-02 -6.451594241535335561e-02
3.748931903543909622e-02 -6.273063998675827702e-02
3.083544924643739221e-02 -6.136773528266833283e-02
2.340629215431038954e-02 -6.018068520156662909e-02
1.638083721406785251e-02 -5.752683723826019363e-02
7.664400376195619827e-03 -5.325694355927796525e-02
2.151099747748271842e-04 -4.910983734526108008e-02
-7.412565200977600313e-03 -4.509608182632445644e-02
-1.613643962859694775e-02 -3.987310091350455138e-02
-2.341510132047129600e-02 -3.466015731043176756e-02
-2.933569767209476958e-02 -3.101197023443713272e-02
-3.724120116100267802e-02 -2.690745759384546854e-02
-4.209701196430588183e-02 -2.211544601107091196e-02
-4.599083074572543617e-02 -1.924455878006364057e-02
-5.130019109077509770e-02 -1.586925116445941225e-02
-5.352911332599021021e-02 -1.429403001733529216e-02
-5.651234282511225643e-02 -1.392328454577261912e-02
-5.869982492589064654e-02 -1.219126218330390289e-02
-5.894801152855694976e-02 -1.054274163196150006e-02
-5.956700187237213423e-02 -9.631816178974334994e-03
-6.131150363788680918e-02 -9.144633880296890172e-03
-6.140812357636941943e-02 -7.925113445804432555e-03
-6.050413220414086607e-02 -6.470496148254847694e-03
-6.004716119181970069e-02 -4.815053095366479165e-03
-5.759186012009917532e-02 -3.682474992247455458e-03
-5.555907630024009558e-02 -1.247467798015406077e-03
-5.301944867863463834e-02 1.098108187790051071e-03
-4.984552224705310342e-02 3.095908871733950730e-03
-4.648418588531091911e-02 4.425363658395788276e-03
-4.116286682826127835e-02 5.380921373279439791e-03
-3.696549039635940725e-02 7.816044733160915081e-03
-3.248263781480278251e-02 7.704662419126595552e-03
-2.645319985251280356e-02 8.379330846654337722e-03
-2.234675535102459421e-02 9.751998694617836777e-03
-1.750434655254895847e-02 9.821199804606240216e-03
-1.452407535549587320e-02 1.035353804441005443e-02
-1.195370006852264355e-02 1.132744993190287416e-02
-7.766932436540296796e-03 1.305728344965895009e-02
-6.780099641829104989e-03 1.386283209122098417e-02
-4.818528726774519780e-03 1.405320480572645053e-02
-3.387567013609958395e-03 1.554526628878172625e-02
-2.775455095628100513e-03 1.876044161102986829e-02
-2.039066850048724087e-03 2.086030866553252594e-02
-1.860752017896687626e-03 2.322894493346007797e-02
-1.504862115871349231e-03 2.708362298796015283e-02
-1.563641654338216802e-03 3.033389154202433685e-02
-1.282323842733745561e-03 3.363059647401948904e-02
-1.131651392584541926e-03 3.613629924371694613e-02
-4.527635093075235251e-04 3.860715978904664947e-02
-2.780453533569903542e-04 4.184017456922579925e-02
2.850588310958449782e-03 4.404612663473979339e-02
5.311807667670346081e-03 4.574592516899016886e-02
5.897436432244196856e-03 4.698366381372397899e-02
8.030809992907724654e-03 4.698519077570098568e-02
1.008011772273229543e-02 4.665903349032215347e-02
1.306190766425664382e-02 4.641736411675929236e-02
1.384457279345089470e-02 4.541213008554238068e-02
1.529486843002347482e-02 4.357473464687841580e-02
1.719740179560688351e-02 4.276874973046581457e-02
1.860983415388066733e-02 4.056921329580238239e-02
1.988873802013165631e-02 3.786194556877187783e-02
2.005417732810842527e-02 3.648452426725666553e-02
2.094981224403814207e-02 3.347306838293925835e-02
2.176109521051970697e-02 2.933134388814075469e-02
2.453119099830873562e-02 2.562938145453700495e-02
2.586203248906539937e-02 2.341646393233336523e-02
2.684238690106395542e-02 1.850020814493829810e-02
2.960822303269207076e-02 1.347604156616408200e-02
3.163248754022932041e-02 9.625775565204228515e-03
3.522484338808610366e-02 3.613905509632614043e-03
3.783726316969145825e-02 -1.712670883480238741e-03
4.030273004306714202e-02 -7.486954545276341098e-03
4.383605431782056083e-02 -1.133723025783389508e-02
4.478894433152030841e-02 -1.597319065942477342e-02
4.586430805087505364e-02 -2.052329381392382912e-02
4.634176904025365945e-02 -2.274637564369067291e-02
4.559453480765705835e-02 -2.714543954846580787e-02
4.513737553974968286e-02 -2.953739709770366803e-02
4.337788803193617926e-02 -3.152432125912603411e-02
4.192905511138658725e-02 -3.376252479355951880e-02
3.921623533865494643e-02 -3.442772740151256450e-02
3.617027190656747077e-02 -3.490597129507508334e-02
3.281150239480230130e-02 -3.544016295594785981e-02
2.893194023880800783e-02 -3.568408840836129192e-02
2.555239986069803709e-02 -3.389769230445587728e-02
2.103699848592307034e-02 -3.264547590868760452e-02
1.725572815730794587e-02 -3.089021668110397689e-02
1.297768868899240070e-02 -2.912838643710656886e-02
9.361038158917261640e-03 -2.811395776400461496e-02
5.201341605526830017e-03 -2.575487023775521050e-02
7.151912828854420714e-04 -2.421983418782643407e-02
-2.731495361872417899e-03 -2.245269842330030116e-02
-6.663216081220081459e-03 -2.004822486576360654e-02
-1.041143784285824582e-02 -1.742630564751459013e-02
-1.504894089439165299e-02 -1.540110434432216853e-02
-1.887043367250097053e-02 -1.277480146028005595e-02
-2.337802991090813520e-02 -1.085840142727137990e-02
-2.626765156092687042e-02 -9.606806573755980946e-03
-2.844189600699263687e-02 -6.229793452186236334e-03
-3.183831663599913375e-02 -5.544236082497590486e-03
-3.316845590353740408e-02 -4.170328885258232227e-03
-3.473364870546613581e-02 -3.271198541202083917e-03
-3.565672560831535665e-02 -3.720940016080732504e-03
-3.625925703516504062e-02 -3.349999565518059670e-03
-3.486315360785675194e-02 -4.972470997165097557e-03
-3.302177492004337162e-02 -5.161076947934935093e-03
-3.238902697751556287e-02 -6.926247981541533774e-03
-2.967315626901381384e-02 -8.942507891435119011e-03
-2.773380100722356439e-02 -1.118155558782263012e-02
-2.558698808943361824e-02 -1.447499592889824396e-02
-2.228156961316261897e-02 -1.587691436209158480e-02
-1.977292945868355106e-02 -1.789707310493918527e-02
-1.739093600868705722e-02 -1.982487305955703966e-02
-1.466990171839220938e-02 -2.093495349955540666e-02
-1.291415691092352887e-02 -2.092016647148646144e-02
-1.103181918628261954e-02 -2.209946370943875055e-02
-8.919676672285726735e-03 -2.218526642217425598e-02
-8.299931812033764858e-03 -2.052907445569393530e-02
-6.016623135600343043e-03 -1.953984663158044727e-02
-4.124567463367494538e-03 -1.743455004691687668e-02
-4.125842670850251442e-03 -1.507579719726517657e-02
-3.333697154684750301e-03 -1.151857865693707572e-02
-3.264265207489450236e-03 -7.638701247540485850e-03
-3.572674174546467633e-03 -3.949151356367752719e-03
-3.757066412482978207e-03 1.305094107600450438e-04
-3.831894646293212709e-03 4.395813881252152999e-03
-4.215203563574258273e-03 9.186667916285334856e-03
-5.813857301859261945e-03 1.315249595352087873e-02
-7.356363438035153600e-03 1.773187583985896820e-02
-8.484840632263379243e-03 2.358296105741358034e-02
-1.007757926050241448e-02 2.890810648395746724e-02
-1.190935691341925978e-02 3.406963838289240459e-02
-1.336269526825620280e-02 3.877968258697742782e-02
-1.487692309954133027e-02 4.366994117437253409e-02
-1.673561383082595305e-02 4.855295042760672530e-02
-1.834438331868565308e-02 5.313047166355401585e-02
-1.902643778978809971e-02 5.761550860754741793e-02
-1.999404610332690402e-02 6.103786368469180795e-02
-2.025859898925755007e-02 6.434715185912372182e-02
-1.957035748337350445e-02 6.610287724339700133e-02
-1.826802625528346768e-02 6.718072115539541755e-02
-1.563291271098849258e-02 6.610366014758090047e-02
-1.331885263395741516e-02 6.418656087953775180e-02
-8.780538612021564562e-03 6.299905659448203077e-02
-3.782373342000182413e-03 5.917911767200488560e-02
4.572611929928617480e-04 5.463948660801156570e-02
5.436261418687403715e-03 4.907659977565193010e-02
1.067448468409923704e-02 4.492439571988792596e-02
1.668759670360763295e-02 3.917133189906880225e-02
2.145272957212935802e-02 3.138879815434462289e-02
2.700191109899475680e-02 2.449353091651568920e-02
3.205680069061950244e-02 1.786095940831854828e-02
3.602149022978608228e-02 1.168290113117821313e-02
4.081908224600890728e-02 4.236824568240892853e-03
4.509923436034744132e-02 -1.258195938529757963e-03
4.837274500884836820e-02 -8.983141963262645038e-03
5.192262382245234342e-02 -1.605800129510281254e-02
5.537622932690703520e-02 -2.195771024120907536e-02
5.749263448524874476e-02 -2.937175309912920182e-02
6.028230138354349205e-02 -3.376311346578940442e-02
6.090179971862304253e-02 -4.027151547396373710e-02
6.147164638988657226e-02 -4.625057863193195173e-02
6.192963338473646967e-02 -5.039612800213275068e-02
6.058890100524418759e-02 -5.530371805619449521e-02
5.944136666814243269e-02 -5.924603506244156825e-02
5.636289777150328001e-02 -6.124129326878346297e-02
5.333985370999048958e-02 -6.334530344027461402e-02
4.973519550898429509e-02 -6.639842058463794883e-02
4.489649803492245378e-02 -6.573770324073087423e-02
3.849198024031118270e-02 -6.394992061949211770e-02
3.129555486367809058e-02 -6.312938324744735152e-02
2.299277531237996566e-02 -6.100337406602519136e-02
1.512984597370187721e-02 -5.745528816276604389e-02
8.719645400343492558e-03 -5.332407609895602890e-02
-4.971768400423719382e-05 -4.954341087758228068e-02
-7.842072562045932643e-03 -4.562130594728919936e-02
-1.457859626499004475e-02 -4.137736763373222465e-02
-2.159380771079581762e-02 -3.674208480284249512e-02
-2.862993046759006177e-02 -3.288304250574472509e-02
-3.490148005466129494e-02 -2.942533422478429278e-02
-4.073209322426191159e-02 -2.558527586005431009e-02
-4.459181085092289720e-02 -2.378865120263166585e-02
-4.766348760553906772e-02 -2.098704352144038776e-02
-5.196736291192353974e-02 -1.820548057790424834e-02
-5.441953236690844076e-02 -1.757183767429598698e-02
-5.851355947016678716e-02 -1.645638597372291526e-02
-5.979584297241777313e-02 -1.555592364668975658e-02
-5.998604087816461483e-02 -1.307362433336007636e-02
-6.215944863273613341e-02 -1.090317562790349935e-02
-6.182193923669065255e-02 -8.846867330228363330e-03
-6.168991529526555995e-02 -7.172982326828527405e-03
-6.027429902703775738e-02 -5.135891413388995845e-03
-5.836036125756930565e-02 -3.041621787630582278e-03
-5.574716454814786920e-02 -2.205704233011122721e-03
-5.213493428911869509e-02 6.668782320794786620e-04
-4.838195160346904500e-02 1.256796254511082043e-03
-4.440271857322202614e-02 2.724293838654037736e-03
-4.061880220775632849e-02 3.846560279390892536e-03
-3.592014896072875940e-02 4.536887537642750497e-03
-3.098227963912682931e-02 6.101265685933551959e-03
-2.574886398810004653e-02 6.262743782617222199e-03
-2.198969426766879745e-02 7.917013973321685924e-03
-1.754238015733051298e-02 7.657707591287583708e-03
-1.357794461379611441e-02 9.213046856779549126e-03
-1.115161996143186965e-02 9.533460105641145682e-03
-7.702391399356483918e-03 9.809507040974073389e-03
-6.327403226588391820e-03 1.281280667731448178e-02
-4.620906678108143567e-03 1.383277245519803911e-02
-4.148190924775505689e-03 1.587422649066630095e-02
-4.134832995660583238e-03 1.741513432197437650e-02
-2.732250251832186918e-03 2.032006742633792051e-02
-3.832255095977120472e-03 2.488165566568753193e-02
-2.323231373729340698e-03 2.824528844676304010e-02
-1.383446600842792168e-03 3.043193684423108752e-02
-2.403104222260832225e-03 3.349111402555991768e-02
-5.478993475760617028e-04 3.656556381484275114e-02
3.446104182347659614e-04 3.872192099203498189e-02
1.865185922531738608e-03 4.144731504265166538e-02
4.057710957177938435e-03 4.331268884724662205e-02
4.945724883573183669e-03 4.469031932163539805e-02
7.746419301057568679e-03 4.531446129450804328e-02
1.009652882875526105e-02 4.619626241303548264e-02
1.075574236911061229e-02 4.722858134319488088e-02
1.244190208495870621e-02 4.752380793694157418e-02
1.361757540287651669e-02 4.595344557685192982e-02
1.461335332611643154e-02 4.453780839133677366e-02
1.608615297570047120e-02 4.452789658531379480e-02
1.762663349670970034e-02 4.252983247428225588e-02
1.798219002946779485e-02 4.029931156067634301e-02
1.796920786447930851e-02 3.810099430504738927e-02
1.985709763482135931e-02 3.460407208666173295e-02
2.048195976001584290e-02 3.166392622312582533e-02
2.202024695403656876e-02 2.804612001292425272e-02
2.532574611127308417e-02 2.278590782270210890e-02
2.836596027752148405e-02 1.922037839587976624e-02
3.086748556611550523e-02 1.471440623542662716e-02
3.314705453038801347e-02 9.660494526985786978e-03
3.682742135888834867e-02 4.777951430441245914e-03
3.893722561897719481e-02 -1.386897112829856135e-03
4.124329379814621610e-02 -5.932059398617709096e-03
4.422191551768206441e-02 -1.052612060601899532e-02
4.528297480066900693e-02 -1.497853479924233025e-02
4.618502385335733484e-02 -2.015158017077494854e-02
4.645495845850636241e-02 -2.311081156493151670e-02
4.572212428416261298e-02 -2.525813546216973404e-02
4.556212496499043724e-02 -2.876697754616457103e-02
4.424502015565904417e-02 -3.000014426951908009e-02
4.159008748159398472e-02 -3.203014310197586229e-02
3.957727070660843616e-02 -3.266170174730826520e-02
3.723319282812912606e-02 -3.395839128417992014e-02
3.420511068854737574e-02 -3.478461517020169785e-02
2.965826614860004456e-02 -3.296041256349173387e-02
2.675799759931695235e-02 -3.270095453112430162e-02
2.356399206596533277e-02 -3.244065980726261456e-02
1.817955360022612682e-02 -3.188061736740137320e-02
1.451654662613956204e-02 -2.912565523701462003e-02
1.001191018389331611e-02 -2.677271141688014958e-02
6.495284627864006920e-03 -2.613146507931787474e-02
3.351808163828401757e-03 -2.429224386028609739e-02
-2.036813572620566580e-03 -2.210382496385253706e-02
-6.862869347897948905e-03 -1.913869190647759025e-02
-1.083503457615647182e-02 -1.622995932627497098e-02
-1.566589479087350176e-02 -1.451248269602462525e-02
-1.943319834790244172e-02 -1.248352599270577054e-02
-2.286862374146060584e-02 -8.901093156561616648e-03
-2.769784120207419154e-02 -6.860700673426687636e-03
-3.009257477416262330e-02 -5.510616025348214278e-03
-3.249239423526253945e-02 -4.218831592361608693e-03
-3.466241936565014892e-02 -3.822660784494376005e-03
-3.584803511847599322e-02 -2.014215058293013401e-03
-3.612878694937213253e-02 -2.278882802542624240e-03
-3.483207051884530669e-02 -2.472789604803833294e-03
-3.523475519410908252e-02 -2.433181600625730547e-03
-3.502046057332778434e-02 -4.734279869671195393e-03
-3.313555599870986884e-02 -6.141247213100159766e-03
-3.086603330873619738e-02 -8.339100926700374755e-03
-2.957387087048522420e-02 -1.044474937001911574e-02
-2.760035767844215213e-02 -1.269017758609627261e-02
-2.442485946212498427e-02 -1.561530035503449695e-02
-2.139373535132484475e-02 -1.787493365036450441e-02
-1.918112112978787032e-02 -1.911136944691441131e-02
-1.797459556006550732e-02 -2.026327699116559078e-02
-1.528616534439130280e-02 -2.190712028764593006e-02
-1.305670523607274473e-02 -2.088357167725663280e-02
-1.056847213654766963e-02 -2.037734642957921352e-02
-8.476101688424310387e-03 -1.954565267291377348e-02
-7.507505780103896666e-03 -1.731099013641131112e-02
-5.998651077008415947e-03 -1.614688333135555487e-02
-4.616846109700104006e-03 -1.347308625227902797e-02
-3.734013694201402962e-03 -1.040592763173181674e-02
-3.931544976781571783e-03 -7.714834944195545809e-03
-3.615599062862496615e-03 -3.922854964453998360e-03
-3.718917762620965479e-03 2.473645486041619343e-05
-4.118531705396239612e-03 2.913499480581920563e-03
-4.949949055050188729e-03 8.083147287011096041e-03
-6.321909450473457703e-03 1.376206754165791406e-02
-8.464571033769154734e-03 1.791784397128398307e-02
-1.036813308166290720e-02 2.300722766385120827e-02
-1.183091409764925987e-02 2.793965102028073133e-02
-1.394221767901396986e-02 3.414434895696125821e-02
-1.385583077632444177e-02 4.012635846426280267e-02
-1.654838916806760860e-02 4.527267453073798714e-02
-1.885878573162742475e-02 5.041875453068444396e-02
-1.890758128075379144e-02 5.534172177913696672e-02
-2.045355557787795209e-02 5.990099118777393594e-02
-2.102183494668171532e-02 6.331778824284936547e-02
-2.142860895162364623e-02 6.652461756744235122e-02
-1.981249151953407006e-02 6.766363558040619508e-02
-1.856126869491522141e-02 6.817485408339395148e-02
-1.585955151949390921e-02 6.828593085562367770e-02
-1.227119460875206007e-02 6.674849828220064119e-02
-9.218007242066898060e-03 6.412146628128496950e-02
-4.451161770642876256e-03 6.042404289903753611e-02
-4.644949792593740853e-04 5.661588937389371717e-02
4.701509203797680538e-03 5.103672889197088947e-02
8.491044102056472323e-03 4.570319115092126572e-02
1.365255508370405088e-02 4.101560016072126197e-02
2.067242959049831949e-02 3.467119566178807066e-02
2.593480373177793619e-02 2.806704626483226897e-02
3.066262464193189943e-02 2.174189314072663345e-02
3.501238351222434736e-02 1.532455753124182217e-02
3.942376769925234198e-02 8.497292394608188179e-03
4.294232735731613043e-02 2.155439244447978232e-03
4.749596702747035243e-02 -4.916997230527248540e-03
5.077460539955747781e-02 -1.225020859316588474e-02
5.401516534410443632e-02 -1.846658061732915287e-02
5.722684150299626321e-02 -2.585138857798495449e-02
5.953682719126873052e-02 -3.316507327935350191e-02
6.277007206160879760e-02 -3.910720248421832579e-02
6.349872277848128688e-02 -4.486418979050870587e-02
6.321702668147020920e-02 -5.070596083882195071e-02
6.238901884965533662e-02 -5.515250399771196022e-02
6.093911615926666386e-02 -5.901920202198213117e-02
5.741357311540978142e-02 -6.193109759485140864e-02
5.359142293684069497e-02 -6.283420446464318965e-02
5.026211393022490120e-02 -6.488739160422636598e-02
4.501916298434755631e-02 -6.475341936689323064e-02
3.880449347796589843e-02 -6.330881173838961984e-02
3.061220501485151235e-02 -6.216012993866716629e-02
2.387881965205682078e-02 -5.861587488717812794e-02
1.628737130370017452e-02 -5.549258323191835762e-02
7.168113828196350304e-03 -5.154432571606209351e-02
5.590623622297809280e-04 -4.752647339698754664e-02
-7.013082364771290773e-03 -4.300906545671832892e-02
-1.442404589917418122e-02 -3.916100772366652022e-02
-2.072909153376260513e-02 -3.727915707300262504e-02
-2.788017121959116343e-02 -3.346198222064042382e-02
-3.305056906018125767e-02 -3.099472542510382442e-02
-3.790392656449595443e-02 -2.827257654221127653e-02
-4.350513087910840709e-02 -2.529426559380186512e-02
-4.780069604604461619e-02 -2.454585551083745057e-02
-5.166002222061365223e-02 -2.252159548557606042e-02
-5.489693060442497885e-02 -2.071261767587757180e-02
-5.842717704975312204e-02 -1.848159474737510674e-02
-6.082543966703694849e-02 -1.547085005082781371e-02
-6.301912523760842821e-02 -1.379757613103717133e-02
-6.398001163144609316e-02 -1.160279389697143476e-02
-6.321354245903343383e-02 -9.660997288928314594e-03
-6.297319087457402265e-02 -7.771093482632244684e-03
-6.144019276607052410e-02 -4.822095124268767352e-03
-5.976438337223390768e-02 -3.079555288251216178e-03
-5.600077171642335594e-02 -2.026957047999891192e-03
-5.274216911743964675e-02 -6.067523300005440426e-04
-4.999672136461609517e-02 1.122155784551510027e-03
-4.464397557740558409e-02 1.887480575908142546e-03
-3.984124089667701735e-02 2.823985069909638185e-03
-3.524097061663780672e-02 4.681136512958630237e-03
-3.110158885802320750e-02 5.343703169181793569e-03
-2.653855732584601071e-02 6.496810095749061889e-03
-2.239616048966820011e-02 6.263070988755153196e-03
-1.977949001645365815e-02 6.107296588105957068e-03
-1.538572565583943251e-02 7.143138587092938765e-03
-1.249629226140690219e-02 7.709465924758772577e-03
-1.236145046255652559e-02 1.063563829329469690e-02
-9.768938709192523731e-03 1.236165440610824916e-02
-8.164056848597183239e-03 1.450247526811659395e-02
-7.021760050840243628e-03 1.854534914514512772e-02
-5.438204858796596639e-03 2.078924666401539209e-02
-5.643014610330778121e-03 2.320816211437964904e-02
-5.219213933480826816e-03 2.633935602198423515e-02
-5.366573234721989591e-03 3.002987072303627686e-02
-3.416558000362789321e-03 3.375659324850206061e-02
-8.266898559499331368e-04 3.582947550822315058e-02
-5.056861022612890597e-05 3.729991897479569690e-02
8.976811682414953877e-04 3.997996434642393793e-02
3.345418679587032224e-03 4.163774901492724861e-02
5.957917648065947334e-03 4.370827658572879609e-02
7.290826588563985994e-03 4.553710191294449428e-02
9.059833703262533053e-03 4.544309364719750777e-02
9.918393474399199786e-03 4.710288936347092892e-02
1.131567798139714552e-02 4.769544324425166459e-02
1.175737937394821971e-02 4.780605385979173200e-02
1.185130397054578143e-02 4.778732691124003978e-02
1.309396041894625266e-02 4.663961627128770243e-02
1.423355813958825447e-02 4.560158393349612871e-02
1.552199132432199001e-02 4.461120416448608600e-02
1.563896826567813883e-02 4.299303086186778006e-02
1.745379544537661864e-02 3.940123679258571154e-02
1.957815813746544703e-02 3.654476904302669110e-02
2.094159922056688938e-02 3.254824638068774811e-02
2.431256948722859690e-02 2.860270811218780171e-02
2.767626053789031676e-02 2.456797703630868301e-02
3.012090574579476612e-02 1.950076417424717254e-02
3.312593105834206464e-02 1.508747950225366487e-02
3.603928785314237937e-02 9.531280225480229587e-03
3.838993674803547335e-02 5.155764330469426310e-03
4.022400036164196918e-02 -3.248073732983727184e-04
4.314051865501698779e-02 -6.133403230341550466e-03
4.573545158439248220e-02 -1.027082735497339416e-02
4.636247715473638953e-02 -1.370168381533616239e-02
4.734502788190735750e-02 -1.785638748693924721e-02
4.720049241445928995e-02 -2.205411054817444858e-02
4.692156935211487523e-02 -2.455897214410179830e-02
4.598307939666797933e-02 -2.775907506671777825e-02
4.452142119078507376e-02 -2.987458974625489816e-02
4.290110237212078903e-02 -3.186698228422897572e-02
4.040557436863020935e-02 -3.258730493254975713e-02
3.800226769690960571e-02 -3.287336975443439641e-02
3.468386257337426060e-02 -3.410684426073142678e-02
3.182797453149339983e-02 -3.386590699222603862e-02
2.776313003228099083e-02 -3.345045978349101695e-02
2.389608836686139479e-02 -3.337425511746813789e-02
2.068392363990060462e-02 -3.243171318464194153e-02
1.652888678579177498e-02 -2.968612199899080609e-02
1.197564902637318456e-02 -2.802507722184382349e-02
7.355879352242050695e-03 -2.603226633812261853e-02
2.981637917668027160e-03 -2.420440021794140195e-02
-2.049067928065950814e-03 -2.150807073810628856e-02
-7.319537059552449001e-03 -1.821223835581228453e-02
-1.229242789655662742e-02 -1.712824625542307480e-02
-1.552087374354038304e-02 -1.431912777397893223e-02
-2.016810931006228144e-02 -1.158595323951168952e-02
-2.434646296320555972e-02 -8.888934983285773361e-03
-2.759906678299387656e-02 -6.977850929449504191e-03
-3.068116333489738848e-02 -5.356266241377177079e-03
-3.174498668799927148e-02 -3.030779349081747821e-03
-3.388982142804209535e-02 -2.370662630140190404e-03
-3.451905526629404225e-02 -2.351853133008033944e-03
-3.475762589314426720e-02 -2.288787138105828015e-03
-3.486545450946594571e-02 -2.971041630768617246e-03
-3.477268932822469988e-02 -5.069865995848862363e-03
-3.367058136289299147e-02 -5.460501566549437122e-03
-3.175007855337857315e-02 -8.009812771631893633e-03
-3.140496721747103315e-02 -1.115431455627094622e-02
-2.893095712630226399e-02 -1.183717508998258401e-02
-2.657149010069653761e-02 -1.511374414471339592e-02
-2.428540390732059073e-02 -1.709640267360703139e-02
-2.219906734955354524e-02 -1.841399605100739120e-02
-2.019904896624614282e-02 -1.993426449606262515e-02
-1.693739244330841331e-02 -2.025458436417709729e-02
-1.533980772781651236e-02 -2.130385376755486448e-02
-1.352135588103757849e-02 -2.125272145861241066e-02
-1.145564003337395075e-02 -2.063185154711907193e-02
-9.305227848066768837e-03 -1.926325285859234807e-02
-7.043316062506879000e-03 -1.730820963128488002e-02
-6.390859553013585916e-03 -1.546791714832206933e-02
-4.525640013412881961e-03 -1.371669047492234811e-02
-3.070450478644907739e-03 -1.275134421660192863e-02
-3.013268778142118385e-03 -9.663443864503023714e-03
-2.644142528734615485e-03 -5.732432278549037113e-03
-3.714103798345110355e-03 -2.593898457458827193e-03
-3.793252946086373301e-03 1.771497952747393698e-03
-4.662483521958657104e-03 7.127033022874571661e-03
-6.514719776001908977e-03 1.246611085688970576e-02
-7.913561873861919838e-03 1.722442543677925667e-02
-9.803915401836151011e-03 2.256462682794381155e-02
-1.094129066069654543e-02 2.920966205122139253e-02
-1.438724492025469405e-02 3.555989052059135846e-02
-1.717106244854944841e-02 4.076788569111243488e-02
-1.814905918344456373e-02 4.677199281841394607e-02
-1.994650409734996521e-02 5.147109728121163075e-02
-2.131678513341691422e-02 5.589032843918213811e-02
-2.205286298139284146e-02 6.057253173379593958e-02
-2.133801169780768711e-02 6.275657742308007880e-02
-2.010444455780950254e-02 6.571092313654700034e-02
-1.923255375121308425e-02 6.751384389746388492e-02
-1.757790667581321867e-02 6.824046862564672744e-02
-1.482900010011611348e-02 6.763713636550967856e-02
-1.243859416537250462e-02 6.579089889066182251e-02
-9.611653408054823822e-03 6.403551415935405944e-02
-4.585833243010494636e-03 5.998202475899221120e-02
8.399145307387067627e-04 5.603279907154974648e-02
4.432583484240604568e-03 5.175833944755603433e-02
9.108851872090047153e-03 4.638129972517313765e-02
1.551866995790820297e-02 4.056163526141158548e-02
2.039218724495850399e-02 3.503869148335074513e-02
2.523620816865252553e-02 2.885921680703799896e-02
3.053537283020794912e-02 2.259233476323112971e-02
3.459254666132841743e-02 1.608257163728668213e-02
3.937794091083861303e-02 8.839894403078947874e-03
4.476762363933643046e-02 2.399578352010837447e-03
4.865595312691692320e-02 -4.511758778591063411e-03
5.379145196764499592e-02 -1.097962980728269672e-02
5.789117454943206592e-02 -1.806004566709986520e-02
6.014764186391150652e-02 -2.466517369428555123e-02
6.292946776763155836e-02 -3.277306538519315915e-02
6.396986973526221087e-02 -4.047264415644619834e-02
6.584116612036290672e-02 -4.623833305427679785e-02
6.655275430712047358e-02 -5.275828140507180658e-02
6.459697001020381357e-02 -5.680476052598538994e-02
6.339307254822856841e-02 -6.043604344561222946e-02
6.067661615568084588e-02 -6.306282443907963720e-02
5.711057126713436904e-02 -6.485059510758274526e-02
5.231725534208394451e-02 -6.433595812220418986e-02
4.582013073997856512e-02 -6.435673795310072054e-02
3.997667136775727437e-02 -6.365148471622819604e-02
3.208545438611371675e-02 -6.040839676809502817e-02
2.518173955237674316e-02 -5.947555746841824004e-02
1.857109683178876855e-02 -5.500679417398803700e-02
1.033676686222617137e-02 -5.215503281408418595e-02
3.679478590833667063e-03 -4.911445110121509527e-02
-3.914204545563206711e-03 -4.443174579170474509e-02
-9.541345175928490213e-03 -4.274889623658078425e-02
-1.571933098960905800e-02 -3.975033137764266700e-02
-2.300840351421902172e-02 -3.667988874298051816e-02
-2.896734722993439190e-02 -3.424094200178870451e-02
-3.585410411999322838e-02 -3.272318661940012974e-02
-4.080533062366410030e-02 -2.913080387788817560e-02
-4.557526400963409635e-02 -2.606705776336394609e-02
-5.036764463312130152e-02 -2.423226204469998077e-02
-5.402472753261017280e-02 -2.212693408410537632e-02
-5.700762833150233022e-02 -2.080927646075099446e-02
-5.979556805949823306e-02 -1.819800862404219108e-02
-6.187866692000091456e-02 -1.596677951085007097e-02
-6.362766889048110386e-02 -1.342171488862393090e-02
-6.451594241535335561e-02 -1.154363233786807365e-02
-6.273063998675827702e-02 -9.410113103239029636e-03
-6.136773528266833283e-02 -6.573709514530558413e-03
-6.018068520156662909e-02 -3.828006271982873840e-03
-5.752683723826019363e-02 -2.159931045146247335e-03
-5.325694355927796525e-02 -1.809248240342165720e-03
-4.910983734526108008e-02 -1.803022662657189149e-04
-4.509608182632445644e-02 7.579970173681376900e-04
-3.987310091350455138e-02 1.302579247354405294e-03
-3.466015731043176756e-02 1.125849366623343610e-03
-3.101197023443713272e-02 1.958209394919532657e-03
-2.690745759384546854e-02 3.137183722248258148e-03
-2.211544601107091196e-02 2.298493693246618508e-03
-1.924455878006364057e-02 4.024288867212470235e-03
-1.586925116445941225e-02 5.814739189635122901e-03
-1.429403001733529216e-02 6.643688299381030407e-03
-1.392328454577261912e-02 9.889379702744071493e-03
-1.219126218330390289e-02 1.213486693545341027e-02
-1.054274163196150006e-02 1.413507506843897366e-02
-9.631816178974334994e-03 1.770379736976705753e-02
-9.144633880296890172e-03 2.037304344475163523e-02
-7.925113445804432555e-03 2.297456830782826712e-02
-6.470496148254847694e-03 2.491314514771047345e-02
-4.815053095366479165e-03 2.784342552207397584e-02
-3.682474992247455458e-03 3.114378799117257027e-02
-1.247467798015406077e-03 3.262648301176809124e-02
1.098108187790051071e-03 3.558257083645339353e-02
3.095908871733950730e-03 3.811482362017380721e-02
4.425363658395788276e-03 3.979067186040122911e-02
5.380921373279439791e-03 4.232753840007565799e-02
7.816044733160915081e-03 4.455199628853215299e-02
7.704662419126595552e-03 4.528697597892187426e-02
8.379330846654337722e-03 4.634030781832262913e-02
9.751998694617836777e-03 4.830051761560710116e-02
9.821199804606240216e-03 4.843514725340000021e-02
1.035353804441005443e-02 4.813755102981423506e-02
1.132744993190287416e-02 4.728221924434422574e-02
1.305728344965895009e-02 4.604605537252995373e-02
1.386283209122098417e-02 4.484312010577310575e-02
1.405320480572645053e-02 4.276241179239685664e-02
1.554526628878172625e-02 4.020199537534314971e-02
1.876044161102986829e-02 3.668339687088855577e-02
2.086030866553252594e-02 3.321895023521549695e-02
2.322894493346007797e-02 2.947095781669227185e-02
2.708362298796015283e-02 2.431763744713663633e-02
3.033389154202433685e-02 1.928937556231644784e-02
3.363059647401948904e-02 1.507248628949506633e-02
3.613629924371694613e-02 9.536762048859531715e-03
3.860715978904664947e-02 3.423852530805307492e-03
4.184017456922579925e-02 -1.410651680806832529e-03
4.404612663473979339e-02 -5.825751767905221722e-03
4.574592516899016886e-02 -9.955560505847421693e-03
4.698366381372397899e-02 -1.404559688949657582e-02
4.698519077570098568e-02 -1.878856639797235606e-02
4.665903349032215347e-02 -2.261026386667937954e-02
4.641736411675929236e-02 -2.484701514373355985e-02
4.541213008554238068e-02 -2.716624627301750250e-02
4.357473464687841580e-02 -2.944576144997966549e-02
4.276874973046581457e-02 -3.165963817921779028e-02
4.056921329580238239e-02 -3.269308963107833699e-02
3.786194556877187783e-02 -3.416314164555893373e-02
3.648452426725666553e-02 -3.534088951015489782e-02
3.347306838293925835e-02 -3.459970933815598865e-02
2.933134388814075469e-02 -3.483627788178782908e-02
2.562938145453700495e-02 -3.315262151700869298e-02
2.341646393233336523e-02 -3.253702873829695391e-02
1.850020814493829810e-02 -3.256851822031989890e-02
1.347604156616408200e-02 -2.996394242147315534e-02
9.625775565204228515e-03 -2.816305362561373829e-02
3.613905509632614043e-03 -2.531789316396275066e-02
-1.712670883480238741e-03 -2.287164927766749747e-02
-7.486954545276341098e-03 -2.033533256383214874e-02
-1.133723025783389508e-02 -1.649094730880332205e-02
-1.597319065942477342e-02 -1.321201460060125212e-02
-2.052329381392382912e-02 -1.151063979933938594e-02
-2.274637564369067291e-02 -1.049679979846731420e-02
-2.714543954846580787e-02 -7.118764718001020265e-03
-2.953739709770366803e-02 -5.406201409141470939e-03
-3.152432125912603411e-02 -4.977823955113366144e-03
-3.376252479355951880e-02 -3.528858060379865772e-03
-3.442772740151256450e-02 -4.181538683666261892e-03
-3.490597129507508334e-02 -4.648161530010402366e-03
-3.544016295594785981e-02 -5.651180943428466864e-03
-3.568408840836129192e-02 -8.155859513091449214e-03
-3.389769230445587728e-02 -8.772453333412380538e-03
-3.264547590868760452e-02 -9.777750863537338841e-03
-3.089021668110397689e-02 -1.148501686937390687e-02
-2.912838643710656886e-02 -1.324038591271615127e-02
-2.811395776400461496e-02 -1.603308133540169711e-02
-2.575487023775521050e-02 -1.703176526749218198e-02
-2.421983418782643407e-02 -1.812360433882391139e-02
-2.245269842330030116e-02 -1.996087726194764253e-02
-2.004822486576360654e-02 -1.983359108610874971e-02
-1.742630564751459013e-02 -2.002145671431537072e-02
-1.540110434432216853e-02 -1.974631818689048801e-02
-1.277480146028005595e-02 -1.902605679633982347e-02
-1.085840142727137990e-02 -1.940047325183352420e-02
-9.606806573755980946e-03 -1.804190589668610081e-02
-6.229793452186236334e-03 -1.617932156176929773e-02
-5.544236082497590486e-03 -1.519735950682821538e-02
-4.170328885258232227e-03 -1.320108083568172740e-02
-3.271198541202083917e-03 -1.005168963512314238e-02
-3.720940016080732504e-03 -6.690052213852226010e-03
-3.349999565518059670e-03 -3.062991598087447340e-03
-4.972470997165097557e-03 1.191397141641925258e-03
-5.161076947934935093e-03 6.077224999347380884e-03
-6.926247981541533774e-03 1.207773808845349559e-02
-8.942507891435119011e-03 1.807723818321478257e-02
-1.118155558782263012e-02 2.370102719180421091e-02
-1.447499592889824396e-02 3.004887557269142126e-02
-1.587691436209158480e-02 3.630337757056727871e-02
-1.789707310493918527e-02 4.154591614706531350e-02
-1.982487305955703966e-02 4.741712977142448909e-02
-2.093495349955540666e-02 5.228544911256675226e-02
-2.092016647148646144e-02 5.603116154676814065e-02
-2.209946370943875055e-02 6.030944604616414462e-02
-2.218526642217425598e-02 6.296094529691886876e-02
-2.052907445569393530e-02 6.569184059411024845e-02
-1.953984663158044727e-02 6.667584357866052081e-02
-1.743455004691687668e-02 6.660137205930431736e-02
-1.507579719726517657e-02 6.661799831456866050e-02
-1.151857865693707572e-02 6.386243854740029924e-02
-7.638701247540485850e-03 6.154257392312784819e-02
-3.949151356367752719e-03 5.908126660175215539e-02
1.305094107600450438e-04 5.583311069371095503e-02
4.395813881252152999e-03 5.203802748498091019e-02
9.186667916285334856e-03 4.742196465298770258e-02
1.315249595352087873e-02 4.226569195773091647e-02
1.773187583985896820e-02 3.647067403484289400e-02
2.358296105741358034e-02 3.109988858137953047e-02
2.890810648395746724e-02 2.476101670495207616e-02
3.406963838289240459e-02 1.832088274634086078e-02
3.877968258697742782e-02 1.208736004063738941e-02
4.366994117437253409e-02 3.864933501672474479e-03
4.855295042760672530e-02 -3.996356071086074047e-03
5.313047166355401585e-02 -1.105323550035155339e-02
5.761550860754741793e-02 -1.998274030951082900e-02
6.103786368469180795e-02 -2.715648985255774556e-02
6.434715185912372182e-02 -3.322363869576721446e-02
6.610287724339700133e-02 -4.084398278251462344e-02
6.718072115539541755e-02 -4.711588497528700070e-02
6.610366014758090047e-02 -5.267728966842824545e-02
6.418656087953775180e-02 -5.745117044534076012e-02
6.299905659448203077e-02 -6.009252182354377081e-02
5.917911767200488560e-02 -6.191160865940316393e-02
5.463948660801156570e-02 -6.406645979190574158e-02
4.907659977565193010e-02 -6.476816306629551434e-02
4.492439571988792596e-02 -6.364967387677991639e-02
3.917133189906880225e-02 -6.251959053370112485e-02
3.138879815434462289e-02 -6.137717794381774422e-02
2.449353091651568920e-02 -5.891235054179837921e-02
1.786095940831854828e-02 -5.618617657518170522e-02
1.168290113117821313e-02 -5.357001558732348012e-02
4.236824568240892853e-03 -4.968945537790390304e-02
-1.258195938529757963e-03 -4.697476201386192179e-02
-8.983141963262645038e-03 -4.417691944439477297e-02
-1.605800129510281254e-02 -4.198696312734052222e-02
-2.195771024120907536e-02 -4.036462429635440802e-02
-2.937175309912920182e-02 -3.678674619953208047e-02
-3.376311346578940442e-02 -3.426808965259325879e-02
-4.027151547396373710e-02 -3.142571716652847735e-02
-4.625057863193195173e-02 -2.875763648326803631e-02
-5.039612800213275068e-02 -2.718128879081058505e-02
-5.530371805619449521e-02 -2.386894519833270001e-02
-5.924603506244156825e-02 -2.056243902311917157e-02
-6.124129326878346297e-02 -1.806646727431824792e-02
-6.334530344027461402e-02 -1.476384275000126693e-02
-6.639842058463794883e-02 -1.134604091808675587e-02
-6.573770324073087423e-02 -8.673629609297583282e-03
-6.394992061949211770e-02 -7.148716779403275698e-03
-6.312938324744735152e-02 -5.565681157836638998e-03
-6.100337406602519136e-02 -3.261685657730833184e-03
-5.745528816276604389e-02 -2.031691078356206038e-03
-5.332407609895602890e-02 -1.215921914021199455e-03
-4.954341087758228068e-02 -2.404508248484249586e-04
-4.562130594728919936e-02 2.767215878857279005e-04
-4.137736763373222465e-02 -8.641166026010992877e-05
-3.674208480284249512e-02 2.573348576652104581e-04
-3.288304250574472509e-02 1.261940039585786929e-03
-2.942533422478429278e-02 2.281683477910436113e-03
-2.558527586005431009e-02 3.510788885810926709e-03
-2.378865120263166585e-02 4.555627185976056197e-03
-2.098704352144038776e-02 6.169274137019659272e-03
-1.820548057790424834e-02 6.869429158622077092e-03
-1.757183767429598698e-02 1.003171287865190810e-02
-1.645638597372291526e-02 1.333659049363555144e-02
-1.555592364668975658e-02 1.439841624579490768e-02
-1.307362433336007636e-02 1.739336689629624941e-02
-1.090317562790349935e-02 2.015039535585541261e-02
-8.846867330228363330e-03 2.339094932403455035e-02
-7.172982326828527405e-03 2.594588690589286206e-02
-5.135891413388995845e-03 2.799155577476341444e-02
-3.041621787630582278e-03 3.093658731898896522e-02
-2.205704233011122721e-03 3.341138330252555605e-02
6.668782320794786620e-04 3.505922030679899104e-02
1.256796254511082043e-03 3.751902457166893939e-02
2.724293838654037736e-03 4.139974913120345740e-02
3.846560279390892536e-03 4.232146342219060553e-02
4.536887537642750497e-03 4.421051559607288434e-02
6.101265685933551959e-03 4.710247101772380152e-02
6.262743782617222199e-03 4.787546040742381853e-02
7.917013973321685924e-03 4.862867399602040924e-02
7.657707591287583708e-03 4.911808174466336663e-02
9.213046856779549126e-03 4.962175807146722295e-02
9.533460105641145682e-03 4.920331371427243833e-02
9.809507040974073389e-03 4.847991323652637435e-02
1.281280667731448178e-02 4.675478984365535190e-02
1.383277245519803911e-02 4.490014361929026143e-02
1.587422649066630095e-02 4.177349324531785119e-02
1.741513432197437650e-02 3.701764018192255090e-02
2.032006742633792051e-02 3.381142343503071301e-02
2.488165566568753193e-02 2.971527770938156912e-02
2.824528844676304010e-02 2.531594486805470792e-02
3.043193684423108752e-02 2.036233080544130533e-02
3.349111402555991768e-02 1.523923890429941877e-02
3.656556381484275114e-02 1.038257123926058720e-02
3.872192099203498189e-02 5.042593588366144595e-03
4.144731504265166538e-02 9.700128677773084754e-04
4.331268884724662205e-02 -3.733608795281863173e-03
4.469031932163539805e-02 -8.589427816090811421e-03
4.531446129450804328e-02 -1.274043435715366962e-02
4.619626241303548264e-02 -1.697065690657273418e-02
4.722858134319488088e-02 -2.008480471907389889e-02
4.752380793694157418e-02 -2.252952164339214192e-02
4.595344557685192982e-02 -2.509776262000905020e-02
4.453780839133677366e-02 -2.767024532368342685e-02
4.452789658531379480e-02 -3.075986014629957313e-02
4.252983247428225588e-02 -3.226857926055022585e-02
4.029931156067634301e-02 -3.311410681461794681e-02
3.810099430504738927e-02 -3.443264296404129760e-02
3.460407208666173295e-02 -3.468105666868460946e-02
3.166392622312582533e-02 -3.526439200210903374e-02
2.804612001292425272e-02 -3.399490390335228179e-02
2.278590782270210890e-02 -3.265644851999793125e-02
1.922037839587976624e-02 -3.232482285806738409e-02
1.471440623542662716e-02 -3.024817249843825620e-02
9.660494526985786978e-03 -2.759932974317778551e-02
4.777951430441245914e-03 -2.556908289145663413e-02
-1.386897112829856135e-03 -2.237319779042685336e-02
-5.932059398617709096e-03 -1.818657284422611764e-02
-1.052612060601899532e-02 -1.644434060438959913e-02
-1.497853479924233025e-02 -1.327526100710690535e-02
-2.015158017077494854e-02 -1.020330411024935637e-02
-2.311081156493151670e-02 -8.281697913826895421e-03
-2.525813546216973404e-02 -5.458337374354037957e-03
-2.876697754616457103e-02 -3.961051425258540343e-03
-3.000014426951908009e-02 -3.248790523598668427e-03
-3.203014310197586229e-02 -4.211624092775412970e-03
-3.266170174730826520e-02 -4.522340311332426546e-03
-3.395839128417992014e-02 -4.445868576372769346e-03
-3.478461517020169785e-02 -5.425586505198914423e-03
-3.296041256349173387e-02 -7.389508373943151111e-03
-3.270095453112430162e-02 -8.517054748884020365e-03
-3.244065980726261456e-02 -9.886054601100396910e-03
-3.188061736740137320e-02 -1.274962601085480492e-02
-2.912565523701462003e-02 -1.299449722347513492e-02
-2.677271141688014958e-02 -1.462978534942675074e-02
-2.613146507931787474e-02 -1.641121210349309745e-02
-2.429224386028609739e-02 -1.659496748473420630e-02
-2.210382496385253706e-02 -1.772422011268656727e-02
-1.913869190647759025e-02 -1.784815653436454611e-02
-1.622995932627497098e-02 -1.817203532951349246e-02
-1.451248269602462525e-02 -1.870375576229432041e-02
-1.248352599270577054e-02 -1.923051879797170807e-02
-8.901093156561616648e-03 -1.969902121199400627e-02
-6.860700673426687636e-03 -1.862946502806454505e-02
-5.510616025348214278e-03 -1.800087962572064285e-02
-4.218831592361608693e-03 -1.629233467717143211e-02
-3.822660784494376005e-03 -1.340394117073889953e-02
-2.014215058293013401e-03 -1.159493796147719434e-02
-2.278882802542624240e-03 -7.068247974943623821e-03
-2.472789604803833294e-03 -2.851401470504425720e-03
-2.433181600625730547e-03 4.333181359778107448e-04
-4.734279869671195393e-03 5.558756788675729525e-03
-6.141247213100159766e-03 1.157708356262664509e-02
-8.339100926700374755e-03 1.773870832236470671e-02
-1.044474937001911574e-02 2.285001183798936880e-02
-1.269017758609627261e-02 2.939054578772687387e-02
-1.561530035503449695e-02 3.627331942863628450e-02
-1.787493365036450441e-02 4.286500511051164614e-02
-1.911136944691441131e-02 4.818327024360727351e-02
-2.026327699116559078e-02 5.250887562337101799e-02
-2.190712028764593006e-02 5.677070718216934569e-02
-2.088357167725663280e-02 6.027115545756649845e-02
-2.037734642957921352e-02 6.388219641940026672e-02
-1.954565267291377348e-02 6.564655167879997200e-02
-1.731099013641131112e-02 6.695183224440724723e-02
-1.614688333135555487e-02 6.717704568918851649e-02
-1.347308625227902797e-02 6.563253709627125954e-02
-1.040592763173181674e-02 6.386360393912443589e-02
-7.714834944195545809e-03 6.230418430850603179e-02
-3.922854964453998360e-03 6.068911871715208795e-02
2.473645486041619343e-05 5.718618427274344690e-02
2.913499480581920563e-03 5.366580481067966674e-02
8.083147287011096041e-03 5.038568131119023491e-02
1.376206754165791406e-02 4.552136314830083907e-02
1.791784397128398307e-02 4.075503650030785213e-02
2.300722766385120827e-02 3.397671781608794378e-02
2.793965102028073133e-02 2.698581674046604539e-02
3.414434895696125821e-02 2.197479817088721088e-02
4.012635846426280267e-02 1.370944263485339258e-02
4.527267453073798714e-02 5.298870698963468497e-03
5.041875453068444396e-02 -3.526140307115501957e-03
5.534172177913696672e-02 -1.185829632089059962e-02
5.990099118777393594e-02 -1.967794704498254318e-02
6.331778824284936547e-02 -2.865928638630266256e-02
6.652461756744235122e-02 -3.471425539190294701e-02
6.766363558040619508e-02 -4.158819894936410105e-02
6.817485408339395148e-02 -4.730330386999936909e-02
6.828593085562367770e-02 -5.223543289031395281e-02
6.674849828220064119e-02 -5.664681707734194743e-02
6.412146628128496950e-02 -5.901968610777523494e-02
6.042404289903753611e-02 -6.069722267191069581e-02
5.661588937389371717e-02 -6.132655810841552285e-02
5.103672889197088947e-02 -6.264227341222967926e-02
4.570319115092126572e-02 -6.232081654013819222e-02
4.101560016072126197e-02 -6.052153538722130494e-02
3.467119566178807066e-02 -5.901324955963731245e-02
2.806704626483226897e-02 -5.801274582354683240e-02
2.174189314072663345e-02 -5.521094689858543902e-02
1.532455753124182217e-02 -5.307511256847363690e-02
8.497292394608188179e-03 -5.119519228461433258e-02
2.155439244447978232e-03 -4.849743295877922272e-02
-4.916997230527248540e-03 -4.699662356733315394e-02
-1.225020859316588474e-02 -4.373370304260232322e-02
-1.846658061732915287e-02 -4.134582137621502923e-02
-2.585138857798495449e-02 -3.903696820964371733e-02
-3.316507327935350191e-02 -3.659003106468179667e-02
-3.910720248421832579e-02 -3.419380937700716022e-02
-4.486418979050870587e-02 -3.094778404409239889e-02
-5.070596083882195071e-02 -2.783313122851077334e-02
-5.515250399771196022e-02 -2.470106626529698993e-02
-5.901920202198213117e-02 -2.183169404353109758e-02
-6.193109759485140864e-02 -1.912818993413277838e-02
-6.283420446464318965e-02 -1.575784868018371282e-02
-6.488739160422636598e-02 -1.159499921924730774e-02
-6.475341936689323064e-02 -9.681725573652422839e-03
-6.330881173838961984e-02 -7.617444801310631688e-03
-6.216012993866716629e-02 -6.422363228910090913e-03
-5.861587488717812794e-02 -6.069818038485322829e-03
-5.549258323191835762e-02 -5.051646291515556400e-03
-5.154432571606209351e-02 -4.155997928758253281e-03
-4.752647339698754664e-02 -2.849602210268795989e-03
-4.300906545671832892e-02 -2.990475284814565846e-03
-3.916100772366652022e-02 -1.770449286957165389e-03
-3.727915707300262504e-02 -7.374870568308115361e-04
-3.346198222064042382e-02 -4.087527429735365544e-04
-3.099472542510382442e-02 8.317227980777992845e-04
-2.827257654221127653e-02 2.146319867445118171e-03
-2.529426559380186512e-02 3.779338094195588971e-03
-2.454585551083745057e-02 5.545843351917128204e-03
-2.252159548557606042e-02 8.088327303815685473e-03
-2.071261767587757180e-02 1.112661782667328549e-02
-1.848159474737510674e-02 1.334488868034818150e-02
-1.547085005082781371e-02 1.477627210096676622e-02
-1.379757613103717133e-02 1.789635743489320988e-02
-1.160279389697143476e-02 2.050364501063649952e-02
-9.660997288928314594e-03 2.259484931998974669e-02
-7.771093482632244684e-03 2.542910440446833481e-02
-4.822095124268767352e-03 2.784702927186707630e-02
-3.079555288251216178e-03 3.104133212951754733e-02
-2.026957047999891192e-03 3.405158078753611067e-02
-6.067523300005440426e-04 3.654885986679680399e-02
1.122155784551510027e-03 3.928257003322956076e-02
1.887480575908142546e-03 4.189911948499582678e-02
2.823985069909638185e-03 4.377430947372869946e-02
4.681136512958630237e-03 4.537775999423208917e-02
5.343703169181793569e-03 4.730647134494189721e-02
6.496810095749061889e-03 4.909661463146799271e-02
6.263070988755153196e-03 5.085173042622403300e-02
6.107296588105957068e-03 5.135264567109686096e-02
7.143138587092938765e-03 5.035585923578798223e-02
7.709465924758772577e-03 5.089889592102856547e-02
1.063563829329469690e-02 5.018716430144340435e-02
1.236165440610824916e-02 4.742181524379229796e-02
1.450247526811659395e-02 4.505199117276130483e-02
1.854534914514512772e-02 4.217006110812186737e-02
2.078924666401539209e-02 3.913892205640218808e-02
2.320816211437964904e-02 3.461157541645482755e-02
2.633935602198423515e-02 3.043895310004716970e-02
3.002987072303627686e-02 2.610881763347882786e-02
3.375659324850206061e-02 2.113771373045165991e-02
3.582947550822315058e-02 1.688673674969929164e-02
3.729991897479569690e-02 1.171534459091379786e-02
3.997996434642393793e-02 7.122494718564233336e-03
4.163774901492724861e-02 2.439353320964802053e-03
4.370827658572879609e-02 -2.360604589867216791e-03
4.553710191294449428e-02 -5.899589792272928908e-03
4.544309364719750777e-02 -1.056055569032928951e-02
4.710288936347092892e-02 -1.537680144459806567e-02
4.769544324425166459e-02 -1.839498522498442951e-02
4.780605385979173200e-02 -2.198544656424351526e-02
4.778732691124003978e-02 -2.507773581145735647e-02
4.663961627128770243e-02 -2.837593782359043582e-02
4.560158393349612871e-02 -3.062189270708138428e-02
4.461120416448608600e-02 -3.102155334023022279e-02
4.299303086186778006e-02 -3.265920960192895961e-02
3.940123679258571154e-02 -3.463444996427088307e-02
3.654476904302669110e-02 -3.524023253521252341e-02
3.254824638068774811e-02 -3.410895989493831909e-02
2.860270811218780171e-02 -3.496920425475314592e-02
2.456797703630868301e-02 -3.308478077774442555e-02
1.950076417424717254e-02 -3.130077223278153464e-02
1.508747950225366487e-02 -3.129687265278154051e-02
9.531280225480229587e-03 -2.716172813894854321e-02
5.155764330469426310e-03 -2.438844395892963632e-02
-3.248073732983727184e-04 -2.119303397914123338e-02
-6.133403230341550466e-03 -1.763028804562923393e-02
-1.027082735497339416e-02 -1.487925388298960358e-02
-1.370168381533616239e-02 -1.311268139113013279e-02
-1.785638748693924721e-02 -1.109038012042046391e-02
-2.205411054817444858e-02 -7.959677022022772566e-03
-2.455897214410179830e-02 -6.866618771656563848e-03
-2.775907506671777825e-02 -5.787101476669646687e-03
-2.987458974625489816e-02 -5.228712249555525493e-03
-3.186698228422897572e-02 -5.564994622583766849e-03
-3.258730493254975713e-02 -5.752560685353605777e-03
-3.287336975443439641e-02 -6.137194115151890089e-03
-3.410684426073142678e-02 -6.993913165001204579e-03
-3.386590699222603862e-02 -7.469307825207401226e-03
-3.345045978349101695e-02 -9.620502167652512926e-03
-3.337425511746813789e-02 -1.057387552009938538e-02
-3.243171318464194153e-02 -1.100149659007576726e-02
-2.968612199899080609e-02 -1.319167253864725851e-02
-2.802507722184382349e-02 -1.395450807942774478e-02
-2.603226633812261853e-02 -1.584669485822955831e-02
-2.420440021794140195e-02 -1.667186690351570022e-02
-2.150807073810628856e-02 -1.769131124330730609e-02
-1.821223835581228453e-02 -1.889408066585725882e-02
-1.712824625542307480e-02 -1.920024251861543116e-02
-1.431912777397893223e-02 -2.008637500971757403e-02
-1.158595323951168952e-02 -2.079493616617630186e-02
-8.888934983285773361e-03 -2.063974632900411610e-02
-6.977850929449504191e-03 -1.956884098004017455e-02
-5.356266241377177079e-03 -1.905544558507541245e-02
-3.030779349081747821e-03 -1.688283418151539234e-02
-2.370662630140190404e-03 -1.513180323416164590e-02
-2.351853133008033944e-03 -1.233196829307381046e-02
-2.288787138105828015e-03 -8.685184916469980074e-03
-2.971041630768617246e-03 -4.516180170205999315e-03
-5.069865995848862363e-03 1.233523717950771358e-03
-5.460501566549437122e-03 5.984789638904987850e-03
-8.009812771631893633e-03 1.192123569149970176e-02
-1.115431455627094622e-02 1.805850675238722391e-02
-1.183717508998258401e-02 2.504522437053786563e-02
-1.511374414471339592e-02 3.164135049370057212e-02
-1.709640267360703139e-02 3.725773478256587390e-02
-1.841399605100739120e-02 4.332738174752245874e-02
-1.993426449606262515e-02 4.818058386627394052e-02
-2.025458436417709729e-02 5.252409743219858818e-02
-2.130385376755486448e-02 5.677199807761762473e-02
