5.241333333333333521e-04
1.048266666666666704e-03
1.572400000000000056e-03
2.096533333333333408e-03
2.620666666666666977e-03
3.144800000000000113e-03
3.668933333333333248e-03
4.193066666666666817e-03
4.717200000000000386e-03
5.241333333333333955e-03
5.765466666666666656e-03
6.289600000000000225e-03
6.813733333333333794e-03
7.337866666666666496e-03
7.862000000000000932e-03
8.386133333333333634e-03
8.910266666666666335e-03
9.434400000000000772e-03
9.958533333333333473e-03
1.048266666666666791e-02
1.100680000000000061e-02
1.153093333333333331e-02
1.205506666666666775e-02
1.257920000000000045e-02
1.310333333333333315e-02
1.362746666666666759e-02
1.415160000000000029e-02
1.467573333333333299e-02
1.519986666666666743e-02
1.572400000000000186e-02
